index,drg,drgnum,ePos,eType,fiberD_c,fiberD_p,fiberType,ground,neckAngle,neckD,nodes,phase,polarity,pw,scatterType,scatter_d,scatter_x,scatter_y,scatter_z,shift,soma_x,soma_y,soma_z,spikeOrigin,spikeT,status,thresh,timestep,tjnPos,tjn_x,tjn_y,tjn_z,x_spike,xshift,y_spike,z_spike
0,realistic,3,x0y0,utah,9.335,11.5,Aa,saline,116.36202277906231,11.5,,b,-1,0.08,soma,72.53750887,-875.5649707054303,1064.3126833781744,-444.8843535975389,,-876.0,1063.8568039737602,-444.6433269691401,periphery,5.24500000000012,success,53.9306640625,0.005,"(-876, 328, -80)",-876.0,328.0,-80.0,-876.0,,328.0,-80.0
1,realistic,3,x0y0,utah,12.988999999999999,15.7,Aa,saline,169.06229120727318,15.7,,b,-1,0.08,soma,84.217245022,371.06079185067637,320.3256840019212,-1402.4855672821375,,371.0,319.90250569033674,-1402.0552455813,none,0.0,success,105.0,0.005,"(371, 163, -590)",371.0,163.0,-590.0,,,,
2,realistic,3,x0y0,utah,11.945,14.5,Aa,saline,147.6702342133671,14.5,,b,-1,0.08,soma,80.88017755,852.1746179442888,762.2896717670324,-1058.6486119598032,,852.0,762.4453594768702,-1058.496875014875,central,5.3250000000001325,success,85.58349609375,0.005,"(852, 321, -361)",852.0,321.0,-361.0,852.0,,321.0,-361.0
3,realistic,3,x0y0,utah,11.945,14.5,Aa,saline,-35.16408684449989,14.5,,b,-1,0.08,soma,80.88017755,1602.4569747431594,-565.6286522578425,1066.484489706837,,1602.0,-565.3709471255225,1066.7972725735626,none,0.0,success,105.0,0.005,"(1602, -90, 392)",1602.0,-90.0,392.0,,,,
4,realistic,3,x0y0,utah,9.943999999999999,12.2,Aa,saline,207.3989775874181,12.2,,b,-1,0.08,soma,74.484131562,744.6291137139533,-501.0320941897194,-1082.6666065194115,,745.0,-501.39579867241633,-1082.9865060003722,none,0.0,success,105.0,0.005,"(745, -123, -353)",745.0,-123.0,-353.0,,,,
5,realistic,3,x0y0,utah,14.381,17.3,Aa,saline,14.102420279026404,17.3,,b,-1,0.08,soma,88.66666831799999,904.9093887154124,482.2866493988731,1088.259736962214,,905.0,482.10853353454837,1088.3704008008144,central,5.315000000000131,success,74.51171875,0.005,"(905, 280, 284)",905.0,280.0,284.0,905.0,,280.0,284.0
6,realistic,3,x0y0,utah,14.467999999999998,17.4,Aa,saline,-21.2041725613428,17.4,,b,-1,0.08,soma,88.944757274,1267.8809048002545,-511.6743496764984,1018.6706861411458,,1268.0,-512.020159353003,1018.3170986032753,none,0.0,success,105.0,0.005,"(1268, -212, 245)",1268.0,-212.0,245.0,,,,
7,realistic,3,x0y0,utah,10.814,13.2,Aa,saline,50.780162318706786,13.2,,b,-1,0.08,soma,77.26502112200002,-1855.3934578088736,726.0078475102628,668.4547443495385,,-1855.0,726.068105931607,668.7828364277204,none,0.0,success,105.0,0.005,"(-1855, 88, 148)",-1855.0,88.0,148.0,,,,
8,realistic,3,x0y0,utah,13.076,15.8,Aa,saline,15.746973317533671,15.8,,b,-1,0.08,soma,84.495333978,477.1520980923085,526.286376616401,1341.6650467777345,,477.0,526.5150168208146,1341.2258794769127,none,0.0,success,105.0,0.005,"(477, 302, 545)",477.0,302.0,545.0,,,,
9,realistic,3,x0y0,utah,14.729,17.7,Aa,saline,56.62474757357249,17.7,,b,-1,0.08,soma,89.77902414200001,-1436.2972683565374,894.0779879025918,441.0111405794737,,-1436.0,894.0407315304923,440.52222059025723,periphery,5.305000000000129,success,83.4228515625,0.005,"(-1436, 201, -16)",-1436.0,201.0,-16.0,-1436.0,,201.0,-16.0
10,realistic,3,x0y0,utah,11.423,13.9,Aa,saline,-29.653891728916644,13.9,,b,-1,0.08,soma,79.211643814,1787.018942212829,-437.37985646122115,1035.826703469992,,1787.0,-437.01496067958374,1035.5824592371832,none,0.0,success,105.0,0.005,"(1787, -29, 319)",1787.0,-29.0,319.0,,,,
11,realistic,3,x0y0,utah,14.293999999999999,17.2,Aa,saline,24.526304048185267,17.2,,b,-1,0.08,soma,88.388579362,1422.5564045978774,448.16849383691397,1094.6245784452303,,1423.0,448.1985496465832,1094.4009647517742,none,0.0,success,105.0,0.005,"(1423, 104, 340)",1423.0,104.0,340.0,,,,
12,realistic,3,x0y0,utah,12.293000000000001,14.9,Aa,saline,202.858034438289,14.9,,b,-1,0.08,soma,81.99253337399999,-1682.8598208430021,-609.9794698037872,-1079.6055360380722,,-1683.0,-609.8169499812309,-1079.1555597520705,none,0.0,success,105.0,0.005,"(-1683, -289, -318)",-1683.0,-289.0,-318.0,,,,
13,realistic,3,x0y0,utah,13.772000000000002,16.6,Aa,saline,-13.443774748726135,16.6,,b,-1,0.08,soma,86.720045626,245.80670890639908,-265.4451186760821,1227.7445800354035,,246.0,-265.5937053040226,1227.662958187924,none,0.0,success,105.0,0.005,"(246, -73, 422)",246.0,-73.0,422.0,,,,
14,realistic,3,x0y0,utah,13.163,15.9,Aa,saline,51.601344281630716,15.9,,b,-1,0.08,soma,84.773422934,-1156.1101933912366,845.543921164503,728.7923098121892,,-1156.0,845.422965776688,728.8898864921538,periphery,5.300000000000129,success,95.361328125,0.005,"(-1156, 197, 215)",-1156.0,197.0,215.0,-1156.0,,197.0,215.0
15,realistic,3,x0y0,utah,12.641,15.3,Aa,saline,-29.67309848070959,15.3,,b,-1,0.08,soma,83.104889198,774.6691757838826,-626.5632314693621,1252.5194275812794,,775.0,-626.226115320965,1252.1914191120713,none,0.0,success,105.0,0.005,"(775, -217, 534)",775.0,-217.0,534.0,,,,
16,realistic,3,x0y0,utah,12.988999999999999,15.7,Aa,saline,71.4109104118741,15.7,,b,-1,0.08,soma,84.217245022,-1292.9620921553317,1008.3996535043834,419.5879163075992,,-1293.0,1007.933552415926,419.68222885650687,periphery,5.31000000000013,success,85.58349609375,0.005,"(-1293, 224, 156)",-1293.0,224.0,156.0,-1293.0,,224.0,156.0
17,realistic,3,x0y0,utah,11.858,14.4,Aa,saline,100.20029832807379,14.4,,b,-1,0.08,soma,80.60208859400001,1692.8843075886282,873.223366700483,-183.25338224677762,,1693.0,873.2612877971076,-183.16081494499875,none,0.0,success,105.0,0.005,"(1693, 61, -37)",1693.0,61.0,-37.0,,,,
18,realistic,3,x0y0,utah,14.207,17.1,Aa,saline,61.86567983464781,17.1,,b,-1,0.08,soma,88.110490406,236.22382575731498,890.9560007615718,545.2880385268219,,236.0,891.0609152200057,544.8995481132147,tjn,5.1650000000001075,success,105.0,0.005,"(236, 160, 154)",236.0,160.0,154.0,236.0,,160.0,154.0
19,realistic,3,x0y0,utah,16.555999999999997,19.8,Aa,saline,20.88951758248876,19.8,,b,-1,0.08,soma,95.618892218,499.9832518246554,420.31116858792353,1360.485662707385,,500.0,419.9798484824695,1360.093865499639,none,0.0,success,105.0,0.005,"(500, 123, 582)",500.0,123.0,582.0,,,,
20,realistic,3,x0y0,utah,12.467,15.1,Aa,saline,143.30268375590447,15.1,,b,-1,0.08,soma,82.548711286,-1838.2350482829493,537.2299860356461,-934.7229068724072,,-1838.0,536.7815549322569,-934.5067783545575,none,0.0,success,105.0,0.005,"(-1838, 43, -272)",-1838.0,43.0,-272.0,,,,
21,realistic,3,x0y0,utah,10.901,13.3,Aa,saline,47.60343312971772,13.3,,b,-1,0.08,soma,77.54311007800001,-1105.6482058663148,780.0001540839021,870.9781327569825,,-1106.0,780.3552933963018,871.4691595627979,none,0.0,success,105.0,0.005,"(-1106, 172, 316)",-1106.0,172.0,316.0,,,,
22,realistic,3,x0y0,utah,12.815,15.5,Aa,saline,41.62302641566532,15.5,,b,-1,0.08,soma,83.66106711,816.6619347267527,781.4948585526113,682.0238801182809,,817.0,781.1808403872311,682.0558238323628,central,5.335000000000134,success,77.2705078125,0.005,"(817, 232, 64)",817.0,232.0,64.0,817.0,,232.0,64.0
23,realistic,3,x0y0,utah,14.207,17.1,Aa,saline,159.7672219936244,17.1,,b,-1,0.08,soma,88.110490406,-835.670984373751,356.04170289685544,-1139.749895150413,,-836.0,355.6873037911975,-1139.902536573975,none,0.0,success,105.0,0.005,"(-836, 69, -362)",-836.0,69.0,-362.0,,,,
24,realistic,3,x0y0,utah,15.686000000000002,18.8,Aa,saline,21.25882636671572,18.8,,b,-1,0.08,soma,92.838002658,667.6638486490073,288.780204924833,1342.6034577048422,,668.0,288.47252988189547,1342.8825092386282,none,0.0,success,105.0,0.005,"(668, -13, 568)",668.0,-13.0,568.0,,,,
25,realistic,3,x0y0,utah,11.161999999999999,13.6,Aa,saline,178.88110612121207,13.6,,b,-1,0.08,soma,78.377376946,-1619.8333832542255,82.23588197281242,-1279.3613705057235,,-1620.0,82.07167942522351,-1279.0238507353056,none,0.0,success,105.0,0.005,"(-1620, 66, -455)",-1620.0,66.0,-455.0,,,,
26,realistic,3,x0y0,utah,12.467,15.1,Aa,saline,38.25067614568199,15.1,,b,-1,0.08,soma,82.548711286,-680.0265051110457,699.6208727811453,957.4160309639647,,-680.0,699.5464535785813,957.873251486448,none,0.0,success,105.0,0.005,"(-680, 188, 309)",-680.0,188.0,309.0,,,,
27,realistic,3,x0y0,utah,8.987,11.1,Aa,saline,189.13149680435558,11.1,,b,-1,0.08,soma,71.42515304599999,-1845.1877665663,-185.00528656105598,-1078.2813169710944,,-1845.0,-185.24708589420015,-1078.289526801158,none,0.0,success,105.0,0.005,"(-1845, -55, -268)",-1845.0,-55.0,-268.0,,,,
28,realistic,3,x0y0,utah,12.728,15.4,Aa,saline,154.20958608953725,15.4,,b,-1,0.08,soma,83.382978154,1029.3455035436505,495.6525727520348,-1049.595860072852,,1029.0,495.6934668974028,-1049.353016764931,none,0.0,success,105.0,0.005,"(1029, 136, -305)",1029.0,136.0,-305.0,,,,
29,realistic,3,x0y0,utah,13.163,15.9,Aa,saline,169.76901225989522,15.9,,b,-1,0.08,soma,84.773422934,-793.8649454318219,300.5081335943896,-1197.8150976233262,,-794.0,300.94387995653926,-1198.2312627546748,none,0.0,success,105.0,0.005,"(-794, 154, -384)",-794.0,154.0,-384.0,,,,
30,realistic,3,x0y0,utah,14.99,18.0,Aa,saline,26.496186764374336,18.0,,b,-1,0.08,soma,90.61329101,-1709.0383189218899,529.3831247805197,1123.4352616807528,,-1709.0,529.3997945597806,1123.1244477269752,none,0.0,success,105.0,0.005,"(-1709, 159, 380)",-1709.0,159.0,380.0,,,,
31,realistic,3,x0y0,utah,12.988999999999999,15.7,Aa,saline,-9.229223496456733,15.7,,b,-1,0.08,soma,84.217245022,1935.5324554840224,-230.20642824189963,1174.3786702683153,,1936.0,-230.66822305076442,1174.4389212806084,none,0.0,success,105.0,0.005,"(1936, -98, 358)",1936.0,-98.0,358.0,,,,
32,realistic,3,x0y0,utah,14.381,17.3,Aa,saline,66.55938339222726,17.3,,b,-1,0.08,soma,88.66666831799999,1418.1749048949368,1127.2804954556966,437.84616194530815,,1418.0,1126.9133340908827,437.9088003284503,central,5.250000000000121,success,41.986083984375,0.005,"(1418, 366, 108)",1418.0,366.0,108.0,1418.0,,366.0,108.0
33,realistic,3,x0y0,utah,16.468999999999998,19.7,Aa,saline,31.14872199818961,19.7,,b,-1,0.08,soma,95.34080326200001,1922.8511354202176,553.3742001108429,779.9950682407602,,1923.0,553.7403987637165,779.59932971581,central,5.320000000000132,success,87.286376953125,0.005,"(1923, 123, 67)",1923.0,123.0,67.0,1923.0,,123.0,67.0
34,realistic,3,x0y0,utah,12.467,15.1,Aa,saline,-4.002024950534573,15.1,,b,-1,0.08,soma,82.548711286,1988.01621898952,-133.61842154776514,1135.7030469967685,,1988.0,-133.67395002388142,1135.291297189457,none,0.0,success,105.0,0.005,"(1988, -76, 311)",1988.0,-76.0,311.0,,,,
35,realistic,3,x0y0,utah,10.553,12.9,Aa,saline,137.53081823009478,12.9,,b,-1,0.08,soma,76.430754254,-1174.5458157253115,721.2361352522794,-768.6386744434244,,-1175.0,720.8350226361506,-768.2036621688754,periphery,5.18000000000011,success,105.0,0.005,"(-1175, 165, -161)",-1175.0,165.0,-161.0,-1175.0,,165.0,-161.0
36,realistic,3,x0y0,utah,10.379,12.7,Aa,saline,-2.4076633469901703,12.7,,b,-1,0.08,soma,75.874576342,-1611.1021603744186,100.54089395115034,1236.366474233022,,-1611.0,100.436633896818,1236.1966446116462,none,0.0,success,105.0,0.005,"(-1611, 135, 414)",-1611.0,135.0,414.0,,,,
37,realistic,3,x0y0,utah,10.814,13.2,Aa,saline,112.55637922989814,13.2,,b,-1,0.08,soma,77.26502112200002,-1017.5838106780257,1040.4475250124478,-429.9437078902984,,-1018.0,1040.6246235030837,-429.9454310511997,periphery,5.2800000000001255,success,65.61279296875,0.005,"(-1018, 280, -114)",-1018.0,280.0,-114.0,-1018.0,,280.0,-114.0
38,realistic,3,x0y0,utah,13.163,15.9,Aa,saline,162.88258520862968,15.9,,b,-1,0.08,soma,84.773422934,-120.63152500706842,224.68568409300946,-1430.5547933584655,,-121.0,224.49990918473816,-1430.733480149012,none,0.0,success,105.0,0.005,"(-121, -19, -640)",-121.0,-19.0,-640.0,,,,
39,realistic,3,x0y0,utah,14.642000000000001,17.6,Aa,saline,-18.71575291502532,17.6,,b,-1,0.08,soma,89.500935186,477.032512202632,-500.9458952548898,1268.4610336361554,,477.0,-501.2669250505938,1268.8566678573306,none,0.0,success,105.0,0.005,"(477, -235, 483)",477.0,-235.0,483.0,,,,
40,realistic,3,x0y0,utah,12.293000000000001,14.9,Aa,saline,133.59162556804503,14.9,,b,-1,0.08,soma,81.99253337399999,-1842.064259753916,674.9148348979779,-562.5357260165721,,-1842.0,675.2690959613943,-562.5244258806866,none,0.0,success,105.0,0.005,"(-1842, 77, 7)",-1842.0,77.0,7.0,,,,
41,realistic,3,x0y0,utah,10.466000000000001,12.8,Aa,saline,-10.391525012346941,12.8,,b,-1,0.08,soma,76.152665298,-374.08402582342086,-316.7453420856082,1347.4870384455753,,-374.0,-316.4829704098796,1347.5778807935567,none,0.0,success,105.0,0.005,"(-374, -168, 538)",-374.0,-168.0,538.0,,,,
42,realistic,3,x0y0,utah,14.033,16.9,Aa,saline,187.32961513480976,16.9,,b,-1,0.08,soma,87.55431249399997,-1045.8554180524377,-48.822294659697036,-747.1255866734656,,-1046.0,-48.751965137117224,-746.9811835657748,none,0.0,success,105.0,0.005,"(-1046, 57, 75)",-1046.0,57.0,75.0,,,,
43,realistic,3,x0y0,utah,13.25,16.0,Aa,saline,130.5702757868349,16.0,,b,-1,0.08,soma,85.05151189,-1714.7599785150353,919.7147369772592,-695.977475386556,,-1715.0,919.5885642158222,-696.2227516666281,periphery,5.295000000000128,success,62.79296875,0.005,"(-1715, 291, -158)",-1715.0,291.0,-158.0,-1715.0,,291.0,-158.0
44,realistic,3,x0y0,utah,9.596,11.8,Aa,saline,127.18981204630964,11.8,,b,-1,0.08,soma,73.371775738,-1164.9367914235872,965.2365551453113,-682.4535627962391,,-1165.0,965.5549782764456,-682.7091192168107,periphery,5.230000000000118,success,61.962890625,0.005,"(-1165, 311, -186)",-1165.0,311.0,-186.0,-1165.0,,311.0,-186.0
45,realistic,3,x0y0,utah,13.772000000000002,16.6,Aa,saline,97.57595358780857,16.6,,b,-1,0.08,soma,86.720045626,352.47036779489235,1306.4555363335005,-166.8351545774344,,352.0,1306.1532906145271,-167.17785100675343,central,5.155000000000106,success,17.3187255859375,0.005,"(352, 485, -58)",352.0,485.0,-58.0,352.0,,485.0,-58.0
46,realistic,3,x0y0,utah,11.858,14.4,Aa,saline,121.2934049352553,14.4,,b,-1,0.08,soma,80.60208859400001,-1839.412663073868,795.1836417382477,-358.6326412758658,,-1839.0,795.2197423517867,-358.6613624078619,none,0.0,success,105.0,0.005,"(-1839, 90, 70)",-1839.0,90.0,70.0,,,,
47,realistic,3,x0y0,utah,12.206000000000001,14.8,Aa,saline,40.73955414606333,14.8,,b,-1,0.08,soma,81.714444418,-297.26681699871494,769.3641018706708,1018.1073028728588,,-297.0,768.9544232135935,1017.7520172677595,none,0.0,success,105.0,0.005,"(-297, 230, 392)",-297.0,230.0,392.0,,,,
48,realistic,3,x0y0,utah,15.424999999999999,18.5,Aa,saline,196.2349146458443,18.5,,b,-1,0.08,soma,92.00373579,-674.0896285736155,-394.01673120583337,-1311.8075142528082,,-674.0,-394.34812226344206,-1311.8448933659897,none,0.0,success,105.0,0.005,"(-674, -162, -514)",-674.0,-162.0,-514.0,,,,
49,realistic,3,x0y0,utah,12.38,15.0,Aa,saline,104.50419324209929,15.0,,b,-1,0.08,soma,82.27062233000002,1847.5730697991073,1050.757378450643,-199.99614895875771,,1848.0,1050.7815947388367,-199.94689544683257,central,5.305000000000129,success,65.61279296875,0.005,"(1848, 251, 7)",1848.0,251.0,7.0,1848.0,,251.0,7.0
50,realistic,3,x0y0,utah,15.251000000000001,18.3,Aa,saline,143.27630533252008,18.3,,b,-1,0.08,soma,91.447557878,934.371187390431,613.2384258077973,-942.5841175610936,,934.0,613.7728198055221,-942.8251088196087,none,0.0,success,105.0,0.005,"(934, 117, -277)",934.0,117.0,-277.0,,,,
51,realistic,3,x0y0,utah,10.553,12.9,Aa,saline,131.16728592330495,12.9,,b,-1,0.08,soma,76.430754254,1956.5660572728812,735.3023037567135,-639.2154150839598,,1957.0,735.7165359012058,-638.9226827627042,central,5.3250000000001325,success,105.0,0.005,"(1957, 116, -97)",1957.0,116.0,-97.0,1957.0,,116.0,-97.0
52,realistic,3,x0y0,utah,13.685,16.5,Aa,saline,41.05744586091169,16.5,,b,-1,0.08,soma,86.44195667,-710.3485155203633,852.1751569428155,831.9717883612097,,-710.0,851.9755385704282,831.5614397624236,periphery,5.260000000000122,success,63.8916015625,0.005,"(-710, 308, 207)",-710.0,308.0,207.0,-710.0,,308.0,207.0
53,realistic,3,x0y0,utah,10.64,13.0,Aa,saline,97.83550244713369,13.0,,b,-1,0.08,soma,76.70884321,-1710.395134147406,1041.7345529164259,-151.93053372446138,,-1710.0,1041.6972254840737,-152.22320766476153,periphery,5.305000000000129,success,78.11279296875,0.005,"(-1710, 226, -40)",-1710.0,226.0,-40.0,-1710.0,,226.0,-40.0
54,realistic,3,x0y0,utah,11.945,14.5,Aa,saline,9.269695543614699,14.5,,b,-1,0.08,soma,80.88017755,1561.7640059667233,67.68593794032085,1208.7700119793815,,1562.0,67.97839830165253,1208.6268236120477,none,0.0,success,105.0,0.005,"(1562, -65, 394)",1562.0,-65.0,394.0,,,,
55,realistic,3,x0y0,utah,10.379,12.7,Aa,saline,28.902794196754865,12.7,,b,-1,0.08,soma,75.874576342,-1384.1570527417173,557.8610080275416,979.2624136891212,,-1384.0,557.7255913730444,979.3993020648935,none,0.0,success,105.0,0.005,"(-1384, 160, 259)",-1384.0,160.0,259.0,,,,
56,realistic,3,x0y0,utah,13.685,16.5,Aa,saline,200.8270295678458,16.5,,b,-1,0.08,soma,86.44195667,-1705.961706327222,-325.33626995606664,-1018.9947528635972,,-1706.0,-325.43255779809255,-1019.1381484497247,none,0.0,success,105.0,0.005,"(-1706, -31, -245)",-1706.0,-31.0,-245.0,,,,
57,realistic,3,x0y0,utah,14.033,16.9,Aa,saline,37.71569769800097,16.9,,b,-1,0.08,soma,87.55431249399997,-1166.2914695406255,572.6172842739993,878.8416321154964,,-1166.0,572.9629864762901,878.6456083070019,none,0.0,success,105.0,0.005,"(-1166, 66, 223)",-1166.0,66.0,223.0,,,,
58,realistic,3,x0y0,utah,12.206000000000001,14.8,Aa,saline,169.70377597303727,14.8,,b,-1,0.08,soma,81.714444418,1097.9054862165083,354.9623860552273,-1168.192386961445,,1098.0,354.58068560874835,-1168.5609209314352,central,5.250000000000121,success,105.0,0.005,"(1098, 207, -356)",1098.0,207.0,-356.0,1098.0,,207.0,-356.0
59,realistic,3,x0y0,utah,12.032,14.6,Aa,saline,94.95314029398484,14.6,,b,-1,0.08,soma,81.15826650599999,-1440.9060258387958,1250.526226175365,-245.61015313646286,,-1441.0,1250.524490459964,-245.2474791997339,periphery,5.195000000000112,success,41.2994384765625,0.005,"(-1441, 428, -174)",-1441.0,428.0,-174.0,-1441.0,,428.0,-174.0
60,realistic,3,x0y0,utah,12.293000000000001,14.9,Aa,saline,114.8482921589725,14.9,,b,-1,0.08,soma,81.99253337399999,1764.417292844879,841.8635644999823,-376.83073108124967,,1764.0,841.509012391784,-377.0836312618775,none,0.0,success,105.0,0.005,"(1764, 92, -30)",1764.0,92.0,-30.0,,,,
61,realistic,3,x0y0,utah,12.032,14.6,Aa,saline,234.28495307001583,14.6,,b,-1,0.08,soma,81.15826650599999,1209.8067357728185,-394.76084549113335,-249.25393870348896,,1210.0,-394.28769828811085,-248.97309799310153,central,5.275000000000125,success,69.27490234375,0.005,"(1210, 276, 233)",1210.0,276.0,233.0,1210.0,,276.0,233.0
62,realistic,3,x0y0,utah,9.943999999999999,12.2,Aa,saline,127.77962008751257,12.2,,b,-1,0.08,soma,74.484131562,-1327.9561517986772,769.5260689717618,-690.9183437120319,,-1328.0,769.9001287933027,-690.7054894974408,none,0.0,success,105.0,0.005,"(-1328, 120, -187)",-1328.0,120.0,-187.0,,,,
63,realistic,3,x0y0,utah,12.815,15.5,Aa,saline,100.58856106425064,15.5,,b,-1,0.08,soma,83.66106711,1422.5375530365607,927.0985741132512,-225.02111777110485,,1423.0,926.7744144845652,-224.97145206740902,none,0.0,success,105.0,0.005,"(1423, 114, -73)",1423.0,114.0,-73.0,,,,
64,realistic,3,x0y0,utah,12.815,15.5,Aa,saline,144.9901042840331,15.5,,b,-1,0.08,soma,83.66106711,-766.7178618555567,635.3320847351606,-1108.032948855822,,-767.0,635.3526771005036,-1108.2568900349006,none,0.0,success,105.0,0.005,"(-767, 161, -431)",-767.0,161.0,-431.0,,,,
65,realistic,3,x0y0,utah,13.685,16.5,Aa,saline,185.2040563987701,16.5,,b,-1,0.08,soma,86.44195667,1485.8289673849677,-240.85310005786687,-1138.3147099406358,,1486.0,-241.1196427349845,-1138.8252723238265,none,0.0,success,105.0,0.005,"(1486, -166, -314)",1486.0,-166.0,-314.0,,,,
66,realistic,3,x0y0,utah,12.554,15.2,Aa,saline,3.967134673627963,15.2,,b,-1,0.08,soma,82.82680024199999,1928.6856157308769,58.50308901200879,1025.1927739990242,,1929.0,58.187807288373214,1025.4300079607099,none,0.0,success,105.0,0.005,"(1929, 1, 201)",1929.0,1.0,201.0,,,,
67,realistic,3,x0y0,utah,14.902999999999999,17.9,Aa,saline,-8.4937778211165,17.9,,b,-1,0.08,soma,90.33520205399999,1221.2214447511572,-77.20766222722524,1136.9570493546973,,1221.0,-77.61575467168792,1137.0357574157033,none,0.0,success,105.0,0.005,"(1221, 45, 316)",1221.0,45.0,316.0,,,,
68,realistic,3,x0y0,utah,12.815,15.5,Aa,saline,-10.165019562237193,15.5,,b,-1,0.08,soma,83.66106711,1355.3955246852133,-206.4073240615071,1187.056738995825,,1355.0,-205.93558917245753,1186.8492941781867,none,0.0,success,105.0,0.005,"(1355, -60, 373)",1355.0,-60.0,373.0,,,,
69,realistic,3,x0y0,utah,14.467999999999998,17.4,Aa,saline,-25.878761744671365,17.4,,b,-1,0.08,soma,88.944757274,1143.5350348278735,-484.0481206991317,1283.8046914722127,,1144.0,-484.0646932750506,1284.2762990597091,none,0.0,success,105.0,0.005,"(1144, -122, 538)",1144.0,-122.0,538.0,,,,
70,realistic,3,x0y0,utah,15.164,18.2,Aa,saline,102.23160713617833,18.2,,b,-1,0.08,soma,91.16946892200001,-524.3461399699434,1081.9981038205806,-197.81072032737117,,-524.0,1081.7304609887356,-198.00090523228593,central,5.200000000000113,success,45.9228515625,0.005,"(-524, 270, -22)",-524.0,270.0,-22.0,-524.0,,270.0,-22.0
71,realistic,3,x0y0,utah,11.336,13.8,Aa,saline,84.0089521115264,13.8,,b,-1,0.08,soma,78.93355485800001,65.1266068754237,1326.9305970697224,288.5232930681632,,65.0,1326.9322101531407,288.07433156358763,tjn,5.145000000000104,success,29.095458984375,0.005,"(65, 507, 202)",65.0,507.0,202.0,65.0,,507.0,202.0
72,realistic,3,x0y0,utah,15.424999999999999,18.5,Aa,saline,214.43981346377961,18.5,,b,-1,0.08,soma,92.00373579,-730.4421617345711,-445.8167205774521,-767.7371348646768,,-730.0,-445.93155629462257,-767.3272404530067,none,0.0,success,105.0,0.005,"(-730, 24, -82)",-730.0,24.0,-82.0,,,,
73,realistic,3,x0y0,utah,13.511000000000001,16.3,Aa,saline,31.547429121472806,16.3,,b,-1,0.08,soma,85.885778758,-614.459785246656,133.66194015814656,214.4919700358287,,-614.0,133.17971972309294,214.57293032878397,none,0.0,success,105.0,0.005,"(-614, -300, -491)",-614.0,-300.0,-491.0,,,,
74,realistic,3,x0y0,utah,14.816,17.8,Aa,saline,130.00011505216528,17.8,,b,-1,0.08,soma,90.05711309799999,-1689.696812833167,740.3183602346643,-753.1550215010052,,-1690.0,739.8018743165342,-753.5423561496974,none,0.0,success,105.0,0.005,"(-1690, 104, -220)",-1690.0,104.0,-220.0,,,,
75,realistic,3,x0y0,utah,13.772000000000002,16.6,Aa,saline,77.75505943730134,16.6,,b,-1,0.08,soma,86.720045626,1808.0926686681744,1189.7515847483555,137.39032843630184,,1808.0,1189.4734142928637,137.69516083863735,central,5.275000000000125,success,41.546630859375,0.005,"(1808, 380, -38)",1808.0,380.0,-38.0,1808.0,,380.0,-38.0
76,realistic,3,x0y0,utah,14.12,17.0,Aa,saline,83.18159529769656,17.0,,b,-1,0.08,soma,87.83240144999998,1113.5319829552764,1060.4923205129198,218.5791148470157,,1114.0,1060.0308956998529,218.39235302605755,central,5.320000000000132,success,81.77490234375,0.005,"(1114, 237, 120)",1114.0,237.0,120.0,1114.0,,237.0,120.0
77,realistic,3,x0y0,utah,10.64,13.0,Aa,saline,179.4793773010899,13.0,,b,-1,0.08,soma,76.70884321,1300.483393709568,63.83919437178611,-1259.6266324946125,,1300.0,63.4925252366055,-1259.3544216050002,none,0.0,success,105.0,0.005,"(1300, 56, -436)",1300.0,56.0,-436.0,,,,
78,realistic,3,x0y0,utah,14.555,17.5,Aa,saline,175.8000061516782,17.5,,b,-1,0.08,soma,89.22284623,1188.356806664932,9.865927814795212,-1188.8066438627245,,1188.0,9.72755617201802,-1188.3714722725897,none,0.0,success,105.0,0.005,"(1188, -51, -361)",1188.0,-51.0,-361.0,,,,
79,realistic,3,x0y0,utah,13.424,16.2,Aa,saline,307.10006296860735,16.2,,b,-1,0.08,soma,85.607689802,-687.1331074827298,-266.0580216855442,180.9070965779001,,-687.0,-266.2563466930377,181.33127924428328,periphery,5.260000000000122,success,69.27490234375,0.005,"(-687, 394, -318)",-687.0,394.0,-318.0,-687.0,,394.0,-318.0
80,realistic,3,x0y0,utah,14.381,17.3,Aa,saline,84.1749847308652,17.3,,b,-1,0.08,soma,88.66666831799999,1036.5405518751982,978.6455105510413,43.32756551919056,,1037.0,979.0208008213735,43.17733341713854,none,0.0,success,105.0,0.005,"(1037, 154, -41)",1037.0,154.0,-41.0,,,,
81,realistic,3,x0y0,utah,12.206000000000001,14.8,Aa,saline,45.92548788521205,14.8,,b,-1,0.08,soma,81.714444418,-1746.6688616487295,658.648800164136,855.3219413028172,,-1747.0,658.2958284349457,855.4662837685805,none,0.0,success,105.0,0.005,"(-1747, 65, 281)",-1747.0,65.0,281.0,,,,
82,realistic,3,x0y0,utah,11.771,14.3,Aa,saline,58.17167454091522,14.3,,b,-1,0.08,soma,80.323999638,167.03725792011116,1068.762516044391,705.5321394060134,,167.0,1069.0576350462225,705.1904387045407,periphery,5.170000000000108,success,59.36279296875,0.005,"(167, 368, 270)",167.0,368.0,270.0,167.0,,368.0,270.0
83,realistic,3,x0y0,utah,13.946,16.8,Aa,saline,24.82526340625202,16.8,,b,-1,0.08,soma,87.27622353800001,-1696.3927955804095,478.260273132415,1021.152384575842,,-1696.0,477.9451431318032,1021.0719502415446,periphery,5.390000000000143,success,105.0,0.005,"(-1696, 130, 269)",-1696.0,130.0,269.0,-10733.231569938336,,130.0,269.0
84,realistic,3,x0y0,utah,13.946,16.8,Aa,saline,47.76368153507972,16.8,,b,-1,0.08,soma,87.27622353800001,1576.202656841424,912.1189525632464,624.8615366510949,,1576.0,912.5236579537677,625.010538731122,central,5.275000000000125,success,57.0556640625,0.005,"(1576, 299, 68)",1576.0,299.0,68.0,1576.0,,299.0,68.0
85,realistic,3,x0y0,utah,12.902,15.6,Aa,saline,169.96443173068553,15.6,,b,-1,0.08,soma,83.93915606600001,-1717.4516036652085,254.97727853565308,-1121.733059319984,,-1717.0,255.14079745115197,-1121.3169434890954,none,0.0,success,105.0,0.005,"(-1717, 111, -307)",-1717.0,111.0,-307.0,,,,
86,realistic,3,x0y0,utah,10.727,13.1,Aa,saline,173.55160162121788,13.1,,b,-1,0.08,soma,76.986932166,304.9006311953348,78.39027351326786,-1344.1471289910555,,305.0,78.47831624112092,-1344.3054572466772,none,0.0,success,105.0,0.005,"(305, -14, -526)",305.0,-14.0,-526.0,,,,
87,realistic,3,x0y0,utah,12.032,14.6,Aa,saline,0.1322878030745745,14.6,,b,-1,0.08,soma,81.15826650599999,-1877.7635581660645,-154.51637228686468,1143.5128095761038,,-1878.0,-154.1011679935181,1143.5791332530002,none,0.0,success,105.0,0.005,"(-1878, -156, 318)",-1878.0,-156.0,318.0,,,,
88,realistic,3,x0y0,utah,11.684,14.2,Aa,saline,32.449492398625736,14.2,,b,-1,0.08,soma,80.045910682,-0.8675819450225664,646.9311576084701,958.5595544091597,,-1.0,646.7073178359807,958.23687201227,periphery,5.220000000000116,success,91.1865234375,0.005,"(-1, 204, 262)",-1.0,204.0,262.0,-1.0,,204.0,262.0
89,realistic,3,x0y0,utah,10.205,12.5,Aa,saline,197.54150002874405,12.5,,b,-1,0.08,soma,75.31839843,-1611.323271423631,-372.7200533039454,-1234.073967908732,,-1611.0,-372.94948264340104,-1234.4055464515027,none,0.0,success,105.0,0.005,"(-1611, -125, -450)",-1611.0,-125.0,-450.0,,,,
90,realistic,3,x0y0,utah,11.161999999999999,13.6,Aa,saline,99.66829582891451,13.6,,b,-1,0.08,soma,78.377376946,1514.604520324056,1175.032743339326,-169.91785102402582,,1515.0,1175.4852090966838,-170.38128079461674,central,5.220000000000116,success,43.6431884765625,0.005,"(1515, 363, -32)",1515.0,363.0,-32.0,1515.0,,363.0,-32.0
91,realistic,3,x0y0,utah,12.554,15.2,Aa,saline,23.19515043963409,15.2,,b,-1,0.08,soma,82.82680024199999,113.97251617955328,381.7339384025936,1147.1160865035545,,114.0,381.52423830766196,1147.6391973912234,none,0.0,success,105.0,0.005,"(114, 56, 388)",114.0,56.0,388.0,,,,
92,realistic,3,x0y0,utah,15.947000000000001,19.1,Aa,saline,13.239033918887616,19.1,,b,-1,0.08,soma,93.67226952600001,-1442.0142290877575,309.3083239230882,1273.9820161066873,,-1442.0,309.4904748607271,1273.7092935783044,none,0.0,success,105.0,0.005,"(-1442, 119, 464)",-1442.0,119.0,464.0,,,,
93,realistic,3,x0y0,utah,12.467,15.1,Aa,saline,148.84515037829027,15.1,,b,-1,0.08,soma,82.548711286,599.5172216405755,737.7351734607219,-1019.6901200001123,,600.0,737.5143516096882,-1020.1255935592795,central,5.2800000000001255,success,77.5634765625,0.005,"(600, 310, -313)",600.0,310.0,-313.0,600.0,,310.0,-313.0
94,realistic,3,x0y0,utah,12.641,15.3,Aa,saline,42.11261379814036,15.3,,b,-1,0.08,soma,83.104889198,1829.5012181487562,630.1163304439237,955.2734199158676,,1830.0,630.2860693480895,955.1366034035384,none,0.0,success,105.0,0.005,"(1830, 76, 342)",1830.0,76.0,342.0,,,,
95,realistic,3,x0y0,utah,10.118,12.4,Aa,saline,118.89690381450164,12.4,,b,-1,0.08,soma,75.040309474,194.698053800499,913.5963492301253,-602.4101921026263,,195.0,913.1163954722437,-602.4417387689185,tjn,5.175000000000109,success,105.0,0.005,"(195, 193, -205)",195.0,193.0,-205.0,195.0,,193.0,-205.0
96,realistic,3,x0y0,utah,12.988999999999999,15.7,Aa,saline,73.16182050974534,15.7,,b,-1,0.08,soma,84.217245022,-136.11479432367713,1118.4451070691741,378.2775860628231,,-136.0,1118.6256626052782,378.61336794143676,periphery,5.170000000000108,success,39.95361328125,0.005,"(-136, 327, 139)",-136.0,327.0,139.0,-136.0,,327.0,139.0
97,realistic,3,x0y0,utah,8.552,10.6,Aa,saline,199.73198899301883,10.6,,b,-1,0.08,soma,70.03470826600001,1934.600695985753,-341.1222964630433,-1161.2893573018005,,1935.0,-340.8378587553009,-1160.8823354453932,none,0.0,success,105.0,0.005,"(1935, -64, -389)",1935.0,-64.0,-389.0,,,,
98,realistic,3,x0y0,utah,11.684,14.2,Aa,saline,35.96368357277957,14.2,,b,-1,0.08,soma,80.045910682,876.2613444186542,713.6713408626822,1156.9697755743057,,876.0,713.5359816717694,1156.7735800530054,none,0.0,success,105.0,0.005,"(876, 229, 489)",876.0,229.0,489.0,,,,
99,realistic,3,x0y0,utah,11.684,14.2,Aa,saline,61.43434175740986,14.2,,b,-1,0.08,soma,80.045910682,-1551.8782514607403,1141.2428601804622,448.3665796500227,,-1552.0,1141.6176616760004,448.52597724406627,periphery,5.200000000000113,success,35.90087890625,0.005,"(-1552, 417, 54)",-1552.0,417.0,54.0,-1552.0,,417.0,54.0
100,realistic,3,x0y0,utah,13.597999999999999,16.4,Aa,saline,190.58294643705938,16.4,,b,-1,0.08,soma,86.16386771399998,-904.7576967693814,-257.580944489383,-1300.0999344384884,,-905.0,-257.1186512495309,-1300.004540981431,none,0.0,success,105.0,0.005,"(-905, -105, -486)",-905.0,-105.0,-486.0,,,,
101,realistic,3,x0y0,utah,13.511000000000001,16.3,Aa,saline,204.93324184157157,16.3,,b,-1,0.08,soma,85.885778758,1176.088482509756,-524.4985621816087,-1236.8945936648806,,1176.0,-524.0607221621865,-1236.7786120888775,none,0.0,success,105.0,0.005,"(1176, -175, -486)",1176.0,-175.0,-486.0,,,,
102,realistic,3,x0y0,utah,11.684,14.2,Aa,saline,5.2394006424366975,14.2,,b,-1,0.08,soma,80.045910682,-1747.5569581158286,29.13953289236088,1058.7295159807381,,-1748.0,29.324595822633327,1058.5578589285678,none,0.0,success,105.0,0.005,"(-1748, -46, 237)",-1748.0,-46.0,237.0,,,,
103,realistic,3,x0y0,utah,10.466000000000001,12.8,Aa,saline,65.70014174968182,12.8,,b,-1,0.08,soma,76.152665298,-1123.6724093198436,1231.9989606806141,594.3269938449082,,-1124.0,1232.1517695762986,594.6959108850635,periphery,5.220000000000116,success,43.0389404296875,0.005,"(-1124, 482, 256)",-1124.0,482.0,256.0,-1124.0,,482.0,256.0
104,realistic,3,x0y0,utah,13.337000000000002,16.1,Aa,saline,67.33394106773189,16.1,,b,-1,0.08,soma,85.329600846,-644.1364551727185,1291.2397552269251,378.3100167369748,,-644.0,1290.7690778303445,377.9820140830243,periphery,5.160000000000107,success,15.07415771484375,0.005,"(-644, 527, 59)",-644.0,527.0,59.0,-644.0,,527.0,59.0
105,realistic,3,x0y0,utah,14.467999999999998,17.4,Aa,saline,30.69922291740767,17.4,,b,-1,0.08,soma,88.944757274,1963.6902943282446,517.7024033500828,1080.1403862277914,,1964.0,517.4456492941886,1080.2632983899566,none,0.0,success,105.0,0.005,"(1964, 94, 367)",1964.0,94.0,367.0,,,,
106,realistic,3,x0y0,utah,12.032,14.6,Aa,saline,27.921609833966777,14.6,,b,-1,0.08,soma,81.15826650599999,1171.4490844563045,553.0646540565003,909.2908053351376,,1171.0,552.61870810238,909.481722142351,central,5.31000000000013,success,94.04296875,0.005,"(1171, 166, 180)",1171.0,166.0,180.0,1171.0,,166.0,180.0
107,realistic,3,x0y0,utah,11.597,14.1,Aa,saline,76.85855001479975,14.1,,b,-1,0.08,soma,79.76782172600001,974.63581881666,1205.5500201906743,448.03252655585175,,975.0,1205.2719523983897,447.5786013302462,central,5.290000000000127,success,56.7626953125,0.005,"(975, 402, 260)",975.0,402.0,260.0,975.0,,402.0,260.0
108,realistic,3,x0y0,utah,10.988,13.4,Aa,saline,145.99114353196757,13.4,,b,-1,0.08,soma,77.821199034,125.99956694304605,578.363433809774,-818.8021543047647,,126.0,578.8131983098582,-819.0218869995931,none,0.0,success,105.0,0.005,"(126, 118, -136)",126.0,118.0,-136.0,,,,
109,realistic,3,x0y0,utah,15.686000000000002,18.8,Aa,saline,53.730165026443004,18.8,,b,-1,0.08,soma,92.838002658,-893.5980273290868,1156.243263612307,632.1002424530975,,-894.0,1156.28999887144,631.8674811862365,periphery,5.2100000000001145,success,26.6357421875,0.005,"(-894, 486, 140)",-894.0,486.0,140.0,-894.0,,486.0,140.0
110,realistic,3,x0y0,utah,12.815,15.5,Aa,saline,74.54151412123919,15.5,,b,-1,0.08,soma,83.66106711,-1586.4594510676218,1064.560985785065,305.6305014067484,,-1586.0,1064.899268240309,305.35033719240755,periphery,5.295000000000128,success,67.4072265625,0.005,"(-1586, 268, 85)",-1586.0,268.0,85.0,-1586.0,,268.0,85.0
111,realistic,3,x0y0,utah,14.467999999999998,17.4,Aa,saline,58.56767605370568,17.4,,b,-1,0.08,soma,88.944757274,1714.6138716013088,865.1698256868144,364.411756647094,,1715.0,864.7887806909523,364.5698454591956,central,5.350000000000136,success,96.0205078125,0.005,"(1715, 157, -68)",1715.0,157.0,-68.0,1715.0,,157.0,-68.0
112,realistic,3,x0y0,utah,12.641,15.3,Aa,saline,87.60566010009781,15.3,,b,-1,0.08,soma,83.104889198,-867.8537783205127,1019.0446377019356,67.73467615302296,,-868.0,1018.8085473988612,67.54989218423822,none,0.0,success,105.0,0.005,"(-868, 193, 33)",-868.0,193.0,33.0,,,,
113,realistic,3,x0y0,utah,12.293000000000001,14.9,Aa,saline,203.60394122582989,14.9,,b,-1,0.08,soma,81.99253337399999,-745.1537394612703,-550.2176545701136,-1142.3914874706884,,-745.0,-549.7289051814748,-1142.8603791652984,none,0.0,success,105.0,0.005,"(-745, -219, -386)",-745.0,-219.0,-386.0,,,,
114,realistic,3,x0y0,utah,15.251000000000001,18.3,Aa,saline,182.7875236788236,18.3,,b,-1,0.08,soma,91.447557878,-674.9925206390111,5.147437642712248,-1375.4217610306982,,-675.0,5.626824343564593,-1375.7269104042734,none,0.0,success,105.0,0.005,"(-675, 46, -546)",-675.0,46.0,-546.0,,,,
115,realistic,3,x0y0,utah,11.075,13.5,Aa,saline,45.567714439602305,13.5,,b,-1,0.08,soma,78.09928799,-745.5624470048648,920.2125503209693,983.4291381193902,,-746.0,920.4538507768297,983.9171557608996,periphery,5.24500000000012,success,97.6318359375,0.005,"(-746, 332, 407)",-746.0,332.0,407.0,-746.0,,332.0,407.0
116,realistic,3,x0y0,utah,13.685,16.5,Aa,saline,157.14154450873838,16.5,,b,-1,0.08,soma,86.44195667,-1327.6487295329214,491.13801953572374,-1012.8120115874426,,-1328.0,490.7638500831476,-1013.2056315357027,periphery,5.320000000000132,success,97.6318359375,0.005,"(-1328, 169, -250)",-1328.0,169.0,-250.0,-1328.0,,169.0,-250.0
117,realistic,3,x0y0,utah,13.424,16.2,Aa,saline,145.7214752214158,16.2,,b,-1,0.08,soma,85.607689802,1013.9783774608895,836.499512385768,-1066.90916049687,,1014.0,836.2191254482434,-1067.0143170416964,central,5.315000000000131,success,79.046630859375,0.005,"(1014, 370, -383)",1014.0,370.0,-383.0,1014.0,,370.0,-383.0
118,realistic,3,x0y0,utah,10.292,12.6,Aa,saline,117.67001871866673,12.6,,b,-1,0.08,soma,75.596487386,633.5099361960562,842.9917436581723,-543.2812504445034,,634.0,842.6701246145211,-543.1075043710293,none,0.0,success,105.0,0.005,"(634, 114, -161)",634.0,114.0,-161.0,,,,
119,realistic,3,x0y0,utah,13.859,16.7,Aa,saline,89.87709508750164,16.7,,b,-1,0.08,soma,86.998134582,-1148.199866120202,1106.7430218095897,-137.26957044668006,,-1148.0,1106.4990672910003,-137.2601519586889,periphery,5.290000000000127,success,69.27490234375,0.005,"(-1148, 278, -139)",-1148.0,278.0,-139.0,-1148.0,,278.0,-139.0
120,realistic,3,x0y0,utah,15.860000000000001,19.0,Aa,saline,-31.06183767948904,19.0,,b,-1,0.08,soma,93.39418057,327.27985678438444,-547.929555143,1172.766475682205,,327.0,-548.1556985870602,1172.4317275381313,none,0.0,success,105.0,0.005,"(327, -119, 460)",327.0,-119.0,460.0,,,,
121,realistic,3,x0y0,utah,14.555,17.5,Aa,saline,91.93997001309543,17.5,,b,-1,0.08,soma,89.22284623,1050.5756476869467,1214.104407684923,-114.96782956915648,,1051.0,1214.1136562611312,-115.1238272435985,central,5.265000000000123,success,34.4451904296875,0.005,"(1051, 385, -87)",1051.0,385.0,-87.0,1051.0,,385.0,-87.0
122,realistic,3,x0y0,utah,15.772999999999998,18.9,Aa,saline,69.07710783970091,18.9,,b,-1,0.08,soma,93.116091614,-820.3520538726607,1313.2108689504555,455.3374400221264,,-820.0,1312.758370588319,454.94937815767975,periphery,5.200000000000113,success,26.18408203125,0.005,"(-820, 536, 158)",-820.0,536.0,158.0,-820.0,,536.0,158.0
123,realistic,3,x0y0,utah,13.511000000000001,16.3,Aa,saline,65.37245756950813,16.3,,b,-1,0.08,soma,85.885778758,-386.96070940118375,1292.3018353013777,649.1984375412458,,-387.0,1292.6000864455114,649.0038020042293,periphery,5.18000000000011,success,46.47216796875,0.005,"(-387, 540, 304)",-387.0,540.0,304.0,-387.0,,540.0,304.0
124,realistic,3,x0y0,utah,13.597999999999999,16.4,Aa,saline,26.875528790563642,16.4,,b,-1,0.08,soma,86.16386771399998,1134.1872197929495,539.4361239859445,1226.3988292427975,,1134.0,539.3758422967499,1226.6490850004443,none,0.0,success,105.0,0.005,"(1134, 165, 488)",1134.0,165.0,488.0,,,,
125,realistic,3,x0y0,utah,13.25,16.0,Aa,saline,364.22476731250407,16.0,,b,-1,0.08,soma,85.05151189,-755.6358672845596,-38.42069690015524,1280.2285907103278,,-756.0,-38.01135178685348,1280.2914364039489,none,0.0,success,105.0,0.005,"(-756, -99, 455)",-756.0,-99.0,455.0,,,,
126,realistic,3,x0y0,utah,13.859,16.7,Aa,saline,6.388518350611522,16.7,,b,-1,0.08,soma,86.998134582,1383.8104619488254,117.76109442823237,1294.007083458976,,1384.0,118.21194618948833,1294.362373073796,none,0.0,success,105.0,0.005,"(1384, 26, 471)",1384.0,26.0,471.0,,,,
127,realistic,3,x0y0,utah,10.292,12.6,Aa,saline,44.34425071518685,12.6,,b,-1,0.08,soma,75.596487386,-1363.2246503320205,760.5664362896136,1058.595153999413,,-1363.0,760.1359723414072,1058.4653038892338,none,0.0,success,105.0,0.005,"(-1363, 185, 470)",-1363.0,185.0,470.0,,,,
128,realistic,3,x0y0,utah,14.902999999999999,17.9,Aa,saline,140.70331505979064,17.9,,b,-1,0.08,soma,90.33520205399999,-1813.8750991685447,750.6245878619119,-896.2984833333078,,-1814.0,750.7451417303992,-896.4667064347955,periphery,5.315000000000131,success,79.9072265625,0.005,"(-1814, 225, -254)",-1814.0,225.0,-254.0,-1814.0,,225.0,-254.0
129,realistic,3,x0y0,utah,12.119,14.7,Aa,saline,33.02835215716346,14.7,,b,-1,0.08,soma,81.436355462,-925.4413146519252,611.3699277152722,1099.0786874099897,,-925.0,611.0989786811682,1099.2821202096707,none,0.0,success,105.0,0.005,"(-925, 161, 407)",-925.0,161.0,407.0,,,,
130,realistic,3,x0y0,utah,10.466000000000001,12.8,Aa,saline,-3.372526766113323,12.8,,b,-1,0.08,soma,76.152665298,1745.472394078853,-156.89480568097954,1138.0354976660328,,1745.0,-156.3968883597612,1137.677102883497,none,0.0,success,105.0,0.005,"(1745, -108, 316)",1745.0,-108.0,316.0,,,,
131,realistic,3,x0y0,utah,14.381,17.3,Aa,saline,165.5069445036911,17.3,,b,-1,0.08,soma,88.66666831799999,-1717.9074520933993,162.93716616124857,-834.2452112971778,,-1718.0,162.58213353999778,-833.960534132744,none,0.0,success,105.0,0.005,"(-1718, -45, -31)",-1718.0,-45.0,-31.0,,,,
132,realistic,3,x0y0,utah,10.553,12.9,Aa,saline,35.44504729390193,12.9,,b,-1,0.08,soma,76.430754254,-1379.7522276328425,689.0556420309085,774.4257135204308,,-1380.0,689.3825971959475,774.6735677453671,periphery,5.250000000000121,success,79.541015625,0.005,"(-1380, 212, 104)",-1380.0,212.0,104.0,-1380.0,,212.0,104.0
133,realistic,3,x0y0,utah,11.336,13.8,Aa,saline,53.73189488684659,13.8,,b,-1,0.08,soma,78.93355485800001,-873.9995582983113,870.863892315575,536.7297069579963,,-874.0,870.7675626410029,536.7545455269965,periphery,5.31000000000013,success,93.603515625,0.005,"(-874, 206, 49)",-874.0,206.0,49.0,-874.0,,206.0,49.0
134,realistic,3,x0y0,utah,14.729,17.7,Aa,saline,189.10310148242587,17.7,,b,-1,0.08,soma,89.77902414200001,97.57314013748328,-73.42527602024165,-1407.9160048521094,,98.0,-73.28852080963225,-1407.4329042189056,none,0.0,success,105.0,0.005,"(98, 58, -588)",98.0,58.0,-588.0,,,,
135,realistic,3,x0y0,utah,13.424,16.2,Aa,saline,59.22885175803608,16.2,,b,-1,0.08,soma,85.607689802,786.4218192465793,985.3993588425752,531.9368151302265,,786.0,985.2490635389393,531.5044470513517,central,5.330000000000133,success,70.9228515625,0.005,"(786, 274, 108)",786.0,274.0,108.0,786.0,,274.0,108.0
136,realistic,3,x0y0,utah,11.075,13.5,Aa,saline,160.75166844280045,13.5,,b,-1,0.08,soma,78.09928799,873.1576162163774,505.8124815112874,-1130.047178019114,,873.0,505.6891676251516,-1129.9852688956798,central,5.175000000000109,success,105.0,0.005,"(873, 234, -352)",873.0,234.0,-352.0,873.0,,234.0,-352.0
137,realistic,3,x0y0,utah,12.206000000000001,14.8,Aa,saline,207.56630935082413,14.8,,b,-1,0.08,soma,81.714444418,71.24440136795296,-509.308316592103,-1349.6031484655548,,71.0,-509.20672243832524,-1350.1224274882786,none,0.0,success,105.0,0.005,"(71, -127, -618)",71.0,-127.0,-618.0,,,,
138,realistic,3,x0y0,utah,14.12,17.0,Aa,saline,112.38759876772116,17.0,,b,-1,0.08,soma,87.83240144999998,-859.998434535533,1186.464419923509,-536.4315873889968,,-860.0,1186.4159191903352,-536.7341808561526,periphery,5.24500000000012,success,47.021484375,0.005,"(-860, 420, -221)",-860.0,420.0,-221.0,-860.0,,420.0,-221.0
139,realistic,3,x0y0,utah,10.118,12.4,Aa,saline,68.59349041562407,12.4,,b,-1,0.08,soma,75.040309474,381.5309118741639,1232.9957382025295,427.8545726836351,,382.0,1232.7662640601473,428.21985647900505,central,5.160000000000107,success,26.81884765625,0.005,"(382, 467, 128)",382.0,467.0,128.0,382.0,,467.0,128.0
140,realistic,3,x0y0,utah,11.423,13.9,Aa,saline,85.01730481900864,13.9,,b,-1,0.08,soma,79.211643814,696.5799777876372,1163.0173675298665,81.16197109202358,,697.0,1163.4723197837536,81.65824592371833,periphery,5.200000000000113,success,50.68359375,0.005,"(697, 342, 10)",697.0,342.0,10.0,697.0,,342.0,10.0
141,realistic,3,x0y0,utah,12.554,15.2,Aa,saline,51.3184543192925,15.2,,b,-1,0.08,soma,82.82680024199999,489.3401362963377,1119.2488709533584,898.3506886719293,,489.0,1119.0983001344528,898.5083750756252,central,5.225000000000117,success,67.95654296875,0.005,"(489, 474, 382)",489.0,474.0,382.0,489.0,,474.0,382.0
142,realistic,3,x0y0,utah,16.468999999999998,19.7,Aa,saline,39.461470106889344,19.7,,b,-1,0.08,soma,95.34080326200001,-779.1149854383,809.9547956989038,957.3154613109604,,-779.0,810.2453072766638,956.9048170992953,periphery,5.305000000000129,success,81.77490234375,0.005,"(-779, 281, 314)",-779.0,281.0,314.0,-779.0,,281.0,314.0
143,realistic,3,x0y0,utah,14.555,17.5,Aa,saline,209.05843236554318,17.5,,b,-1,0.08,soma,89.22284623,357.29456584196436,-607.2197137420393,-1150.7503699459935,,357.0,-606.9422682069556,-1151.1633449448218,none,0.0,success,105.0,0.005,"(357, -204, -426)",357.0,-204.0,-426.0,,,,
144,realistic,3,x0y0,utah,8.116999999999999,10.1,Aa,saline,-2.1719702557186964,10.1,,b,-1,0.08,soma,68.644263486,-37.74736159967996,-73.79743848266753,1252.2065866520015,,-38.0,-74.05230879305971,1251.74860625078,none,0.0,success,105.0,0.005,"(-38, -43, 433)",-38.0,-43.0,433.0,,,,
145,realistic,3,x0y0,utah,11.51,14.0,Aa,saline,186.38479713150625,14.0,,b,-1,0.08,soma,79.48973277,357.46102401938737,-13.396926502236507,-1303.4555776909367,,357.0,-13.711629142012029,-1303.6314482134133,none,0.0,success,105.0,0.005,"(357, 78, -484)",357.0,78.0,-484.0,,,,
146,realistic,3,x0y0,utah,12.467,15.1,Aa,saline,45.09015139127535,15.1,,b,-1,0.08,soma,82.548711286,-1984.4433817170514,759.2424675571901,729.7178759951707,,-1984.0,759.1674986663727,729.3496950839581,periphery,5.305000000000129,success,79.9072265625,0.005,"(-1984, 174, 146)",-1984.0,174.0,146.0,-1984.0,,174.0,146.0
147,realistic,3,x0y0,utah,12.467,15.1,Aa,saline,-1.2179926186810044,15.1,,b,-1,0.08,soma,82.548711286,297.87182062063323,38.56577388999175,1315.0522991845794,,298.0,38.4003562248041,1315.1091007718715,none,0.0,success,105.0,0.005,"(298, 56, 489)",298.0,56.0,489.0,,,,
148,realistic,3,x0y0,utah,12.728,15.4,Aa,saline,208.96537102664016,15.4,,b,-1,0.08,soma,83.382978154,1323.0614348031993,-619.2569558796304,-1198.7721407884974,,1323.0,-619.3666881599912,-1198.2723837934675,none,0.0,success,105.0,0.005,"(1323, -219, -475)",1323.0,-219.0,-475.0,,,,
149,realistic,3,x0y0,utah,10.901,13.3,Aa,saline,132.28467073876564,13.3,,b,-1,0.08,soma,77.54311007800001,-1563.99423012124,951.0890624600796,-629.84228165069,,-1564.0,951.4261964178525,-630.2335022302393,periphery,5.2100000000001145,success,50.68359375,0.005,"(-1564, 342, -76)",-1564.0,342.0,-76.0,-1564.0,,342.0,-76.0
150,realistic,3,x0y0,utah,11.945,14.5,Aa,saline,28.31336028722835,14.5,,b,-1,0.08,soma,80.88017755,-1841.5639615413595,619.7482078424338,967.021699936758,,-1842.0,619.5062341059826,966.7174541575101,periphery,5.290000000000127,success,80.45654296875,0.005,"(-1842, 228, 240)",-1842.0,228.0,240.0,-1842.0,,228.0,240.0
151,realistic,3,x0y0,utah,15.772999999999998,18.9,Aa,saline,201.7931270236924,18.9,,b,-1,0.08,soma,93.116091614,548.4810517930064,-432.6405463110004,-1109.2291103534064,,548.0,-432.7575024081392,-1109.1016455317997,none,0.0,success,105.0,0.005,"(548, -124, -337)",548.0,-124.0,-337.0,,,,
152,realistic,3,x0y0,utah,15.512000000000002,18.6,Aa,saline,53.9984082726367,18.6,,b,-1,0.08,soma,92.281824746,-303.99966921736717,1143.6010616168705,774.2452548678998,,-304.0,1143.3929981097572,774.5446282928494,periphery,5.18000000000011,success,45.9228515625,0.005,"(-304, 471, 286)",-304.0,471.0,286.0,-304.0,,471.0,286.0
153,realistic,3,x0y0,utah,10.988,13.4,Aa,saline,72.27621459542078,13.4,,b,-1,0.08,soma,77.821199034,1379.4812201058005,963.8676738805797,453.8073956518633,,1379.0,963.7748460399426,453.7983864929748,none,0.0,success,105.0,0.005,"(1379, 179, 203)",1379.0,179.0,203.0,,,,
154,realistic,3,x0y0,utah,14.293999999999999,17.2,Aa,saline,59.466474993270644,17.2,,b,-1,0.08,soma,88.388579362,-665.7590921532869,732.7735803880605,486.3436145496608,,-666.0,733.1850417022455,486.2306991579481,none,0.0,success,105.0,0.005,"(-666, 19, 65)",-666.0,19.0,65.0,,,,
155,realistic,3,x0y0,utah,11.248999999999999,13.7,Aa,saline,89.12809346419529,13.7,,b,-1,0.08,soma,78.655465902,-208.04402070116646,1442.7458707152946,21.521770677845783,,-208.0,1443.2453001777053,21.529781540855204,tjn,5.100000000000097,success,7.598876953125,0.005,"(-208, 619, 9)",-208.0,619.0,9.0,-208.0,,619.0,9.0
156,realistic,3,x0y0,utah,8.987,11.1,Aa,saline,94.83372736626127,11.1,,b,-1,0.08,soma,71.42515304599999,-599.181498926435,1370.2483870488486,0.43734318430551866,,-599.0,1369.7580112475175,0.8139297991110794,periphery,5.140000000000104,success,12.286376953125,0.005,"(-599, 552, 70)",-599.0,552.0,70.0,-599.0,,552.0,70.0
157,realistic,3,x0y0,utah,10.901,13.3,Aa,saline,91.04956588222609,13.3,,b,-1,0.08,soma,77.54311007800001,-200.7693657269857,1315.3718435275996,2.536021585594881,,-201.0,1315.6068007279925,2.924980542786294,tjn,5.1200000000001005,success,13.629150390625,0.005,"(-201, 492, 18)",-201.0,492.0,18.0,-201.0,,492.0,18.0
158,realistic,3,x0y0,utah,11.423,13.9,Aa,saline,118.10891520492386,13.9,,b,-1,0.08,soma,79.211643814,140.29858104192127,905.256333134014,-517.7378036210762,,140.0,905.3847955041649,-517.4718027003878,periphery,5.265000000000123,success,83.4228515625,0.005,"(140, 178, -129)",140.0,178.0,-129.0,140.0,,178.0,-129.0
159,realistic,3,x0y0,utah,15.251000000000001,18.3,Aa,saline,180.00382552390636,18.3,,b,-1,0.08,soma,91.447557878,-593.6378682493392,53.9128847886368,-1210.9603303386725,,-594.0,53.9169276221061,-1210.723778939,none,0.0,success,105.0,0.005,"(-594, 54, -380)",-594.0,54.0,-380.0,,,,
160,realistic,3,x0y0,utah,10.64,13.0,Aa,saline,28.79822577081952,13.0,,b,-1,0.08,soma,76.70884321,-26.917767151029224,850.3070591952983,1149.7112826300727,,-27.0,850.6098248871285,1149.5054796524616,periphery,5.18000000000011,success,72.16796875,0.005,"(-27, 454, 428)",-27.0,454.0,428.0,-27.0,,454.0,428.0
161,realistic,3,x0y0,utah,13.511000000000001,16.3,Aa,saline,136.45896923305216,16.3,,b,-1,0.08,soma,85.885778758,-875.3973150452092,989.08567049851,-931.504109661726,,-875.0,989.3698564931932,-931.1758005108372,periphery,5.24500000000012,success,63.525390625,0.005,"(-875, 419, -331)",-875.0,419.0,-331.0,-875.0,,419.0,-331.0
162,realistic,3,x0y0,utah,15.077000000000002,18.1,Aa,saline,131.41501219471323,18.1,,b,-1,0.08,soma,90.891379966,-352.9326754043602,905.7162208633388,-624.3315727325835,,-353.0,905.751222918252,-624.3398239237547,periphery,5.195000000000112,success,56.7626953125,0.005,"(-353, 283, -75)",-353.0,283.0,-75.0,-353.0,,283.0,-75.0
163,realistic,3,x0y0,utah,12.554,15.2,Aa,saline,119.92142259991282,15.2,,b,-1,0.08,soma,82.82680024199999,-129.63946511191793,848.9385911182222,-533.2667591151643,,-130.0,849.2524938848709,-533.2150039803549,central,5.195000000000112,success,105.0,0.005,"(-130, 133, -121)",-130.0,133.0,-121.0,-130.0,,133.0,-121.0
164,realistic,3,x0y0,utah,12.902,15.6,Aa,saline,199.02669313854992,15.6,,b,-1,0.08,soma,83.93915606600001,-1697.314775240487,-434.14730785952406,-989.293940713988,,-1697.0,-434.5920824387581,-989.8170390723985,none,0.0,success,105.0,0.005,"(-1697, -165, -208)",-1697.0,-165.0,-208.0,,,,
165,realistic,3,x0y0,utah,14.555,17.5,Aa,saline,153.9531836522277,17.5,,b,-1,0.08,soma,89.22284623,-56.126908110586854,616.2020313258288,-1007.2955671410764,,-56.0,616.2823758897966,-1007.3229025265161,periphery,5.2100000000001145,success,72.900390625,0.005,"(-56, 252, -262)",-56.0,252.0,-262.0,-56.0,,252.0,-262.0
166,realistic,3,x0y0,utah,12.554,15.2,Aa,saline,93.80472206609191,15.2,,b,-1,0.08,soma,82.82680024199999,1430.290144233644,1258.624676098154,44.19915701446053,,1430.0,1258.595290640734,44.12615023196558,central,5.2100000000001145,success,30.9814453125,0.005,"(1430, 434, 99)",1430.0,434.0,99.0,1430.0,,434.0,99.0
167,realistic,3,x0y0,utah,11.684,14.2,Aa,saline,182.4618096267057,14.2,,b,-1,0.08,soma,80.045910682,-699.8652675302933,-13.176218702586539,-1206.2159494214695,,-700.0,-13.475987079663007,-1206.2804346811931,none,0.0,success,105.0,0.005,"(-700, 22, -382)",-700.0,22.0,-382.0,,,,
168,realistic,3,x0y0,utah,11.51,14.0,Aa,saline,72.12722885005894,14.0,,b,-1,0.08,soma,79.48973277,1326.8171787336748,1111.5678548200467,307.87192904222735,,1327.0,1111.9096893386047,308.1141994935566,central,5.230000000000118,success,46.47216796875,0.005,"(1327, 327, 55)",1327.0,327.0,55.0,1327.0,,327.0,55.0
169,realistic,3,x0y0,utah,10.292,12.6,Aa,saline,171.08970914611385,12.6,,b,-1,0.08,soma,75.596487386,-892.8638398932076,241.91761283749702,-1300.8629901197967,,-893.0,241.45144794804574,-1300.842384944315,none,0.0,success,105.0,0.005,"(-893, 114, -488)",-893.0,114.0,-488.0,,,,
170,realistic,3,x0y0,utah,15.164,18.2,Aa,saline,339.3870821150887,18.2,,b,-1,0.08,soma,91.16946892200001,1593.88949060781,-238.30919133085166,1116.733633776179,,1594.0,-238.44888500371815,1116.4273114554962,none,0.0,success,105.0,0.005,"(1594, 54, 339)",1594.0,54.0,339.0,,,,
171,realistic,3,x0y0,utah,10.814,13.2,Aa,saline,137.24345777255698,13.2,,b,-1,0.08,soma,77.26502112200002,1910.164053294769,465.6804292289368,-370.294561711084,,1910.0,466.16411141986305,-370.7109892538864,none,0.0,success,105.0,0.005,"(1910, -93, 234)",1910.0,-93.0,234.0,,,,
172,realistic,3,x0y0,utah,12.554,15.2,Aa,saline,208.0541320422006,15.2,,b,-1,0.08,soma,82.82680024199999,564.3072536001395,-497.43620179584235,-1237.8917628104482,,564.0,-497.6622220769064,-1238.3098256067826,none,0.0,success,105.0,0.005,"(564, -109, -509)",564.0,-109.0,-509.0,,,,
173,realistic,3,x0y0,utah,12.119,14.7,Aa,saline,33.1393727985648,14.7,,b,-1,0.08,soma,81.436355462,847.1102329855445,562.916622999996,804.3756740196773,,847.0,563.4201277655377,804.3738302141664,none,0.0,success,105.0,0.005,"(847, 112, 113)",847.0,112.0,113.0,,,,
174,realistic,3,x0y0,utah,12.032,14.6,Aa,saline,190.29414068907607,14.6,,b,-1,0.08,soma,81.15826650599999,1345.4133987791083,-255.2498479839028,-1106.1104961140204,,1345.0,-255.53099111231114,-1106.287309207627,none,0.0,success,105.0,0.005,"(1345, -108, -294)",1345.0,-108.0,-294.0,,,,
175,realistic,3,x0y0,utah,13.076,15.8,Aa,saline,81.2538878443947,15.8,,b,-1,0.08,soma,84.495333978,-1356.2239824051705,950.5944478967932,138.11104942928478,,-1356.0,950.6515940519278,137.82437014902695,none,0.0,success,105.0,0.005,"(-1356, 133, 12)",-1356.0,133.0,12.0,,,,
176,realistic,3,x0y0,utah,12.032,14.6,Aa,saline,89.74627279203644,14.6,,b,-1,0.08,soma,81.15826650599999,393.5943924388967,1005.7529618627068,-80.16053520174773,,394.0,1005.5791332530002,-80.3674518136868,periphery,5.2350000000001184,success,37.07275390625,0.005,"(394, 180, -84)",394.0,180.0,-84.0,394.0,,180.0,-84.0
177,realistic,3,x0y0,utah,10.553,12.9,Aa,saline,98.18037045136124,12.9,,b,-1,0.08,soma,76.430754254,-1169.7888723154101,949.8626880581037,-210.53756423656063,,-1170.0,949.8185802803049,-210.14354816517215,none,0.0,success,105.0,0.005,"(-1170, 135, -93)",-1170.0,135.0,-93.0,,,,
178,realistic,3,x0y0,utah,13.424,16.2,Aa,saline,45.93233402142712,16.2,,b,-1,0.08,soma,85.607689802,-1362.2212089558325,914.0576499647486,758.325609149083,,-1362.0,913.7770625613687,758.7375741286456,periphery,5.255000000000122,success,57.38525390625,0.005,"(-1362, 319, 183)",-1362.0,319.0,183.0,-1362.0,,319.0,183.0
179,realistic,3,x0y0,utah,15.860000000000001,19.0,Aa,saline,37.795599386459386,19.0,,b,-1,0.08,soma,93.39418057,1706.6930368929109,433.2121485214557,516.7824800738726,,1707.0,433.66397692664816,517.2070407432072,none,0.0,success,105.0,0.005,"(1707, -76, -140)",1707.0,-76.0,-140.0,,,,
180,realistic,3,x0y0,utah,10.118,12.4,Aa,saline,70.75852719885458,12.4,,b,-1,0.08,soma,75.040309474,731.8986258742704,1342.3300915433356,268.64609356894016,,732.0,1342.541278087202,269.1026430013153,central,5.185000000000111,success,18.316650390625,0.005,"(732, 566, -2)",732.0,566.0,-2.0,732.0,,566.0,-2.0
181,realistic,3,x0y0,utah,14.467999999999998,17.4,Aa,saline,160.45945982224703,17.4,,b,-1,0.08,soma,88.944757274,1991.3991954610572,244.60686145251202,-1089.9622102739536,,1991.0,244.45851065407658,-1089.694769627509,none,0.0,success,105.0,0.005,"(1991, -33, -308)",1991.0,-33.0,-308.0,,,,
182,realistic,3,x0y0,utah,10.814,13.2,Aa,saline,141.03709108157437,13.2,,b,-1,0.08,soma,77.26502112200002,-1866.4338722588282,719.7044103443341,-833.5032949180638,,-1866.0,719.900122640757,-833.4566402122338,periphery,5.2800000000001255,success,83.4228515625,0.005,"(-1866, 202, -193)",-1866.0,202.0,-193.0,-1866.0,,202.0,-193.0
183,realistic,3,x0y0,utah,12.988999999999999,15.7,Aa,saline,-1.949650914153901,15.7,,b,-1,0.08,soma,84.217245022,1371.7793497018993,-80.8720709368472,1167.349202606987,,1372.0,-81.12169316537401,1167.6123573374934,none,0.0,success,105.0,0.005,"(1372, -53, 341)",1372.0,-53.0,341.0,,,,
184,realistic,3,x0y0,utah,11.51,14.0,Aa,saline,71.03128146645653,14.0,,b,-1,0.08,soma,79.48973277,1650.6648456000405,1191.4412612746946,421.6676680056207,,1651.0,1190.9612201402947,422.1245560617636,central,5.250000000000121,success,47.6806640625,0.005,"(1651, 411, 154)",1651.0,411.0,154.0,1651.0,,411.0,154.0
185,realistic,3,x0y0,utah,13.685,16.5,Aa,saline,124.00897594828213,16.5,,b,-1,0.08,soma,86.44195667,-1420.5522932334436,900.0958005270282,-605.8849655824088,,-1421.0,900.5123689418816,-606.2239931827655,periphery,5.285000000000126,success,82.598876953125,0.005,"(-1421, 214, -143)",-1421.0,214.0,-143.0,-1421.0,,214.0,-143.0
186,realistic,3,x0y0,utah,11.945,14.5,Aa,saline,133.3050398507402,14.5,,b,-1,0.08,soma,80.88017755,661.4805960603213,1099.7133710547596,-818.3854015055597,,661.0,1099.6727526015675,-818.1693568907725,central,5.260000000000122,success,44.110107421875,0.005,"(661, 499, -252)",661.0,499.0,-252.0,661.0,,499.0,-252.0
187,realistic,3,x0y0,utah,12.467,15.1,Aa,saline,151.53057996530987,15.1,,b,-1,0.08,soma,82.548711286,1136.9558104877085,647.2977591120907,-910.9177370304027,,1137.0,646.8849853350182,-911.3777860457615,central,5.300000000000129,success,69.27490234375,0.005,"(1137, 253, -185)",1137.0,253.0,-185.0,1137.0,,253.0,-185.0
188,realistic,3,x0y0,utah,12.902,15.6,Aa,saline,175.43524725710103,15.6,,b,-1,0.08,soma,83.93915606600001,1211.525920160824,192.45315249529358,-1144.882238407002,,1212.0,192.82677841142683,-1145.3232753832947,none,0.0,success,105.0,0.005,"(1212, 127, -321)",1212.0,127.0,-321.0,,,,
189,realistic,3,x0y0,utah,16.468999999999998,19.7,Aa,saline,158.66192733900144,19.7,,b,-1,0.08,soma,95.34080326200001,1036.039953394089,439.65775905155886,-1312.5131860952256,,1036.0,440.008759153521,-1312.5492120791137,none,0.0,success,105.0,0.005,"(1036, 137, -537)",1036.0,137.0,-537.0,,,,
190,realistic,3,x0y0,utah,15.077000000000002,18.1,Aa,saline,112.16085666679164,18.1,,b,-1,0.08,soma,90.891379966,500.43552179424086,1383.1758352444886,-393.59370295223886,,500.0,1383.0757534932566,-393.2441142615877,periphery,5.195000000000112,success,11.846923828125,0.005,"(500, 614, -80)",500.0,614.0,-80.0,500.0,,614.0,-80.0
191,realistic,3,x0y0,utah,15.512000000000002,18.6,Aa,saline,18.36739590859969,18.6,,b,-1,0.08,soma,92.281824746,233.72614404783766,356.738655513448,1284.4755643739566,,234.0,356.89250148873236,1284.8358399332146,none,0.0,success,105.0,0.005,"(234, 95, 496)",234.0,95.0,496.0,,,,
192,realistic,3,x0y0,utah,13.25,16.0,Aa,saline,50.88067138594875,16.0,,b,-1,0.08,soma,85.05151189,104.12643542696377,808.4958175316724,639.7261054147511,,104.0,807.9944814621313,640.0859994257007,periphery,5.24500000000012,success,96.533203125,0.005,"(104, 166, 118)",104.0,166.0,118.0,104.0,,166.0,118.0
193,realistic,3,x0y0,utah,13.597999999999999,16.4,Aa,saline,96.94824802682524,16.4,,b,-1,0.08,soma,86.16386771399998,-648.8592185591477,992.760705929256,-143.1569175643117,,-649.0,993.0369357398441,-143.19791399669703,central,5.305000000000129,success,76.3916015625,0.005,"(-649, 171, -43)",-649.0,171.0,-43.0,-649.0,,171.0,-43.0
194,realistic,3,x0y0,utah,14.293999999999999,17.2,Aa,saline,191.6197296989389,17.2,,b,-1,0.08,soma,88.388579362,1699.3168624575046,-168.3005622973387,-1148.6450927743833,,1699.0,-167.99972994175343,-1148.1958067425398,none,0.0,success,105.0,0.005,"(1699, -1, -336)",1699.0,-1.0,-336.0,,,,
195,realistic,3,x0y0,utah,10.379,12.7,Aa,saline,108.23725997294115,12.7,,b,-1,0.08,soma,75.874576342,145.0120138175419,1088.9395918190444,-211.9624737381437,,145.0,1088.625836304816,-211.57937119752307,tjn,5.135000000000103,success,14.09912109375,0.005,"(145, 307, 46)",145.0,307.0,46.0,145.0,,307.0,46.0
196,realistic,3,x0y0,utah,14.902999999999999,17.9,Aa,saline,92.03211690172888,17.9,,b,-1,0.08,soma,90.33520205399999,-972.2256878503474,79.53529472879382,7.071432835034558,,-972.0,79.66950046638397,7.529050163541498,none,0.0,success,105.0,0.005,"(-972, -750, 37)",-972.0,-750.0,37.0,,,,
197,realistic,3,x0y0,utah,10.901,13.3,Aa,saline,101.50612742700552,13.3,,b,-1,0.08,soma,77.54311007800001,1035.8925749436592,352.36220610245795,-28.92026637334675,,1036.0,352.2137467827164,-29.342425230280583,none,0.0,success,105.0,0.005,"(1036, -455, 135)",1036.0,-455.0,135.0,,,,
198,realistic,3,x0y0,utah,10.292,12.6,Aa,saline,-24.920993805737616,12.6,,b,-1,0.08,soma,75.596487386,432.08711526588166,-371.8240996892305,1246.207280601432,,432.0,-371.7271798922303,1246.1957272051818,none,0.0,success,105.0,0.005,"(432, -25, 500)",432.0,-25.0,500.0,,,,
199,realistic,3,x0y0,utah,14.642000000000001,17.6,Aa,saline,-8.138503410247832,17.6,,b,-1,0.08,soma,89.500935186,-41.1516670693397,-213.0931377033371,1247.5342322648974,,-41.0,-213.49266621116882,1247.369987870311,none,0.0,success,105.0,0.005,"(-41, -96, 426)",-41.0,-96.0,426.0,,,,
200,realistic,3,x0y0,utah,11.597,14.1,Aa,saline,149.8050523019954,14.1,,b,-1,0.08,soma,79.76782172600001,-132.96751047644074,739.2183659656997,-1213.7097177684386,,-133.0,738.8341187730028,-1213.9471641588912,none,0.0,success,105.0,0.005,"(-133, 324, -501)",-133.0,324.0,-501.0,,,,
201,realistic,3,x0y0,utah,12.467,15.1,Aa,saline,73.8644001072131,15.1,,b,-1,0.08,soma,82.548711286,-763.3779039538988,1068.9050972519942,250.51396638360032,,-763.0,1068.7191460306658,250.62164343318972,periphery,5.250000000000121,success,70.9228515625,0.005,"(-763, 275, 21)",-763.0,275.0,21.0,-763.0,,275.0,21.0
202,realistic,3,x0y0,utah,10.814,13.2,Aa,saline,93.69408512178637,13.2,,b,-1,0.08,soma,77.26502112200002,-1405.3321557280926,1317.6121153020958,-4.775506893950023,,-1405.0,1317.9028822888222,-5.041933680128416,periphery,5.1650000000001075,success,19.390869140625,0.005,"(-1405, 496, 48)",-1405.0,496.0,48.0,-1405.0,,496.0,48.0
203,realistic,3,x0y0,utah,13.25,16.0,Aa,saline,92.99758664044052,16.0,,b,-1,0.08,soma,85.05151189,-323.71961802501926,1368.1223452942634,-39.994198497297475,,-324.0,1368.3672198866773,-40.279597035923516,periphery,5.135000000000103,success,9.5489501953125,0.005,"(-324, 542, 3)",-324.0,542.0,3.0,-324.0,,542.0,3.0
204,realistic,3,x0y0,utah,10.118,12.4,Aa,saline,21.552240557060856,12.4,,b,-1,0.08,soma,75.040309474,-1388.5869757365945,524.3974434166556,1096.4818264580238,,-1389.0,524.1116528349003,1096.0259959208838,periphery,5.2100000000001145,success,105.0,0.005,"(-1389, 222, 331)",-1389.0,222.0,331.0,-1389.0,,222.0,331.0
205,realistic,3,x0y0,utah,12.206000000000001,14.8,Aa,saline,136.32722272259085,14.8,,b,-1,0.08,soma,81.714444418,777.6450030863582,817.4813827712569,-1161.447613222518,,778.0,817.2544119353146,-1161.34252882377,none,0.0,success,105.0,0.005,"(778, 247, -564)",778.0,247.0,-564.0,,,,
206,realistic,3,x0y0,utah,9.943999999999999,12.2,Aa,saline,60.943302770198066,12.2,,b,-1,0.08,soma,74.484131562,1941.50751309442,897.3383010297048,468.198753354502,,1942.0,897.7217896991723,468.36297134983187,central,5.335000000000134,success,88.22021484375,0.005,"(1942, 179, 69)",1942.0,179.0,69.0,1942.0,,179.0,69.0
207,realistic,3,x0y0,utah,14.033,16.9,Aa,saline,-14.200971109363925,16.9,,b,-1,0.08,soma,87.55431249399997,81.39398581649827,-200.86994844872103,1205.3549274928982,,81.0,-201.29903642738915,1205.416575265842,none,0.0,success,105.0,0.005,"(81, 2, 402)",81.0,2.0,402.0,,,,
208,realistic,3,x0y0,utah,14.902999999999999,17.9,Aa,saline,84.98800824527302,17.9,,b,-1,0.08,soma,90.33520205399999,-1738.3454966225477,1216.60689931454,50.60042379637207,,-1738.0,1217.0129641430976,50.556648329759824,periphery,5.230000000000118,success,39.056396484375,0.005,"(-1738, 390, -22)",-1738.0,390.0,-22.0,-1738.0,,390.0,-22.0
209,realistic,3,x0y0,utah,11.684,14.2,Aa,saline,71.30249751350611,14.2,,b,-1,0.08,soma,80.045910682,-1529.792267906204,1071.7544826352832,411.73958989683837,,-1530.0,1071.4617432989953,411.50235948232466,periphery,5.255000000000122,success,67.4072265625,0.005,"(-1530, 290, 147)",-1530.0,290.0,147.0,-1530.0,,290.0,147.0
210,realistic,3,x0y0,utah,12.988999999999999,15.7,Aa,saline,59.63709141452632,15.7,,b,-1,0.08,soma,84.217245022,-447.8409884113169,1053.105490173245,624.5658922783633,,-448.0,1052.629319502491,624.1034086793106,periphery,5.24500000000012,success,59.637451171875,0.005,"(-448, 339, 206)",-448.0,339.0,206.0,-448.0,,339.0,206.0
211,realistic,3,x0y0,utah,14.12,17.0,Aa,saline,242.8325467413475,17.0,,b,-1,0.08,soma,87.83240144999998,-1077.272083767012,-678.9992013258619,-326.87297081116316,,-1077.0,-679.4867437850328,-326.48313725103515,periphery,5.2800000000001255,success,99.90234375,0.005,"(-1077, 58, 52)",-1077.0,58.0,52.0,-1077.0,,58.0,52.0
212,realistic,3,x0y0,utah,12.641,15.3,Aa,saline,-0.9600489685977288,15.3,,b,-1,0.08,soma,83.104889198,-991.8926373462542,70.13939096286732,1243.1743793703645,,-992.0,70.1139189307368,1243.4697893545404,none,0.0,success,105.0,0.005,"(-992, 84, 417)",-992.0,84.0,417.0,,,,
213,realistic,3,x0y0,utah,14.033,16.9,Aa,saline,95.8583515566026,16.9,,b,-1,0.08,soma,87.55431249399997,1402.6366668799628,1223.3781733459011,-226.84992167852585,,1403.0,1223.4675150345158,-226.61814765281872,central,5.24500000000012,success,39.056396484375,0.005,"(1403, 399, -142)",1403.0,399.0,-142.0,1403.0,,399.0,-142.0
214,realistic,3,x0y0,utah,14.207,17.1,Aa,saline,-21.76577142764505,17.1,,b,-1,0.08,soma,88.110490406,1442.2620960542945,-518.3171036821201,1138.1112987971264,,1442.0,-518.4136849212725,1137.9436062200264,none,0.0,success,105.0,0.005,"(1442, -211, 368)",1442.0,-211.0,368.0,,,,
215,realistic,3,x0y0,utah,13.772000000000002,16.6,Aa,saline,161.87434134566925,16.6,,b,-1,0.08,soma,86.720045626,-1879.6607471405082,234.27284501593516,-1150.8286019537425,,-1880.0,234.7028030971244,-1151.2733656814753,none,0.0,success,105.0,0.005,"(-1880, -23, -364)",-1880.0,-23.0,-364.0,,,,
216,realistic,3,x0y0,utah,13.511000000000001,16.3,Aa,saline,172.91073304626553,16.3,,b,-1,0.08,soma,85.885778758,-1248.052561298881,285.20971226802794,-1318.0737347749098,,-1248.0,285.16815254936864,-1317.6505234197198,none,0.0,success,105.0,0.005,"(-1248, 183, -496)",-1248.0,183.0,-496.0,,,,
217,realistic,3,x0y0,utah,16.121,19.3,Aa,saline,125.34051481857004,19.3,,b,-1,0.08,soma,94.22844743799999,-919.9115485083521,1150.1628618227949,-711.5755049400958,,-920.0,1149.7555722875884,-711.2948669990697,periphery,5.230000000000118,success,39.7705078125,0.005,"(-920, 471, -230)",-920.0,471.0,-230.0,-920.0,,471.0,-230.0
218,realistic,3,x0y0,utah,14.902999999999999,17.9,Aa,saline,94.58704431615385,17.9,,b,-1,0.08,soma,90.33520205399999,-1724.267180760697,1099.7218188384577,-273.33530404550356,,-1724.0,1099.5110647037138,-273.41340808216,periphery,5.31000000000013,success,72.900390625,0.005,"(-1724, 272, -207)",-1724.0,272.0,-207.0,-1724.0,,272.0,-207.0
219,realistic,3,x0y0,utah,12.902,15.6,Aa,saline,82.94368650697227,15.6,,b,-1,0.08,soma,83.93915606600001,55.731748818478096,1399.7396897378421,225.34962747590455,,56.0,1399.6846092399494,225.55186418245245,central,5.1150000000001,success,13.482666015625,0.005,"(56, 579, 124)",56.0,579.0,124.0,56.0,,579.0,124.0
220,realistic,3,x0y0,utah,13.511000000000001,16.3,Aa,saline,18.04202834829937,16.3,,b,-1,0.08,soma,85.885778758,-1951.2836230864136,509.6212226598286,1095.3073221884588,,-1951.0,509.41391284067635,1095.2080992215533,periphery,5.290000000000127,success,78.55224609375,0.005,"(-1951, 253, 308)",-1951.0,253.0,308.0,-1951.0,,253.0,308.0
221,realistic,3,x0y0,utah,14.12,17.0,Aa,saline,98.27687949627243,17.0,,b,-1,0.08,soma,87.83240144999998,-191.97891852792748,1206.8302814955184,-174.21744311796417,,-192.0,1207.2954722374602,-174.36393290440003,central,5.1650000000001075,success,17.0989990234375,0.005,"(-192, 387, -55)",-192.0,387.0,-55.0,-192.0,,551.059094447492,-78.87278658088
222,realistic,3,x0y0,utah,8.203999999999999,10.2,Aa,saline,138.48796859915365,10.2,,b,-1,0.08,soma,68.922352442,-347.9560586336217,899.4252527125044,-746.3481178482857,,-348.0,899.1388675992789,-746.612528754285,periphery,5.175000000000109,success,47.3876953125,0.005,"(-348, 356, -133)",-348.0,356.0,-133.0,-348.0,,356.0,-133.0
223,realistic,3,x0y0,utah,11.51,14.0,Aa,saline,233.62733825926426,14.0,,b,-1,0.08,soma,79.48973277,1381.9439172330704,-129.05382134303636,-90.26074853989805,,1382.0,-129.0845664132022,-90.07370576630512,central,5.2800000000001255,success,79.046630859375,0.005,"(1382, 535, 399)",1382.0,535.0,399.0,1382.0,,535.0,399.0
224,realistic,3,x0y0,utah,12.38,15.0,Aa,saline,17.292406081005453,15.0,,b,-1,0.08,soma,82.27062233000002,1760.1069371653482,436.691725877954,1030.3094156470095,,1760.0,436.52741447823814,1030.7939951003423,central,5.320000000000132,success,91.845703125,0.005,"(1760, 191, 242)",1760.0,191.0,242.0,1760.0,,191.0,242.0
225,realistic,3,x0y0,utah,9.683,11.9,Aa,saline,59.16806339841798,11.9,,b,-1,0.08,soma,73.649864694,77.5268671347118,1079.9696116918376,643.3607297278131,,78.0,1079.7010694063692,643.1852778278376,periphery,5.18000000000011,success,50.927734375,0.005,"(78, 374, 222)",78.0,374.0,222.0,78.0,,374.0,222.0
226,realistic,3,x0y0,utah,13.337000000000002,16.1,Aa,saline,207.55544684377568,16.1,,b,-1,0.08,soma,85.329600846,1878.2092588273083,-483.8882381049966,-1061.248776664995,,1878.0,-483.8777366756799,-1060.807612055032,none,0.0,success,105.0,0.005,"(1878, -101, -327)",1878.0,-101.0,-327.0,,,,
227,realistic,3,x0y0,utah,15.512000000000002,18.6,Aa,saline,30.882162198630013,18.6,,b,-1,0.08,soma,92.281824746,-1455.2854191196539,740.7952490360948,1106.54595116606,,-1455.0,740.624630321061,1106.2851309985087,periphery,5.290000000000127,success,88.22021484375,0.005,"(-1455, 314, 393)",-1455.0,314.0,393.0,-1455.0,,314.0,393.0
228,realistic,3,x0y0,utah,11.771,14.3,Aa,saline,49.19417403598725,14.3,,b,-1,0.08,soma,80.323999638,-876.182565756361,695.8426707196081,688.3386604693327,,-876.0,695.5651176630013,688.2433668817166,none,0.0,success,105.0,0.005,"(-876, 71, 149)",-876.0,71.0,149.0,,,,
229,realistic,3,x0y0,utah,13.25,16.0,Aa,saline,92.78752884558862,16.0,,b,-1,0.08,soma,85.05151189,-170.28831231511887,1431.1344393540219,-254.51809448592803,,-170.0,1431.5327250378664,-254.217751738927,periphery,5.145000000000104,success,26.96533203125,0.005,"(-170, 605, -214)",-170.0,605.0,-214.0,-170.0,,605.0,-214.0
230,realistic,3,x0y0,utah,12.902,15.6,Aa,saline,114.28916495385721,15.6,,b,-1,0.08,soma,83.93915606600001,1003.6709064848656,1145.4044508241595,-565.1100356811447,,1004.0,1145.7827703770797,-565.1325874449731,central,5.295000000000128,success,49.7314453125,0.005,"(1004, 392, -225)",1004.0,392.0,-225.0,1004.0,,392.0,-225.0
231,realistic,3,x0y0,utah,15.424999999999999,18.5,Aa,saline,118.42147808990956,18.5,,b,-1,0.08,soma,92.00373579,-1581.0309803253515,1171.754288395312,-501.0369426011584,,-1581.0,1171.8661428136525,-501.55688911802,periphery,5.200000000000113,success,35.296630859375,0.005,"(-1581, 441, -106)",-1581.0,441.0,-106.0,-1581.0,,441.0,-106.0
232,realistic,3,x0y0,utah,10.814,13.2,Aa,saline,64.717820687271,13.2,,b,-1,0.08,soma,77.26502112200002,1647.1596669518647,1201.46393776052,506.3400878775296,,1647.0,1201.7285160492565,506.7734452606032,central,5.2350000000001184,success,42.29736328125,0.005,"(1647, 457, 155)",1647.0,457.0,155.0,1647.0,,457.0,155.0
233,realistic,3,x0y0,utah,12.815,15.5,Aa,saline,52.64821288425339,15.5,,b,-1,0.08,soma,83.66106711,-683.9310527656781,1026.683490537206,905.8992845443364,,-684.0,1026.2475911228698,905.6380847078186,periphery,5.24500000000012,success,89.044189453125,0.005,"(-684, 369, 404)",-684.0,369.0,404.0,-684.0,,369.0,404.0
234,realistic,3,x0y0,utah,11.075,13.5,Aa,saline,49.41967912827834,13.5,,b,-1,0.08,soma,78.09928799,795.9111936386673,800.8972447988323,588.5316552274635,,796.0,800.8657046142026,588.0442934187477,none,0.0,success,105.0,0.005,"(796, 175, 52)",796.0,175.0,52.0,,,,
235,realistic,3,x0y0,utah,11.336,13.8,Aa,saline,100.68474727053191,13.8,,b,-1,0.08,soma,78.93355485800001,-1816.318506606892,1181.9145771811009,-112.9133869548832,,-1816.0,1182.2035021794786,-112.85614053533664,periphery,5.240000000000119,success,40.887451171875,0.005,"(-1816, 372, 40)",-1816.0,372.0,40.0,-1816.0,,372.0,40.0
236,realistic,3,x0y0,utah,10.292,12.6,Aa,saline,113.7764928722858,12.6,,b,-1,0.08,soma,75.596487386,-1262.361481989857,1181.235762447156,-632.6186968355099,,-1262.0,1180.9426728034646,-632.7522518570177,periphery,5.225000000000117,success,60.0494384765625,0.005,"(-1262, 428, -301)",-1262.0,428.0,-301.0,-1262.0,,428.0,-301.0
237,realistic,3,x0y0,utah,13.25,16.0,Aa,saline,178.66472180762858,16.0,,b,-1,0.08,soma,85.05151189,1883.938215211985,29.837450879692827,-1036.4678994820101,,1884.0,30.281350113518506,-1036.2774982182168,none,0.0,success,105.0,0.005,"(1884, 11, -209)",1884.0,11.0,-209.0,,,,
238,realistic,3,x0y0,utah,12.641,15.3,Aa,saline,-31.034336267478896,15.3,,b,-1,0.08,soma,83.104889198,-1216.2379905947546,-584.4614520842432,1230.6028914857616,,-1216.0,-584.1704404352445,1230.2727897768832,none,0.0,success,105.0,0.005,"(-1216, -158, 522)",-1216.0,-158.0,522.0,,,,
239,realistic,3,x0y0,utah,10.031,12.3,Aa,saline,43.48728077436201,12.3,,b,-1,0.08,soma,74.76222051799998,1407.3390055662449,853.1152083487477,987.7753145463316,,1407.0,852.9626800802439,987.6374954929046,none,0.0,success,105.0,0.005,"(1407, 287, 391)",1407.0,287.0,391.0,,,,
240,realistic,3,x0y0,utah,12.032,14.6,Aa,saline,201.2276819085226,14.6,,b,-1,0.08,soma,81.15826650599999,493.6189433167122,-541.3951870906511,-1231.5713443072327,,494.0,-540.9422041509114,-1231.5223101051215,none,0.0,success,105.0,0.005,"(494, -242, -462)",494.0,-242.0,-462.0,,,,
241,realistic,3,x0y0,utah,15.860000000000001,19.0,Aa,saline,112.03816366462542,19.0,,b,-1,0.08,soma,93.39418057,-1275.9769376173351,1127.3959002109434,-377.1890253050788,,-1276.0,1126.9000329851667,-377.05274827493207,periphery,5.2350000000001184,success,39.5233154296875,0.005,"(-1276, 356, -65)",-1276.0,356.0,-65.0,-1276.0,,356.0,-65.0
242,realistic,3,x0y0,utah,12.293000000000001,14.9,Aa,saline,142.98896913581072,14.9,,b,-1,0.08,soma,81.99253337399999,923.613412764374,824.6122820463011,-962.9570774121298,,924.0,824.2497525455741,-962.5580189495697,central,5.315000000000131,success,73.2666015625,0.005,"(924, 327, -303)",924.0,327.0,-303.0,924.0,,327.0,-303.0
243,realistic,3,x0y0,utah,15.164,18.2,Aa,saline,47.70495351035932,18.2,,b,-1,0.08,soma,91.16946892200001,1775.7231278743384,932.7240582023973,650.2560029968354,,1776.0,932.3835280808019,649.9004678188071,central,5.31000000000013,success,52.0751953125,0.005,"(1776, 318, 91)",1776.0,318.0,91.0,1776.0,,318.0,91.0
244,realistic,3,x0y0,utah,10.205,12.5,Aa,saline,169.4216969430369,12.5,,b,-1,0.08,soma,75.31839843,-1.9885283360128183,291.17915286470003,-1276.8406912165021,,-2.0,291.040228975874,-1276.673992828345,none,0.0,success,105.0,0.005,"(-2, 140, -468)",-2.0,140.0,-468.0,,,,
245,realistic,3,x0y0,utah,14.12,17.0,Aa,saline,105.96908154605984,17.0,,b,-1,0.08,soma,87.83240144999998,-83.02441482793576,1405.2789826208245,-362.92411825553336,,-83.0,1404.9200353770152,-363.0348468194476,periphery,5.1200000000001005,success,14.5477294921875,0.005,"(-83, 608, -135)",-83.0,608.0,-135.0,-83.0,,608.0,-135.0
246,realistic,3,x0y0,utah,12.38,15.0,Aa,saline,81.6916149486788,15.0,,b,-1,0.08,soma,82.27062233000002,-183.22941924478943,1304.2491150524663,115.17843065271835,,-183.0,1304.4608903977678,115.37655246334253,tjn,5.1200000000001005,success,13.018798828125,0.005,"(-183, 487, -4)",-183.0,487.0,-4.0,-183.0,,487.0,-4.0
247,realistic,3,x0y0,utah,12.815,15.5,Aa,saline,176.1803304065657,15.5,,b,-1,0.08,soma,83.66106711,5.492934114118331,66.08399358120596,-1219.3145959965289,,5.0,66.06691353476302,-1219.0115063811793,none,0.0,success,105.0,0.005,"(5, 11, -394)",5.0,11.0,-394.0,,,,
248,realistic,3,x0y0,utah,12.293000000000001,14.9,Aa,saline,204.8799195376145,14.9,,b,-1,0.08,soma,81.99253337399999,909.8907184008673,-507.17085379951516,-1149.4261533007366,,910.0,-507.496629395221,-1149.3438131384466,none,0.0,success,105.0,0.005,"(910, -160, -400)",910.0,-160.0,-400.0,,,,
249,realistic,3,x0y0,utah,13.859,16.7,Aa,saline,-37.4019174797414,16.7,,b,-1,0.08,soma,86.998134582,189.68053307908386,-653.3997378259252,1217.1436458113824,,190.0,-653.2303334725536,1217.1596590559707,none,0.0,success,105.0,0.005,"(190, -150, 559)",190.0,-150.0,559.0,,,,
250,realistic,3,x0y0,utah,14.729,17.7,Aa,saline,-0.4324136697980209,17.7,,b,-1,0.08,soma,89.77902414200001,1527.9529372175605,-197.02452146699898,1167.9573034419063,,1528.0,-197.2241713405325,1167.8895120710004,none,0.0,success,105.0,0.005,"(1528, -191, 338)",1528.0,-191.0,338.0,,,,
251,realistic,3,x0y0,utah,12.032,14.6,Aa,saline,175.77971491387024,14.6,,b,-1,0.08,soma,81.15826650599999,-207.61550246790625,84.54294928693889,-1293.9653291726902,,-208.0,84.76262420742081,-1294.350069593217,none,0.0,success,105.0,0.005,"(-208, 24, -471)",-208.0,24.0,-471.0,,,,
252,realistic,3,x0y0,utah,12.467,15.1,Aa,saline,207.64214060522536,15.1,,b,-1,0.08,soma,82.548711286,-1832.7705644379896,-503.77788500977294,-937.2660064891323,,-1833.0,-503.3086735827878,-936.9964516641338,none,0.0,success,105.0,0.005,"(-1833, -120, -205)",-1833.0,-120.0,-205.0,,,,
253,realistic,3,x0y0,utah,11.945,14.5,Aa,saline,-1.849782528882386,14.5,,b,-1,0.08,soma,80.88017755,-610.4539945257047,-46.53778230186799,1273.6325456686027,,-610.0,-46.66171486743251,1274.0273687306126,none,0.0,success,105.0,0.005,"(-610, -20, 449)",-610.0,-20.0,449.0,,,,
254,realistic,3,x0y0,utah,12.032,14.6,Aa,saline,91.2600146464946,14.6,,b,-1,0.08,soma,81.15826650599999,603.0575842120371,1221.467178961546,-13.272584232396186,,603.0,1221.4140174263498,-13.162740931566002,periphery,5.185000000000111,success,35.736083984375,0.005,"(603, 396, 5)",603.0,396.0,5.0,603.0,,396.0,5.0
255,realistic,3,x0y0,utah,11.51,14.0,Aa,saline,175.31864482454174,14.0,,b,-1,0.08,soma,79.48973277,150.0556209278392,164.43196138976828,-1360.8448054376418,,150.0,164.29918109701603,-1361.0232083259298,none,0.0,success,105.0,0.005,"(150, 97, -539)",150.0,97.0,-539.0,,,,
256,realistic,3,x0y0,utah,11.423,13.9,Aa,saline,90.03489912395108,13.9,,b,-1,0.08,soma,79.211643814,1173.4514734915754,1325.0276853257365,-173.04261554925185,,1173.0,1324.6058219070003,-173.4947634931442,central,5.215000000000115,success,26.348876953125,0.005,"(1173, 500, -173)",1173.0,500.0,-173.0,1173.0,,500.0,-173.0
257,realistic,3,x0y0,utah,14.293999999999999,17.2,Aa,saline,129.0751278786753,17.2,,b,-1,0.08,soma,88.388579362,-1087.0316713558675,1088.9770302515506,-672.6859091192372,,-1087.0,1088.7035270793604,-672.6411607859344,periphery,5.2100000000001145,success,29.681396484375,0.005,"(-1087, 445, -150)",-1087.0,445.0,-150.0,-1087.0,,445.0,-150.0
258,realistic,3,x0y0,utah,13.685,16.5,Aa,saline,119.0007132652175,16.5,,b,-1,0.08,soma,86.44195667,602.5152242217075,984.9836428417784,-562.8610163830526,,603.0,985.3620676517912,-562.5215302968081,central,5.315000000000131,success,80.89599609375,0.005,"(603, 261, -161)",603.0,261.0,-161.0,603.0,,261.0,-161.0
259,realistic,3,x0y0,utah,13.685,16.5,Aa,saline,183.1535995389394,16.5,,b,-1,0.08,soma,86.44195667,1192.1980231063776,-137.8968826454807,-1213.6274743512759,,1192.0,-137.552153808425,-1213.9786468674977,none,0.0,success,105.0,0.005,"(1192, -92, -387)",1192.0,-92.0,-387.0,,,,
260,realistic,3,x0y0,utah,12.554,15.2,Aa,saline,192.64942527435815,15.2,,b,-1,0.08,soma,82.82680024199999,200.6054710586837,-405.7296062442001,-1387.252761080734,,201.0,-405.98453462649906,-1387.33155449806,none,0.0,success,105.0,0.005,"(201, -225, -581)",201.0,-225.0,-581.0,,,,
261,realistic,3,x0y0,utah,12.119,14.7,Aa,saline,-1.851851614376219,14.7,,b,-1,0.08,soma,81.436355462,-1342.1094864303598,-189.70014741374646,1289.397360803614,,-1342.0,-189.6706971407113,1289.3053186421348,none,0.0,success,105.0,0.005,"(-1342, -163, 464)",-1342.0,-163.0,464.0,,,,
262,realistic,3,x0y0,utah,14.033,16.9,Aa,saline,106.52642563749843,16.9,,b,-1,0.08,soma,87.55431249399997,-342.88580201651746,1365.9081656677934,-280.59270941025034,,-343.0,1365.548659693999,-280.78710095227154,periphery,5.145000000000104,success,8.380126953125,0.005,"(-343, 571, -45)",-343.0,571.0,-45.0,-343.0,,571.0,-45.0
263,realistic,3,x0y0,utah,13.163,15.9,Aa,saline,-1.0537010350864289,15.9,,b,-1,0.08,soma,84.773422934,49.671389008848045,194.4389129694828,1391.6732523237781,,50.0,194.7760845090072,1391.2212341247068,none,0.0,success,105.0,0.005,"(50, 210, 564)",50.0,210.0,564.0,,,,
264,realistic,3,x0y0,utah,12.032,14.6,Aa,saline,359.3180676789051,14.6,,b,-1,0.08,soma,81.15826650599999,-1810.6656822622613,-37.76951299216353,762.7785078993021,,-1811.0,-37.8243916857107,762.4965753396749,none,0.0,success,105.0,0.005,"(-1811, -28, -63)",-1811.0,-28.0,-63.0,,,,
265,realistic,3,x0y0,utah,12.728,15.4,Aa,saline,29.64901542585557,15.4,,b,-1,0.08,soma,83.382978154,-581.3672074508594,672.9982163521099,1053.8695817280984,,-581.0,672.964279646392,1053.4775731568209,periphery,5.260000000000122,success,89.044189453125,0.005,"(-581, 264, 335)",-581.0,264.0,335.0,-581.0,,264.0,335.0
266,realistic,3,x0y0,utah,9.335,11.5,Aa,saline,33.49186945929182,11.5,,b,-1,0.08,soma,72.53750887,1746.4677799476176,596.81932566042,1053.990821345862,,1746.0,597.1760986972331,1053.9381411987902,none,0.0,success,105.0,0.005,"(1746, 144, 369)",1746.0,144.0,369.0,,,,
267,realistic,3,x0y0,utah,11.248999999999999,13.7,Aa,saline,212.03922680762216,13.7,,b,-1,0.08,soma,78.655465902,236.8334261587519,-541.0283410683651,-1125.2192952028238,,237.0,-541.3058623305055,-1124.782619222563,none,0.0,success,105.0,0.005,"(237, -104, -426)",237.0,-104.0,-426.0,,,,
268,realistic,3,x0y0,utah,9.683,11.9,Aa,saline,73.73913901402659,11.9,,b,-1,0.08,soma,73.649864694,415.4717159971264,967.856343817636,253.85939258289815,,415.0,967.9519350531202,254.1109810571601,tjn,5.2350000000001184,success,48.2666015625,0.005,"(415, 179, 24)",415.0,179.0,24.0,415.0,,179.0,24.0
269,realistic,3,x0y0,utah,13.772000000000002,16.6,Aa,saline,42.38578478369024,16.6,,b,-1,0.08,soma,86.720045626,151.10404242570291,898.7548888553371,973.3947279660887,,151.0,898.3974913782434,973.826712849682,periphery,5.220000000000116,success,75.29296875,0.005,"(151, 340, 362)",151.0,340.0,362.0,151.0,,340.0,362.0
270,realistic,3,x0y0,utah,9.943999999999999,12.2,Aa,saline,43.40225213928235,12.2,,b,-1,0.08,soma,74.484131562,29.22356363380541,1134.5473312061522,857.7397480102964,,29.0,1134.9625233981253,857.3588607898968,tjn,5.150000000000105,success,33.026123046875,0.005,"(29, 570, 260)",29.0,570.0,260.0,29.0,,570.0,260.0
271,realistic,3,x0y0,utah,12.38,15.0,Aa,saline,41.11901984031453,15.0,,b,-1,0.08,soma,82.27062233000002,-779.4974890927704,797.7295662554237,824.8171811948764,,-779.0,797.2665806221041,824.3277299005947,periphery,5.285000000000126,success,78.11279296875,0.005,"(-779, 254, 202)",-779.0,254.0,202.0,-779.0,,254.0,202.0
272,realistic,3,x0y0,utah,10.901,13.3,Aa,saline,155.54964637185313,13.3,,b,-1,0.08,soma,77.54311007800001,-536.8027872526951,487.9439804127857,-1305.837395535362,,-537.0,487.9590466306422,-1305.8792465520019,none,0.0,success,105.0,0.005,"(-537, 147, -556)",-537.0,147.0,-556.0,,,,
273,realistic,3,x0y0,utah,14.642000000000001,17.6,Aa,saline,110.03930733316388,17.6,,b,-1,0.08,soma,89.500935186,-1133.380280532131,1064.9046314932993,-336.9927268591823,,-1133.0,1064.5505643036236,-337.35548524412116,periphery,5.270000000000124,success,56.7626953125,0.005,"(-1133, 285, -53)",-1133.0,285.0,-53.0,-1133.0,,285.0,-53.0
274,realistic,3,x0y0,utah,12.293000000000001,14.9,Aa,saline,140.11523320492427,14.9,,b,-1,0.08,soma,81.99253337399999,-1075.8083275365152,614.727801353029,-851.2882601237268,,-1076.0,614.6288061997045,-850.7869354289353,none,0.0,success,105.0,0.005,"(-1076, 85, -217)",-1076.0,85.0,-217.0,,,,
275,realistic,3,x0y0,utah,11.684,14.2,Aa,saline,44.362701674611905,14.2,,b,-1,0.08,soma,80.045910682,1644.7643436214237,566.570741439155,694.2503851950172,,1645.0,566.8560503744274,693.808910773281,none,0.0,success,105.0,0.005,"(1645, -10, 104)",1645.0,-10.0,104.0,,,,
276,realistic,3,x0y0,utah,13.25,16.0,Aa,saline,137.46211865369864,16.0,,b,-1,0.08,soma,85.05151189,-271.74910477203065,976.7363987074173,-1018.4214851128644,,-272.0,976.4901635944146,-1018.7209769802762,periphery,5.195000000000112,success,74.51171875,0.005,"(-272, 417, -409)",-272.0,417.0,-409.0,-272.0,,417.0,-409.0
277,realistic,3,x0y0,utah,10.901,13.3,Aa,saline,63.69982393791571,13.3,,b,-1,0.08,soma,77.54311007800001,813.4568934089059,434.7119929859345,235.3593989631572,,813.0,434.5111990924637,235.01317603778102,none,0.0,success,105.0,0.005,"(813, -304, -130)",813.0,-304.0,-130.0,,,,
278,realistic,3,x0y0,utah,11.075,13.5,Aa,saline,29.750221133662343,13.5,,b,-1,0.08,soma,78.09928799,1646.7024184563336,494.3526394149612,991.4249905525894,,1647.0,493.89343335031907,991.4399009164591,none,0.0,success,105.0,0.005,"(1647, 85, 276)",1647.0,85.0,276.0,,,,
279,realistic,3,x0y0,utah,15.686000000000002,18.8,Aa,saline,49.22275312113058,18.8,,b,-1,0.08,soma,92.838002658,-851.5678626264398,1043.6498239523007,718.5067986926515,,-852.0,1043.6336097064518,717.9997497679701,periphery,5.250000000000121,success,39.95361328125,0.005,"(-852, 414, 175)",-852.0,414.0,175.0,-852.0,,414.0,175.0
280,realistic,3,x0y0,utah,11.423,13.9,Aa,saline,179.6858319646775,13.9,,b,-1,0.08,soma,79.211643814,-359.200825870817,-123.18184812890469,-1323.0509857213785,,-359.0,-123.4646679795115,-1322.6058219070003,none,0.0,success,105.0,0.005,"(-359, -128, -498)",-359.0,-128.0,-498.0,,,,
281,realistic,3,x0y0,utah,12.467,15.1,Aa,saline,87.41561942026917,15.1,,b,-1,0.08,soma,82.548711286,-169.76412435602973,1047.9399070576983,14.321885641164045,,-170.0,1048.4480812873571,14.264973439499308,periphery,5.305000000000129,success,19.2352294921875,0.005,"(-170, 223, -23)",-170.0,223.0,-23.0,-170.0,,553.1792325149429,-8.094010624200276
282,realistic,3,x0y0,utah,11.597,14.1,Aa,saline,17.622371652405825,14.1,,b,-1,0.08,soma,79.76782172600001,1874.7191633426855,480.8688592373806,990.625535325784,,1875.0,480.6923598182302,990.1968554435255,central,5.335000000000134,success,78.11279296875,0.005,"(1875, 231, 204)",1875.0,231.0,204.0,1875.0,,231.0,204.0
283,realistic,3,x0y0,utah,13.685,16.5,Aa,saline,-17.3370484631028,16.5,,b,-1,0.08,soma,86.44195667,633.90908252579,-415.3952309881169,1348.042386342946,,634.0,-415.80985154383006,1347.6197459185912,none,0.0,success,105.0,0.005,"(634, -169, 557)",634.0,-169.0,557.0,,,,
284,realistic,3,x0y0,utah,11.684,14.2,Aa,saline,-15.048693646598773,14.2,,b,-1,0.08,soma,80.045910682,-1426.9378046146887,-424.5989284161833,1245.988964776755,,-1427.0,-424.17595920652366,1245.724667972804,none,0.0,success,105.0,0.005,"(-1427, -210, 449)",-1427.0,-210.0,449.0,,,,
285,realistic,3,x0y0,utah,14.293999999999999,17.2,Aa,saline,62.440753985932474,17.2,,b,-1,0.08,soma,88.388579362,-1774.5420859998926,777.5734123270923,442.06917441143287,,-1775.0,777.0807378022066,441.6681978353988,none,0.0,success,105.0,0.005,"(-1775, 42, 58)",-1775.0,42.0,58.0,,,,
286,realistic,3,x0y0,utah,13.337000000000002,16.1,Aa,saline,201.28193987850517,16.1,,b,-1,0.08,soma,85.329600846,725.7387451300342,-392.1554822091948,-1176.9832029216195,,726.0,-392.44232255354905,-1177.2180610341516,none,0.0,success,105.0,0.005,"(726, -92, -406)",726.0,-92.0,-406.0,,,,
287,realistic,3,x0y0,utah,12.38,15.0,Aa,saline,50.981928607017295,15.0,,b,-1,0.08,soma,82.27062233000002,717.3069937026961,819.6159054409662,917.8440139604539,,717.0,819.8245232440887,918.1347919094842,none,0.0,success,105.0,0.005,"(717, 178, 398)",717.0,178.0,398.0,,,,
288,realistic,3,x0y0,utah,11.858,14.4,Aa,saline,169.2238049952307,14.4,,b,-1,0.08,soma,80.60208859400001,-1623.0375578727774,96.56935394730499,-544.236924482937,,-1623.0,96.33129528353905,-543.775745917373,none,0.0,success,105.0,0.005,"(-1623, -58, 267)",-1623.0,-58.0,267.0,,,,
289,realistic,3,x0y0,utah,8.552,10.6,Aa,saline,21.011163246053336,10.6,,b,-1,0.08,soma,70.03470826600001,1374.9291018650806,327.123707944525,1141.7978671004767,,1375.0,326.9762214566806,1141.4862000831558,none,0.0,success,105.0,0.005,"(1375, 33, 376)",1375.0,33.0,376.0,,,,
290,realistic,3,x0y0,utah,13.946,16.8,Aa,saline,103.5741806485278,16.8,,b,-1,0.08,soma,87.27622353800001,1227.5329700873335,1289.932889640162,-408.2340850553205,,1228.0,1289.519108450645,-408.48136483218434,central,5.24500000000012,success,34.197998046875,0.005,"(1228, 484, -214)",1228.0,484.0,-214.0,1228.0,,484.0,-214.0
291,realistic,3,x0y0,utah,12.815,15.5,Aa,saline,117.17820820792791,15.5,,b,-1,0.08,soma,83.66106711,-1476.5048449726553,345.3669337086458,-201.98643530439682,,-1477.0,345.54844265052816,-201.6961877279241,none,0.0,success,105.0,0.005,"(-1477, -390, 176)",-1477.0,-390.0,176.0,,,,
292,realistic,3,x0y0,utah,10.814,13.2,Aa,saline,-10.535058631467622,13.2,,b,-1,0.08,soma,77.26502112200002,113.46317736850551,-172.12175708029827,1329.640865005208,,113.0,-172.56002293055084,1329.7131211325193,none,0.0,success,105.0,0.005,"(113, -22, 520)",113.0,-22.0,520.0,,,,
293,realistic,3,x0y0,utah,10.118,12.4,Aa,saline,152.07131354626347,12.4,,b,-1,0.08,soma,75.040309474,-1339.080863037617,480.477914031896,-851.6616685926065,,-1339.0,480.2684404788109,-851.6965567101397,none,0.0,success,105.0,0.005,"(-1339, 95, -125)",-1339.0,95.0,-125.0,,,,
294,realistic,3,x0y0,utah,11.858,14.4,Aa,saline,38.571182897793776,14.4,,b,-1,0.08,soma,80.60208859400001,-1615.2266717360376,423.04132834619935,561.7682389791771,,-1615.0,422.5752011191797,562.2203564313947,none,0.0,success,105.0,0.005,"(-1615, -92, -83)",-1615.0,-92.0,-83.0,,,,
295,realistic,3,x0y0,utah,16.034,19.2,Aa,saline,162.2599340108979,19.2,,b,-1,0.08,soma,93.95035848200001,287.34988089859905,211.63457281208733,-1211.248899737686,,287.0,211.50283711473278,-1211.3731607091286,none,0.0,success,105.0,0.005,"(287, -42, -419)",287.0,-42.0,-419.0,,,,
296,realistic,3,x0y0,utah,13.163,15.9,Aa,saline,126.67513538412972,15.9,,b,-1,0.08,soma,84.773422934,-1777.0252724129864,850.7244608920764,-814.3562719481558,,-1777.0,850.5641425965342,-814.1980827592392,periphery,5.260000000000122,success,105.0,0.005,"(-1777, 187, -320)",-1777.0,187.0,-320.0,-1777.0,,187.0,-320.0
297,realistic,3,x0y0,utah,10.727,13.1,Aa,saline,38.39915444489471,13.1,,b,-1,0.08,soma,76.986932166,1766.9531008051465,819.0077601848477,761.2690858503065,,1767.0,819.4717917841514,761.3718293692472,central,5.305000000000129,success,61.23046875,0.005,"(1767, 308, 116)",1767.0,308.0,116.0,1767.0,,308.0,116.0
298,realistic,3,x0y0,utah,11.336,13.8,Aa,saline,74.92567443119226,13.8,,b,-1,0.08,soma,78.93355485800001,1541.4801185420627,1045.189684881194,259.6557958498788,,1541.0,1045.1051202854426,259.4438088092829,central,5.275000000000125,success,73.81591796875,0.005,"(1541, 249, 45)",1541.0,249.0,45.0,1541.0,,249.0,45.0
299,realistic,3,x0y0,utah,11.075,13.5,Aa,saline,130.70485020926316,13.5,,b,-1,0.08,soma,78.09928799,-972.8483975247136,1030.0938423268717,-830.3178738655948,,-973.0,1029.7120351126096,-830.4451778135392,periphery,5.24500000000012,success,60.0494384765625,0.005,"(-973, 405, -293)",-973.0,405.0,-293.0,-973.0,,405.0,-293.0
300,realistic,3,x0y0,utah,12.815,15.5,Aa,saline,154.20269662572682,15.5,,b,-1,0.08,soma,83.66106711,-1840.7934161060505,456.8589525153184,-982.311974991037,,-1841.0,456.83664820313606,-982.3955293595667,none,0.0,success,105.0,0.005,"(-1841, 97, -238)",-1841.0,97.0,-238.0,,,,
301,realistic,3,x0y0,utah,10.292,12.6,Aa,saline,10.666265641743571,12.6,,b,-1,0.08,soma,75.596487386,438.3373046946666,407.87425848578636,1226.0530282194904,,438.0,408.2999549075744,1225.5638340771113,central,5.145000000000104,success,105.0,0.005,"(438, 256, 417)",438.0,256.0,417.0,438.0,,256.0,417.0
302,realistic,3,x0y0,utah,14.381,17.3,Aa,saline,171.52943589920943,17.3,,b,-1,0.08,soma,88.66666831799999,1959.1920726008566,95.68291215240606,-528.1842972433478,,1959.0,96.16080012162072,-528.2936008166672,none,0.0,success,105.0,0.005,"(1959, -26, 292)",1959.0,-26.0,292.0,,,,
303,realistic,3,x0y0,utah,11.51,14.0,Aa,saline,71.5781207005368,14.0,,b,-1,0.08,soma,79.48973277,1953.518280347189,1074.9441768252018,443.51607094734663,,1954.0,1074.5179292260882,443.6193777776601,central,5.315000000000131,success,62.79296875,0.005,"(1954, 292, 183)",1954.0,292.0,183.0,1954.0,,292.0,183.0
304,realistic,3,x0y0,utah,13.337000000000002,16.1,Aa,saline,97.24343006037121,16.1,,b,-1,0.08,soma,85.329600846,1337.0934049895238,1040.380063773232,28.288044130370512,,1337.0,1040.0434820196162,28.631468666659686,central,5.335000000000134,success,89.4561767578125,0.005,"(1337, 219, 133)",1337.0,219.0,133.0,1337.0,,219.0,133.0
305,realistic,3,x0y0,utah,13.772000000000002,16.6,Aa,saline,184.4845157147693,16.6,,b,-1,0.08,soma,86.720045626,-1280.0169557816855,-133.84497494559537,-1305.517055882923,,-1280.0,-133.7777537839766,-1305.7921067422799,none,0.0,success,105.0,0.005,"(-1280, -69, -480)",-1280.0,-69.0,-480.0,,,,
306,realistic,3,x0y0,utah,11.771,14.3,Aa,saline,172.9135646625758,14.3,,b,-1,0.08,soma,80.323999638,-974.4586151718852,182.6175272140917,-1352.8486324551075,,-974.0,182.82499077766462,-1352.8907686203756,none,0.0,success,105.0,0.005,"(-974, 81, -534)",-974.0,81.0,-534.0,,,,
307,realistic,3,x0y0,utah,11.597,14.1,Aa,saline,25.847735874503584,14.1,,b,-1,0.08,soma,79.76782172600001,254.6024146964212,498.10491996129804,1271.7662538769355,,255.0,497.6493851362681,1271.3955197767002,none,0.0,success,105.0,0.005,"(255, 138, 529)",255.0,138.0,529.0,,,,
308,realistic,3,x0y0,utah,14.207,17.1,Aa,saline,185.5645678847348,17.1,,b,-1,0.08,soma,88.110490406,376.46753146038424,68.36534777666839,-1237.7283185483036,,376.0,68.58164121530898,-1238.1586855505461,none,0.0,success,105.0,0.005,"(376, 149, -413)",376.0,149.0,-413.0,,,,
309,realistic,3,x0y0,utah,14.555,17.5,Aa,saline,134.92931603910478,17.5,,b,-1,0.08,soma,89.22284623,-1874.7404917103713,678.1353401551222,-690.4693605182382,,-1875.0,678.3648875654201,-690.8715870038131,periphery,5.2100000000001145,success,105.0,0.005,"(-1875, 91, -105)",-1875.0,91.0,-105.0,-1875.0,,91.0,-105.0
310,realistic,3,x0y0,utah,11.684,14.2,Aa,saline,120.339887277352,14.2,,b,-1,0.08,soma,80.045910682,1614.4599773353864,776.1478963470257,-620.3357946602538,,1614.0,775.9948104592831,-620.7190947427391,none,0.0,success,105.0,0.005,"(1614, 64, -204)",1614.0,64.0,-204.0,,,,
311,realistic,3,x0y0,utah,12.293000000000001,14.9,Aa,saline,121.25644186948513,14.9,,b,-1,0.08,soma,81.99253337399999,-1237.4461713220496,950.6113904966287,-634.8684808167412,,-1237.0,951.1442083907165,-634.6094627838845,periphery,5.295000000000128,success,80.89599609375,0.005,"(-1237, 245, -206)",-1237.0,245.0,-206.0,-1237.0,,245.0,-206.0
312,realistic,3,x0y0,utah,11.597,14.1,Aa,saline,148.75301883371333,14.1,,b,-1,0.08,soma,79.76782172600001,1826.667521506072,532.9129831012856,-816.9043435188161,,1827.0,532.8672845646382,-817.1932553967789,none,0.0,success,105.0,0.005,"(1827, 105, -112)",1827.0,105.0,-112.0,,,,
313,realistic,3,x0y0,utah,13.076,15.8,Aa,saline,105.07955066556052,15.8,,b,-1,0.08,soma,84.495333978,-753.5585080349064,1164.781836694423,-362.83855246181474,,-754.0,1164.7903472445787,-363.24984295053787,periphery,5.2350000000001184,success,50.68359375,0.005,"(-754, 366, -148)",-754.0,366.0,-148.0,-754.0,,366.0,-148.0
314,realistic,3,x0y0,utah,14.729,17.7,Aa,saline,-17.552443520770353,17.7,,b,-1,0.08,soma,89.77902414200001,-784.9206609931041,-531.0800307628251,1299.960281589385,,-785.0,-531.2946768406136,1300.2166608084917,none,0.0,success,105.0,0.005,"(-785, -281, 509)",-785.0,-281.0,509.0,,,,
315,realistic,3,x0y0,utah,11.075,13.5,Aa,saline,218.9626205562188,13.5,,b,-1,0.08,soma,78.09928799,-128.41569260901363,-691.4916812310785,-995.5112007152852,,-128.0,-691.1624161440561,-995.7810031705121,none,0.0,success,105.0,0.005,"(-128, -173, -355)",-128.0,-173.0,-355.0,,,,
316,realistic,3,x0y0,utah,12.206000000000001,14.8,Aa,saline,302.5641884831814,14.8,,b,-1,0.08,soma,81.714444418,197.4468114851529,-324.5259450076783,256.22820429048215,,197.0,-325.0324668777454,256.4763569928839,periphery,5.160000000000107,success,41.986083984375,0.005,"(197, 371, -188)",197.0,371.0,-188.0,197.0,,371.0,-188.0
317,realistic,3,x0y0,utah,13.511000000000001,16.3,Aa,saline,197.79850004253484,16.3,,b,-1,0.08,soma,85.885778758,364.143639198385,-311.34039116329404,-1293.4756415700267,,364.0,-311.1021412831604,-1293.284424977746,none,0.0,success,105.0,0.005,"(364, -58, -505)",364.0,-58.0,-505.0,,,,
318,realistic,3,x0y0,utah,11.771,14.3,Aa,saline,104.35413596290935,14.3,,b,-1,0.08,soma,80.323999638,-1197.5192969428415,1223.6969665260267,-246.3001571715863,,-1198.0,1223.4169454246476,-246.55765975513017,periphery,5.18000000000011,success,24.407958984375,0.005,"(-1198, 424, -42)",-1198.0,424.0,-42.0,-1198.0,,424.0,-42.0
319,realistic,3,x0y0,utah,12.988999999999999,15.7,Aa,saline,183.1432054918716,15.7,,b,-1,0.08,soma,84.217245022,-1457.788509203107,-187.91809361069318,-1265.6657815863907,,-1458.0,-188.32555251360282,-1265.8679595772337,none,0.0,success,105.0,0.005,"(-1458, -143, -440)",-1458.0,-143.0,-440.0,,,,
320,realistic,3,x0y0,utah,10.64,13.0,Aa,saline,32.759100878234555,13.0,,b,-1,0.08,soma,76.70884321,976.6732065593524,888.049385727275,1031.1427461818466,,977.0,888.5170775304657,1031.441068569805,central,5.285000000000126,success,63.525390625,0.005,"(977, 443, 339)",977.0,443.0,339.0,977.0,,443.0,339.0
321,realistic,3,x0y0,utah,14.033,16.9,Aa,saline,-13.374683412517482,16.9,,b,-1,0.08,soma,87.55431249399997,1788.6953398942264,-244.08158122892655,1125.0315346385003,,1789.0,-243.69615623993116,1125.3172953127064,none,0.0,success,105.0,0.005,"(1789, -52, 319)",1789.0,-52.0,319.0,,,,
322,realistic,3,x0y0,utah,13.424,16.2,Aa,saline,44.35075853444405,16.2,,b,-1,0.08,soma,85.607689802,-1506.8824108712467,672.3039428606799,797.0924287721617,,-1507.0,672.6348875857991,796.9625294887052,none,0.0,success,105.0,0.005,"(-1507, 94, 205)",-1507.0,94.0,205.0,,,,
323,realistic,3,x0y0,utah,12.119,14.7,Aa,saline,194.551916744342,14.7,,b,-1,0.08,soma,81.436355462,-1374.6155993569685,-395.23326191334394,-1041.6783919999586,,-1375.0,-395.50297806380036,-1041.212624225835,none,0.0,success,105.0,0.005,"(-1375, -188, -242)",-1375.0,-188.0,-242.0,,,,
324,realistic,3,x0y0,utah,11.684,14.2,Aa,saline,192.75606262217326,14.2,,b,-1,0.08,soma,80.045910682,-631.5540720227332,-404.1359894667348,-1171.1605391481305,,-632.0,-404.16506853929286,-1171.6448883440776,none,0.0,success,105.0,0.005,"(-632, -222, -367)",-632.0,-222.0,-367.0,,,,
325,realistic,3,x0y0,utah,10.64,13.0,Aa,saline,171.1142385154286,13.0,,b,-1,0.08,soma,76.70884321,-437.05805543669226,170.60895711017974,-1221.680296108255,,-437.0,170.20825813797254,-1221.4741685457402,none,0.0,success,105.0,0.005,"(-437, 43, -408)",-437.0,43.0,-408.0,,,,
326,realistic,3,x0y0,utah,13.424,16.2,Aa,saline,69.38294112542688,16.2,,b,-1,0.08,soma,85.607689802,578.796055471136,1119.8740249439415,565.6242805640186,,579.0,1119.8243988273362,565.4697337896422,central,5.2800000000001255,success,74.951171875,0.005,"(579, 345, 274)",579.0,345.0,274.0,579.0,,345.0,274.0
327,realistic,3,x0y0,utah,11.336,13.8,Aa,saline,-32.25353407845129,13.8,,b,-1,0.08,soma,78.93355485800001,-1110.060538864934,-573.5641592732736,1092.3079331416338,,-1110.0,-574.0179191138574,1092.2515536717056,none,0.0,success,105.0,0.005,"(-1110, -134, 395)",-1110.0,-134.0,395.0,,,,
328,realistic,3,x0y0,utah,14.642000000000001,17.6,Aa,saline,47.06033789194482,17.6,,b,-1,0.08,soma,89.500935186,-1516.9887008977328,721.6813812330884,602.9254158790791,,-1517.0,721.4603173248354,603.2260185243517,none,0.0,success,105.0,0.005,"(-1517, 114, 38)",-1517.0,114.0,38.0,,,,
329,realistic,3,x0y0,utah,9.943999999999999,12.2,Aa,saline,159.60039020248698,12.2,,b,-1,0.08,soma,74.484131562,907.8603858625224,558.2815315521825,-1173.4168490360762,,908.0,558.6335841312567,-1173.6874882565317,none,0.0,success,105.0,0.005,"(908, 272, -403)",908.0,272.0,-403.0,,,,
330,realistic,3,x0y0,utah,11.858,14.4,Aa,saline,22.69930780719244,14.4,,b,-1,0.08,soma,80.60208859400001,1010.3511480564637,525.0629138708728,1219.1663610189335,,1010.0,525.4836729942124,1219.3402133639827,none,0.0,success,105.0,0.005,"(1010, 207, 458)",1010.0,207.0,458.0,,,,
331,realistic,3,x0y0,utah,15.338,18.4,Aa,saline,91.16855694334281,18.4,,b,-1,0.08,soma,91.725646834,489.97736239542985,1199.5956541560145,-27.32277872759414,,490.0,1199.696650852317,-26.949601597706806,periphery,5.1650000000001075,success,31.7626953125,0.005,"(490, 369, -10)",490.0,369.0,-10.0,490.0,,369.0,-10.0
332,realistic,3,x0y0,utah,12.815,15.5,Aa,saline,194.40527565123836,15.5,,b,-1,0.08,soma,83.66106711,1558.483510380647,-441.1551671889248,-1175.8494099559289,,1558.0,-440.7154367484841,-1175.868054801373,none,0.0,success,105.0,0.005,"(1558, -235, -375)",1558.0,-235.0,-375.0,,,,
333,realistic,3,x0y0,utah,12.293000000000001,14.9,Aa,saline,23.30171645013943,14.9,,b,-1,0.08,soma,81.99253337399999,1374.3941869619912,462.29821255314073,1260.0868480545923,,1374.0,462.7641231013773,1259.594971325341,none,0.0,success,105.0,0.005,"(1374, 136, 501)",1374.0,136.0,501.0,,,,
334,realistic,3,x0y0,utah,12.641,15.3,Aa,saline,148.17476072884153,15.3,,b,-1,0.08,soma,83.104889198,545.6070167352851,739.1343306994078,-1227.9710688173454,,546.0,738.8411040370529,-1228.3216121757705,none,0.0,success,105.0,0.005,"(546, 303, -526)",546.0,303.0,-526.0,,,,
335,realistic,3,x0y0,utah,11.075,13.5,Aa,saline,161.20843653833037,13.5,,b,-1,0.08,soma,78.09928799,-82.02552359652637,410.77128189232513,-920.8756409822148,,-82.0,410.42639033078956,-921.1277979700667,periphery,5.200000000000113,success,95.361328125,0.005,"(-82, 145, -141)",-82.0,145.0,-141.0,-82.0,,145.0,-141.0
336,realistic,3,x0y0,utah,11.336,13.8,Aa,saline,57.559454327749776,13.8,,b,-1,0.08,soma,78.93355485800001,-827.7731696103737,1162.669014707826,765.2383810915949,,-828.0,1162.7675134723331,765.2439794129157,periphery,5.240000000000119,success,60.0494384765625,0.005,"(-828, 467, 323)",-828.0,467.0,323.0,-828.0,,467.0,323.0
337,realistic,3,x0y0,utah,11.423,13.9,Aa,saline,74.26703714246867,13.9,,b,-1,0.08,soma,79.211643814,-875.576099896107,612.5059587438162,151.6769388922371,,-876.0,612.6831035854877,151.63309890117847,none,0.0,success,105.0,0.005,"(-876, -181, -72)",-876.0,-181.0,-72.0,,,,
338,realistic,3,x0y0,utah,13.076,15.8,Aa,saline,68.31114300062332,15.8,,b,-1,0.08,soma,84.495333978,-471.91687829836053,1288.815763767313,592.650481303077,,-472.0,1288.6785321661791,592.7507377191345,periphery,5.205000000000114,success,45.9228515625,0.005,"(-472, 520, 287)",-472.0,520.0,287.0,-472.0,,520.0,287.0
339,realistic,3,x0y0,utah,16.034,19.2,Aa,saline,158.17013300926737,19.2,,b,-1,0.08,soma,93.95035848200001,-486.8973091267643,515.7651386581729,-1177.3094167547665,,-487.0,515.4115691597281,-1177.3225588894206,none,0.0,success,105.0,0.005,"(-487, 206, -405)",-487.0,206.0,-405.0,,,,
340,realistic,3,x0y0,utah,9.596,11.8,Aa,saline,117.55108189596815,11.8,,b,-1,0.08,soma,73.371775738,1610.2324930480695,1083.540485907116,-737.314359040115,,1610.0,1083.5067081846555,-737.0297231394127,central,5.320000000000132,success,94.04296875,0.005,"(1610, 355, -357)",1610.0,355.0,-357.0,1610.0,,355.0,-357.0
341,realistic,3,x0y0,utah,12.641,15.3,Aa,saline,166.39114300642308,15.3,,b,-1,0.08,soma,83.104889198,-993.934790944371,402.74839995608085,-1122.40094160754,,-994.0,402.48779021414475,-1122.3263209057684,periphery,5.2800000000001255,success,96.0205078125,0.005,"(-994, 208, -319)",-994.0,208.0,-319.0,-994.0,,208.0,-319.0
342,realistic,3,x0y0,utah,11.51,14.0,Aa,saline,173.95206358109627,14.0,,b,-1,0.08,soma,79.48973277,38.4431858340466,215.63765658424245,-1243.1154418685355,,38.0,215.92810891697903,-1243.1262951332442,none,0.0,success,105.0,0.005,"(38, 129, -423)",38.0,129.0,-423.0,,,,
343,realistic,3,x0y0,utah,14.381,17.3,Aa,saline,36.59537022080193,17.3,,b,-1,0.08,soma,88.66666831799999,-1380.269332251359,824.0810084413043,909.0563553557756,,-1380.0,824.4485338255959,908.8717339962612,periphery,5.24500000000012,success,61.962890625,0.005,"(-1380, 330, 243)",-1380.0,330.0,243.0,-1380.0,,330.0,243.0
344,realistic,3,x0y0,utah,11.51,14.0,Aa,saline,11.695900184158493,14.0,,b,-1,0.08,soma,79.48973277,-1660.6826830571356,25.29285307361397,291.39230048454516,,-1661.0,25.175784416239537,291.59017316419227,none,0.0,success,105.0,0.005,"(-1661, -142, -516)",-1661.0,-142.0,-516.0,,,,
345,realistic,3,x0y0,utah,12.554,15.2,Aa,saline,13.832488326878714,15.2,,b,-1,0.08,soma,82.82680024199999,1624.0680220958975,216.31327491905807,1211.1032088632244,,1624.0,216.59544396893116,1211.4474115174912,none,0.0,success,105.0,0.005,"(1624, 19, 409)",1624.0,19.0,409.0,,,,
346,realistic,3,x0y0,utah,13.511000000000001,16.3,Aa,saline,51.276458723814144,16.3,,b,-1,0.08,soma,85.885778758,40.82855812204001,860.3715755399508,721.4663441873055,,41.0,859.961042293496,721.9610715955026,periphery,5.220000000000116,success,89.044189453125,0.005,"(41, 214, 204)",41.0,214.0,204.0,41.0,,214.0,204.0
347,realistic,3,x0y0,utah,10.379,12.7,Aa,saline,-19.78983784165956,12.7,,b,-1,0.08,soma,75.874576342,-1196.5719262504806,-441.1065526798825,1058.387650097297,,-1197.0,-440.64656577470066,1058.301694440094,none,0.0,success,105.0,0.005,"(-1197, -162, 284)",-1197.0,-162.0,284.0,,,,
348,realistic,3,x0y0,utah,14.12,17.0,Aa,saline,116.50836915914965,17.0,,b,-1,0.08,soma,87.83240144999998,1737.1892692322144,902.8326812488292,-586.1620519263442,,1737.0,902.7971080288028,-585.9453003835677,central,5.230000000000118,success,105.0,0.005,"(1737, 161, -216)",1737.0,161.0,-216.0,1737.0,,161.0,-216.0
349,realistic,3,x0y0,utah,10.727,13.1,Aa,saline,-25.077334085121002,13.1,,b,-1,0.08,soma,76.986932166,1804.0967687274656,-484.07152509483694,1098.1985590070308,,1804.0,-483.9965309259755,1097.8380322313733,none,0.0,success,105.0,0.005,"(1804, -135, 352)",1804.0,-135.0,352.0,,,,
350,realistic,3,x0y0,utah,12.119,14.7,Aa,saline,-21.243008533725355,14.7,,b,-1,0.08,soma,81.436355462,1940.0483070168696,-394.0576661824839,1078.7005044280431,,1940.0,-394.15769579194136,1078.6519134630653,none,0.0,success,105.0,0.005,"(1940, -95, 309)",1940.0,-95.0,309.0,,,,
351,realistic,3,x0y0,utah,12.988999999999999,15.7,Aa,saline,157.70708932078531,15.7,,b,-1,0.08,soma,84.217245022,-252.81822835111825,510.66914280460105,-1188.5571617893484,,-253.0,510.7223005184224,-1188.3236084094285,none,0.0,success,105.0,0.005,"(-253, 197, -423)",-253.0,197.0,-423.0,,,,
352,realistic,3,x0y0,utah,10.814,13.2,Aa,saline,191.6897945810453,13.2,,b,-1,0.08,soma,77.26502112200002,8.108525725948779,-357.28440444642456,-1411.0714472457566,,8.0,-356.8679466396586,-1411.5833175923876,none,0.0,success,105.0,0.005,"(8, -190, -605)",8.0,-190.0,-605.0,,,,
353,realistic,3,x0y0,utah,12.467,15.1,Aa,saline,25.18736165656883,15.1,,b,-1,0.08,soma,82.548711286,-1608.3611214542138,462.3043884723734,1058.8698918987102,,-1608.0,462.66236576166085,1058.695664421351,none,0.0,success,105.0,0.005,"(-1608, 111, 311)",-1608.0,111.0,311.0,,,,
354,realistic,3,x0y0,utah,13.424,16.2,Aa,saline,39.58948669802577,16.2,,b,-1,0.08,soma,85.607689802,1470.2396468624065,934.3443425146183,949.4180579099866,,1470.0,934.5593903554073,948.9056428807107,central,5.31000000000013,success,62.79296875,0.005,"(1470, 407, 311)",1470.0,407.0,311.0,1470.0,,407.0,311.0
355,realistic,3,x0y0,utah,9.683,11.9,Aa,saline,87.87706546407615,11.9,,b,-1,0.08,soma,73.649864694,-734.7802056765432,1275.286131881212,-11.875583471929072,,-735.0,1275.2496548943573,-11.592477503160989,periphery,5.170000000000108,success,26.96533203125,0.005,"(-735, 454, -42)",-735.0,454.0,-42.0,-735.0,,454.0,-42.0
356,realistic,3,x0y0,utah,9.943999999999999,12.2,Aa,saline,132.2171243063386,12.2,,b,-1,0.08,soma,74.484131562,-1926.3576769962087,813.460261942495,-841.1385543081993,,-1926.0,813.9524739174088,-841.4644439982542,periphery,5.260000000000122,success,97.6318359375,0.005,"(-1926, 205, -289)",-1926.0,205.0,-289.0,-1926.0,,205.0,-289.0
357,realistic,3,x0y0,utah,13.076,15.8,Aa,saline,118.48427712252092,15.8,,b,-1,0.08,soma,84.495333978,-1556.9895432516055,1133.809637091732,-591.253258448774,,-1557.0,1134.0679745166321,-591.5144123870541,periphery,5.225000000000117,success,49.1455078125,0.005,"(-1557, 407, -197)",-1557.0,407.0,-197.0,-1557.0,,407.0,-197.0
358,realistic,3,x0y0,utah,15.251000000000001,18.3,Aa,saline,-18.23331560860507,18.3,,b,-1,0.08,soma,91.447557878,-134.12031593729102,-310.4439503879744,1289.2367057179335,,-134.0,-310.9334704300132,1289.0214452362625,none,0.0,success,105.0,0.005,"(-134, -51, 500)",-134.0,-51.0,500.0,,,,
359,realistic,3,x0y0,utah,13.163,15.9,Aa,saline,-2.2622588454107344,15.9,,b,-1,0.08,soma,84.773422934,743.3186061218947,3.1921410877666863,1357.2098848834012,,743.0,3.31822489705349,1356.7248020978266,none,0.0,success,105.0,0.005,"(743, 36, 530)",743.0,36.0,530.0,,,,
360,realistic,3,x0y0,utah,14.293999999999999,17.2,Aa,saline,-17.614585488466798,17.2,,b,-1,0.08,soma,88.388579362,-1896.0465680447824,-382.7199200895048,1055.5041297496018,,-1896.0,-382.91419205747064,1055.305077494961,none,0.0,success,105.0,0.005,"(-1896, -132, 265)",-1896.0,-132.0,265.0,,,,
361,realistic,3,x0y0,utah,11.336,13.8,Aa,saline,31.37657194650489,13.8,,b,-1,0.08,soma,78.93355485800001,-976.9922556175037,694.8344751161792,1169.0031151447583,,-977.0,695.2998510072805,1168.9297345688803,none,0.0,success,105.0,0.005,"(-977, 266, 465)",-977.0,266.0,465.0,,,,
362,realistic,3,x0y0,utah,13.163,15.9,Aa,saline,-10.791593361371362,15.9,,b,-1,0.08,soma,84.773422934,658.2009343396722,-107.7141077615206,1185.9370177901199,,658.0,-107.88679238662243,1185.7419666740343,none,0.0,success,105.0,0.005,"(658, 47, 373)",658.0,47.0,373.0,,,,
363,realistic,3,x0y0,utah,13.685,16.5,Aa,saline,-23.973029022291524,16.5,,b,-1,0.08,soma,86.44195667,-326.2954300214912,-596.6646888568275,1123.0860510680986,,-326.0,-596.5061834975106,1122.7455079046895,none,0.0,success,105.0,0.005,"(-326, -260, 366)",-326.0,-260.0,366.0,,,,
364,realistic,3,x0y0,utah,10.727,13.1,Aa,saline,43.06361856531721,13.1,,b,-1,0.08,soma,76.986932166,1642.3211617784216,768.8649009840143,1016.9323146972616,,1642.0,769.2813386414725,1016.6443263202399,none,0.0,success,105.0,0.005,"(1642, 207, 415)",1642.0,207.0,415.0,,,,
365,realistic,3,x0y0,utah,13.163,15.9,Aa,saline,74.8959859111375,15.9,,b,-1,0.08,soma,84.773422934,-1194.431893089445,1025.4612077690954,399.9404836922536,,-1194.0,1025.8418699213887,399.61697700830024,periphery,5.2800000000001255,success,91.1865234375,0.005,"(-1194, 227, 184)",-1194.0,227.0,184.0,-1194.0,,227.0,184.0
366,realistic,3,x0y0,utah,10.553,12.9,Aa,saline,74.96401453747526,12.9,,b,-1,0.08,soma,76.430754254,515.4781293502418,1295.187801407078,302.1967646816379,,515.0,1295.061411229257,302.54206882674384,central,5.18000000000011,success,20.2239990234375,0.005,"(515, 500, 89)",515.0,500.0,89.0,515.0,,500.0,89.0
367,realistic,3,x0y0,utah,11.684,14.2,Aa,saline,79.49642387561553,14.2,,b,-1,0.08,soma,80.045910682,1493.2343574396893,1087.9477902700803,205.83550716850556,,1493.0,1088.1625696912713,205.40168475866432,central,5.255000000000122,success,64.44091796875,0.005,"(1493, 277, 55)",1493.0,277.0,55.0,1493.0,,277.0,55.0
368,realistic,3,x0y0,utah,12.902,15.6,Aa,saline,-9.9697236262246,15.6,,b,-1,0.08,soma,83.93915606600001,-525.1923926655642,-249.31877066059639,1302.9234476324482,,-525.0,-249.14843395751237,1302.4823374047019,none,0.0,success,105.0,0.005,"(-525, -106, 488)",-525.0,-106.0,488.0,,,,
369,realistic,3,x0y0,utah,12.467,15.1,Aa,saline,209.06188139834202,15.1,,b,-1,0.08,soma,82.548711286,1196.8261454365718,-528.9383052187809,-1014.0425975916334,,1197.0,-529.4040819713695,-1014.2464142675465,none,0.0,success,105.0,0.005,"(1197, -128, -292)",1197.0,-128.0,-292.0,,,,
370,realistic,3,x0y0,utah,14.467999999999998,17.4,Aa,saline,71.82642918898273,17.4,,b,-1,0.08,soma,88.944757274,-1286.0441393193746,997.7173800661303,283.81755793599814,,-1286.0,998.0817069430138,283.7124348968804,periphery,5.320000000000132,success,84.3017578125,0.005,"(-1286, 210, 25)",-1286.0,210.0,25.0,-1286.0,,210.0,25.0
371,realistic,3,x0y0,utah,12.206000000000001,14.8,Aa,saline,43.520527349241135,14.8,,b,-1,0.08,soma,81.714444418,-1683.7008886080926,1023.3235856754072,776.0386954593969,,-1684.0,1023.6852832131175,775.829071823746,periphery,5.230000000000118,success,41.986083984375,0.005,"(-1684, 455, 177)",-1684.0,455.0,177.0,-1684.0,,455.0,177.0
372,realistic,3,x0y0,utah,11.075,13.5,Aa,saline,133.84768094688766,13.5,,b,-1,0.08,soma,78.09928799,-1171.4592520580727,881.8706168237062,-925.9378732787927,,-1171.0,882.3046032491941,-925.8191883953366,periphery,5.295000000000128,success,94.04296875,0.005,"(-1171, 288, -355)",-1171.0,288.0,-355.0,-1171.0,,288.0,-355.0
373,realistic,3,x0y0,utah,12.293000000000001,14.9,Aa,saline,80.96724962147564,14.9,,b,-1,0.08,soma,81.99253337399999,1044.2858884328082,963.8818710745873,146.16718158853382,,1044.0,963.7539129800815,145.68141386985903,none,0.0,success,105.0,0.005,"(1044, 148, 16)",1044.0,148.0,16.0,,,,
374,realistic,3,x0y0,utah,13.946,16.8,Aa,saline,142.17249686787937,16.8,,b,-1,0.08,soma,87.27622353800001,-83.174285133089,388.71925055743895,-487.0876395132873,,-83.0,389.20375394792785,-487.5412444863333,none,0.0,success,105.0,0.005,"(-83, -119, 167)",-83.0,-119.0,167.0,,,,
375,realistic,3,x0y0,utah,13.597999999999999,16.4,Aa,saline,44.68821783583004,16.4,,b,-1,0.08,soma,86.16386771399998,-217.2841941413528,901.1837232672763,1023.2916159851512,,-217.0,901.3072158882426,1023.6834467789414,periphery,5.200000000000113,success,96.533203125,0.005,"(-217, 319, 435)",-217.0,319.0,435.0,-217.0,,319.0,435.0
376,realistic,3,x0y0,utah,14.207,17.1,Aa,saline,77.91822608760184,17.1,,b,-1,0.08,soma,88.110490406,-134.48760961448846,1391.037687401864,364.83062577785216,,-134.0,1390.6502187594938,364.521262820988,periphery,5.140000000000104,success,23.236083984375,0.005,"(-134, 580, 191)",-134.0,580.0,191.0,-134.0,,580.0,191.0
377,realistic,3,x0y0,utah,13.337000000000002,16.1,Aa,saline,-1.2449467605324238,16.1,,b,-1,0.08,soma,85.329600846,-1707.551022623604,-43.54053628123757,1087.0248141069624,,-1708.0,-43.960326169179105,1087.4992674629157,none,0.0,success,105.0,0.005,"(-1708, -26, 260)",-1708.0,-26.0,260.0,,,,
378,realistic,3,x0y0,utah,12.467,15.1,Aa,saline,74.18421819589399,15.1,,b,-1,0.08,soma,82.548711286,1433.5879317158622,1031.5181513981302,245.8140879826392,,1434.0,1031.9585575641304,246.15976191271756,central,5.285000000000126,success,73.81591796875,0.005,"(1434, 237, 21)",1434.0,237.0,21.0,1434.0,,237.0,21.0
379,realistic,3,x0y0,utah,12.38,15.0,Aa,saline,25.219039955740403,15.0,,b,-1,0.08,soma,82.27062233000002,-1393.6147678461593,420.18763550043474,1215.453565061535,,-1394.0,420.0162560874066,1215.4046160109756,none,0.0,success,105.0,0.005,"(-1394, 68, 468)",-1394.0,68.0,468.0,,,,
380,realistic,3,x0y0,utah,10.988,13.4,Aa,saline,145.53504703359354,13.4,,b,-1,0.08,soma,77.821199034,-1417.7696710298078,724.1164890687178,-1003.2017811205787,,-1418.0,724.2510082666704,-1003.3142893017666,periphery,5.270000000000124,success,94.04296875,0.005,"(-1418, 258, -324)",-1418.0,258.0,-324.0,-1418.0,,258.0,-324.0
381,realistic,3,x0y0,utah,11.336,13.8,Aa,saline,94.26421843804943,13.8,,b,-1,0.08,soma,78.93355485800001,920.2342299626604,1145.089161675337,7.164642337834723,,920.0,1145.1582704521988,6.659671759282389,central,5.290000000000127,success,53.9306640625,0.005,"(920, 323, 68)",920.0,323.0,68.0,920.0,,323.0,68.0
382,realistic,3,x0y0,utah,13.424,16.2,Aa,saline,141.5154666984792,16.2,,b,-1,0.08,soma,85.607689802,779.4758832216469,623.1994399363839,-998.3044979713247,,779.0,623.1423326818924,-998.004849788503,none,0.0,success,105.0,0.005,"(779, 108, -350)",779.0,108.0,-350.0,,,,
383,realistic,3,x0y0,utah,12.119,14.7,Aa,saline,201.07914818158198,14.7,,b,-1,0.08,soma,81.436355462,1379.9275142759784,-551.240113598818,-1177.9986238415938,,1380.0,-551.0108285298409,-1178.4776316407963,none,0.0,success,105.0,0.005,"(1380, -254, -408)",1380.0,-254.0,-408.0,,,,
384,realistic,3,x0y0,utah,10.901,13.3,Aa,saline,123.86195293488994,13.3,,b,-1,0.08,soma,77.54311007800001,712.9491438640738,934.3492265528713,-546.5283491416626,,713.0,934.0598993043859,-547.005510467731,central,5.300000000000129,success,82.598876953125,0.005,"(713, 250, -88)",713.0,250.0,-88.0,713.0,,250.0,-88.0
385,realistic,3,x0y0,utah,12.815,15.5,Aa,saline,41.48385946981668,15.5,,b,-1,0.08,soma,83.66106711,-0.6497115605479387,905.9466305972968,986.5984232496277,,-1.0,905.6925454268321,986.3787526860507,periphery,5.195000000000112,success,72.900390625,0.005,"(-1, 358, 367)",-1.0,358.0,367.0,-1.0,,358.0,367.0
386,realistic,3,x0y0,utah,12.293000000000001,14.9,Aa,saline,8.153213888994745,14.9,,b,-1,0.08,soma,81.99253337399999,-879.8032653439308,169.4364499893527,1241.396166482662,,-880.0,169.12627061621663,1241.6537043934616,none,0.0,success,105.0,0.005,"(-880, 52, 424)",-880.0,52.0,424.0,,,,
387,realistic,3,x0y0,utah,13.511000000000001,16.3,Aa,saline,98.81340986929293,16.3,,b,-1,0.08,soma,85.885778758,274.7627767516212,1363.200999714988,-404.1925678910384,,275.0,1363.173163284328,-403.84085065286285,periphery,5.170000000000108,success,40.6951904296875,0.005,"(275, 545, -277)",275.0,545.0,-277.0,275.0,,545.0,-277.0
388,realistic,3,x0y0,utah,14.12,17.0,Aa,saline,78.97805634708995,17.0,,b,-1,0.08,soma,87.83240144999998,-800.6608478261021,1221.1814946383138,255.73372305142087,,-801.0,1221.6641426316603,255.48877757862007,periphery,5.2100000000001145,success,36.4501953125,0.005,"(-801, 408, 97)",-801.0,408.0,97.0,-801.0,,408.0,97.0
389,realistic,3,x0y0,utah,12.032,14.6,Aa,saline,62.73450777829785,14.6,,b,-1,0.08,soma,81.15826650599999,-932.0434250081261,930.1960042647844,657.2274399882672,,-932.0,929.8572915485919,657.1978009431994,none,0.0,success,105.0,0.005,"(-932, 196, 279)",-932.0,196.0,279.0,,,,
390,realistic,3,x0y0,utah,10.727,13.1,Aa,saline,77.87544162473496,13.1,,b,-1,0.08,soma,76.986932166,-564.7558243128115,1156.6005673098414,79.04211401671182,,-565.0,1156.1295617893493,78.93362787743001,tjn,5.18000000000011,success,40.887451171875,0.005,"(-565, 351, -94)",-565.0,351.0,-94.0,-565.0,,351.0,-94.0
391,realistic,3,x0y0,utah,12.902,15.6,Aa,saline,131.8443244935114,15.6,,b,-1,0.08,soma,83.93915606600001,-672.2502116320726,945.8921241934532,-767.1770885406454,,-672.0,946.0923356345852,-766.6714055058145,periphery,5.265000000000123,success,62.40234375,0.005,"(-672, 330, -215)",-672.0,330.0,-215.0,-672.0,,330.0,-215.0
392,realistic,3,x0y0,utah,13.163,15.9,Aa,saline,66.28733328295222,15.9,,b,-1,0.08,soma,84.773422934,1189.8731369197799,1131.5681880154445,586.5928367171045,,1190.0,1131.5552730191853,586.7749353520275,central,5.295000000000128,success,56.396484375,0.005,"(1190, 374, 254)",1190.0,374.0,254.0,1190.0,,374.0,254.0
393,realistic,3,x0y0,utah,10.727,13.1,Aa,saline,74.73813333774821,13.1,,b,-1,0.08,soma,76.986932166,-539.979983886169,983.7942248984616,228.828443318243,,-540.0,983.4241467302703,228.74348027304563,central,5.24500000000012,success,59.36279296875,0.005,"(-540, 189, 12)",-540.0,189.0,12.0,-540.0,,189.0,12.0
394,realistic,3,x0y0,utah,10.814,13.2,Aa,saline,-23.01192979976757,13.2,,b,-1,0.08,soma,77.26502112200002,-274.1543240432485,-440.0622004175666,1176.7762003460855,,-274.0,-439.957948378295,1177.0713627203445,none,0.0,success,105.0,0.005,"(-274, -118, 419)",-274.0,-118.0,419.0,,,,
395,realistic,3,x0y0,utah,13.163,15.9,Aa,saline,94.23101448907198,15.9,,b,-1,0.08,soma,84.773422934,-528.1821994531559,1163.0334210513647,-73.05097592805441,,-528.0,1163.1527673460391,-73.06113930626461,central,5.175000000000109,success,37.255859375,0.005,"(-528, 338, -12)",-528.0,338.0,-12.0,-528.0,,338.0,-12.0
396,realistic,3,x0y0,utah,10.727,13.1,Aa,saline,206.15345134009343,13.1,,b,-1,0.08,soma,76.986932166,-61.66349164001295,-681.6126172677933,-1239.501889167727,,-62.0,-681.9959198493865,-1239.167735156101,none,0.0,success,105.0,0.005,"(-62, -319, -500)",-62.0,-319.0,-500.0,,,,
397,realistic,3,x0y0,utah,12.815,15.5,Aa,saline,114.98839412923971,15.5,,b,-1,0.08,soma,83.66106711,-1444.1223849912603,1019.0202553626973,-576.5856139052785,,-1444.0,1019.4391956142522,-576.2532173736321,periphery,5.320000000000132,success,78.55224609375,0.005,"(-1444, 270, -227)",-1444.0,270.0,-227.0,-1444.0,,270.0,-227.0
398,realistic,3,x0y0,utah,12.119,14.7,Aa,saline,16.51620685724718,14.7,,b,-1,0.08,soma,81.436355462,-1119.384414398703,383.4395413318631,1103.9001810543668,,-1119.0,383.75167792892336,1103.6160169907098,none,0.0,success,105.0,0.005,"(-1119, 149, 312)",-1119.0,149.0,312.0,,,,
399,realistic,3,x0y0,utah,10.379,12.7,Aa,saline,24.30303329774468,12.7,,b,-1,0.08,soma,75.874576342,-25.013420390256556,372.2323325486814,1257.1683880516575,,-25.0,372.7209878111837,1257.0250444390495,none,0.0,success,105.0,0.005,"(-25, 34, 507)",-25.0,34.0,507.0,,,,
400,realistic,3,x0y0,utah,14.555,17.5,Aa,saline,136.40900955785645,17.5,,b,-1,0.08,soma,89.22284623,1673.8803968106092,762.0804164953059,-832.1576698580411,,1674.0,762.0170762377926,-831.8875537621947,central,5.360000000000138,success,91.845703125,0.005,"(1674, 190, -231)",1674.0,190.0,-231.0,1674.0,,190.0,-231.0
401,realistic,3,x0y0,utah,12.206000000000001,14.8,Aa,saline,167.3456550995503,14.8,,b,-1,0.08,soma,81.714444418,-1327.382026373268,260.9856141905529,-996.9430393914804,,-1327.0,260.9453173859919,-996.7888917093214,none,0.0,success,105.0,0.005,"(-1327, 80, -191)",-1327.0,80.0,-191.0,,,,
402,realistic,3,x0y0,utah,9.335,11.5,Aa,saline,-10.391767651544036,11.5,,b,-1,0.08,soma,72.53750887,-669.4923240711961,-408.2439878401237,1242.1170784982205,,-669.0,-408.156883300074,1241.799946862266,none,0.0,success,105.0,0.005,"(-669, -260, 434)",-669.0,-260.0,434.0,,,,
403,realistic,3,x0y0,utah,14.033,16.9,Aa,saline,18.9534549641408,16.9,,b,-1,0.08,soma,87.55431249399997,-1869.2804152453546,398.7626672363332,1015.3361361146583,,-1869.0,399.18682034902565,1014.8574343784128,periphery,5.290000000000127,success,96.533203125,0.005,"(-1869, 130, 231)",-1869.0,130.0,231.0,-1869.0,,130.0,231.0
404,realistic,3,x0y0,utah,12.641,15.3,Aa,saline,76.81870733193594,15.3,,b,-1,0.08,soma,83.104889198,-619.812914335546,316.9740149200993,130.93489058762498,,-620.0,316.8141153060466,130.45395736857208,none,0.0,success,105.0,0.005,"(-620, -488, -58)",-620.0,-488.0,-58.0,,,,
405,realistic,3,x0y0,utah,10.988,13.4,Aa,saline,141.14425977733904,13.4,,b,-1,0.08,soma,77.821199034,-729.6595224845029,758.8758636729497,-965.6630847063983,,-730.0,758.9215101369658,-965.579183843888,periphery,5.145000000000104,success,105.0,0.005,"(-730, 242, -324)",-730.0,242.0,-324.0,-730.0,,242.0,-324.0
406,realistic,3,x0y0,utah,11.771,14.3,Aa,saline,-24.73375703528591,14.3,,b,-1,0.08,soma,80.323999638,860.0430829575183,-397.350161284613,1173.9766385053144,,860.0,-397.2477807242697,1174.4946444355978,none,0.0,success,105.0,0.005,"(860, -52, 425)",860.0,-52.0,425.0,,,,
407,realistic,3,x0y0,utah,12.728,15.4,Aa,saline,14.733315460537113,15.4,,b,-1,0.08,soma,83.382978154,-1279.913774914972,447.30007040001914,1221.3654951149986,,-1280.0,447.2276456722812,1221.4933390863669,none,0.0,success,105.0,0.005,"(-1280, 237, 422)",-1280.0,237.0,422.0,,,,
408,realistic,3,x0y0,utah,12.728,15.4,Aa,saline,21.50964353239798,15.4,,b,-1,0.08,soma,83.382978154,119.1068819159935,549.4060845148965,1285.5372333392336,,119.0,549.1477690445361,1285.153761437241,none,0.0,success,105.0,0.005,"(119, 246, 516)",119.0,246.0,516.0,,,,
409,realistic,3,x0y0,utah,11.597,14.1,Aa,saline,58.516668165231216,14.1,,b,-1,0.08,soma,79.76782172600001,1421.2151539654349,1173.582744339663,637.7613338281435,,1421.0,1173.4609991839666,637.836866643745,central,5.220000000000116,success,38.470458984375,0.005,"(1421, 470, 207)",1421.0,470.0,207.0,1421.0,,470.0,207.0
410,realistic,3,x0y0,utah,9.161000000000001,11.3,Aa,saline,-21.848654307570936,11.3,,b,-1,0.08,soma,71.981330958,170.25845404005068,-530.5000620509113,1134.866960194031,,170.0,-530.5727256912838,1135.0435356976081,none,0.0,success,105.0,0.005,"(170, -225, 373)",170.0,-225.0,373.0,,,,
411,realistic,3,x0y0,utah,14.293999999999999,17.2,Aa,saline,78.45408907860305,17.2,,b,-1,0.08,soma,88.388579362,-1003.4989333556076,1277.9229777443852,183.73919415666114,,-1003.0,1278.444565029444,184.00469679413624,periphery,5.175000000000109,success,18.22509765625,0.005,"(-1003, 466, 18)",-1003.0,466.0,18.0,-1003.0,,466.0,18.0
412,realistic,3,x0y0,utah,13.25,16.0,Aa,saline,-14.45778456834048,16.0,,b,-1,0.08,soma,85.05151189,-702.9004484726636,-281.07006291300513,1263.4944491133776,,-703.0,-280.6331812594666,1263.2931894815438,none,0.0,success,105.0,0.005,"(-703, -74, 462)",-703.0,-74.0,462.0,,,,
413,realistic,3,x0y0,utah,9.248000000000001,11.4,Aa,saline,48.34558264163143,11.4,,b,-1,0.08,soma,72.25941991399999,-1662.9814545728634,805.006479344072,696.0743294826642,,-1663.0,804.5481192798705,695.7228052374223,periphery,5.290000000000127,success,96.0205078125,0.005,"(-1663, 191, 150)",-1663.0,191.0,150.0,-1663.0,,191.0,150.0
414,realistic,3,x0y0,utah,9.943999999999999,12.2,Aa,saline,35.741429030626,12.2,,b,-1,0.08,soma,74.484131562,-728.1518970868207,785.9758104967023,1034.076039262227,,-728.0,786.2715906226822,1034.4138847944378,periphery,5.250000000000121,success,94.04296875,0.005,"(-728, 306, 367)",-728.0,306.0,367.0,-728.0,,306.0,367.0
415,realistic,3,x0y0,utah,10.814,13.2,Aa,saline,179.44635486138833,13.2,,b,-1,0.08,soma,77.26502112200002,964.3052586874527,19.159439892832786,-1192.526250678565,,964.0,18.989235352441703,-1192.6325105610003,none,0.0,success,105.0,0.005,"(964, 11, -369)",964.0,11.0,-369.0,,,,
416,realistic,3,x0y0,utah,15.860000000000001,19.0,Aa,saline,69.76417998573335,19.0,,b,-1,0.08,soma,93.39418057,968.7745898305603,971.9216944976064,384.03083079996003,,969.0,972.3813798144158,383.68402352958157,central,5.225000000000117,success,105.0,0.005,"(969, 192, 96)",969.0,192.0,96.0,969.0,,192.0,96.0
417,realistic,3,x0y0,utah,12.293000000000001,14.9,Aa,saline,28.677568021145053,14.9,,b,-1,0.08,soma,81.99253337399999,1486.5654500972837,520.2192430519899,971.4876474914264,,1487.0,520.3956083830915,971.6465247645053,none,0.0,success,105.0,0.005,"(1487, 124, 247)",1487.0,124.0,247.0,,,,
418,realistic,3,x0y0,utah,11.51,14.0,Aa,saline,-4.955964066828301,14.0,,b,-1,0.08,soma,79.48973277,-1525.648615294683,-226.78565298959663,1245.5984262548684,,-1526.0,-227.25795645566404,1245.6933103793758,none,0.0,success,105.0,0.005,"(-1526, -156, 424)",-1526.0,-156.0,424.0,,,,
419,realistic,3,x0y0,utah,10.466000000000001,12.8,Aa,saline,10.713687387379633,12.8,,b,-1,0.08,soma,76.152665298,1471.0990688826196,167.92353497566273,1300.7140812368725,,1471.0,168.00989023944913,1300.7548044609075,none,0.0,success,105.0,0.005,"(1471, 15, 492)",1471.0,15.0,492.0,,,,
420,realistic,3,x0y0,utah,11.075,13.5,Aa,saline,200.3403366170443,13.5,,b,-1,0.08,soma,78.09928799,1615.0506987639585,-295.38179629124437,-1231.1165494524826,,1615.0,-295.4396562526621,-1230.6289462097122,none,0.0,success,105.0,0.005,"(1615, -9, -458)",1615.0,-9.0,-458.0,,,,
421,realistic,3,x0y0,utah,10.988,13.4,Aa,saline,7.332674105309253,13.4,,b,-1,0.08,soma,77.821199034,-4.516310824404624,133.15682186402822,1373.3919371347586,,-5.0,133.1309924983692,1373.154532600961,none,0.0,success,105.0,0.005,"(-5, 28, 556)",-5.0,28.0,556.0,,,,
422,realistic,3,x0y0,utah,14.816,17.8,Aa,saline,203.70437872025417,17.8,,b,-1,0.08,soma,90.05711309799999,-1339.953513945845,-503.37107261068917,-1174.889266164667,,-1340.0,-503.6714797326981,-1174.9741463762646,none,0.0,success,105.0,0.005,"(-1340, -170, -415)",-1340.0,-170.0,-415.0,,,,
423,realistic,3,x0y0,utah,12.032,14.6,Aa,saline,177.32374214711342,14.6,,b,-1,0.08,soma,81.15826650599999,-1515.8256770718356,-12.448513400648153,-1291.078109745357,,-1516.0,-12.445454477084887,-1290.670996206422,none,0.0,success,105.0,0.005,"(-1516, -51, -466)",-1516.0,-51.0,-466.0,,,,
424,realistic,3,x0y0,utah,11.597,14.1,Aa,saline,1.10133449249777,14.1,,b,-1,0.08,soma,79.76782172600001,-1532.3367889404851,-0.28970246062863225,1229.902823516657,,-1532.0,-0.16222891143039675,1229.7189340808277,none,0.0,success,105.0,0.005,"(-1532, -16, 405)",-1532.0,-16.0,405.0,,,,
425,realistic,3,x0y0,utah,9.335,11.5,Aa,saline,110.00905615112512,11.5,,b,-1,0.08,soma,72.53750887,743.0734134069965,1260.6690571656454,-470.58226547694176,,743.0,1260.6641216671262,-471.03816776765706,central,5.250000000000121,success,39.5233154296875,0.005,"(743, 489, -190)",743.0,489.0,-190.0,743.0,,489.0,-190.0
426,realistic,3,x0y0,utah,10.031,12.3,Aa,saline,129.1592479058084,12.3,,b,-1,0.08,soma,74.76222051799998,1294.6080090766095,568.3567071832423,-449.40552951667536,,1295.0,568.6743128948287,-449.33367112855854,none,0.0,success,105.0,0.005,"(1295, -69, 70)",1295.0,-69.0,70.0,,,,
427,realistic,3,x0y0,utah,16.208,19.4,Aa,saline,202.9258057962281,19.4,,b,-1,0.08,soma,94.506536394,-1682.4802070169974,-377.3764567903245,-1108.317077932627,,-1682.0,-377.1626479627316,-1108.5052600094373,none,0.0,success,105.0,0.005,"(-1682, -53, -342)",-1682.0,-53.0,-342.0,,,,
428,realistic,3,x0y0,utah,13.25,16.0,Aa,saline,7.2879038117539965,16.0,,b,-1,0.08,soma,85.05151189,-122.10417124999351,96.52323612941565,1203.9203387186424,,-122.0,97.01301842942054,1203.8227973218459,none,0.0,success,105.0,0.005,"(-122, -8, 383)",-122.0,-8.0,383.0,,,,
429,realistic,3,x0y0,utah,12.206000000000001,14.8,Aa,saline,151.64235143568527,14.8,,b,-1,0.08,soma,81.714444418,-140.06785375028707,617.2035660950777,-1176.9125459209738,,-140.0,617.282180549275,-1176.7543555439202,none,0.0,success,105.0,0.005,"(-140, 225, -450)",-140.0,225.0,-450.0,,,,
430,realistic,3,x0y0,utah,11.858,14.4,Aa,saline,141.56183056197662,14.4,,b,-1,0.08,soma,80.60208859400001,1309.5296171218954,850.0970746694447,-924.2625311777388,,1310.0,850.089659239445,-924.4583079978403,central,5.270000000000124,success,67.041015625,0.005,"(1310, 337, -278)",1310.0,337.0,-278.0,1310.0,,337.0,-278.0
431,realistic,3,x0y0,utah,13.772000000000002,16.6,Aa,saline,170.2617957945937,16.6,,b,-1,0.08,soma,86.720045626,1405.752329825701,280.4660196368245,-1254.5793753133305,,1406.0,280.0756798576783,-1254.431638484493,none,0.0,success,105.0,0.005,"(1406, 140, -438)",1406.0,140.0,-438.0,,,,
432,realistic,3,x0y0,utah,12.728,15.4,Aa,saline,-13.908031933325706,15.4,,b,-1,0.08,soma,83.382978154,586.8488423763573,-302.7092316139378,1394.8769437166056,,587.0,-302.7366339741109,1394.4694284470443,none,0.0,success,105.0,0.005,"(587, -104, 592)",587.0,-104.0,592.0,,,,
433,realistic,3,x0y0,utah,16.294999999999998,19.5,Aa,saline,45.48633257194962,19.5,,b,-1,0.08,soma,94.78462535,-952.713378189928,788.9289360528188,1083.8000266709942,,-953.0,788.5789581685426,1083.5902504164426,none,0.0,success,105.0,0.005,"(-953, 195, 500)",-953.0,195.0,500.0,,,,
434,realistic,3,x0y0,utah,11.858,14.4,Aa,saline,45.92330034358902,14.4,,b,-1,0.08,soma,80.60208859400001,-27.76889013367945,589.7520906261061,532.4495636744696,,-28.0,589.896270222965,532.0794064129933,none,0.0,success,105.0,0.005,"(-28, -3, -42)",-28.0,-3.0,-42.0,,,,
435,realistic,3,x0y0,utah,11.51,14.0,Aa,saline,5.3415520809406125,14.0,,b,-1,0.08,soma,79.48973277,1284.6526568395493,142.1576060009415,1127.4994005754652,,1285.0,141.78374706044355,1127.1984634595447,none,0.0,success,105.0,0.005,"(1285, 65, 306)",1285.0,65.0,306.0,,,,
436,realistic,3,x0y0,utah,13.076,15.8,Aa,saline,180.63945448033246,15.8,,b,-1,0.08,soma,84.495333978,1841.7596839496268,-127.37972853540941,-1234.0560223807925,,1842.0,-127.2651738702768,-1234.1649422223013,none,0.0,success,105.0,0.005,"(1842, -118, -407)",1842.0,-118.0,-407.0,,,,
437,realistic,3,x0y0,utah,10.031,12.3,Aa,saline,159.72209807075419,12.3,,b,-1,0.08,soma,74.76222051799998,-629.538151368829,401.7194924756972,-1158.3930471375454,,-630.0,402.0372928157695,-1158.393481422942,none,0.0,success,105.0,0.005,"(-630, 117, -387)",-630.0,117.0,-387.0,,,,
438,realistic,3,x0y0,utah,10.379,12.7,Aa,saline,94.12712090227552,12.7,,b,-1,0.08,soma,75.874576342,-1941.6691046456951,797.6647791845389,-162.47459286437288,,-1942.0,797.7976512217556,-162.251484748312,none,0.0,success,105.0,0.005,"(-1942, -23, -103)",-1942.0,-23.0,-103.0,,,,
439,realistic,3,x0y0,utah,14.729,17.7,Aa,saline,207.2659334152969,17.7,,b,-1,0.08,soma,89.77902414200001,-1266.840121028177,-428.4187845975698,-1220.9952310268845,,-1267.0,-428.1723854797252,-1220.688787279912,none,0.0,success,105.0,0.005,"(-1267, -48, -483)",-1267.0,-48.0,-483.0,,,,
440,realistic,3,x0y0,utah,8.726,10.8,Aa,saline,-29.287738536530213,10.8,,b,-1,0.08,soma,70.590886178,-732.0510358821876,-662.6042639545549,1173.3295131807006,,-732.0,-662.2885307591389,1173.461685462226,none,0.0,success,105.0,0.005,"(-732, -261, 458)",-732.0,-261.0,458.0,,,,
441,realistic,3,x0y0,utah,10.988,13.4,Aa,saline,-0.34818629795090755,13.4,,b,-1,0.08,soma,77.821199034,460.69706501441686,-34.91066837113021,1292.503477244265,,461.0,-35.0258546570537,1292.9105995170003,none,0.0,success,105.0,0.005,"(461, -30, 469)",461.0,-30.0,469.0,,,,
442,realistic,3,x0y0,utah,10.553,12.9,Aa,saline,140.5284099590694,12.9,,b,-1,0.08,soma,76.430754254,-1110.7647856908914,861.2081631326672,-1070.3315838454396,,-1111.0,861.3180152396341,-1070.4399496043316,periphery,5.175000000000109,success,105.0,0.005,"(-1111, 338, -435)",-1111.0,338.0,-435.0,-1111.0,,338.0,-435.0
443,realistic,3,x0y0,utah,9.77,12.0,Aa,saline,47.88975078818353,12.0,,b,-1,0.08,soma,73.92795365,1233.0292766539571,865.1316407229857,824.4929365239502,,1233.0,864.8150744064677,824.2090428588451,central,5.285000000000126,success,89.4561767578125,0.005,"(1233, 255, 273)",1233.0,255.0,273.0,1233.0,,255.0,273.0
444,realistic,3,x0y0,utah,11.075,13.5,Aa,saline,366.913899208438,13.5,,b,-1,0.08,soma,78.09928799,616.5518032748363,-28.333600943213696,1293.2456628690925,,617.0,-28.78442286300198,1293.0340815938366,none,0.0,success,105.0,0.005,"(617, -128, 475)",617.0,-128.0,475.0,,,,
445,realistic,3,x0y0,utah,12.032,14.6,Aa,saline,112.03538623884808,14.6,,b,-1,0.08,soma,81.15826650599999,-1257.4134736787896,912.6666802383696,-308.6061485395044,,-1257.0,912.3118565255313,-308.7572907965257,none,0.0,success,105.0,0.005,"(-1257, 147, 1)",-1257.0,147.0,1.0,,,,
446,realistic,3,x0y0,utah,11.336,13.8,Aa,saline,19.377646832449642,13.8,,b,-1,0.08,soma,78.93355485800001,869.0994218630127,633.3284221702011,1222.7129626237465,,869.0,633.5580767509423,1222.801957826519,central,5.320000000000132,success,95.361328125,0.005,"(869, 360, 445)",869.0,360.0,445.0,869.0,,360.0,445.0
447,realistic,3,x0y0,utah,14.381,17.3,Aa,saline,62.668005832674204,17.3,,b,-1,0.08,soma,88.66666831799999,1771.455746357191,798.2362905435713,508.248141935273,,1771.0,797.7797340668558,507.74693371239704,none,0.0,success,105.0,0.005,"(1771, 61, 127)",1771.0,61.0,127.0,,,,
448,realistic,3,x0y0,utah,11.945,14.5,Aa,saline,-23.349829184644584,14.5,,b,-1,0.08,soma,80.88017755,-1437.2951516467167,-541.5319685225395,1079.1408660948482,,-1437.0,-541.1219071815326,1078.8365455043277,none,0.0,success,105.0,0.005,"(-1437, -214, 321)",-1437.0,-214.0,321.0,,,,
449,realistic,3,x0y0,utah,10.901,13.3,Aa,saline,189.82698548821358,13.3,,b,-1,0.08,soma,77.54311007800001,-339.40802532038816,-272.0058612185021,-1379.9796276615368,,-339.0,-271.61780444515733,-1379.662113179927,none,0.0,success,105.0,0.005,"(-339, -131, -568)",-339.0,-131.0,-568.0,,,,
450,realistic,3,x0y0,utah,12.032,14.6,Aa,saline,196.7856797233205,14.6,,b,-1,0.08,soma,81.15826650599999,-1428.6032132605014,-287.93051234767336,-1103.1951605841832,,-1429.0,-288.42725368346646,-1103.4094621764225,none,0.0,success,105.0,0.005,"(-1429, -50, -313)",-1429.0,-50.0,-313.0,,,,
451,realistic,3,x0y0,utah,13.337000000000002,16.1,Aa,saline,57.75725145917304,16.1,,b,-1,0.08,soma,85.329600846,173.97046720816945,760.9106671201844,344.9640422995758,,174.0,761.0388881977735,344.5591710256706,periphery,5.31000000000013,success,63.525390625,0.005,"(174, 61, -97)",174.0,61.0,-97.0,174.0,,61.0,-97.0
452,realistic,3,x0y0,utah,10.814,13.2,Aa,saline,199.53032106492012,13.2,,b,-1,0.08,soma,77.26502112200002,1204.5767015702875,-407.7751719607395,-1169.7111451044545,,1205.0,-407.34034828054234,-1169.2736412037427,none,0.0,success,105.0,0.005,"(1205, -132, -393)",1205.0,-132.0,-393.0,,,,
453,realistic,3,x0y0,utah,11.858,14.4,Aa,saline,173.35609311253464,14.4,,b,-1,0.08,soma,80.60208859400001,903.3937951232783,75.20542451537584,-1249.7194329359265,,903.0,75.48733082516293,-1249.7715273002104,none,0.0,success,105.0,0.005,"(903, -20, -430)",903.0,-20.0,-430.0,,,,
454,realistic,3,x0y0,utah,12.641,15.3,Aa,saline,3.213258708673934,15.3,,b,-1,0.08,soma,83.104889198,-137.689839044427,248.3941448888517,1417.209853977154,,-138.0,248.3695921420039,1417.2299606876418,none,0.0,success,105.0,0.005,"(-138, 202, 592)",-138.0,202.0,592.0,,,,
455,realistic,3,x0y0,utah,12.988999999999999,15.7,Aa,saline,150.95097824299302,15.7,,b,-1,0.08,soma,84.217245022,1782.4209626305883,608.566484236736,-1105.730658572504,,1782.0,608.6439470913417,-1106.0583577991165,none,0.0,success,105.0,0.005,"(1782, 207, -383)",1782.0,207.0,-383.0,,,,
456,realistic,3,x0y0,utah,12.206000000000001,14.8,Aa,saline,69.78188100574553,14.8,,b,-1,0.08,soma,81.714444418,-1514.5090818164715,851.9912303560918,390.6220394386505,,-1515.0,851.9844173209258,390.41625599543045,none,0.0,success,105.0,0.005,"(-1515, 77, 105)",-1515.0,77.0,105.0,,,,
457,realistic,3,x0y0,utah,11.423,13.9,Aa,saline,43.228808296164246,13.9,,b,-1,0.08,soma,79.211643814,378.22808267169677,974.0711035419575,978.0203770353784,,378.0,973.7725274241045,977.8078018414404,central,5.195000000000112,success,72.16796875,0.005,"(378, 409, 377)",378.0,409.0,377.0,378.0,,409.0,377.0
458,realistic,3,x0y0,utah,13.337000000000002,16.1,Aa,saline,69.01984208368589,16.1,,b,-1,0.08,soma,85.329600846,1752.5130140305741,1110.998004256633,463.39262802412077,,1753.0,1110.7906241549554,463.30399855143406,central,5.295000000000128,success,57.6416015625,0.005,"(1753, 338, 167)",1753.0,338.0,167.0,1753.0,,338.0,167.0
459,realistic,3,x0y0,utah,12.554,15.2,Aa,saline,160.0327707479853,15.2,,b,-1,0.08,soma,82.82680024199999,140.29402030585757,540.6133366465797,-1299.9090390831655,,140.0,540.2201761413216,-1299.745954773728,none,0.0,success,105.0,0.005,"(140, 258, -523)",140.0,258.0,-523.0,,,,
460,realistic,3,x0y0,utah,12.467,15.1,Aa,saline,62.87424408785035,15.1,,b,-1,0.08,soma,82.548711286,807.8366397532463,1234.8719550561736,607.2665641880502,,808.0,1234.38417652227,607.6984787376438,central,5.290000000000127,success,40.447998046875,0.005,"(808, 499, 231)",808.0,499.0,231.0,808.0,,499.0,231.0
461,realistic,3,x0y0,utah,14.381,17.3,Aa,saline,9.614964575727392,17.3,,b,-1,0.08,soma,88.66666831799999,-412.203565824472,139.53076584347036,1353.0531665490344,,-412.0,139.49866680455307,1352.7226674807744,none,0.0,success,105.0,0.005,"(-412, 1, 535)",-412.0,1.0,535.0,,,,
462,realistic,3,x0y0,utah,11.51,14.0,Aa,saline,94.0768961450907,14.0,,b,-1,0.08,soma,79.48973277,-408.5836181268989,1228.4738422749354,-225.91726104232842,,-409.0,1228.6830042190377,-225.63935999997352,tjn,5.170000000000108,success,39.5233154296875,0.005,"(-409, 406, -167)",-409.0,406.0,-167.0,-409.0,,406.0,-167.0
463,realistic,3,x0y0,utah,12.206000000000001,14.8,Aa,saline,120.97423309602313,14.8,,b,-1,0.08,soma,81.714444418,-457.8395571348983,975.6250834831337,-701.7757719662752,,-458.0,976.0899823219968,-702.0687122709724,periphery,5.240000000000119,success,92.9443359375,0.005,"(-458, 268, -277)",-458.0,268.0,-277.0,-458.0,,268.0,-277.0
464,realistic,3,x0y0,utah,11.684,14.2,Aa,saline,51.6281483226781,14.2,,b,-1,0.08,soma,80.045910682,43.90926253283101,838.8830467258572,885.5839477306707,,44.0,838.8179969873441,885.174250675693,none,0.0,success,105.0,0.005,"(44, 192, 373)",44.0,192.0,373.0,,,,
465,realistic,3,x0y0,utah,13.25,16.0,Aa,saline,198.2096952464612,16.0,,b,-1,0.08,soma,85.05151189,808.8855417829593,-507.89864426409036,-1306.2090911577106,,809.0,-507.6017987328126,-1306.0667155721558,none,0.0,success,105.0,0.005,"(809, -249, -520)",809.0,-249.0,-520.0,,,,
466,realistic,3,x0y0,utah,14.381,17.3,Aa,saline,15.97053189527381,17.3,,b,-1,0.08,soma,88.66666831799999,-657.0235081504483,418.1686459322554,1251.3589639312331,,-657.0,418.149600227141,1251.321067460463,none,0.0,success,105.0,0.005,"(-657, 190, 454)",-657.0,190.0,454.0,,,,
467,realistic,3,x0y0,utah,12.38,15.0,Aa,saline,8.821914068340131,15.0,,b,-1,0.08,soma,82.27062233000002,-1353.2623058076392,162.2825129876746,1303.7658553149413,,-1353.0,162.72915673271103,1303.3869144932532,none,0.0,success,105.0,0.005,"(-1353, 36, 487)",-1353.0,36.0,487.0,,,,
468,realistic,3,x0y0,utah,13.076,15.8,Aa,saline,127.32241340289879,15.8,,b,-1,0.08,soma,84.495333978,29.94300362450097,1020.0539701792096,-962.7308519274408,,30.0,1019.827344789653,-962.5602604954308,periphery,5.270000000000124,success,96.533203125,0.005,"(30, 362, -461)",30.0,362.0,-461.0,30.0,,362.0,-461.0
469,realistic,3,x0y0,utah,10.118,12.4,Aa,saline,79.45963642424235,12.4,,b,-1,0.08,soma,75.040309474,435.24017059241294,1227.3942168495078,233.64014009254242,,435.0,1227.619564121945,233.43893630139735,central,5.155000000000106,success,30.02471923828125,0.005,"(435, 419, 83)",435.0,419.0,83.0,435.0,,419.0,83.0
470,realistic,3,x0y0,utah,10.031,12.3,Aa,saline,127.62567416850807,12.3,,b,-1,0.08,soma,74.76222051799998,798.8388770662285,889.6212876962236,-553.0359241460751,,799.0,889.3258393251282,-553.0636678131195,central,5.31000000000013,success,84.5947265625,0.005,"(799, 238, -51)",799.0,238.0,-51.0,799.0,,238.0,-51.0
471,realistic,3,x0y0,utah,13.511000000000001,16.3,Aa,saline,61.92161657141674,16.3,,b,-1,0.08,soma,85.885778758,-1717.2218286717914,472.67312636280406,315.42408975083566,,-1717.0,472.4940112990919,315.71271803069544,none,0.0,success,105.0,0.005,"(-1717, -258, -74)",-1717.0,-258.0,-74.0,,,,
472,realistic,3,x0y0,utah,12.293000000000001,14.9,Aa,saline,155.33156239104832,14.9,,b,-1,0.08,soma,81.99253337399999,1884.9993758509088,510.65079334015036,-1029.0333012880014,,1885.0,510.7708417151539,-1028.582807538477,central,5.230000000000118,success,105.0,0.005,"(1885, 166, -278)",1885.0,166.0,-278.0,1885.0,,166.0,-278.0
473,realistic,3,x0y0,utah,11.858,14.4,Aa,saline,89.97171369135648,14.4,,b,-1,0.08,soma,80.60208859400001,-1866.30729990985,1232.6916890588345,24.52122839480125,,-1866.0,1232.3010442970003,24.4126505221485,periphery,5.225000000000117,success,32.38525390625,0.005,"(-1866, 407, 24)",-1866.0,407.0,24.0,-1866.0,,407.0,24.0
474,realistic,3,x0y0,utah,15.424999999999999,18.5,Aa,saline,117.93997773907059,18.5,,b,-1,0.08,soma,92.00373579,529.9761651183848,1040.8769408623775,-676.1440451544531,,530.0,1041.107050098443,-676.3243751088075,central,5.3250000000001325,success,81.77490234375,0.005,"(530, 307, -287)",530.0,307.0,-287.0,530.0,,307.0,-287.0
475,realistic,3,x0y0,utah,12.206000000000001,14.8,Aa,saline,70.80147966211983,14.8,,b,-1,0.08,soma,81.714444418,-506.0375231680621,1206.8145306565784,573.2075079209052,,-506.0,1206.9395606541798,573.5418546623192,periphery,5.230000000000118,success,61.962890625,0.005,"(-506, 427, 302)",-506.0,427.0,302.0,-506.0,,427.0,302.0
476,realistic,3,x0y0,utah,11.945,14.5,Aa,saline,23.48762447663,14.5,,b,-1,0.08,soma,80.88017755,45.00379569557133,508.93943677990234,1189.0321282174327,,45.0,509.02041938571506,1189.0111054155527,none,0.0,success,105.0,0.005,"(45, 180, 432)",45.0,180.0,432.0,,,,
477,realistic,3,x0y0,utah,13.772000000000002,16.6,Aa,saline,190.37527925857287,16.6,,b,-1,0.08,soma,86.720045626,-1202.1006368234225,-384.3349647794453,-1297.6856228253516,,-1202.0,-384.18764010862134,-1297.7749184388672,none,0.0,success,105.0,0.005,"(-1202, -235, -483)",-1202.0,-235.0,-483.0,,,,
478,realistic,3,x0y0,utah,12.206000000000001,14.8,Aa,saline,98.80916213160604,14.8,,b,-1,0.08,soma,81.714444418,1524.6880708550614,906.3241920754473,-111.58756424556805,,1525.0,906.1121069869339,-111.43874072019794,none,0.0,success,105.0,0.005,"(1525, 90, 15)",1525.0,90.0,15.0,,,,
479,realistic,3,x0y0,utah,15.512000000000002,18.6,Aa,saline,103.44425322712372,18.6,,b,-1,0.08,soma,92.281824746,-1318.9683222036228,985.8395849430113,-200.90817146853215,,-1319.0,985.36765137398,-201.24026212672257,periphery,5.355000000000137,success,99.90234375,0.005,"(-1319, 177, -8)",-1319.0,177.0,-8.0,-10563.214985143373,,177.0,-8.0
480,realistic,3,x0y0,utah,12.119,14.7,Aa,saline,8.200680123275506,14.7,,b,-1,0.08,soma,81.436355462,-218.79391135401784,235.700737395724,1342.4111062010404,,-219.0,235.74741214444063,1342.2958523181442,none,0.0,success,105.0,0.005,"(-219, 118, 525)",-219.0,118.0,525.0,,,,
481,realistic,3,x0y0,utah,11.858,14.4,Aa,saline,73.29335504232738,14.4,,b,-1,0.08,soma,80.60208859400001,-1023.6093046247245,1200.9690930024444,466.22628772408416,,-1024.0,1201.4733402276668,466.27405023538756,periphery,5.255000000000122,success,48.2666015625,0.005,"(-1024, 411, 229)",-1024.0,411.0,229.0,-1024.0,,411.0,229.0
482,realistic,3,x0y0,utah,9.683,11.9,Aa,saline,36.04509569633626,11.9,,b,-1,0.08,soma,73.649864694,1637.8930197660695,610.157291241987,841.0783556418005,,1638.0,610.561790192975,841.5276402957844,none,0.0,success,105.0,0.005,"(1638, 127, 177)",1638.0,127.0,177.0,,,,
483,realistic,3,x0y0,utah,14.207,17.1,Aa,saline,56.952492928241355,17.1,,b,-1,0.08,soma,88.110490406,209.7248397075864,1126.4221044640262,609.0209421657743,,210.0,1125.9141065291547,609.083825209196,periphery,5.145000000000104,success,31.7626953125,0.005,"(210, 431, 157)",210.0,431.0,157.0,210.0,,431.0,157.0
484,realistic,3,x0y0,utah,11.248999999999999,13.7,Aa,saline,146.7946739551802,13.7,,b,-1,0.08,soma,78.655465902,546.5074227237596,516.8594453269279,-859.0453883256172,,547.0,516.4018665639677,-858.7150141601019,none,0.0,success,105.0,0.005,"(547, 65, -169)",547.0,65.0,-169.0,,,,
485,realistic,3,x0y0,utah,12.554,15.2,Aa,saline,77.36283082721592,15.2,,b,-1,0.08,soma,82.82680024199999,166.5288540110519,1149.6776841087394,307.57044764178863,,167.0,1149.414195838072,307.8192519464749,tjn,5.170000000000108,success,33.026123046875,0.005,"(167, 343, 127)",167.0,343.0,127.0,167.0,,343.0,127.0
486,realistic,3,x0y0,utah,13.597999999999999,16.4,Aa,saline,68.79744052148689,16.4,,b,-1,0.08,soma,86.16386771399998,206.0446167597736,1158.2029898802348,488.0574678306834,,206.0,1158.0207869348812,488.51723547607696,periphery,5.160000000000107,success,43.231201171875,0.005,"(206, 386, 189)",206.0,386.0,189.0,206.0,,386.0,189.0
487,realistic,3,x0y0,utah,12.641,15.3,Aa,saline,12.584906040224695,15.3,,b,-1,0.08,soma,83.104889198,-1488.8071830012382,281.4612142156934,1067.68312364735,,-1489.0,281.1057776781222,1067.7151859286241,none,0.0,success,105.0,0.005,"(-1489, 101, 261)",-1489.0,101.0,261.0,,,,
488,realistic,3,x0y0,utah,14.293999999999999,17.2,Aa,saline,80.69428865029174,17.2,,b,-1,0.08,soma,88.388579362,950.867513528952,1261.048933657522,372.53784359896173,,951.0,1261.2489250572112,372.0807166414178,central,5.290000000000127,success,45.9228515625,0.005,"(951, 443, 238)",951.0,443.0,238.0,951.0,,443.0,238.0
489,realistic,3,x0y0,utah,13.25,16.0,Aa,saline,15.342953626765075,16.0,,b,-1,0.08,soma,85.05151189,-548.4439213036352,448.83339913089316,1355.8448946751196,,-548.0,448.9633150230471,1356.0658390333583,none,0.0,success,105.0,0.005,"(-548, 230, 558)",-548.0,230.0,558.0,,,,
490,realistic,3,x0y0,utah,12.641,15.3,Aa,saline,113.6197098347061,15.3,,b,-1,0.08,soma,83.104889198,-42.483163347583286,1059.113123761214,-668.0882461610886,,-42.0,1059.287349741604,-668.1995645508194,periphery,5.200000000000113,success,91.845703125,0.005,"(-42, 302, -337)",-42.0,302.0,-337.0,-42.0,,302.0,-337.0
491,realistic,3,x0y0,utah,12.902,15.6,Aa,saline,32.67394866353024,15.6,,b,-1,0.08,soma,83.93915606600001,-1925.3346404656425,465.5937367011078,779.7393453587474,,-1925.0,465.4808751800169,780.1429907881796,none,0.0,success,105.0,0.005,"(-1925, 19, 84)",-1925.0,19.0,84.0,,,,
492,realistic,3,x0y0,utah,12.206000000000001,14.8,Aa,saline,-6.5565023458051686,14.8,,b,-1,0.08,soma,81.714444418,51.30048010675914,-73.99060420324986,1437.962384977337,,51.0,-74.31289477626781,1438.4891502646417,none,0.0,success,105.0,0.005,"(51, 20, 618)",51.0,20.0,618.0,,,,
493,realistic,3,x0y0,utah,12.554,15.2,Aa,saline,127.71234420772198,15.2,,b,-1,0.08,soma,82.82680024199999,704.6213660894966,894.7953024769168,-884.9004962340317,,705.0,894.7756408357233,-884.5170768540158,none,0.0,success,105.0,0.005,"(705, 241, -379)",705.0,241.0,-379.0,,,,
494,realistic,3,x0y0,utah,10.292,12.6,Aa,saline,106.61079800443198,12.6,,b,-1,0.08,soma,75.596487386,70.07480917729202,1124.6552776826702,-391.56413514702905,,70.0,1124.487556931002,-391.2380178718288,tjn,5.175000000000109,success,40.887451171875,0.005,"(70, 336, -156)",70.0,336.0,-156.0,70.0,,336.0,-156.0
495,realistic,3,x0y0,utah,14.033,16.9,Aa,saline,94.9381338950486,16.9,,b,-1,0.08,soma,87.55431249399997,-661.9865658916298,1426.400188792134,71.08458347026955,,-662.0,1426.7106807688863,70.64228684713328,periphery,5.175000000000109,success,21.148681640625,0.005,"(-662, 601, 142)",-662.0,601.0,142.0,-662.0,,601.0,142.0
496,realistic,3,x0y0,utah,13.511000000000001,16.3,Aa,saline,157.18005212094894,16.3,,b,-1,0.08,soma,85.885778758,-1862.5449911496328,456.0828605936631,-1142.9341405098505,,-1863.0,456.07625250117627,-1143.1149611406245,none,0.0,success,105.0,0.005,"(-1863, 135, -380)",-1863.0,135.0,-380.0,,,,
497,realistic,3,x0y0,utah,12.641,15.3,Aa,saline,87.96745055672115,15.3,,b,-1,0.08,soma,83.104889198,-1988.1105406071201,1052.7763871231757,110.9458267823361,,-1988.0,1053.056513132241,111.34261178326452,periphery,5.2800000000001255,success,64.44091796875,0.005,"(-1988, 227, 82)",-1988.0,227.0,82.0,-1988.0,,227.0,82.0
498,realistic,3,x0y0,utah,12.293000000000001,14.9,Aa,saline,130.24031726625356,14.9,,b,-1,0.08,soma,81.99253337399999,-44.81254074379093,953.2136432549324,-651.6919141022036,,-45.0,953.4829503621872,-651.5935882798021,tjn,5.160000000000107,success,46.47216796875,0.005,"(-45, 323, -118)",-45.0,323.0,-118.0,-45.0,,323.0,-118.0
499,realistic,3,x0y0,utah,15.251000000000001,18.3,Aa,saline,132.21131643992902,18.3,,b,-1,0.08,soma,91.447557878,512.5452840186917,1077.3929235941323,-879.3319691504352,,513.0,1077.3171030601175,-879.1633070691142,central,5.250000000000121,success,55.615234375,0.005,"(513, 462, -321)",513.0,462.0,-321.0,513.0,,462.0,-321.0
500,realistic,3,x0y0,utah,12.467,15.1,Aa,saline,216.9275033284285,15.1,,b,-1,0.08,soma,82.548711286,-1021.4087327185138,-654.9834708910863,-928.0824645086923,,-1021.0,-655.4256328703145,-928.5237199010144,none,0.0,success,105.0,0.005,"(-1021, -159, -268)",-1021.0,-159.0,-268.0,,,,
501,realistic,3,x0y0,utah,14.12,17.0,Aa,saline,-26.336625328523432,17.0,,b,-1,0.08,soma,87.83240144999998,562.1418591992888,-424.1878638038812,1200.2107819072862,,562.0,-423.70722664161013,1199.8746990897453,none,0.0,success,105.0,0.005,"(562, -56, 457)",562.0,-56.0,457.0,,,,
502,realistic,3,x0y0,utah,13.946,16.8,Aa,saline,-5.13478566799447,16.8,,b,-1,0.08,soma,87.27622353800001,-713.5622665712892,-118.10485169035336,1402.8131466477967,,-714.0,-118.16311100332553,1403.3235593219242,none,0.0,success,105.0,0.005,"(-714, -44, 578)",-714.0,-44.0,578.0,,,,
503,realistic,3,x0y0,utah,11.423,13.9,Aa,saline,167.8477120018559,13.9,,b,-1,0.08,soma,79.211643814,1792.3578590013974,204.5921232523192,-1172.6532400834967,,1792.0,204.57952551142355,-1173.1346514962834,none,0.0,success,105.0,0.005,"(1792, 31, -367)",1792.0,31.0,-367.0,,,,
504,realistic,3,x0y0,utah,12.032,14.6,Aa,saline,139.19037281314456,14.6,,b,-1,0.08,soma,81.15826650599999,-1598.2023712896116,830.7339926271077,-885.2075588999169,,-1598.0,830.5159635808357,-884.8808459591959,periphery,5.300000000000129,success,76.025390625,0.005,"(-1598, 291, -260)",-1598.0,291.0,-260.0,-1598.0,,291.0,-260.0
505,realistic,3,x0y0,utah,12.38,15.0,Aa,saline,95.07297407509104,15.0,,b,-1,0.08,soma,82.27062233000002,348.0622561631284,1399.2928995244074,-251.0584647752125,,348.0,1398.9133834514569,-251.03036150698603,central,5.150000000000105,success,23.84033203125,0.005,"(348, 576, -178)",348.0,576.0,-178.0,348.0,,576.0,-178.0
506,realistic,3,x0y0,utah,15.772999999999998,18.9,Aa,saline,205.53149189432514,18.9,,b,-1,0.08,soma,93.116091614,83.91835022349103,-604.3094908914559,-1100.46278976003,,84.0,-604.4015177428171,-1100.3148247316562,none,0.0,success,105.0,0.005,"(84, -246, -350)",84.0,-246.0,-350.0,,,,
507,realistic,3,x0y0,utah,14.467999999999998,17.4,Aa,saline,342.7145425009514,17.4,,b,-1,0.08,soma,88.944757274,-190.70216806813625,-207.24760011288663,768.4512448597387,,-191.0,-207.43624369305275,767.9802271226079,none,0.0,success,105.0,0.005,"(-191, 39, -24)",-191.0,39.0,-24.0,,,,
508,realistic,3,x0y0,utah,11.161999999999999,13.6,Aa,saline,128.88142171409643,13.6,,b,-1,0.08,soma,78.377376946,-453.22309108973883,986.8175269873427,-820.9336349215663,,-453.0,986.5484751073834,-821.3432397545023,periphery,5.215000000000115,success,73.2666015625,0.005,"(-453, 345, -304)",-453.0,345.0,-304.0,-453.0,,345.0,-304.0
509,realistic,3,x0y0,utah,13.597999999999999,16.4,Aa,saline,75.41995169278378,16.4,,b,-1,0.08,soma,86.16386771399998,1146.0409687561369,1196.5660091568245,504.28578027077936,,1146.0,1196.4176955868047,504.42822275180697,central,5.275000000000125,success,61.962890625,0.005,"(1146, 395, 296)",1146.0,395.0,296.0,1146.0,,395.0,296.0
510,realistic,3,x0y0,utah,11.771,14.3,Aa,saline,127.8465282274867,14.3,,b,-1,0.08,soma,80.323999638,-319.97067800637984,1027.0426713158722,-959.7835750663196,,-320.0,1026.6304312570644,-960.2368868889566,periphery,5.250000000000121,success,96.533203125,0.005,"(-320, 375, -454)",-320.0,375.0,-454.0,-320.0,,375.0,-454.0
511,realistic,3,x0y0,utah,14.12,17.0,Aa,saline,25.553257556732007,17.0,,b,-1,0.08,soma,87.83240144999998,876.8278836873268,494.23871344884316,1233.1131191416036,,877.0,494.51155737269266,1232.8481962940953,none,0.0,success,105.0,0.005,"(877, 137, 485)",877.0,137.0,485.0,,,,
512,realistic,3,x0y0,utah,13.25,16.0,Aa,saline,185.6108238647054,16.0,,b,-1,0.08,soma,85.05151189,-848.9916280552758,-5.9022565547047625,-1373.4834995679712,,-849.0,-5.932018931421027,-1373.5536323164642,none,0.0,success,105.0,0.005,"(-849, 75, -550)",-849.0,75.0,-550.0,,,,
513,realistic,3,x0y0,utah,9.335,11.5,Aa,saline,171.45518201546076,11.5,,b,-1,0.08,soma,72.53750887,-1123.9705345692778,123.14677423377724,-1243.2189383116913,,-1124.0,123.04053690904104,-1243.1526712607717,none,0.0,success,105.0,0.005,"(-1124, 1, -431)",-1124.0,1.0,-431.0,,,,
514,realistic,3,x0y0,utah,12.119,14.7,Aa,saline,55.2396780036668,14.7,,b,-1,0.08,soma,81.436355462,996.9532189566064,1073.7026802026885,802.1213599235108,,997.0,1073.3274830060168,801.7419331244432,central,5.305000000000129,success,68.39599609375,0.005,"(997, 395, 331)",997.0,395.0,331.0,997.0,,395.0,331.0
515,realistic,3,x0y0,utah,12.641,15.3,Aa,saline,200.7420065346368,15.3,,b,-1,0.08,soma,83.104889198,1006.9563419633639,-590.1555325905224,-1128.6470130485,,1007.0,-589.7648758769659,-1128.9918461889852,none,0.0,success,105.0,0.005,"(1007, -297, -356)",1007.0,-297.0,-356.0,,,,
516,realistic,3,x0y0,utah,10.553,12.9,Aa,saline,21.900255609891,12.9,,b,-1,0.08,soma,76.430754254,1082.3067276969282,397.7100021387269,1319.6156670954515,,1082.0,398.0593356683711,1319.7792268984308,none,0.0,success,105.0,0.005,"(1082, 91, 556)",1082.0,91.0,556.0,,,,
517,realistic,3,x0y0,utah,12.206000000000001,14.8,Aa,saline,-7.972735317236736,14.8,,b,-1,0.08,soma,81.714444418,1365.1551390758912,-197.47709585413486,1297.408139452169,,1365.0,-197.54639672038832,1297.8464071535727,none,0.0,success,105.0,0.005,"(1365, -83, 480)",1365.0,-83.0,480.0,,,,
518,realistic,3,x0y0,utah,14.99,18.0,Aa,saline,35.406715096902204,18.0,,b,-1,0.08,soma,90.61329101,186.7426574530449,510.37256536390936,864.6061387737418,,187.0,510.07967040559714,864.7829467511257,none,0.0,success,105.0,0.005,"(187, 29, 188)",187.0,29.0,188.0,,,,
519,realistic,3,x0y0,utah,11.771,14.3,Aa,saline,196.12399003881862,14.3,,b,-1,0.08,soma,80.323999638,-558.1468896087678,-478.1170980387524,-1223.735703508842,,-558.0,-478.14748734973637,-1223.7331332261135,none,0.0,success,105.0,0.005,"(-558, -249, -431)",-558.0,-249.0,-431.0,,,,
520,realistic,3,x0y0,utah,10.988,13.4,Aa,saline,162.68511721954894,13.4,,b,-1,0.08,soma,77.821199034,1821.2840236028421,296.8642691436653,-1150.411261689992,,1821.0,297.1957944162592,-1150.58744935888,none,0.0,success,105.0,0.005,"(1821, 52, -364)",1821.0,52.0,-364.0,,,,
521,realistic,3,x0y0,utah,12.902,15.6,Aa,saline,24.02263408028436,15.6,,b,-1,0.08,soma,83.93915606600001,-423.6023763173432,560.6441695447152,1287.201626742768,,-424.0,560.6593152172345,1287.3540125753425,none,0.0,success,105.0,0.005,"(-424, 224, 532)",-424.0,224.0,532.0,,,,
522,realistic,3,x0y0,utah,14.729,17.7,Aa,saline,9.149463707108069,17.7,,b,-1,0.08,soma,89.77902414200001,-1530.7231295415106,202.6852354416829,1265.419463169539,,-1531.0,202.95243241928904,1265.3499152676986,none,0.0,success,105.0,0.005,"(-1531, 71, 446)",-1531.0,71.0,446.0,,,,
523,realistic,3,x0y0,utah,13.337000000000002,16.1,Aa,saline,50.79749962310253,16.1,,b,-1,0.08,soma,85.329600846,687.9901145643187,786.2612138716322,598.9696563387361,,688.0,786.3574538477828,599.1669203473784,none,0.0,success,105.0,0.005,"(688, 145, 76)",688.0,145.0,76.0,,,,
524,realistic,3,x0y0,utah,8.813,10.9,Aa,saline,116.17609220614223,10.9,,b,-1,0.08,soma,70.86897513400001,-1708.7638475474164,1053.1787256763118,-635.9303033664828,,-1709.0,1053.257909142626,-635.8936524658038,periphery,5.260000000000122,success,82.598876953125,0.005,"(-1709, 317, -274)",-1709.0,317.0,-274.0,-1709.0,,317.0,-274.0
525,realistic,3,x0y0,utah,14.902999999999999,17.9,Aa,saline,75.9710749987365,17.9,,b,-1,0.08,soma,90.33520205399999,352.80202742395136,1242.6137907163693,521.7167196733858,,353.0,1242.4286065163956,521.2326264889448,periphery,5.215000000000115,success,61.23046875,0.005,"(353, 437, 320)",353.0,437.0,320.0,353.0,,437.0,320.0
526,realistic,3,x0y0,utah,13.772000000000002,16.6,Aa,saline,66.50973376434295,16.6,,b,-1,0.08,soma,86.720045626,-865.5017561571483,1088.2158669196806,352.93148610958224,,-866.0,1088.6889769218026,353.1843050932619,periphery,5.265000000000123,success,49.365234375,0.005,"(-866, 329, 23)",-866.0,329.0,23.0,-866.0,,329.0,23.0
527,realistic,3,x0y0,utah,14.033,16.9,Aa,saline,195.74026685487632,16.9,,b,-1,0.08,soma,87.55431249399997,-1252.4504150503615,-483.8940123226049,-1070.3006195520884,,-1252.0,-483.84724248981115,-1070.6980128877376,none,0.0,success,105.0,0.005,"(-1252, -259, -273)",-1252.0,-259.0,-273.0,,,,
528,realistic,3,x0y0,utah,14.816,17.8,Aa,saline,23.49362815538796,17.8,,b,-1,0.08,soma,90.05711309799999,-932.5016350144182,370.0087248249092,1341.4196354163569,,-933.0,369.8493826404315,1341.2191892110882,none,0.0,success,105.0,0.005,"(-933, 39, 580)",-933.0,39.0,580.0,,,,
529,realistic,3,x0y0,utah,12.902,15.6,Aa,saline,65.44570952974844,15.6,,b,-1,0.08,soma,83.93915606600001,304.62275432434797,1108.498540351141,494.9489312355777,,305.0,1108.211528178817,494.68855663051494,periphery,5.1650000000001075,success,45.22247314453125,0.005,"(305, 356, 151)",305.0,356.0,151.0,305.0,,356.0,151.0
530,realistic,3,x0y0,utah,11.161999999999999,13.6,Aa,saline,80.47558486257697,13.6,,b,-1,0.08,soma,78.377376946,1047.101873467708,1382.4048832135725,155.51303909409353,,1047.0,1382.814884572073,155.40322794228155,central,5.160000000000107,success,5.21392822265625,0.005,"(1047, 570, 19)",1047.0,570.0,19.0,1047.0,,570.0,19.0
531,realistic,3,x0y0,utah,13.946,16.8,Aa,saline,19.04262723526155,16.8,,b,-1,0.08,soma,87.27622353800001,-167.62229131594177,513.9920863576831,1320.8672000337044,,-168.0,514.3846158702247,1321.311607055236,none,0.0,success,105.0,0.005,"(-168, 244, 538)",-168.0,244.0,538.0,,,,
532,realistic,3,x0y0,utah,13.424,16.2,Aa,saline,85.21583494233623,16.2,,b,-1,0.08,soma,85.607689802,-339.29451875133856,1415.3825738752319,34.94989883704375,,-339.0,1414.9065314438467,35.03884066474342,periphery,5.140000000000104,success,6.7413330078125,0.005,"(-339, 590, -34)",-339.0,590.0,-34.0,-339.0,,590.0,-34.0
533,realistic,3,x0y0,utah,15.860000000000001,19.0,Aa,saline,177.22875259126866,19.0,,b,-1,0.08,soma,93.39418057,831.2629553467557,185.16844034322602,-1336.991472378193,,831.0,185.17096946076552,-1336.6990537766583,none,0.0,success,105.0,0.005,"(831, 145, -506)",831.0,145.0,-506.0,,,,
534,realistic,3,x0y0,utah,11.858,14.4,Aa,saline,48.517139179755574,14.4,,b,-1,0.08,soma,80.60208859400001,-944.3494028550156,910.7810688628696,770.9343222442421,,-944.0,911.3155423873126,770.679411742333,periphery,5.2800000000001255,success,70.59326171875,0.005,"(-944, 293, 224)",-944.0,293.0,224.0,-944.0,,293.0,224.0
535,realistic,3,x0y0,utah,7.247,9.1,Aa,saline,106.82905670434765,9.1,,b,-1,0.08,soma,65.86337392600001,1055.7674777554068,1293.7508086937366,-289.6790045519465,,1056.0,1293.924210760984,-289.79122337578855,central,5.175000000000109,success,13.018798828125,0.005,"(1056, 511, -53)",1056.0,511.0,-53.0,1056.0,,511.0,-53.0
536,realistic,3,x0y0,utah,11.945,14.5,Aa,saline,156.42630965791716,14.5,,b,-1,0.08,soma,80.88017755,1660.2910137524093,316.63354787815615,-1163.4273739309394,,1660.0,317.09349150112257,-1163.5158413622876,none,0.0,success,105.0,0.005,"(1660, -13, -407)",1660.0,-13.0,-407.0,,,,
537,realistic,3,x0y0,utah,12.467,15.1,Aa,saline,30.58801246374844,15.1,,b,-1,0.08,soma,82.548711286,452.22299547491775,799.4227872101415,1206.295434813752,,452.0,799.4910195867228,1206.2569653374944,central,5.250000000000121,success,99.462890625,0.005,"(452, 379, 495)",452.0,379.0,495.0,452.0,,379.0,495.0
538,realistic,3,x0y0,utah,10.64,13.0,Aa,saline,116.51355521139044,13.0,,b,-1,0.08,soma,76.70884321,1070.2165127268581,1292.2706370680396,-426.2763866185797,,1070.0,1292.7375364521542,-426.5454138044721,central,5.1650000000001075,success,8.4259033203125,0.005,"(1070, 556, -59)",1070.0,556.0,-59.0,1070.0,,556.0,-59.0
539,realistic,3,x0y0,utah,10.901,13.3,Aa,saline,44.95219220451537,13.3,,b,-1,0.08,soma,77.54311007800001,-1556.6255991682233,766.191715856728,756.7058382052919,,-1557.0,765.9946036350537,756.9831295011005,periphery,5.295000000000128,success,95.361328125,0.005,"(-1557, 184, 174)",-1557.0,184.0,174.0,-1557.0,,184.0,174.0
540,realistic,3,x0y0,utah,14.816,17.8,Aa,saline,31.31305597406845,17.8,,b,-1,0.08,soma,90.05711309799999,-1630.3819488677523,655.0915006621973,1014.7609372453894,,-1630.0,655.3658408385154,1015.0933958598108,periphery,5.305000000000129,success,90.07415771484375,0.005,"(-1630, 224, 306)",-1630.0,224.0,306.0,-1630.0,,224.0,306.0
541,realistic,3,x0y0,utah,12.38,15.0,Aa,saline,13.576504368991847,15.0,,b,-1,0.08,soma,82.27062233000002,-1563.7640256387353,343.2990381416712,1237.1318362593365,,-1564.0,342.89395753042555,1237.0861359834967,none,0.0,success,105.0,0.005,"(-1564, 149, 434)",-1564.0,149.0,434.0,,,,
542,realistic,3,x0y0,utah,13.076,15.8,Aa,saline,37.14684975271568,15.8,,b,-1,0.08,soma,84.495333978,733.5227433714122,670.2430559902027,757.0430822234016,,734.0,670.5748660946572,757.399115356932,central,5.335000000000134,success,99.90234375,0.005,"(734, 171, 98)",734.0,171.0,98.0,734.0,,171.0,98.0
543,realistic,3,x0y0,utah,8.813,10.9,Aa,saline,126.4236845060355,10.9,,b,-1,0.08,soma,70.86897513400001,-397.18057699815046,808.664192611934,-645.8808071931885,,-397.0,809.1215886964084,-646.1739987172848,none,0.0,success,105.0,0.005,"(-397, 149, -159)",-397.0,149.0,-159.0,,,,
544,realistic,3,x0y0,utah,12.467,15.1,Aa,saline,168.66938590017062,15.1,,b,-1,0.08,soma,82.548711286,-1382.0103696427593,407.63779916248535,-1243.9245720879574,,-1382.0,407.3629108838495,-1244.1620057079617,none,0.0,success,105.0,0.005,"(-1382, 245, -434)",-1382.0,245.0,-434.0,,,,
545,realistic,3,x0y0,utah,10.814,13.2,Aa,saline,7.891289918499434,13.2,,b,-1,0.08,soma,77.26502112200002,1071.2555710985312,161.72337498911475,1320.4188601272615,,1071.0,162.08474370002534,1320.8080017106709,none,0.0,success,105.0,0.005,"(1071, 49, 505)",1071.0,49.0,505.0,,,,
546,realistic,3,x0y0,utah,12.206000000000001,14.8,Aa,saline,-12.973257078179678,14.8,,b,-1,0.08,soma,81.714444418,1448.769195069617,-228.2456905017516,1250.7652595922764,,1449.0,-228.40494638592054,1250.7978630426705,none,0.0,success,105.0,0.005,"(1449, -43, 446)",1449.0,-43.0,446.0,,,,
547,realistic,3,x0y0,utah,14.816,17.8,Aa,saline,33.822988846629805,17.8,,b,-1,0.08,soma,90.05711309799999,7.6489364979654955,585.8751023065506,1296.9806461515745,,8.0,585.9938945751735,1296.5877247809094,none,0.0,success,105.0,0.005,"(8, 124, 607)",8.0,124.0,607.0,,,,
548,realistic,3,x0y0,utah,13.772000000000002,16.6,Aa,saline,131.44639523574628,16.6,,b,-1,0.08,soma,86.720045626,-884.620957452197,1016.2147759211059,-816.1097316774794,,-885.0,1015.938673100625,-816.2914990999249,periphery,5.255000000000122,success,55.9814453125,0.005,"(-885, 395, -268)",-885.0,395.0,-268.0,-885.0,,395.0,-268.0
549,realistic,3,x0y0,utah,10.292,12.6,Aa,saline,128.79504591449788,12.6,,b,-1,0.08,soma,75.596487386,853.4154848516322,936.7312624312677,-932.4469211074147,,853.0,936.2889511343244,-932.4830996736646,none,0.0,success,105.0,0.005,"(853, 295, -417)",853.0,295.0,-417.0,,,,
550,realistic,3,x0y0,utah,13.163,15.9,Aa,saline,68.10511688690912,15.9,,b,-1,0.08,soma,84.773422934,-1850.965488414516,1075.399988694382,287.10278978229144,,-1851.0,1075.7321295702295,287.5325047060444,periphery,5.24500000000012,success,49.1455078125,0.005,"(-1851, 308, -21)",-1851.0,308.0,-21.0,-1851.0,,308.0,-21.0
551,realistic,3,x0y0,utah,14.033,16.9,Aa,saline,115.54204876105221,16.9,,b,-1,0.08,soma,87.55431249399997,1421.3825772626822,829.1605126362683,-328.7620475807603,,1421.0,828.8056280816683,-328.36870977370654,none,0.0,success,105.0,0.005,"(1421, 81, 29)",1421.0,81.0,29.0,,,,
552,realistic,3,x0y0,utah,9.508999999999999,11.7,Aa,saline,75.16892885252709,11.7,,b,-1,0.08,soma,73.09368678199999,1116.57523161152,402.90778673642313,139.17041360985922,,1117.0,403.18933350607983,139.31599190809604,none,0.0,success,105.0,0.005,"(1117, -391, -71)",1117.0,-391.0,-71.0,,,,
553,realistic,3,x0y0,utah,15.338,18.4,Aa,saline,205.9671333644397,18.4,,b,-1,0.08,soma,91.725646834,-206.1682360530146,-563.9618706901115,-1190.093640642606,,-206.0,-563.8348303743044,-1189.9456782518832,none,0.0,success,105.0,0.005,"(-206, -200, -443)",-206.0,-200.0,-443.0,,,,
554,realistic,3,x0y0,utah,14.12,17.0,Aa,saline,0.4962521005205275,17.0,,b,-1,0.08,soma,87.83240144999998,280.5737150510518,-68.01091514950713,1359.1494979336874,,281.0,-67.7884290536925,1358.9162007250002,none,0.0,success,105.0,0.005,"(281, -75, 530)",281.0,-75.0,530.0,,,,
555,realistic,3,x0y0,utah,12.38,15.0,Aa,saline,111.22832678506191,15.0,,b,-1,0.08,soma,82.27062233000002,439.17887366524087,1028.9978618694358,-429.2733277537,,439.0,1029.0407235368968,-429.14359617284657,periphery,5.195000000000112,success,67.041015625,0.005,"(439, 259, -130)",439.0,259.0,-130.0,439.0,,259.0,-130.0
556,realistic,3,x0y0,utah,13.163,15.9,Aa,saline,147.1393905842392,15.9,,b,-1,0.08,soma,84.773422934,215.6222828080561,675.2120588220519,-1005.6473131946968,,216.0,674.9400296419942,-1006.0048376322801,periphery,5.195000000000112,success,91.1865234375,0.005,"(216, 226, -311)",216.0,226.0,-311.0,216.0,,226.0,-311.0
557,realistic,3,x0y0,utah,13.597999999999999,16.4,Aa,saline,-12.68620033324981,16.4,,b,-1,0.08,soma,86.16386771399998,-178.908596579475,-316.2892230043253,1394.5062646373865,,-179.0,-315.84679267499723,1394.8767346708894,none,0.0,success,105.0,0.005,"(-179, -134, 587)",-179.0,-134.0,587.0,,,,
558,realistic,3,x0y0,utah,10.031,12.3,Aa,saline,124.82886896269855,12.3,,b,-1,0.08,soma,74.76222051799998,-785.2449304409814,1215.324185734653,-596.7171431968327,,-785.0,1215.0926534116131,-596.6618520689151,periphery,5.175000000000109,success,23.5107421875,0.005,"(-785, 540, -127)",-785.0,540.0,-127.0,-785.0,,540.0,-127.0
559,realistic,3,x0y0,utah,12.38,15.0,Aa,saline,69.60787057527925,15.0,,b,-1,0.08,soma,82.27062233000002,-1471.2125387868564,1144.3533751355499,467.799838594794,,-1471.0,1144.3366271549548,467.8255424098861,periphery,5.240000000000119,success,51.2939453125,0.005,"(-1471, 370, 180)",-1471.0,370.0,180.0,-1471.0,,370.0,180.0
560,realistic,3,x0y0,utah,10.814,13.2,Aa,saline,74.34236468608822,13.2,,b,-1,0.08,soma,77.26502112200002,1362.8370316912253,985.8324960707367,349.7089845441528,,1363.0,986.0757444191871,349.29841460041393,central,5.275000000000125,success,97.6318359375,0.005,"(1363, 193, 127)",1363.0,193.0,127.0,1363.0,,193.0,127.0
561,realistic,3,x0y0,utah,10.118,12.4,Aa,saline,149.56993750270075,12.4,,b,-1,0.08,soma,75.040309474,691.9506537216811,618.3339502653316,-1198.7473139585773,,692.0,618.6064583742906,-1199.1768774142415,none,0.0,success,105.0,0.005,"(692, 202, -490)",692.0,202.0,-490.0,,,,
562,realistic,3,x0y0,utah,12.119,14.7,Aa,saline,346.9607758582239,14.7,,b,-1,0.08,soma,81.436355462,1157.8747122045115,-99.78173379426426,342.11840709913486,,1158.0,-99.28202089611364,342.4146487455404,none,0.0,success,105.0,0.005,"(1158, 87, -462)",1158.0,87.0,-462.0,,,,
563,realistic,3,x0y0,utah,13.859,16.7,Aa,saline,119.12402342592772,16.7,,b,-1,0.08,soma,86.998134582,1493.8750663691017,972.6529603452608,-422.07596942155885,,1494.0,972.7767851854179,-422.23049605052984,central,5.275000000000125,success,68.39599609375,0.005,"(1494, 249, -19)",1494.0,249.0,-19.0,1494.0,,249.0,-19.0
564,realistic,3,x0y0,utah,12.206000000000001,14.8,Aa,saline,2.026625724167366,14.8,,b,-1,0.08,soma,81.714444418,436.17465414967046,223.3769885062593,1383.8402662891724,,436.0,223.2353456661986,1383.3617078756747,none,0.0,success,105.0,0.005,"(436, 194, 558)",436.0,194.0,558.0,,,,
565,realistic,3,x0y0,utah,15.164,18.2,Aa,saline,208.76334995757045,18.2,,b,-1,0.08,soma,91.16946892200001,640.591479082194,-601.3332310630904,-1268.0320179897594,,641.0,-601.6773742226333,-1268.0905782285126,none,0.0,success,105.0,0.005,"(641, -202, -540)",641.0,-202.0,-540.0,,,,
566,realistic,3,x0y0,utah,14.642000000000001,17.6,Aa,saline,140.35459431088532,17.6,,b,-1,0.08,soma,89.500935186,381.9899433206313,847.3539344048268,-1115.4665508629507,,382.0,847.3807983243341,-1115.90786004661,central,5.250000000000121,success,105.0,0.005,"(382, 318, -477)",382.0,318.0,-477.0,382.0,,318.0,-477.0
567,realistic,3,x0y0,utah,13.424,16.2,Aa,saline,160.9030302089948,16.2,,b,-1,0.08,soma,85.607689802,-1449.5810987466116,361.38794905910754,-1102.5792322641,,-1450.0,361.8574180516072,-1102.2746334314452,none,0.0,success,105.0,0.005,"(-1450, 91, -320)",-1450.0,91.0,-320.0,,,,
568,realistic,3,x0y0,utah,14.467999999999998,17.4,Aa,saline,106.70767681030134,17.4,,b,-1,0.08,soma,88.944757274,-413.9536941192279,1277.8718272519282,-588.5296396762924,,-414.0,1277.468644258519,-588.4733088581376,periphery,5.195000000000112,success,61.962890625,0.005,"(-414, 483, -350)",-414.0,483.0,-350.0,-414.0,,483.0,-350.0
569,realistic,3,x0y0,utah,13.424,16.2,Aa,saline,64.05220213569038,16.2,,b,-1,0.08,soma,85.607689802,-636.2540424015435,1226.3848984352878,602.4656887351574,,-636.0,1226.3612173349793,602.2469625286776,periphery,5.2100000000001145,success,42.572021484375,0.005,"(-636, 482, 240)",-636.0,482.0,240.0,-636.0,,482.0,240.0
570,realistic,3,x0y0,utah,14.381,17.3,Aa,saline,317.6798872358601,17.3,,b,-1,0.08,soma,88.66666831799999,1960.9192616699993,-631.3013347542466,751.6677923698699,,1961.0,-631.3901338892549,751.2090672771648,none,0.0,success,105.0,0.005,"(1961, -73, 138)",1961.0,-73.0,138.0,,,,
571,realistic,3,x0y0,utah,13.337000000000002,16.1,Aa,saline,155.4956416610594,16.1,,b,-1,0.08,soma,85.329600846,1864.8268216724193,519.8206245001388,-932.5397417641507,,1865.0,520.3153592154605,-932.0922019048879,central,5.340000000000135,success,84.5947265625,0.005,"(1865, 177, -179)",1865.0,177.0,-179.0,1865.0,,177.0,-179.0
572,realistic,3,x0y0,utah,11.336,13.8,Aa,saline,12.729321859585502,13.8,,b,-1,0.08,soma,78.93355485800001,1945.0530821664347,311.09765122013283,1118.3279221210096,,1945.0,310.63003106760874,1118.1848947042467,none,0.0,success,105.0,0.005,"(1945, 129, 314)",1945.0,129.0,314.0,,,,
573,realistic,3,x0y0,utah,9.857,12.1,Aa,saline,17.26246879308312,12.1,,b,-1,0.08,soma,74.206042606,1294.5709751336992,379.13752620105066,1137.3025589982135,,1295.0,378.9179664206002,1137.1083853443652,none,0.0,success,105.0,0.005,"(1295, 135, 352)",1295.0,135.0,352.0,,,,
574,realistic,3,x0y0,utah,11.161999999999999,13.6,Aa,saline,166.08787595363302,13.6,,b,-1,0.08,soma,78.377376946,276.89735103919367,308.46332963432087,-1216.5101182463436,,277.0,308.13496070890926,-1216.0399599007415,none,0.0,success,105.0,0.005,"(277, 110, -416)",277.0,110.0,-416.0,,,,
575,realistic,3,x0y0,utah,16.121,19.3,Aa,saline,171.4523388167132,19.3,,b,-1,0.08,soma,94.22844743799999,1095.6958873098856,105.65390320916504,-1326.393297469607,,1096.0,105.65217364464343,-1326.8777558357192,none,0.0,success,105.0,0.005,"(1096, -18, -504)",1096.0,-18.0,-504.0,,,,
576,realistic,3,x0y0,utah,13.424,16.2,Aa,saline,-8.15520201157924,16.2,,b,-1,0.08,soma,85.607689802,1160.8751826511862,-163.16031943238613,1209.5821471366216,,1161.0,-163.46536559145193,1209.4430260675,none,0.0,success,105.0,0.005,"(1161, -46, 390)",1161.0,-46.0,390.0,,,,
577,realistic,3,x0y0,utah,13.25,16.0,Aa,saline,190.73353313151318,16.0,,b,-1,0.08,soma,85.05151189,1743.9723408576785,-199.19660618000262,-987.7266528244622,,1744.0,-199.08529575695906,-988.0440552159628,none,0.0,success,105.0,0.005,"(1744, -45, -175)",1744.0,-45.0,-175.0,,,,
578,realistic,3,x0y0,utah,11.423,13.9,Aa,saline,207.56153393247345,13.9,,b,-1,0.08,soma,79.211643814,-1363.0134688767605,-482.1885316418208,-872.9386855476646,,-1363.0,-482.54511379636904,-873.0130611205557,none,0.0,success,105.0,0.005,"(-1363, -101, -142)",-1363.0,-101.0,-142.0,,,,
579,realistic,3,x0y0,utah,15.860000000000001,19.0,Aa,saline,74.0623040563558,19.0,,b,-1,0.08,soma,93.39418057,-1144.858915270592,1278.0982401378724,205.9576946722932,,-1145.0,1277.7599220180564,206.3840209922611,periphery,5.170000000000108,success,15.49072265625,0.005,"(-1145, 478, -22)",-1145.0,478.0,-22.0,-1145.0,,478.0,-22.0
580,realistic,3,x0y0,utah,13.772000000000002,16.6,Aa,saline,-6.949891127560963,16.6,,b,-1,0.08,soma,86.720045626,1572.0820668943984,-81.54321741601234,1269.7332977773276,,1572.0,-81.23156276037302,1269.3129946464653,none,0.0,success,105.0,0.005,"(1572, 19, 447)",1572.0,19.0,447.0,,,,
581,realistic,3,x0y0,utah,11.423,13.9,Aa,saline,133.99798474559265,13.9,,b,-1,0.08,soma,79.211643814,-510.41818060063,667.8935173959826,-721.8210973078749,,-510.0,668.221428279896,-721.7712038966024,none,0.0,success,105.0,0.005,"(-510, 75, -149)",-510.0,75.0,-149.0,,,,
582,realistic,3,x0y0,utah,14.729,17.7,Aa,saline,244.7655667336404,17.7,,b,-1,0.08,soma,89.77902414200001,947.0670189700893,-411.3838417636348,-265.5610217264548,,947.0,-411.71805261942677,-265.78189899586744,central,5.285000000000126,success,41.2994384765625,0.005,"(947, 339, 88)",947.0,339.0,88.0,947.0,,339.0,88.0
583,realistic,3,x0y0,utah,15.338,18.4,Aa,saline,-1.5060151205680978,18.4,,b,-1,0.08,soma,91.725646834,1628.1658437001772,-54.36872673577045,1204.2633082687225,,1628.0,-54.85169225586711,1204.613564569975,none,0.0,success,105.0,0.005,"(1628, -33, 374)",1628.0,-33.0,374.0,,,,
584,realistic,3,x0y0,utah,9.683,11.9,Aa,saline,72.63646716387592,11.9,,b,-1,0.08,soma,73.649864694,1313.2899113770827,483.148734084803,223.2231072045529,,1313.0,483.3497154319771,223.23255981234487,none,0.0,success,105.0,0.005,"(1313, -301, -22)",1313.0,-301.0,-22.0,,,,
585,realistic,3,x0y0,utah,8.987,11.1,Aa,saline,113.0184436054051,11.1,,b,-1,0.08,soma,71.42515304599999,1823.3041978151468,998.4831370080856,-355.65528914071734,,1823.0,998.3838554317695,-355.8986174204931,central,5.345000000000136,success,78.55224609375,0.005,"(1823, 243, -35)",1823.0,243.0,-35.0,1823.0,,243.0,-35.0
586,realistic,3,x0y0,utah,9.596,11.8,Aa,saline,122.13472011373756,11.8,,b,-1,0.08,soma,73.371775738,-615.2101844964652,1078.6625222742766,-777.5619889500003,,-615.0,1078.8036098474695,-777.0547237575213,periphery,5.24500000000012,success,79.541015625,0.005,"(-615, 383, -340)",-615.0,383.0,-340.0,-615.0,,383.0,-340.0
587,realistic,3,x0y0,utah,13.772000000000002,16.6,Aa,saline,152.01676825661826,16.6,,b,-1,0.08,soma,86.720045626,-1226.8400532658732,695.3992505323012,-995.5839797256084,,-1227.0,695.6665227038598,-995.5247361461605,periphery,5.260000000000122,success,67.4072265625,0.005,"(-1227, 307, -264)",-1227.0,307.0,-264.0,-1227.0,,307.0,-264.0
588,realistic,3,x0y0,utah,12.641,15.3,Aa,saline,183.54418056579112,15.3,,b,-1,0.08,soma,83.104889198,-29.527209084392105,-287.7741839383972,-1360.1157976341988,,-30.0,-288.0809410762182,-1359.981994954262,none,0.0,success,105.0,0.005,"(-30, -237, -535)",-30.0,-237.0,-535.0,,,,
589,realistic,3,x0y0,utah,13.685,16.5,Aa,saline,164.04421855390274,16.5,,b,-1,0.08,soma,86.44195667,-792.3036696729828,340.49389398117773,-1331.865422872006,,-792.0,340.67794694429153,-1332.3344706691028,none,0.0,success,105.0,0.005,"(-792, 113, -536)",-792.0,113.0,-536.0,,,,
590,realistic,3,x0y0,utah,15.164,18.2,Aa,saline,130.94392607836002,18.2,,b,-1,0.08,soma,91.16946892200001,-338.58432296682975,1024.439685520193,-792.7597970195284,,-339.0,1024.4237084118395,-792.2821764922934,periphery,5.185000000000111,success,49.951171875,0.005,"(-339, 397, -248)",-339.0,397.0,-248.0,-339.0,,397.0,-248.0
591,realistic,3,x0y0,utah,11.51,14.0,Aa,saline,66.42186137942636,14.0,,b,-1,0.08,soma,79.48973277,-225.508785431372,974.6459074054312,584.083287863838,,-226.0,974.8786700418527,583.8979465540001,periphery,5.2800000000001255,success,105.0,0.005,"(-226, 219, 254)",-226.0,219.0,254.0,-226.0,,219.0,254.0
592,realistic,3,x0y0,utah,12.988999999999999,15.7,Aa,saline,82.08971496271023,15.7,,b,-1,0.08,soma,84.217245022,1967.70166601249,1105.7995192092494,83.22534370806716,,1968.0,1106.2510905971458,82.81014645751364,central,5.305000000000129,success,51.708984375,0.005,"(1968, 287, -31)",1968.0,287.0,-31.0,1968.0,,287.0,-31.0
593,realistic,3,x0y0,utah,12.554,15.2,Aa,saline,202.28718495136803,15.2,,b,-1,0.08,soma,82.82680024199999,-892.7118588453658,-458.6936753011197,-1172.3606252431832,,-893.0,-458.3759613258833,-1172.6803191319614,none,0.0,success,105.0,0.005,"(-893, -145, -408)",-893.0,-145.0,-408.0,,,,
594,realistic,3,x0y0,utah,10.727,13.1,Aa,saline,118.9635580549595,13.1,,b,-1,0.08,soma,76.986932166,1052.8919238022247,1024.6906039822286,-475.78232611794965,,1053.0,1024.4744334760169,-475.817885623997,central,5.265000000000123,success,53.6376953125,0.005,"(1053, 304, -77)",1053.0,304.0,-77.0,1053.0,,304.0,-77.0
595,realistic,3,x0y0,utah,13.511000000000001,16.3,Aa,saline,42.64135404838006,16.3,,b,-1,0.08,soma,85.885778758,-1343.608960521823,622.094103762046,714.3226917098,,-1344.0,621.8485132653348,714.0347894271925,none,0.0,success,105.0,0.005,"(-1344, 61, 105)",-1344.0,61.0,105.0,,,,
596,realistic,3,x0y0,utah,15.424999999999999,18.5,Aa,saline,55.22032928034483,18.5,,b,-1,0.08,soma,92.00373579,642.3162513470115,1046.006696928735,786.5242361120454,,642.0,1045.5849342889533,787.0034654473081,central,5.320000000000132,success,71.47216796875,0.005,"(642, 363, 313)",642.0,363.0,313.0,642.0,,363.0,313.0
597,realistic,3,x0y0,utah,11.423,13.9,Aa,saline,50.47662940981578,13.9,,b,-1,0.08,soma,79.211643814,-542.1131487928012,924.2107053827173,640.1050795157728,,-542.0,924.10093101906,639.7791450616149,periphery,5.24500000000012,success,65.0634765625,0.005,"(-542, 288, 115)",-542.0,288.0,115.0,-542.0,,288.0,115.0
598,realistic,3,x0y0,utah,12.467,15.1,Aa,saline,112.52160712377837,15.1,,b,-1,0.08,soma,82.548711286,-703.2185006497311,954.833309109792,-429.9427404194622,,-703.0,955.2296223074392,-429.4630782112691,none,0.0,success,105.0,0.005,"(-703, 192, -113)",-703.0,192.0,-113.0,,,,
599,realistic,3,x0y0,utah,13.25,16.0,Aa,saline,48.8698688944797,16.0,,b,-1,0.08,soma,85.05151189,680.6443364341424,1111.9606543968755,870.3233417370029,,681.0,1112.292399377774,870.3464422606212,central,5.305000000000129,success,57.0556640625,0.005,"(681, 489, 326)",681.0,489.0,326.0,681.0,,489.0,326.0
600,realistic,3,x0y0,utah,14.99,18.0,Aa,saline,-20.531815003862565,18.0,,b,-1,0.08,soma,90.61329101,1388.922169316403,-474.9567917617279,1047.9060055192695,,1389.0,-475.1885405786036,1047.5821735154327,none,0.0,success,105.0,0.005,"(1389, -184, 270)",1389.0,-184.0,270.0,,,,
601,realistic,3,x0y0,utah,14.642000000000001,17.6,Aa,saline,103.35742225531588,17.6,,b,-1,0.08,soma,89.500935186,-67.8606935336814,1236.4529557331814,-203.2191028340958,,-68.0,1236.2642299212298,-203.67235801398306,periphery,5.175000000000109,success,9.61761474609375,0.005,"(-68, 429, -12)",-68.0,429.0,-12.0,-68.0,,590.4528459842459,-50.33447160279661
602,realistic,3,x0y0,utah,12.902,15.6,Aa,saline,86.31967962211668,15.6,,b,-1,0.08,soma,83.93915606600001,1649.906246817304,961.4251395288628,91.70377273470423,,1650.0,961.232941919131,92.09144690971861,none,0.0,success,105.0,0.005,"(1650, 136, 39)",1650.0,136.0,39.0,,,,
603,realistic,3,x0y0,utah,10.64,13.0,Aa,saline,186.73513870483413,13.0,,b,-1,0.08,soma,76.70884321,1657.5775756106445,-127.19444957353652,-1284.5622222033205,,1658.0,-127.57947365426652,-1284.6732760959258,none,0.0,success,105.0,0.005,"(1658, -31, -467)",1658.0,-31.0,-467.0,,,,
604,realistic,3,x0y0,utah,11.858,14.4,Aa,saline,166.84628707781616,14.4,,b,-1,0.08,soma,80.60208859400001,-1536.6877111667175,138.7074851367156,-1237.6485583193014,,-1537.0,138.83851768199725,-1237.6781569364189,none,0.0,success,105.0,0.005,"(-1537, -49, -434)",-1537.0,-49.0,-434.0,,,,
605,realistic,3,x0y0,utah,12.293000000000001,14.9,Aa,saline,186.30628293676892,14.9,,b,-1,0.08,soma,81.99253337399999,-1347.5041348067225,-161.86374846626768,-847.0701928766513,,-1348.0,-161.69439008223262,-846.9576894602095,none,0.0,success,105.0,0.005,"(-1348, -71, -26)",-1348.0,-71.0,-26.0,,,,
606,realistic,3,x0y0,utah,10.205,12.5,Aa,saline,163.64624213920203,12.5,,b,-1,0.08,soma,75.31839843,-1571.7697840544904,280.39290713400624,-1081.1084933436591,,-1572.0,280.66083049894405,-1081.3415016467927,none,0.0,success,105.0,0.005,"(-1572, 49, -292)",-1572.0,49.0,-292.0,,,,
607,realistic,3,x0y0,utah,10.64,13.0,Aa,saline,26.596069238334586,13.0,,b,-1,0.08,soma,76.70884321,962.7283928068628,618.4785447653749,1219.4708858037993,,963.0,618.6157745525586,1219.2435237991913,none,0.0,success,105.0,0.005,"(963, 250, 483)",963.0,250.0,483.0,,,,
608,realistic,3,x0y0,utah,15.860000000000001,19.0,Aa,saline,94.36545885584157,19.0,,b,-1,0.08,soma,93.39418057,101.04330279690932,1025.554712084077,-128.93745608095924,,101.0,1025.2851687231737,-129.29214857068854,periphery,5.255000000000122,success,22.26104736328125,0.005,"(101, 196, -66)",101.0,196.0,-66.0,101.0,,527.7140674892695,-91.31685942827542
609,realistic,3,x0y0,utah,15.424999999999999,18.5,Aa,saline,150.83097039304334,18.5,,b,-1,0.08,soma,92.00373579,-1504.6295236994242,583.9632661464934,-1103.2349504032097,,-1505.0,584.030310412023,-1103.630831045914,none,0.0,success,105.0,0.005,"(-1505, 179, -378)",-1505.0,179.0,-378.0,,,,
610,realistic,3,x0y0,utah,11.858,14.4,Aa,saline,10.154354506943852,14.4,,b,-1,0.08,soma,80.60208859400001,674.8665717348252,229.02471150433576,1193.092255113772,,675.0,229.50057410956114,1193.3438179015372,none,0.0,success,105.0,0.005,"(675, 84, 381)",675.0,84.0,381.0,,,,
611,realistic,3,x0y0,utah,14.207,17.1,Aa,saline,29.656072119183026,17.1,,b,-1,0.08,soma,88.110490406,-497.77072254830483,703.5680426712797,1136.2707136144454,,-498.0,703.2165353264445,1136.449008081407,periphery,5.24500000000012,success,94.775390625,0.005,"(-498, 293, 416)",-498.0,293.0,416.0,-498.0,,293.0,416.0
612,realistic,3,x0y0,utah,13.163,15.9,Aa,saline,321.83827246824404,15.9,,b,-1,0.08,soma,84.773422934,-1332.4031075105838,-657.3909713128443,804.8664291688432,,-1332.0,-657.2422490154595,804.5741712265022,none,0.0,success,105.0,0.005,"(-1332, -146, 154)",-1332.0,-146.0,154.0,,,,
613,realistic,3,x0y0,utah,13.424,16.2,Aa,saline,191.8159343145932,16.2,,b,-1,0.08,soma,85.607689802,431.3414197661747,-365.18322038209504,-1202.6885065490649,,431.0,-365.5342274357248,-1202.254403389099,none,0.0,success,105.0,0.005,"(431, -196, -392)",431.0,-196.0,-392.0,,,,
614,realistic,3,x0y0,utah,8.9,11.0,Aa,saline,-24.275228827236603,11.0,,b,-1,0.08,soma,71.14706409,-961.9136571153156,-496.38380689527503,1253.4099812507466,,-962.0,-496.3377790236996,1253.0348318122221,none,0.0,success,105.0,0.005,"(-962, -159, 505)",-962.0,-159.0,505.0,,,,
615,realistic,3,x0y0,utah,12.119,14.7,Aa,saline,2.0943401100924435,14.7,,b,-1,0.08,soma,81.436355462,1711.2557881269186,211.0132345176144,1092.5754906925752,,1711.0,211.13871348718152,1092.1401750065884,central,5.31000000000013,success,97.6318359375,0.005,"(1711, 181, 267)",1711.0,181.0,267.0,1711.0,,181.0,267.0
616,realistic,3,x0y0,utah,11.423,13.9,Aa,saline,36.03376378879632,13.9,,b,-1,0.08,soma,79.211643814,1613.0039688121542,508.78326877054224,805.3742826002043,,1613.0,509.1156050278883,805.8587281761911,none,0.0,success,105.0,0.005,"(1613, 24, 139)",1613.0,24.0,139.0,,,,
617,realistic,3,x0y0,utah,11.597,14.1,Aa,saline,203.87561511352334,14.1,,b,-1,0.08,soma,79.76782172600001,64.28346707850308,-411.563996879383,-1357.1065651914535,,64.0,-411.9130071173425,-1357.2738480931275,none,0.0,success,105.0,0.005,"(64, -78, -603)",64.0,-78.0,-603.0,,,,
618,realistic,3,x0y0,utah,11.336,13.8,Aa,saline,130.00660491308835,13.8,,b,-1,0.08,soma,78.93355485800001,-1409.56051683124,774.0735646186968,-782.5298706143553,,-1410.0,774.5415515106142,-783.0496912091043,none,0.0,success,105.0,0.005,"(-1410, 143, -253)",-1410.0,143.0,-253.0,,,,
619,realistic,3,x0y0,utah,13.511000000000001,16.3,Aa,saline,40.36589072800889,16.3,,b,-1,0.08,soma,85.885778758,-462.1390088444349,935.5942429041496,1090.44966041622,,-462.0,935.2586094507785,1090.8096874178605,periphery,5.2350000000001184,success,89.4561767578125,0.005,"(-462, 399, 460)",-462.0,399.0,460.0,-462.0,,399.0,460.0
620,realistic,3,x0y0,utah,14.729,17.7,Aa,saline,183.99439914036012,17.7,,b,-1,0.08,soma,89.77902414200001,563.5069279555418,108.98132725109645,-1391.3788277958831,,564.0,109.15670100865128,-1391.8977772420299,none,0.0,success,105.0,0.005,"(564, 167, -564)",564.0,167.0,-564.0,,,,
621,realistic,3,x0y0,utah,10.727,13.1,Aa,saline,95.58509377077795,13.1,,b,-1,0.08,soma,76.986932166,-585.6595965164266,1334.5147835571206,-266.4172285033478,,-586.0,1334.6230467924102,-266.1259142498759,periphery,5.170000000000108,success,31.7626953125,0.005,"(-586, 515, -186)",-586.0,515.0,-186.0,-586.0,,515.0,-186.0
622,realistic,3,x0y0,utah,9.335,11.5,Aa,saline,11.100734790875377,11.5,,b,-1,0.08,soma,72.53750887,-31.08898434023399,394.5495829529909,1401.7385452433955,,-31.0,394.09423522873755,1401.9110287270657,none,0.0,success,105.0,0.005,"(-31, 236, 596)",-31.0,236.0,596.0,,,,
623,realistic,3,x0y0,utah,13.424,16.2,Aa,saline,-22.664203825866874,16.2,,b,-1,0.08,soma,85.607689802,1091.500828168722,-494.885447653904,1129.9858872008656,,1092.0,-494.95282144035536,1129.897388074643,none,0.0,success,105.0,0.005,"(1092, -176, 366)",1092.0,-176.0,366.0,,,,
624,realistic,3,x0y0,utah,11.945,14.5,Aa,saline,107.66955971830751,14.5,,b,-1,0.08,soma,80.88017755,-247.66420885962702,1096.4274677641818,-292.61994321871225,,-248.0,1096.47931658482,-292.52106694321253,tjn,5.155000000000106,success,27.99072265625,0.005,"(-248, 310, -42)",-248.0,310.0,-42.0,-248.0,,310.0,-42.0
625,realistic,3,x0y0,utah,13.424,16.2,Aa,saline,187.8991045464426,16.2,,b,-1,0.08,soma,85.607689802,421.2469173217042,-302.93663923843724,-1400.1129026085025,,421.0,-302.7402482893974,-1399.9397083744407,none,0.0,success,105.0,0.005,"(421, -189, -580)",421.0,-189.0,-580.0,,,,
626,realistic,3,x0y0,utah,14.033,16.9,Aa,saline,156.98283759801032,16.9,,b,-1,0.08,soma,87.55431249399997,225.29254694777,624.9589868916438,-1249.6547992339185,,225.0,625.051868092577,-1249.806494609739,central,5.150000000000105,success,105.0,0.005,"(225, 301, -487)",225.0,301.0,-487.0,225.0,,301.0,-487.0
627,realistic,3,x0y0,utah,12.902,15.6,Aa,saline,169.77934166808544,15.6,,b,-1,0.08,soma,83.93915606600001,-1549.9915950949262,34.09207935908853,-173.6426395760418,,-1550.0,33.704403143054265,-173.82076174227552,none,0.0,success,105.0,0.005,"(-1550, -113, 640)",-1550.0,-113.0,640.0,,,,
628,realistic,3,x0y0,utah,10.988,13.4,Aa,saline,4.983240930594358,13.4,,b,-1,0.08,soma,77.821199034,-1657.3368968828104,60.2383498852073,1156.3401698676207,,-1657.0,60.597831098027314,1156.7797392388356,none,0.0,success,105.0,0.005,"(-1657, -11, 336)",-1657.0,-11.0,336.0,,,,
629,realistic,3,x0y0,utah,13.076,15.8,Aa,saline,76.41715980081683,15.8,,b,-1,0.08,soma,84.495333978,-1859.121888492975,924.340611818101,190.5313005187454,,-1859.0,924.0847323133082,190.32047697571613,periphery,5.185000000000111,success,105.0,0.005,"(-1859, 120, -4)",-1859.0,120.0,-4.0,-1859.0,,120.0,-4.0
630,realistic,3,x0y0,utah,15.251000000000001,18.3,Aa,saline,190.56427862957497,18.3,,b,-1,0.08,soma,91.447557878,554.9741599000884,-419.0442618721013,-1305.593592147191,,555.0,-419.2716686795187,-1305.6014746970372,none,0.0,success,105.0,0.005,"(555, -267, -489)",555.0,-267.0,-489.0,,,,
631,realistic,3,x0y0,utah,10.205,12.5,Aa,saline,94.88743371166395,12.5,,b,-1,0.08,soma,75.31839843,-40.79246426096583,1336.0330984207249,-345.350660787728,,-41.0,1335.6976260978263,-345.090563773118,periphery,5.1650000000001075,success,42.29736328125,0.005,"(-41, 516, -275)",-41.0,516.0,-275.0,-41.0,,516.0,-275.0
632,realistic,3,x0y0,utah,11.336,13.8,Aa,saline,-7.469830513858912,13.8,,b,-1,0.08,soma,78.93355485800001,-617.1805713361206,-132.22126697649722,1430.4042963013724,,-617.0,-132.18068106577005,1430.4588098208537,none,0.0,success,105.0,0.005,"(-617, -25, 613)",-617.0,-25.0,613.0,,,,
633,realistic,3,x0y0,utah,15.424999999999999,18.5,Aa,saline,173.68520817350876,18.5,,b,-1,0.08,soma,92.00373579,-546.6964851056038,142.2107619425151,-1333.0761213404633,,-547.0,142.41020546845002,-1332.9327565008407,none,0.0,success,105.0,0.005,"(-547, 51, -507)",-547.0,51.0,-507.0,,,,
634,realistic,3,x0y0,utah,13.163,15.9,Aa,saline,44.38533814929996,15.9,,b,-1,0.08,soma,84.773422934,1896.9221410389457,620.2849455411379,689.2973186397078,,1897.0,620.7570046711667,689.3332826854651,none,0.0,success,105.0,0.005,"(1897, 42, 98)",1897.0,42.0,98.0,,,,
635,realistic,3,x0y0,utah,9.335,11.5,Aa,saline,139.67079008938418,11.5,,b,-1,0.08,soma,72.53750887,1386.7493132941622,867.7130188764032,-828.8245078283644,,1387.0,867.5251378703322,-829.0531715058006,central,5.250000000000121,success,60.0494384765625,0.005,"(1387, 336, -203)",1387.0,336.0,-203.0,1387.0,,336.0,-203.0
636,realistic,3,x0y0,utah,10.814,13.2,Aa,saline,104.0954631639794,13.2,,b,-1,0.08,soma,77.26502112200002,-919.3355222485866,1245.2349545519921,-141.24926520625604,,-919.0,1244.8411719931141,-141.55451632160356,periphery,5.185000000000111,success,25.4638671875,0.005,"(-919, 446, 59)",-919.0,446.0,59.0,-919.0,,446.0,59.0
637,realistic,3,x0y0,utah,9.683,11.9,Aa,saline,180.14368411119077,11.9,,b,-1,0.08,soma,73.649864694,866.5133186257843,72.76893684929291,-1389.2746201699258,,867.0,72.9454376691325,-1388.8249323470004,none,0.0,success,105.0,0.005,"(867, 75, -567)",867.0,75.0,-567.0,,,,
638,realistic,3,x0y0,utah,12.988999999999999,15.7,Aa,saline,133.08476981150713,15.7,,b,-1,0.08,soma,84.217245022,-1437.811567526041,803.7396530710997,-609.8788480440652,,-1438.0,804.0374270197834,-609.9979000372643,periphery,5.295000000000128,success,81.390380859375,0.005,"(-1438, 200, -45)",-1438.0,200.0,-45.0,-1438.0,,200.0,-45.0
639,realistic,3,x0y0,utah,13.25,16.0,Aa,saline,89.80507844048651,16.0,,b,-1,0.08,soma,85.05151189,175.81888711948238,1399.9195003713885,-67.45001305357255,,176.0,1399.5257559450001,-67.186412429787,central,5.105000000000098,success,9.942626953125,0.005,"(176, 572, -70)",176.0,572.0,-70.0,176.0,,572.0,-70.0
640,realistic,3,x0y0,utah,9.77,12.0,Aa,saline,191.50951704203243,12.0,,b,-1,0.08,soma,73.92795365,759.8378697213877,-252.24781875252566,-1242.514245455764,,760.0,-251.98181337658755,-1242.4425008908179,none,0.0,success,105.0,0.005,"(760, -88, -437)",760.0,-88.0,-437.0,,,,
641,realistic,3,x0y0,utah,11.684,14.2,Aa,saline,80.30259224258158,14.2,,b,-1,0.08,soma,80.045910682,1769.4841336567913,1141.825370456506,252.904193020594,,1769.0,1142.225127079624,252.93386567942443,central,5.295000000000128,success,56.7626953125,0.005,"(1769, 329, 114)",1769.0,329.0,114.0,1769.0,,329.0,114.0
642,realistic,3,x0y0,utah,15.772999999999998,18.9,Aa,saline,144.6936065974132,18.9,,b,-1,0.08,soma,93.116091614,36.88747986432506,734.3650072205292,-748.9685848479652,,37.0,734.5573946718654,-748.6345211830929,periphery,5.18000000000011,success,58.8134765625,0.005,"(37, 254, -70)",37.0,254.0,-70.0,37.0,,254.0,-70.0
643,realistic,3,x0y0,utah,10.118,12.4,Aa,saline,249.11036755597672,12.4,,b,-1,0.08,soma,75.040309474,487.1326773205045,-227.0668556413612,-105.61352215224044,,487.0,-227.48058057077935,-105.31068717921426,central,5.185000000000111,success,29.40673828125,0.005,"(487, 541, 188)",487.0,541.0,188.0,487.0,,541.0,188.0
644,realistic,3,x0y0,utah,12.988999999999999,15.7,Aa,saline,12.275953959579976,15.7,,b,-1,0.08,soma,84.217245022,839.0535758408786,153.39447795168644,1000.9567378487536,,839.0,153.84329314583866,1001.1678350554984,none,0.0,success,105.0,0.005,"(839, -22, 193)",839.0,-22.0,193.0,,,,
645,realistic,3,x0y0,utah,10.814,13.2,Aa,saline,50.085834828446465,13.2,,b,-1,0.08,soma,77.26502112200002,1304.9206393797213,873.8690057162894,715.5342467089423,,1305.0,873.7261356002872,715.4426187759377,central,5.260000000000122,success,79.541015625,0.005,"(1305, 242, 187)",1305.0,242.0,187.0,1305.0,,242.0,187.0
646,realistic,3,x0y0,utah,10.727,13.1,Aa,saline,138.11757171568013,13.1,,b,-1,0.08,soma,76.986932166,730.9360197723221,742.9273898297066,-779.9289195182138,,731.0,742.7642379570109,-780.0908854987937,central,5.170000000000108,success,105.0,0.005,"(731, 193, -167)",731.0,193.0,-167.0,731.0,,193.0,-167.0
647,realistic,3,x0y0,utah,13.337000000000002,16.1,Aa,saline,186.66388424176026,16.1,,b,-1,0.08,soma,85.329600846,-838.6815481227669,-88.30438332532276,-1236.6429629375446,,-839.0,-88.00911684906802,-1237.036679780124,none,0.0,success,105.0,0.005,"(-839, 8, -415)",-839.0,8.0,-415.0,,,,
648,realistic,3,x0y0,utah,11.945,14.5,Aa,saline,50.72860480111982,14.5,,b,-1,0.08,soma,80.88017755,-512.0923716538767,1030.964159496485,758.3382704768483,,-512.0,1031.0557167296051,758.5035761945751,periphery,5.220000000000116,success,52.69775390625,0.005,"(-512, 392, 236)",-512.0,392.0,236.0,-512.0,,392.0,236.0
649,realistic,3,x0y0,utah,12.467,15.1,Aa,saline,-7.361641008150648,15.1,,b,-1,0.08,soma,82.548711286,1151.3681266647575,-116.8052421231173,1316.44306635481,,1151.0,-116.8457449578683,1316.4989059267277,none,0.0,success,105.0,0.005,"(1151, -11, 497)",1151.0,-11.0,497.0,,,,
650,realistic,3,x0y0,utah,10.553,12.9,Aa,saline,110.28775156727276,12.9,,b,-1,0.08,soma,76.430754254,1813.87349190902,977.526218226154,-465.00482805840284,,1814.0,977.1760237451261,-465.40877124993096,central,5.3250000000001325,success,92.9443359375,0.005,"(1814, 205, -180)",1814.0,205.0,-180.0,1814.0,,205.0,-180.0
651,realistic,3,x0y0,utah,14.381,17.3,Aa,saline,57.26120148002262,17.3,,b,-1,0.08,soma,88.66666831799999,-1593.311066900253,830.8524133811675,431.57164460136346,,-1593.0,830.5522673611351,431.5034671131873,periphery,5.345000000000136,success,105.0,0.005,"(-1593, 133, -17)",-1593.0,133.0,-17.0,-10696.854373009928,,133.0,-17.0
652,realistic,3,x0y0,utah,12.641,15.3,Aa,saline,210.16392330378528,15.3,,b,-1,0.08,soma,83.104889198,200.154076218096,-703.9880263965198,-1247.9688458615092,,200.0,-704.3426034109975,-1247.6372436002957,none,0.0,success,105.0,0.005,"(200, -289, -533)",200.0,-289.0,-533.0,,,,
653,realistic,3,x0y0,utah,14.902999999999999,17.9,Aa,saline,102.79382091248397,17.9,,b,-1,0.08,soma,90.33520205399999,-589.4776472646042,1256.5403031477879,-414.41064389522217,,-589.0,1256.5794445215306,-414.7991068673779,periphery,5.255000000000122,success,45.9228515625,0.005,"(-589, 447, -231)",-589.0,447.0,-231.0,-589.0,,447.0,-231.0
654,realistic,3,x0y0,utah,12.902,15.6,Aa,saline,132.04639639601498,15.6,,b,-1,0.08,soma,83.93915606600001,-562.6469715027762,992.7353435842842,-1035.3326508567416,,-563.0,993.107608647306,-1034.8215264087003,periphery,5.155000000000106,success,105.0,0.005,"(-563, 379, -481)",-563.0,379.0,-481.0,-563.0,,379.0,-481.0
655,realistic,3,x0y0,utah,12.988999999999999,15.7,Aa,saline,32.02191645326661,15.7,,b,-1,0.08,soma,84.217245022,711.8874969430499,542.9267679723222,1116.616342188141,,712.0,542.5329916553324,1116.222690164826,none,0.0,success,105.0,0.005,"(712, 104, 415)",712.0,104.0,415.0,,,,
656,realistic,3,x0y0,utah,11.945,14.5,Aa,saline,117.36490163427715,14.5,,b,-1,0.08,soma,80.88017755,616.7300609462982,1168.8450921027088,-587.714723588716,,617.0,1169.0733428410776,-587.4548088098676,central,5.250000000000121,success,45.59326171875,0.005,"(617, 436, -208)",617.0,436.0,-208.0,617.0,,436.0,-208.0
657,realistic,3,x0y0,utah,12.728,15.4,Aa,saline,197.1787889362443,15.4,,b,-1,0.08,soma,83.382978154,864.7150388482802,-402.78050520915565,-1236.585742053344,,865.0,-403.2046658733459,-1236.821048664166,none,0.0,success,105.0,0.005,"(865, -159, -447)",865.0,-159.0,-447.0,,,,
658,realistic,3,x0y0,utah,13.337000000000002,16.1,Aa,saline,79.63068165977067,16.1,,b,-1,0.08,soma,85.329600846,-1056.0871482136265,1344.4123735275991,252.61573830867653,,-1056.0,1344.1738641761053,252.97966407614004,periphery,5.170000000000108,success,15.3076171875,0.005,"(-1056, 530, 104)",-1056.0,530.0,104.0,-1056.0,,530.0,104.0
659,realistic,3,x0y0,utah,10.031,12.3,Aa,saline,127.4135002988827,12.3,,b,-1,0.08,soma,74.76222051799998,-593.5859804006059,870.9403999018867,-727.2181885522186,,-594.0,871.2173158787239,-727.6787625933684,none,0.0,success,105.0,0.005,"(-594, 218, -228)",-594.0,218.0,-228.0,,,,
660,realistic,3,x0y0,utah,15.686000000000002,18.8,Aa,saline,68.37932281221637,18.8,,b,-1,0.08,soma,92.838002658,668.7457298914742,1171.5700867920905,370.3095851832113,,669.0,1171.8871036354385,370.3779019897366,central,5.250000000000121,success,38.0126953125,0.005,"(669, 399, 64)",669.0,399.0,64.0,669.0,,399.0,64.0
661,realistic,3,x0y0,utah,14.642000000000001,17.6,Aa,saline,203.36050107615745,17.6,,b,-1,0.08,soma,89.500935186,-233.94577545343967,-690.2541599839093,-1275.424319437328,,-234.0,-689.9960604006246,-1275.7109292503742,none,0.0,success,105.0,0.005,"(-234, -361, -514)",-234.0,-361.0,-514.0,,,,
662,realistic,3,x0y0,utah,12.554,15.2,Aa,saline,132.68591726686358,15.2,,b,-1,0.08,soma,82.82680024199999,1014.0948811643036,756.4826250482802,-665.8763704405768,,1014.0,756.4964904289473,-666.3082852820382,none,0.0,success,105.0,0.005,"(1014, 149, -106)",1014.0,149.0,-106.0,,,,
663,realistic,3,x0y0,utah,11.423,13.9,Aa,saline,176.20063793237506,13.9,,b,-1,0.08,soma,79.211643814,-994.467703358188,152.75814323468194,-964.0397179691192,,-994.0,152.67136599243412,-963.7916890988049,none,0.0,success,105.0,0.005,"(-994, 98, -141)",-994.0,98.0,-141.0,,,,
664,realistic,3,x0y0,utah,12.641,15.3,Aa,saline,-6.912423248665714,15.3,,b,-1,0.08,soma,83.104889198,196.71767210716484,-194.78092753842705,1427.354197061405,,197.0,-194.5169143297196,1427.5186117534276,none,0.0,success,105.0,0.005,"(197, -95, 607)",197.0,-95.0,607.0,,,,
665,realistic,3,x0y0,utah,12.293000000000001,14.9,Aa,saline,138.2957432508079,14.9,,b,-1,0.08,soma,81.99253337399999,-1003.0569315399159,641.4454672392171,-894.5029366545186,,-1003.0,641.5353162268613,-894.6888127085144,none,0.0,success,105.0,0.005,"(-1003, 92, -278)",-1003.0,92.0,-278.0,,,,
666,realistic,3,x0y0,utah,13.337000000000002,16.1,Aa,saline,182.0830456542715,16.1,,b,-1,0.08,soma,85.329600846,1045.9643064268255,-97.17062856256551,-1362.7958774642668,,1046.0,-97.0442322553549,-1363.0854350627042,none,0.0,success,105.0,0.005,"(1046, -67, -536)",1046.0,-67.0,-536.0,,,,
667,realistic,3,x0y0,utah,13.685,16.5,Aa,saline,184.66240605695995,16.5,,b,-1,0.08,soma,86.44195667,-444.2019104369783,18.339378066470548,-1415.3515548227801,,-444.0,18.66563446136449,-1415.4878491064947,none,0.0,success,105.0,0.005,"(-444, 86, -590)",-444.0,86.0,-590.0,,,,
668,realistic,3,x0y0,utah,12.38,15.0,Aa,saline,39.97349678414421,15.0,,b,-1,0.08,soma,82.27062233000002,1858.3653447239287,723.3098894671574,708.0699084141498,,1858.0,723.7093238923961,708.0674889457397,central,5.315000000000131,success,79.046630859375,0.005,"(1858, 193, 75)",1858.0,193.0,75.0,1858.0,,193.0,75.0
669,realistic,3,x0y0,utah,11.684,14.2,Aa,saline,144.54386116872897,14.2,,b,-1,0.08,soma,80.045910682,-222.58726551758068,714.7074237437448,-760.0833707084233,,-223.0,714.5958163933142,-760.0636994207787,periphery,5.200000000000113,success,70.098876953125,0.005,"(-223, 236, -88)",-223.0,236.0,-88.0,-223.0,,236.0,-88.0
670,realistic,3,x0y0,utah,13.597999999999999,16.4,Aa,saline,179.68299294818559,16.4,,b,-1,0.08,soma,86.16386771399998,1478.754819565995,110.21635463563051,-1282.6174165728685,,1479.0,110.5544506362135,-1283.0819338570002,none,0.0,success,105.0,0.005,"(1479, 106, -455)",1479.0,106.0,-455.0,,,,
671,realistic,3,x0y0,utah,11.161999999999999,13.6,Aa,saline,49.68552048316887,13.6,,b,-1,0.08,soma,78.377376946,-536.7406933067826,1154.182386671584,770.0428405424109,,-537.0,1154.4438749606627,770.2500814420312,periphery,5.185000000000111,success,36.907958984375,0.005,"(-537, 526, 237)",-537.0,526.0,237.0,-537.0,,526.0,237.0
672,realistic,3,x0y0,utah,12.38,15.0,Aa,saline,203.19047432140462,15.0,,b,-1,0.08,soma,82.27062233000002,-1818.7186581161013,-402.3416113131807,-1030.051535920887,,-1819.0,-402.33208553677713,-1030.3835780228683,none,0.0,success,105.0,0.005,"(-1819, -77, -271)",-1819.0,-77.0,-271.0,,,,
673,realistic,3,x0y0,utah,13.337000000000002,16.1,Aa,saline,105.22934302160809,16.1,,b,-1,0.08,soma,85.329600846,517.6597148983267,1082.9811655772282,-315.4173977856449,,518.0,1082.613765928153,-315.42754307112216,periphery,5.2100000000001145,success,56.201171875,0.005,"(518, 284, -98)",518.0,284.0,-98.0,518.0,,284.0,-98.0
674,realistic,3,x0y0,utah,14.902999999999999,17.9,Aa,saline,120.84398844993021,17.9,,b,-1,0.08,soma,90.33520205399999,-1050.9860640544714,1197.4763435469395,-525.1227224140985,,-1051.0,1197.7819022417825,-524.626929046543,periphery,5.185000000000111,success,19.5281982421875,0.005,"(-1051, 485, -99)",-1051.0,485.0,-99.0,-1051.0,,485.0,-99.0
675,realistic,3,x0y0,utah,13.859,16.7,Aa,saline,-9.41260911497473,16.7,,b,-1,0.08,soma,86.998134582,916.270262510777,-346.4132931480285,1315.0626474200062,,916.0,-346.45959750207857,1315.3143298825719,none,0.0,success,105.0,0.005,"(916, -211, 498)",916.0,-211.0,498.0,,,,
676,realistic,3,x0y0,utah,10.379,12.7,Aa,saline,192.52647371380752,12.7,,b,-1,0.08,soma,75.874576342,1765.2072534618524,-233.2608131537468,-1204.39385655274,,1765.0,-233.49509780428994,-1204.3513807125305,none,0.0,success,105.0,0.005,"(1765, -55, -401)",1765.0,-55.0,-401.0,,,,
677,realistic,3,x0y0,utah,11.771,14.3,Aa,saline,11.324244002737654,14.3,,b,-1,0.08,soma,80.323999638,-1911.4676494751147,244.74878303665264,1025.4598111984144,,-1911.0,245.06181676445163,1025.0713408225297,none,0.0,success,105.0,0.005,"(-1911, 83, 216)",-1911.0,83.0,216.0,,,,
678,realistic,3,x0y0,utah,16.034,19.2,Aa,saline,169.55211693844447,19.2,,b,-1,0.08,soma,93.95035848200001,996.0268878581633,317.2662128950383,-1282.0862756129718,,996.0,316.83709999639336,-1282.1643912655995,none,0.0,success,105.0,0.005,"(996, 166, -464)",996.0,166.0,-464.0,,,,
679,realistic,3,x0y0,utah,12.293000000000001,14.9,Aa,saline,153.86958688260606,14.9,,b,-1,0.08,soma,81.99253337399999,-44.64552179802594,584.5072876396662,-1114.9062358033443,,-45.0,584.7687558489549,-1114.5794482315887,periphery,5.225000000000117,success,98.73046875,0.005,"(-45, 221, -373)",-45.0,221.0,-373.0,-45.0,,221.0,-373.0
680,realistic,3,x0y0,utah,13.685,16.5,Aa,saline,117.19942495599692,16.5,,b,-1,0.08,soma,86.44195667,506.933822540971,978.3814514242807,-550.0192243018919,,507.0,978.6197381311491,-549.5798091969286,periphery,5.2350000000001184,success,86.46240234375,0.005,"(507, 242, -171)",507.0,242.0,-171.0,507.0,,242.0,-171.0
681,realistic,3,x0y0,utah,10.901,13.3,Aa,saline,145.7214508007719,13.3,,b,-1,0.08,soma,77.54311007800001,-577.5399757503869,705.4220681822752,-820.9166320700401,,-578.0,704.948139797965,-820.682435928726,periphery,5.260000000000122,success,76.94091796875,0.005,"(-578, 241, -140)",-578.0,241.0,-140.0,-578.0,,241.0,-140.0
682,realistic,3,x0y0,utah,13.163,15.9,Aa,saline,9.414928384412693,15.9,,b,-1,0.08,soma,84.773422934,415.62169057186617,61.239472266748635,1370.7344738139982,,416.0,61.36046599600121,1370.2169908621959,none,0.0,success,105.0,0.005,"(416, -74, 554)",416.0,-74.0,554.0,,,,
683,realistic,3,x0y0,utah,12.641,15.3,Aa,saline,41.39788065431768,15.3,,b,-1,0.08,soma,83.104889198,1546.6241443921274,706.6102125046688,835.9515154030405,,1547.0,706.599131613319,835.9969886937101,central,5.250000000000121,success,105.0,0.005,"(1547, 160, 216)",1547.0,160.0,216.0,1547.0,,160.0,216.0
684,realistic,3,x0y0,utah,14.729,17.7,Aa,saline,112.47737426443224,17.7,,b,-1,0.08,soma,89.77902414200001,1104.5926084892772,1137.8189126092266,-643.3910279180218,,1105.0,1137.8179091536042,-643.2667604647434,central,5.330000000000133,success,70.59326171875,0.005,"(1105, 371, -326)",1105.0,371.0,-326.0,1105.0,,371.0,-326.0
685,realistic,3,x0y0,utah,9.074,11.2,Aa,saline,112.91832673714748,11.2,,b,-1,0.08,soma,71.703242002,-778.6383684272737,973.0104534102608,-325.5884545858885,,-779.0,973.0864281040214,-325.6396212177895,central,5.230000000000118,success,97.6318359375,0.005,"(-779, 217, -6)",-779.0,217.0,-6.0,-779.0,,217.0,-6.0
686,realistic,3,x0y0,utah,9.683,11.9,Aa,saline,43.077200424592384,11.9,,b,-1,0.08,soma,73.649864694,-1970.6458313832136,552.0818389822962,463.6605358611341,,-1971.0,552.3064287930013,463.26093058624906,none,0.0,success,105.0,0.005,"(-1971, -9, -137)",-1971.0,-9.0,-137.0,,,,
687,realistic,3,x0y0,utah,12.902,15.6,Aa,saline,114.61925849129265,15.6,,b,-1,0.08,soma,83.93915606600001,1651.2191587962243,1203.0693935693453,-474.05318577299295,,1651.0,1202.7980433898006,-474.51552620854795,central,5.240000000000119,success,39.056396484375,0.005,"(1651, 451, -130)",1651.0,451.0,-130.0,1651.0,,451.0,-130.0
688,realistic,3,x0y0,utah,10.814,13.2,Aa,saline,9.954507499631546,13.2,,b,-1,0.08,soma,77.26502112200002,1586.9148919696881,262.8208604451411,1099.9153950827204,,1587.0,262.40606107599694,1100.1956596515292,none,0.0,success,105.0,0.005,"(1587, 120, 289)",1587.0,120.0,289.0,,,,
689,realistic,3,x0y0,utah,16.121,19.3,Aa,saline,150.6550902067774,19.3,,b,-1,0.08,soma,94.22844743799999,-1380.252845043531,506.92678899815337,-1243.4669409962273,,-1380.0,506.81918104468195,-1243.3539688158526,none,0.0,success,105.0,0.005,"(-1380, 99, -518)",-1380.0,99.0,-518.0,,,,
690,realistic,3,x0y0,utah,12.467,15.1,Aa,saline,-3.618911538643352,15.1,,b,-1,0.08,soma,82.548711286,1079.9409530940186,-192.70810977740533,1367.4681296220724,,1080.0,-193.1379118410733,1367.6218069317142,none,0.0,success,105.0,0.005,"(1080, -141, 543)",1080.0,-141.0,543.0,,,,
691,realistic,3,x0y0,utah,14.033,16.9,Aa,saline,140.60591144159528,16.9,,b,-1,0.08,soma,87.55431249399997,-687.8070389975766,677.1258246022088,-951.5432462348033,,-688.0,677.024861069971,-951.4789863476818,none,0.0,success,105.0,0.005,"(-688, 151, -311)",-688.0,151.0,-311.0,,,,
692,realistic,3,x0y0,utah,13.511000000000001,16.3,Aa,saline,148.23384880585712,16.3,,b,-1,0.08,soma,85.885778758,-888.2181695531121,648.262341854771,-1164.5129735481726,,-888.0,647.9119312580435,-1164.9170445500258,none,0.0,success,105.0,0.005,"(-888, 212, -461)",-888.0,212.0,-461.0,,,,
693,realistic,3,x0y0,utah,13.163,15.9,Aa,saline,321.2291286861553,15.9,,b,-1,0.08,soma,84.773422934,151.72109611410224,-129.0378158407693,150.9861529378613,,152.0,-129.1095587206355,151.11341893082,none,0.0,success,105.0,0.005,"(152, 389, -494)",152.0,389.0,-494.0,,,,
694,realistic,3,x0y0,utah,14.033,16.9,Aa,saline,146.6997443853705,16.9,,b,-1,0.08,soma,87.55431249399997,-909.256995896071,827.2275635376027,-969.3501634073616,,-909.0,826.9986587796031,-969.6919471912428,periphery,5.275000000000125,success,58.8134765625,0.005,"(-909, 372, -277)",-909.0,372.0,-277.0,-909.0,,372.0,-277.0
695,realistic,3,x0y0,utah,13.511000000000001,16.3,Aa,saline,59.479324656640166,16.3,,b,-1,0.08,soma,85.885778758,-839.9580768899327,818.8015935843146,612.6799409239175,,-840.0,819.1900049110709,612.4293992266564,none,0.0,success,105.0,0.005,"(-840, 106, 192)",-840.0,106.0,192.0,,,,
696,realistic,3,x0y0,utah,14.729,17.7,Aa,saline,-11.263157742436912,17.7,,b,-1,0.08,soma,89.77902414200001,1016.3437329727437,-196.11510085537202,1167.2969768073015,,1016.0,-196.07742170746636,1166.87264448803,none,0.0,success,105.0,0.005,"(1016, -34, 353)",1016.0,-34.0,353.0,,,,
697,realistic,3,x0y0,utah,11.771,14.3,Aa,saline,0.2171002473056127,14.3,,b,-1,0.08,soma,80.323999638,1245.826234824415,30.326220121652568,541.4305745090478,,1246.0,30.1356155993122,541.1619998190002,none,0.0,success,105.0,0.005,"(1246, 27, -284)",1246.0,27.0,-284.0,,,,
698,realistic,3,x0y0,utah,9.422,11.6,Aa,saline,110.09919893073872,11.6,,b,-1,0.08,soma,72.815597826,1382.8136198027082,1112.1332883303048,-461.98870121000886,,1383.0,1112.3840639591986,-462.2357197065069,central,5.2350000000001184,success,57.6416015625,0.005,"(1383, 341, -180)",1383.0,341.0,-180.0,1383.0,,341.0,-180.0
699,realistic,3,x0y0,utah,13.772000000000002,16.6,Aa,saline,119.0873909864608,16.6,,b,-1,0.08,soma,86.720045626,868.5961419810835,1022.258734254926,-646.2048453203279,,869.0,1021.9038239362809,-646.6658070893993,central,5.340000000000135,success,75.29296875,0.005,"(869, 298, -244)",869.0,298.0,-244.0,869.0,,298.0,-244.0
700,realistic,3,x0y0,utah,12.38,15.0,Aa,saline,141.32631919923102,15.0,,b,-1,0.08,soma,82.27062233000002,1685.8857562981225,657.7234231598559,-698.8615189082616,,1686.0,657.2519559470087,-698.9638374265157,central,5.320000000000132,success,98.291015625,0.005,"(1686, 141, -54)",1686.0,141.0,-54.0,1686.0,,141.0,-54.0
701,realistic,3,x0y0,utah,12.554,15.2,Aa,saline,40.42701114275845,15.2,,b,-1,0.08,soma,82.82680024199999,709.7731729596322,147.3316111584436,140.25693305076538,,710.0,146.9290899784686,140.06588017210538,none,0.0,success,105.0,0.005,"(710, -389, -489)",710.0,-389.0,-489.0,,,,
702,realistic,3,x0y0,utah,11.771,14.3,Aa,saline,30.336830788533465,14.3,,b,-1,0.08,soma,80.323999638,-113.77410094350626,892.0404724821033,1147.279981640244,,-114.0,891.789326108577,1147.197322043779,periphery,5.195000000000112,success,70.9228515625,0.005,"(-114, 475, 435)",-114.0,475.0,435.0,-114.0,,475.0,435.0
703,realistic,3,x0y0,utah,11.423,13.9,Aa,saline,84.96505629974433,13.9,,b,-1,0.08,soma,79.211643814,-1527.9140247815494,1031.9495878710622,251.1898679606129,,-1528.0,1032.389859201563,251.40039116343462,periphery,5.265000000000123,success,97.6318359375,0.005,"(-1528, 211, 179)",-1528.0,211.0,179.0,-1528.0,,211.0,179.0
704,realistic,3,x0y0,utah,11.945,14.5,Aa,saline,192.26028918367518,14.5,,b,-1,0.08,soma,80.88017755,1561.0394926358404,-257.840476292989,-1179.309080066305,,1561.0,-258.32347485581005,-1179.6200547509302,none,0.0,success,105.0,0.005,"(1561, -83, -373)",1561.0,-83.0,-373.0,,,,
705,realistic,3,x0y0,utah,12.119,14.7,Aa,saline,0.7101277718539983,14.7,,b,-1,0.08,soma,81.436355462,1641.4258377433966,52.960695860786934,1273.515434779736,,1641.0,53.2389054038644,1273.6356059132272,none,0.0,success,105.0,0.005,"(1641, 43, 448)",1641.0,43.0,448.0,,,,
706,realistic,3,x0y0,utah,14.729,17.7,Aa,saline,146.84633145960947,17.7,,b,-1,0.08,soma,89.77902414200001,-609.605892131714,547.0520215333913,-857.7862937959271,,-610.0,546.8665741516301,-857.7834995058414,none,0.0,success,105.0,0.005,"(-610, 93, -163)",-610.0,93.0,-163.0,,,,
707,realistic,3,x0y0,utah,14.99,18.0,Aa,saline,34.50771862535832,18.0,,b,-1,0.08,soma,90.61329101,-914.1971213405467,763.9815568440707,1177.0688947406595,,-914.0,764.3687146785826,1177.1726758961202,none,0.0,success,105.0,0.005,"(-914, 294, 493)",-914.0,294.0,493.0,,,,
708,realistic,3,x0y0,utah,15.164,18.2,Aa,saline,169.1021889120269,18.2,,b,-1,0.08,soma,91.16946892200001,-307.8279263030084,189.43035624132472,-1310.4882910033243,,-308.0,189.06357328657512,-1310.6342092407021,none,0.0,success,105.0,0.005,"(-308, 32, -495)",-308.0,32.0,-495.0,,,,
709,realistic,3,x0y0,utah,14.12,17.0,Aa,saline,-2.5934332899404646,17.0,,b,-1,0.08,soma,87.83240144999998,-841.8859132173442,-192.0219008713543,1233.2571193884164,,-842.0,-192.46701227277,1233.0872845242752,none,0.0,success,105.0,0.005,"(-842, -155, 405)",-842.0,-155.0,405.0,,,,
710,realistic,3,x0y0,utah,14.555,17.5,Aa,saline,50.2162287972424,17.5,,b,-1,0.08,soma,89.22284623,75.92862124184508,1016.9949524722788,876.4221147053986,,76.0,1016.5563786638776,876.8683496512887,periphery,5.195000000000112,success,66.546630859375,0.005,"(76, 379, 346)",76.0,379.0,346.0,76.0,,379.0,346.0
711,realistic,3,x0y0,utah,11.248999999999999,13.7,Aa,saline,88.46543012619696,13.7,,b,-1,0.08,soma,78.655465902,-180.22497575809433,1444.5280497201031,182.42436597234013,,-180.0,1443.9980018578199,182.09198324308682,periphery,5.130000000000102,success,19.390869140625,0.005,"(-180, 620, 160)",-180.0,620.0,160.0,-180.0,,620.0,160.0
712,realistic,3,x0y0,utah,13.424,16.2,Aa,saline,187.35244776139047,16.2,,b,-1,0.08,soma,85.607689802,-1201.2802974083913,-225.4672888205787,-1246.4350684811513,,-1201.0,-225.95889214732802,-1246.015853372812,none,0.0,success,105.0,0.005,"(-1201, -120, -425)",-1201.0,-120.0,-425.0,,,,
713,realistic,3,x0y0,utah,16.208,19.4,Aa,saline,29.100113411668936,19.4,,b,-1,0.08,soma,94.506536394,251.578938819353,642.5063772624444,985.764074096327,,252.0,642.7247643242013,986.2229057505389,periphery,5.220000000000116,success,77.5634765625,0.005,"(252, 238, 259)",252.0,238.0,259.0,252.0,,238.0,259.0
714,realistic,3,x0y0,utah,15.424999999999999,18.5,Aa,saline,159.32637143781858,18.5,,b,-1,0.08,soma,92.00373579,674.2274777641009,386.341158544637,-1147.0327349295073,,674.0,386.343659366935,-1147.4853476025621,none,0.0,success,105.0,0.005,"(674, 93, -370)",674.0,93.0,-370.0,,,,
715,realistic,3,x0y0,utah,14.816,17.8,Aa,saline,86.61649251204975,17.8,,b,-1,0.08,soma,90.05711309799999,-790.2295181047164,1203.650486351983,-59.49522345008791,,-790.0,1203.617508002867,-59.028315163608994,periphery,5.24500000000012,success,45.22247314453125,0.005,"(-790, 375, -108)",-790.0,375.0,-108.0,-790.0,,375.0,-108.0
716,realistic,3,x0y0,utah,14.033,16.9,Aa,saline,1.3467187582943172,16.9,,b,-1,0.08,soma,87.55431249399997,509.772563987172,-110.9727756063885,1271.7004347872216,,510.0,-110.5237368281955,1271.5285231001262,none,0.0,success,105.0,0.005,"(510, -130, 443)",510.0,-130.0,443.0,,,,
717,realistic,3,x0y0,utah,13.163,15.9,Aa,saline,166.5097989393229,15.9,,b,-1,0.08,soma,84.773422934,959.177625207305,154.52073202469228,-1375.6710179418615,,959.0,155.02931978525115,-1375.550838230511,none,0.0,success,105.0,0.005,"(959, -38, -571)",959.0,-38.0,-571.0,,,,
718,realistic,3,x0y0,utah,14.033,16.9,Aa,saline,89.0835464354858,16.9,,b,-1,0.08,soma,87.55431249399997,-1320.3843362954058,1339.153423797614,-71.74201989506673,,-1320.0,1338.6942785313754,-71.739565500048,periphery,5.170000000000108,success,17.3187255859375,0.005,"(-1320, 510, -85)",-1320.0,510.0,-85.0,-1320.0,,510.0,-85.0
719,realistic,3,x0y0,utah,11.161999999999999,13.6,Aa,saline,202.6516648811688,13.6,,b,-1,0.08,soma,78.377376946,28.64435705892476,-425.25489176100746,-1202.33168720497,,29.0,-425.3950639309524,-1202.643740591732,none,0.0,success,105.0,0.005,"(29, -108, -442)",29.0,-108.0,-442.0,,,,
720,realistic,3,x0y0,utah,15.686000000000002,18.8,Aa,saline,124.6554175166548,18.8,,b,-1,0.08,soma,92.838002658,1022.3884975483003,930.3137247239006,-765.9477235944804,,1022.0,929.9252704932356,-765.7448441556695,central,5.365000000000139,success,91.1865234375,0.005,"(1022, 246, -293)",1022.0,246.0,-293.0,1022.0,,246.0,-293.0
721,realistic,3,x0y0,utah,9.857,12.1,Aa,saline,-26.237405984314986,12.1,,b,-1,0.08,soma,74.206042606,1182.8612083544247,-426.58564069778777,1225.632857365542,,1183.0,-426.4517457180564,1225.426410108791,none,0.0,success,105.0,0.005,"(1183, -63, 488)",1183.0,-63.0,488.0,,,,
722,realistic,3,x0y0,utah,13.859,16.7,Aa,saline,203.53391186060875,16.7,,b,-1,0.08,soma,86.998134582,-1482.7125383584255,-555.4535394131161,-1053.5616686000205,,-1483.0,-555.8196775692963,-1053.567944892389,none,0.0,success,105.0,0.005,"(-1483, -225, -294)",-1483.0,-225.0,-294.0,,,,
723,realistic,3,x0y0,utah,12.467,15.1,Aa,saline,199.097201865611,15.1,,b,-1,0.08,soma,82.548711286,-254.8032487677261,-414.893983126949,-1377.1724064927191,,-255.0,-415.35696916638966,-1376.829266082635,none,0.0,success,105.0,0.005,"(-255, -145, -596)",-255.0,-145.0,-596.0,,,,
724,realistic,3,x0y0,utah,12.119,14.7,Aa,saline,64.44499163977679,14.7,,b,-1,0.08,soma,81.436355462,-50.894913163417776,1259.4137492176214,699.8595067234938,,-51.0,1258.9629399489083,700.2148218731535,periphery,5.170000000000108,success,53.02734375,0.005,"(-51, 514, 344)",-51.0,514.0,344.0,-51.0,,514.0,344.0
725,realistic,3,x0y0,utah,11.161999999999999,13.6,Aa,saline,59.20656556225328,13.6,,b,-1,0.08,soma,78.377376946,-1486.6575219827835,987.8804496077347,758.82151526361,,-1487.0,987.9780833983073,758.9021896293289,periphery,5.300000000000129,success,96.533203125,0.005,"(-1487, 280, 337)",-1487.0,280.0,337.0,-1487.0,,280.0,337.0
726,realistic,3,x0y0,utah,10.814,13.2,Aa,saline,110.52849639150864,13.2,,b,-1,0.08,soma,77.26502112200002,-345.17637810802773,1052.6105992130153,-478.9818612059598,,-345.0,1052.3318461403767,-478.8479214537428,central,5.185000000000111,success,70.59326171875,0.005,"(-345, 281, -190)",-345.0,281.0,-190.0,-345.0,,281.0,-190.0
727,realistic,3,x0y0,utah,13.685,16.5,Aa,saline,103.52549868033,16.5,,b,-1,0.08,soma,86.44195667,185.0200796713808,1251.78094207907,-536.3404414343045,,185.0,1252.2792572351207,-536.7208868325565,periphery,5.205000000000114,success,62.79296875,0.005,"(185, 447, -343)",185.0,447.0,-343.0,185.0,,447.0,-343.0
728,realistic,3,x0y0,utah,8.639,10.7,Aa,saline,126.70528406274006,10.7,,b,-1,0.08,soma,70.312797222,1633.388239193986,805.3350033054165,-458.6459037454206,,1633.0,805.5193847664389,-458.20747944979485,none,0.0,success,105.0,0.005,"(1633, 148, 32)",1633.0,148.0,32.0,,,,
729,realistic,3,x0y0,utah,15.860000000000001,19.0,Aa,saline,-25.45509435361811,19.0,,b,-1,0.08,soma,93.39418057,-562.3342380402324,-623.9050717466571,1165.0909359956156,,-562.0,-623.4634094044932,1164.9393028183267,none,0.0,success,105.0,0.005,"(-562, -266, 414)",-562.0,-266.0,414.0,,,,
730,realistic,3,x0y0,utah,12.641,15.3,Aa,saline,43.86566665817936,15.3,,b,-1,0.08,soma,83.104889198,1460.9761522015906,885.9978235689806,858.4905455761627,,1461.0,885.8008441071072,858.9443125558792,central,5.295000000000128,success,70.9228515625,0.005,"(1461, 313, 263)",1461.0,313.0,263.0,1461.0,,313.0,263.0
731,realistic,3,x0y0,utah,12.554,15.2,Aa,saline,324.68664314177886,15.2,,b,-1,0.08,soma,82.82680024199999,-1103.9075577332935,-586.6965622731186,873.5514604832953,,-1104.0,-586.6669452699381,873.3533344987361,none,0.0,success,105.0,0.005,"(-1104, -109, 199)",-1104.0,-109.0,199.0,,,,
732,realistic,3,x0y0,utah,11.771,14.3,Aa,saline,199.83269015582525,14.3,,b,-1,0.08,soma,80.323999638,560.1325147403033,-339.22700830221856,-1191.7743845538769,,560.0,-338.9774665385868,-1192.2298932297335,none,0.0,success,105.0,0.005,"(560, -59, -416)",560.0,-59.0,-416.0,,,,
733,realistic,3,x0y0,utah,12.119,14.7,Aa,saline,85.78055163143452,14.7,,b,-1,0.08,soma,81.436355462,1114.5079642222947,497.28516595027213,-23.334012232613077,,1115.0,497.4887386511265,-23.227142118998387,none,0.0,success,105.0,0.005,"(1115, -326, -84)",1115.0,-326.0,-84.0,,,,
734,realistic,3,x0y0,utah,11.684,14.2,Aa,saline,-1.035963583631154,14.2,,b,-1,0.08,soma,80.045910682,-785.9182377909273,136.1595124290111,1174.028315490199,,-786.0,136.0670845083279,1173.8579507499321,none,0.0,success,105.0,0.005,"(-786, 151, 349)",-786.0,151.0,349.0,,,,
735,realistic,3,x0y0,utah,14.555,17.5,Aa,saline,213.03308696955486,17.5,,b,-1,0.08,soma,89.22284623,1453.721364601771,-544.4139987892254,-1042.7078445142508,,1454.0,-544.2211867399867,-1042.5462171396161,none,0.0,success,105.0,0.005,"(1454, -92, -347)",1454.0,-92.0,-347.0,,,,
736,realistic,3,x0y0,utah,14.467999999999998,17.4,Aa,saline,56.522297050846795,17.4,,b,-1,0.08,soma,88.944757274,377.1717129274031,870.5434311475577,798.6690677369818,,377.0,870.8629110211218,798.5369640561694,none,0.0,success,105.0,0.005,"(377, 179, 341)",377.0,179.0,341.0,,,,
737,realistic,3,x0y0,utah,16.294999999999998,19.5,Aa,saline,317.10871547394936,19.5,,b,-1,0.08,soma,94.78462535,-855.0918500798832,-543.2102063749777,634.5674118057027,,-855.0,-543.5262080066051,634.8106082657051,none,0.0,success,105.0,0.005,"(-855, 23, 25)",-855.0,23.0,25.0,,,,
738,realistic,3,x0y0,utah,14.033,16.9,Aa,saline,124.76727700812135,16.9,,b,-1,0.08,soma,87.55431249399997,255.76720613516042,846.6587121913773,-829.8753698078826,,256.0,846.8404338569106,-829.5687344920395,none,0.0,success,105.0,0.005,"(256, 166, -357)",256.0,166.0,-357.0,,,,
739,realistic,3,x0y0,utah,10.292,12.6,Aa,saline,-10.028612792979468,12.6,,b,-1,0.08,soma,75.596487386,-1054.0431896437346,-41.12706697579461,1248.0966339276931,,-1054.0,-41.24917422695134,1248.2094305644973,none,0.0,success,105.0,0.005,"(-1054, 102, 438)",-1054.0,102.0,438.0,,,,
740,realistic,3,x0y0,utah,11.597,14.1,Aa,saline,65.4406777736323,14.1,,b,-1,0.08,soma,79.76782172600001,-169.16526833003266,971.0869587609022,384.6210261531355,,-169.0,971.2319169298987,384.8217533546629,tjn,5.195000000000112,success,43.6431884765625,0.005,"(-169, 221, 42)",-169.0,221.0,42.0,-169.0,,221.0,42.0
741,realistic,3,x0y0,utah,11.161999999999999,13.6,Aa,saline,58.08534197620326,13.6,,b,-1,0.08,soma,78.377376946,-1987.910489485362,807.0825315200409,530.5069928214251,,-1988.0,806.5713587758827,530.7485595956753,periphery,5.190000000000111,success,105.0,0.005,"(-1988, 107, 95)",-1988.0,107.0,95.0,-1988.0,,107.0,95.0
742,realistic,3,x0y0,utah,14.293999999999999,17.2,Aa,saline,138.1045401598243,17.2,,b,-1,0.08,soma,88.388579362,280.20031072382596,857.6932621402739,-1001.2355410587927,,280.0,857.7359466489719,-1001.2522292385365,periphery,5.205000000000114,success,88.22021484375,0.005,"(280, 304, -384)",280.0,304.0,-384.0,280.0,,304.0,-384.0
743,realistic,3,x0y0,utah,11.248999999999999,13.7,Aa,saline,46.88091949376833,13.7,,b,-1,0.08,soma,78.655465902,-1481.0044714317053,1009.9857330896498,842.8604803271664,,-1481.0,1009.6768122809351,842.4280054720086,periphery,5.215000000000115,success,60.791015625,0.005,"(-1481, 408, 279)",-1481.0,408.0,279.0,-1481.0,,408.0,279.0
744,realistic,3,x0y0,utah,13.163,15.9,Aa,saline,86.98769468036447,15.9,,b,-1,0.08,soma,84.773422934,-1965.529545422543,1163.8017043203872,-81.00997272487349,,-1966.0,1164.2283700709463,-80.47945897683579,periphery,5.250000000000121,success,44.110107421875,0.005,"(-1966, 338, -124)",-1966.0,338.0,-124.0,-1966.0,,338.0,-124.0
745,realistic,3,x0y0,utah,12.206000000000001,14.8,Aa,saline,166.1106366740523,14.8,,b,-1,0.08,soma,81.714444418,393.68489535845526,96.82162444477129,-1397.0931656274493,,394.0,97.20573333016003,-1396.7421913204973,none,0.0,success,105.0,0.005,"(394, -101, -595)",394.0,-101.0,-595.0,,,,
746,realistic,3,x0y0,utah,12.206000000000001,14.8,Aa,saline,237.48336768584736,14.8,,b,-1,0.08,soma,81.714444418,1797.989507484129,-341.9059545887635,-263.2438431112337,,1798.0,-342.36280976662886,-262.8982569373376,central,5.295000000000128,success,55.06591796875,0.005,"(1798, 354, 181)",1798.0,354.0,181.0,1798.0,,354.0,181.0
747,realistic,3,x0y0,utah,11.597,14.1,Aa,saline,31.56380441013977,14.1,,b,-1,0.08,soma,79.76782172600001,-198.45846641803573,867.5105694848016,1155.4242737520074,,-198.0,867.7442389456943,1155.8835804463624,periphery,5.190000000000111,success,79.9072265625,0.005,"(-198, 436, 453)",-198.0,436.0,453.0,-198.0,,436.0,453.0
748,realistic,3,x0y0,utah,14.99,18.0,Aa,saline,40.43799362058558,18.0,,b,-1,0.08,soma,90.61329101,-1505.1782415909045,822.8152908518167,895.1071433426355,,-1505.0,822.5368902745431,894.9463878938557,periphery,5.300000000000129,success,74.51171875,0.005,"(-1505, 284, 263)",-1505.0,284.0,263.0,-1505.0,,284.0,263.0
749,realistic,3,x0y0,utah,14.033,16.9,Aa,saline,90.19863101790202,16.9,,b,-1,0.08,soma,87.55431249399997,216.71038575936885,1284.7013247090144,-184.1572732173936,,217.0,1284.7771562470002,-183.9007200468645,tjn,5.155000000000106,success,30.3955078125,0.005,"(217, 456, -181)",217.0,456.0,-181.0,217.0,,456.0,-181.0
750,realistic,3,x0y0,utah,14.816,17.8,Aa,saline,147.838229152004,17.8,,b,-1,0.08,soma,90.05711309799999,-672.7225692827957,681.5869288132826,-1246.92213382014,,-673.0,681.8242006510328,-1246.6191731187287,none,0.0,success,105.0,0.005,"(-673, 240, -544)",-673.0,240.0,-544.0,,,,
751,realistic,3,x0y0,utah,13.859,16.7,Aa,saline,52.278942041748856,16.7,,b,-1,0.08,soma,86.998134582,-1011.0937078393404,967.76939883887,746.868566987434,,-1011.0,967.3427622271813,746.875729368634,periphery,5.250000000000121,success,67.041015625,0.005,"(-1011, 312, 240)",-1011.0,312.0,240.0,-1011.0,,312.0,240.0
752,realistic,3,x0y0,utah,12.119,14.7,Aa,saline,108.27850388996971,14.7,,b,-1,0.08,soma,81.436355462,-1640.8484661289112,1135.2433349028504,-577.8882376010392,,-1641.0,1135.0194097555845,-577.9452205364416,periphery,5.305000000000129,success,77.5634765625,0.005,"(-1641, 351, -319)",-1641.0,351.0,-319.0,-1641.0,,351.0,-319.0
753,realistic,3,x0y0,utah,13.076,15.8,Aa,saline,167.36778414312514,15.8,,b,-1,0.08,soma,84.495333978,-355.81778359661536,362.9903046061645,-1380.0151467276953,,-356.0,362.91906477049434,-1380.2282734478663,none,0.0,success,105.0,0.005,"(-356, 182, -573)",-356.0,182.0,-573.0,,,,
754,realistic,3,x0y0,utah,9.161000000000001,11.3,Aa,saline,113.8518105991746,11.3,,b,-1,0.08,soma,71.981330958,-1253.0333650235825,942.4932888151744,-466.55186322909964,,-1253.0,942.8780626470935,-467.0086251197077,periphery,5.1650000000001075,success,105.0,0.005,"(-1253, 192, -135)",-1253.0,192.0,-135.0,-1253.0,,192.0,-135.0
755,realistic,3,x0y0,utah,12.554,15.2,Aa,saline,57.0609521598194,15.2,,b,-1,0.08,soma,82.82680024199999,-1163.4234291782589,1062.0382379320208,658.8841338884839,,-1163.0,1061.5261253815434,659.3209656457877,periphery,5.2350000000001184,success,50.68359375,0.005,"(-1163, 368, 210)",-1163.0,368.0,210.0,-1163.0,,368.0,210.0
756,realistic,3,x0y0,utah,12.293000000000001,14.9,Aa,saline,131.84229954634287,14.9,,b,-1,0.08,soma,81.99253337399999,-1496.043228775702,959.0167909496404,-795.4811546296487,,-1496.0,959.3672186818152,-795.0221095068979,periphery,5.260000000000122,success,63.8916015625,0.005,"(-1496, 344, -244)",-1496.0,344.0,-244.0,-1496.0,,344.0,-244.0
757,realistic,3,x0y0,utah,11.423,13.9,Aa,saline,102.62062765437004,13.9,,b,-1,0.08,soma,79.211643814,1598.3996786688915,1248.5957275141827,-204.1612631162743,,1598.0,1248.6503610168509,-204.17637208667955,central,5.220000000000116,success,33.026123046875,0.005,"(1598, 444, -24)",1598.0,444.0,-24.0,1598.0,,444.0,-24.0
758,realistic,3,x0y0,utah,10.553,12.9,Aa,saline,170.65282844181797,12.9,,b,-1,0.08,soma,76.430754254,1287.0795377528782,93.36253027116844,-601.6159026168607,,1287.0,93.69017724542482,-601.2666126112111,none,0.0,success,105.0,0.005,"(1287, -40, 211)",1287.0,-40.0,211.0,,,,
759,realistic,3,x0y0,utah,12.641,15.3,Aa,saline,76.60353566859379,15.3,,b,-1,0.08,soma,83.104889198,-348.6735671810746,1157.5447869362579,268.4462397202092,,-349.0,1157.0702181059075,268.5122014135884,tjn,5.1650000000001075,success,31.94580078125,0.005,"(-349, 353, 77)",-349.0,353.0,77.0,-349.0,,353.0,77.0
760,realistic,3,x0y0,utah,13.511000000000001,16.3,Aa,saline,135.40549508705382,16.3,,b,-1,0.08,soma,85.885778758,1948.4606000611375,628.3031580626844,-662.1822956118631,,1948.0,628.298702632996,-662.578131526786,none,0.0,success,105.0,0.005,"(1948, 47, -73)",1948.0,47.0,-73.0,,,,
761,realistic,3,x0y0,utah,12.293000000000001,14.9,Aa,saline,201.26170199891263,14.9,,b,-1,0.08,soma,81.99253337399999,-229.03973266684673,-522.308990090954,-1288.349361270626,,-229.0,-522.5062463007063,-1288.7459209256153,none,0.0,success,105.0,0.005,"(-229, -223, -519)",-229.0,-223.0,-519.0,,,,
762,realistic,3,x0y0,utah,13.946,16.8,Aa,saline,146.52867110611925,16.8,,b,-1,0.08,soma,87.27622353800001,256.68528872881427,676.508314184568,-881.0124578200273,,257.0,675.9939186406036,-881.2499128377001,periphery,5.220000000000116,success,79.046630859375,0.005,"(257, 219, -190)",257.0,219.0,-190.0,257.0,,219.0,-190.0
763,realistic,3,x0y0,utah,12.119,14.7,Aa,saline,91.0145550945068,14.7,,b,-1,0.08,soma,81.436355462,1595.2581938060848,1285.0439600732152,64.43511428797592,,1595.0,1284.553034095454,64.3847882541613,central,5.215000000000115,success,33.2733154296875,0.005,"(1595, 459, 79)",1595.0,459.0,79.0,1595.0,,459.0,79.0
764,realistic,3,x0y0,utah,14.293999999999999,17.2,Aa,saline,69.92516330774957,17.2,,b,-1,0.08,soma,88.388579362,387.6544780448978,1089.4447780221851,430.29149289151877,,388.0,1089.7792768683953,430.5794802185193,periphery,5.195000000000112,success,54.26025390625,0.005,"(388, 311, 146)",388.0,311.0,146.0,388.0,,311.0,146.0
765,realistic,3,x0y0,utah,16.642999999999997,19.9,Aa,saline,10.589329006738836,19.9,,b,-1,0.08,soma,95.89698117399999,946.7814325079988,156.61154703593775,1176.6568349777408,,947.0,157.0959325698906,1176.7883662470213,none,0.0,success,105.0,0.005,"(947, 4, 358)",947.0,4.0,358.0,,,,
766,realistic,3,x0y0,utah,12.119,14.7,Aa,saline,164.08882802855004,14.7,,b,-1,0.08,soma,81.436355462,-1302.6020813306175,467.1789681564984,-1268.7453400003226,,-1303.0,467.32935251606716,-1269.093171523903,none,0.0,success,105.0,0.005,"(-1303, 241, -475)",-1303.0,241.0,-475.0,,,,
767,realistic,3,x0y0,utah,12.728,15.4,Aa,saline,20.291840120987874,15.4,,b,-1,0.08,soma,83.382978154,-725.3275650472302,595.9544790274554,1195.620222863031,,-725.0,595.6966084119038,1195.3539476053184,periphery,5.270000000000124,success,93.603515625,0.005,"(-725, 309, 420)",-725.0,309.0,420.0,-725.0,,309.0,420.0
768,realistic,3,x0y0,utah,12.728,15.4,Aa,saline,73.7107580649358,15.4,,b,-1,0.08,soma,83.382978154,506.94982342397424,1023.70449366384,331.4554119173631,,507.0,1023.5411603650125,331.8869626860986,periphery,5.250000000000121,success,66.546630859375,0.005,"(507, 230, 100)",507.0,230.0,100.0,507.0,,230.0,100.0
769,realistic,3,x0y0,utah,12.728,15.4,Aa,saline,156.47632028881202,15.4,,b,-1,0.08,soma,83.382978154,-1747.8670183769348,319.28457220550536,-843.8563086326121,,-1748.0,318.9325732906308,-843.9934263347016,none,0.0,success,105.0,0.005,"(-1748, -11, -86)",-1748.0,-11.0,-86.0,,,,
770,realistic,3,x0y0,utah,12.206000000000001,14.8,Aa,saline,-25.71844956306295,14.8,,b,-1,0.08,soma,81.714444418,-530.7088719317032,-554.2993861312088,1104.6548339701112,,-531.0,-554.3394487164851,1105.0147714880882,none,0.0,success,105.0,0.005,"(-531, -196, 361)",-531.0,-196.0,361.0,,,,
771,realistic,3,x0y0,utah,11.771,14.3,Aa,saline,-20.80491763652563,14.3,,b,-1,0.08,soma,80.323999638,-1748.9404644836065,-556.9909532137262,997.5370698116467,,-1749.0,-557.0975423357089,997.3614374308014,none,0.0,success,105.0,0.005,"(-1749, -264, 226)",-1749.0,-264.0,226.0,,,,
772,realistic,3,x0y0,utah,13.076,15.8,Aa,saline,81.20289675156447,15.8,,b,-1,0.08,soma,84.495333978,470.6159374255805,1407.4614033726248,227.810379050874,,471.0,1407.48614451853,227.48616828261814,central,5.18000000000011,success,13.7664794921875,0.005,"(471, 590, 101)",471.0,590.0,101.0,471.0,,590.0,101.0
773,realistic,3,x0y0,utah,12.815,15.5,Aa,saline,85.85801289136094,15.5,,b,-1,0.08,soma,83.66106711,501.4027569147841,1377.3390269301801,-30.28414661129364,,501.0,1377.6807741677571,-30.302835477328983,central,5.185000000000111,success,14.90936279296875,0.005,"(501, 553, -90)",501.0,553.0,-90.0,501.0,,553.0,-90.0
774,realistic,3,x0y0,utah,13.597999999999999,16.4,Aa,saline,344.7332957261896,16.4,,b,-1,0.08,soma,86.16386771399998,-903.9667174546504,-360.6915300724186,1130.345838840888,,-904.0,-361.03397318454813,1129.8506415918482,none,0.0,success,105.0,0.005,"(-904, -143, 331)",-904.0,-143.0,331.0,,,,
775,realistic,3,x0y0,utah,12.032,14.6,Aa,saline,109.10128585373363,14.6,,b,-1,0.08,soma,81.15826650599999,1936.3309122783553,923.29418412884,-446.5555853383098,,1936.0,923.0897230107599,-446.12949240038165,central,5.220000000000116,success,105.0,0.005,"(1936, 143, -176)",1936.0,143.0,-176.0,1936.0,,143.0,-176.0
776,realistic,3,x0y0,utah,10.553,12.9,Aa,saline,33.48251586822471,12.9,,b,-1,0.08,soma,76.430754254,689.0303447450003,579.1316712800781,1027.3601187823917,,689.0,579.1679235609661,1027.643946061631,none,0.0,success,105.0,0.005,"(689, 125, 341)",689.0,125.0,341.0,,,,
777,realistic,3,x0y0,utah,14.381,17.3,Aa,saline,177.85682657350873,17.3,,b,-1,0.08,soma,88.66666831799999,1067.3820527578405,50.26871683344416,-1170.114626085522,,1067.0,50.01706669754661,-1169.7528008250888,none,0.0,success,105.0,0.005,"(1067, 19, -341)",1067.0,19.0,-341.0,,,,
778,realistic,3,x0y0,utah,12.467,15.1,Aa,saline,187.03568085339316,15.1,,b,-1,0.08,soma,82.548711286,722.9636136517212,-189.36397702682098,-1360.0915410548441,,723.0,-189.2186085662675,-1360.0772979756775,none,0.0,success,105.0,0.005,"(723, -88, -540)",723.0,-88.0,-540.0,,,,
779,realistic,3,x0y0,utah,13.946,16.8,Aa,saline,79.6444935192747,16.8,,b,-1,0.08,soma,87.27622353800001,1632.5630760657868,1070.8765480560603,266.4078611425893,,1633.0,1071.1313105471654,265.98913249606625,central,5.290000000000127,success,72.900390625,0.005,"(1633, 256, 117)",1633.0,256.0,117.0,1633.0,,256.0,117.0
780,realistic,3,x0y0,utah,13.25,16.0,Aa,saline,38.92796441729259,16.0,,b,-1,0.08,soma,85.05151189,-26.518091722267823,800.5122741630223,843.1166481798982,,-27.0,800.9344324602437,842.7322855496158,periphery,5.205000000000114,success,62.79296875,0.005,"(-27, 281, 199)",-27.0,281.0,199.0,-27.0,,281.0,199.0
781,realistic,3,x0y0,utah,13.859,16.7,Aa,saline,148.5755199297846,16.7,,b,-1,0.08,soma,86.998134582,-222.4906997790881,772.3129418356592,-1190.2574908554848,,-222.0,771.9794136855276,-1189.9582541194104,periphery,5.220000000000116,success,97.6318359375,0.005,"(-222, 340, -483)",-222.0,340.0,-483.0,-222.0,,340.0,-483.0
782,realistic,3,x0y0,utah,13.337000000000002,16.1,Aa,saline,83.53358738888723,16.1,,b,-1,0.08,soma,85.329600846,244.03424322671768,1169.612861774659,122.9060327089187,,244.0,1169.3677457002932,123.19505652762983,tjn,5.155000000000106,success,18.22509765625,0.005,"(244, 347, 30)",244.0,347.0,30.0,244.0,,511.4735491400586,48.63901130552597
783,realistic,3,x0y0,utah,13.337000000000002,16.1,Aa,saline,75.21045020876512,16.1,,b,-1,0.08,soma,85.329600846,643.9493900119198,1388.6401567731773,248.2102075187945,,644.0,1388.2690955289988,248.30282354799198,central,5.185000000000111,success,14.410400390625,0.005,"(644, 588, 37)",644.0,588.0,37.0,644.0,,588.0,37.0
784,realistic,3,x0y0,utah,11.597,14.1,Aa,saline,110.56124123467369,14.1,,b,-1,0.08,soma,79.76782172600001,479.04585484191114,1324.164530063511,-451.70814447464005,,479.0,1324.338805741027,-451.69922949508566,central,5.175000000000109,success,24.005126953125,0.005,"(479, 552, -162)",479.0,552.0,-162.0,479.0,,552.0,-162.0
785,realistic,3,x0y0,utah,11.597,14.1,Aa,saline,141.43054884264652,14.1,,b,-1,0.08,soma,79.76782172600001,-1618.5973217318094,808.3468256502903,-777.3454720992322,,-1619.0,808.3151184230807,-776.9767299037799,periphery,5.285000000000126,success,62.79296875,0.005,"(-1619, 294, -132)",-1619.0,294.0,-132.0,-1619.0,,294.0,-132.0
786,realistic,3,x0y0,utah,13.859,16.7,Aa,saline,182.97317494081813,16.7,,b,-1,0.08,soma,86.998134582,-1034.386913321082,-175.27942449580402,-1205.8434058851926,,-1034.0,-174.99910159240292,-1205.422018503522,none,0.0,success,105.0,0.005,"(-1034, -132, -378)",-1034.0,-132.0,-378.0,,,,
787,realistic,3,x0y0,utah,13.511000000000001,16.3,Aa,saline,115.2213049681164,16.3,,b,-1,0.08,soma,85.885778758,-1637.615747601357,248.5634212917503,-125.67229669913469,,-1638.0,249.03993202118147,-125.78646516439198,none,0.0,success,105.0,0.005,"(-1638, -500, 227)",-1638.0,-500.0,227.0,,,,
788,realistic,3,x0y0,utah,13.511000000000001,16.3,Aa,saline,33.28897664007929,16.3,,b,-1,0.08,soma,85.885778758,41.00762183926389,558.8679643772912,843.4617406276558,,41.0,558.4578519801332,843.0774612319062,none,0.0,success,105.0,0.005,"(41, 104, 151)",41.0,104.0,151.0,,,,
789,realistic,3,x0y0,utah,11.075,13.5,Aa,saline,14.948168977261536,13.5,,b,-1,0.08,soma,78.09928799,-679.0831246944363,547.6243758137116,1326.050164337219,,-679.0,547.5224031863106,1326.1967660279693,none,0.0,success,105.0,0.005,"(-679, 335, 530)",-679.0,335.0,530.0,,,,
790,realistic,3,x0y0,utah,15.338,18.4,Aa,saline,96.0047262976166,18.4,,b,-1,0.08,soma,91.725646834,964.8686130257622,1134.3340515142045,-70.26501266509058,,965.0,1134.2930778882069,-69.90825132941823,central,5.31000000000013,success,53.271484375,0.005,"(965, 308, 17)",965.0,308.0,17.0,965.0,,308.0,17.0
791,realistic,3,x0y0,utah,11.075,13.5,Aa,saline,202.08285043344318,13.5,,b,-1,0.08,soma,78.09928799,-916.0692705178062,-597.6795436306679,-1212.0430566921714,,-916.0,-597.7602611777206,-1211.5644001257672,none,0.0,success,105.0,0.005,"(-916, -288, -448)",-916.0,-288.0,-448.0,,,,
792,realistic,3,x0y0,utah,11.597,14.1,Aa,saline,52.24008567665473,14.1,,b,-1,0.08,soma,79.76782172600001,-618.3961586653459,892.002638123774,654.655463695191,,-618.0,892.153219928288,655.1589070125015,periphery,5.320000000000132,success,85.58349609375,0.005,"(-618, 240, 150)",-618.0,240.0,150.0,-618.0,,240.0,150.0
793,realistic,3,x0y0,utah,12.119,14.7,Aa,saline,21.57509033744656,14.7,,b,-1,0.08,soma,81.436355462,-277.9491904622984,476.44244904104147,1135.1428938597564,,-278.0,476.6165739516888,1134.835333472057,none,0.0,success,105.0,0.005,"(-278, 173, 367)",-278.0,173.0,367.0,,,,
794,realistic,3,x0y0,utah,13.511000000000001,16.3,Aa,saline,74.10994026581861,16.3,,b,-1,0.08,soma,85.885778758,-743.7018922361743,1295.6253752340456,379.0842180005111,,-744.0,1295.3154710047224,378.6907631119702,periphery,5.185000000000111,success,29.095458984375,0.005,"(-744, 499, 152)",-744.0,499.0,152.0,-744.0,,499.0,152.0
795,realistic,3,x0y0,utah,16.642999999999997,19.9,Aa,saline,-20.999000876844033,19.9,,b,-1,0.08,soma,95.89698117399999,215.72465247869732,-367.9426955198114,1386.343583208305,,216.0,-367.52873902638083,1386.6407108120234,none,0.0,success,105.0,0.005,"(216, -69, 609)",216.0,-69.0,609.0,,,,
796,realistic,3,x0y0,utah,15.251000000000001,18.3,Aa,saline,1.7368247630898035,18.3,,b,-1,0.08,soma,91.447557878,-717.0885208454753,-55.42362965146185,1176.0657801130635,,-717.0,-55.82906949814829,1176.3084170495308,none,0.0,success,105.0,0.005,"(-717, -81, 346)",-717.0,-81.0,346.0,,,,
797,realistic,3,x0y0,utah,14.902999999999999,17.9,Aa,saline,195.87973189558758,17.9,,b,-1,0.08,soma,90.33520205399999,-1257.628974981712,-292.6378225630365,-796.3249631135433,,-1258.0,-292.13385564098724,-796.4551986677687,none,0.0,success,105.0,0.005,"(-1258, -65, 2)",-1258.0,-65.0,2.0,,,,
798,realistic,3,x0y0,utah,14.293999999999999,17.2,Aa,saline,194.31768978851719,17.2,,b,-1,0.08,soma,88.388579362,1430.265282812801,-274.5083307280284,-1261.5767869288945,,1430.0,-274.0597478381113,-1261.406347271921,none,0.0,success,105.0,0.005,"(1430, -69, -458)",1430.0,-69.0,-458.0,,,,
799,realistic,3,x0y0,utah,7.943,9.9,Aa,saline,119.39789974426529,9.9,,b,-1,0.08,soma,68.08808557399999,-823.6978991890129,718.0815586832887,-326.6501622299488,,-824.0,718.5511700760345,-327.0687206041384,none,0.0,success,105.0,0.005,"(-824, 5, 75)",-824.0,5.0,75.0,,,,
800,realistic,3,x0y0,utah,12.467,15.1,Aa,saline,196.28527752948347,15.1,,b,-1,0.08,soma,82.548711286,280.43560777760024,-233.27346188960968,-1340.3583951950525,,280.0,-233.68732932229722,-1340.140753981716,none,0.0,success,105.0,0.005,"(280, -2, -547)",280.0,-2.0,-547.0,,,,
801,realistic,3,x0y0,utah,13.511000000000001,16.3,Aa,saline,183.55296961560745,16.3,,b,-1,0.08,soma,85.885778758,-711.5482772050133,-311.94409188204463,-1334.9018536717647,,-712.0,-312.332459141498,-1335.36979788918,none,0.0,success,105.0,0.005,"(-712, -261, -509)",-712.0,-261.0,-509.0,,,,
802,realistic,3,x0y0,utah,16.468999999999998,19.7,Aa,saline,144.45620021046904,19.7,,b,-1,0.08,soma,95.34080326200001,1558.7729201952,585.4775855407918,-1076.0269667679224,,1559.0,585.0313044681004,-1076.5439058071447,none,0.0,success,105.0,0.005,"(1559, 101, -399)",1559.0,101.0,-399.0,,,,
803,realistic,3,x0y0,utah,11.945,14.5,Aa,saline,70.46606263671094,14.5,,b,-1,0.08,soma,80.88017755,-1010.4913947951864,1168.4931387660554,644.0914586486219,,-1010.0,1168.8947396615602,644.02716568636,periphery,5.295000000000128,success,80.45654296875,0.005,"(-1010, 391, 368)",-1010.0,391.0,368.0,-1010.0,,391.0,368.0
804,realistic,3,x0y0,utah,11.684,14.2,Aa,saline,2.7924398062268962,14.2,,b,-1,0.08,soma,80.045910682,1796.5645407805612,171.11534000352185,1122.3561366650283,,1797.0,171.17861792510672,1122.032927794591,none,0.0,success,105.0,0.005,"(1797, 131, 298)",1797.0,131.0,298.0,,,,
805,realistic,3,x0y0,utah,14.555,17.5,Aa,saline,145.19572608340192,17.5,,b,-1,0.08,soma,89.22284623,-1530.2918207519047,551.9921921193463,-938.5743640575593,,-1530.0,551.542200314042,-938.1939395197268,none,0.0,success,105.0,0.005,"(-1530, 78, -257)",-1530.0,78.0,-257.0,,,,
806,realistic,3,x0y0,utah,11.858,14.4,Aa,saline,149.80553432042208,14.4,,b,-1,0.08,soma,80.60208859400001,-1280.3377787968084,533.3349257221994,-1149.551486082126,,-1280.0,533.0438951769614,-1149.3076925858973,none,0.0,success,105.0,0.005,"(-1280, 118, -436)",-1280.0,118.0,-436.0,,,,
807,realistic,3,x0y0,utah,13.424,16.2,Aa,saline,361.3893303192852,16.2,,b,-1,0.08,soma,85.607689802,380.5594137635025,-107.50344998180937,1150.7896288895818,,381.0,-107.9671469533958,1150.5555037475299,none,0.0,success,105.0,0.005,"(381, -128, 323)",381.0,-128.0,323.0,,,,
808,realistic,3,x0y0,utah,11.771,14.3,Aa,saline,39.90029268431017,14.3,,b,-1,0.08,soma,80.323999638,1070.85616838076,772.7142119040773,1077.9699826315787,,1071.0,772.3414228838886,1078.064286261137,none,0.0,success,105.0,0.005,"(1071, 243, 445)",1071.0,243.0,445.0,,,,
809,realistic,3,x0y0,utah,11.771,14.3,Aa,saline,132.15085495786687,14.3,,b,-1,0.08,soma,80.323999638,-114.09664918082971,806.5968600292499,-810.6591878989384,,-114.0,806.7751066658068,-810.7662180785311,periphery,5.275000000000125,success,105.0,0.005,"(-114, 195, -257)",-114.0,195.0,-257.0,-114.0,,195.0,-257.0
810,realistic,3,x0y0,utah,10.379,12.7,Aa,saline,215.6493345777225,12.7,,b,-1,0.08,soma,75.874576342,1231.5036917921154,-562.7261221061303,-1088.6794994801526,,1232.0,-562.6078515460589,-1088.7188403677546,none,0.0,success,105.0,0.005,"(1232, -83, -420)",1232.0,-83.0,-420.0,,,,
811,realistic,3,x0y0,utah,13.25,16.0,Aa,saline,119.37010910884771,16.0,,b,-1,0.08,soma,85.05151189,1812.3630720527067,1074.4708722001378,-608.545017543921,,1812.0,1074.1886963060679,-608.8186307154281,central,5.300000000000129,success,57.0556640625,0.005,"(1812, 353, -203)",1812.0,353.0,-203.0,1812.0,,353.0,-203.0
812,realistic,3,x0y0,utah,11.771,14.3,Aa,saline,-0.543950700195991,14.3,,b,-1,0.08,soma,80.323999638,866.0702686298387,61.578141140211294,1339.7725741859867,,866.0,61.1609610017195,1340.1619998190004,none,0.0,success,105.0,0.005,"(866, 69, 515)",866.0,69.0,515.0,,,,
813,realistic,3,x0y0,utah,12.293000000000001,14.9,Aa,saline,53.16761372989565,14.9,,b,-1,0.08,soma,81.99253337399999,1521.8412327289493,1003.7131914232596,540.6499450166316,,1522.0,1004.127411856275,540.1847618788566,central,5.250000000000121,success,46.8017578125,0.005,"(1522, 343, 45)",1522.0,343.0,45.0,1522.0,,343.0,45.0
814,realistic,3,x0y0,utah,13.076,15.8,Aa,saline,87.0534090480879,15.8,,b,-1,0.08,soma,84.495333978,877.6706364245765,1382.7171391972895,-71.90254723287308,,878.0,1383.1722450219145,-71.4794699167654,central,5.2350000000001184,success,19.097900390625,0.005,"(878, 557, -114)",878.0,557.0,-114.0,878.0,,557.0,-114.0
815,realistic,3,x0y0,utah,14.99,18.0,Aa,saline,175.60255750866287,18.0,,b,-1,0.08,soma,90.61329101,-1857.808670256549,118.6863385603442,-1059.0601600646894,,-1858.0,118.68451971023353,-1058.8987562330358,none,0.0,success,105.0,0.005,"(-1858, 55, -231)",-1858.0,55.0,-231.0,,,,
816,realistic,3,x0y0,utah,9.943999999999999,12.2,Aa,saline,70.71998041099499,12.2,,b,-1,0.08,soma,74.484131562,-1114.3792368412874,982.4891288219801,333.6076214433933,,-1114.0,982.1142858906861,333.50433012088627,periphery,5.305000000000129,success,94.04296875,0.005,"(-1114, 206, 62)",-1114.0,206.0,62.0,-1114.0,,206.0,62.0
817,realistic,3,x0y0,utah,10.466000000000001,12.8,Aa,saline,-26.441221062518128,12.8,,b,-1,0.08,soma,76.152665298,1143.5287006563813,-634.6715759331819,1205.37103987131,,1144.0,-634.5158909285997,1204.9825482539147,none,0.0,success,105.0,0.005,"(1144, -268, 468)",1144.0,-268.0,468.0,,,,
818,realistic,3,x0y0,utah,12.988999999999999,15.7,Aa,saline,54.23966101907794,15.7,,b,-1,0.08,soma,84.217245022,3.262745851204452,1066.8926125293856,566.5739705154151,,3.0,1067.1986471676767,566.3622789954286,tjn,5.145000000000104,success,28.38134765625,0.005,"(3, 396, 83)",3.0,396.0,83.0,3.0,,396.0,83.0
819,realistic,3,x0y0,utah,11.075,13.5,Aa,saline,138.22699469888857,13.5,,b,-1,0.08,soma,78.09928799,-1064.3266007755915,848.9395188996887,-978.8345775442656,,-1064.0,848.9818728294691,-978.5762244914712,periphery,5.250000000000121,success,92.9443359375,0.005,"(-1064, 300, -364)",-1064.0,300.0,-364.0,-1064.0,,300.0,-364.0
820,realistic,3,x0y0,utah,9.596,11.8,Aa,saline,52.10111583503501,11.8,,b,-1,0.08,soma,73.371775738,1961.0312424573867,900.3598220498607,682.4742014723702,,1961.0,900.392334117428,682.7616409179268,central,5.285000000000126,success,76.025390625,0.005,"(1961, 252, 178)",1961.0,252.0,178.0,1961.0,,252.0,178.0
821,realistic,3,x0y0,utah,12.902,15.6,Aa,saline,73.08706076998017,15.6,,b,-1,0.08,soma,83.93915606600001,-301.6106426183609,1236.6047224885851,455.6463801139472,,-302.0,1236.1617953041714,455.56545024979977,periphery,5.175000000000109,success,40.228271484375,0.005,"(-302, 445, 215)",-302.0,445.0,215.0,-302.0,,445.0,215.0
822,realistic,3,x0y0,utah,13.424,16.2,Aa,saline,110.04970890879795,16.2,,b,-1,0.08,soma,85.607689802,-181.40438783896573,207.03407914476705,-56.48735509507014,,-181.0,206.63893189999953,-56.77115803206283,none,0.0,success,105.0,0.005,"(-181, -571, 227)",-181.0,-571.0,227.0,,,,
823,realistic,3,x0y0,utah,12.988999999999999,15.7,Aa,saline,111.354356657407,15.7,,b,-1,0.08,soma,84.217245022,1182.3575742142734,894.6314047142232,-341.0003240093183,,1182.0,894.2862601444946,-341.15024945625515,none,0.0,success,105.0,0.005,"(1182, 124, -40)",1182.0,124.0,-40.0,,,,
824,realistic,3,x0y0,utah,12.206000000000001,14.8,Aa,saline,29.99019154175093,14.8,,b,-1,0.08,soma,81.714444418,1154.5960437458036,753.1211924436429,1108.2399084197086,,1155.0,752.8460253822792,1108.274940155215,central,5.345000000000136,success,86.46240234375,0.005,"(1155, 340, 393)",1155.0,340.0,393.0,1155.0,,340.0,393.0
825,realistic,3,x0y0,utah,11.771,14.3,Aa,saline,-7.427852851405227,14.3,,b,-1,0.08,soma,80.323999638,-211.80486444011336,-230.4416730517255,1331.0240086916665,,-212.0,-230.69344657659673,1331.2306390205208,none,0.0,success,105.0,0.005,"(-212, -124, 513)",-212.0,-124.0,513.0,,,,
826,realistic,3,x0y0,utah,11.858,14.4,Aa,saline,196.62734107861272,14.4,,b,-1,0.08,soma,80.60208859400001,-1363.3101394369305,-196.69733289596024,-574.0677532690729,,-1363.0,-197.11862877337177,-573.8034606453856,none,0.0,success,105.0,0.005,"(-1363, 39, 217)",-1363.0,39.0,217.0,,,,
827,realistic,3,x0y0,utah,15.251000000000001,18.3,Aa,saline,182.35451533902284,18.3,,b,-1,0.08,soma,91.447557878,565.7886639158098,-16.764840139686385,-1271.1102689103445,,566.0,-17.142747314392906,-1271.0591999158491,none,0.0,success,105.0,0.005,"(566, 17, -441)",566.0,17.0,-441.0,,,,
828,realistic,3,x0y0,utah,11.248999999999999,13.7,Aa,saline,213.73668754467155,13.7,,b,-1,0.08,soma,78.655465902,171.27456260463237,-668.5654910141575,-1177.5981842858478,,171.0,-668.8316228809856,-1177.5109427220518,none,0.0,success,105.0,0.005,"(171, -211, -492)",171.0,-211.0,-492.0,,,,
829,realistic,3,x0y0,utah,13.163,15.9,Aa,saline,3.670408043892873,15.9,,b,-1,0.08,soma,84.773422934,-1424.3590563808932,36.76462860927677,1246.6629779004095,,-1424.0,36.95274953388801,1246.6491993729196,none,0.0,success,105.0,0.005,"(-1424, -16, 421)",-1424.0,-16.0,421.0,,,,
830,realistic,3,x0y0,utah,12.206000000000001,14.8,Aa,saline,172.1583480391618,14.8,,b,-1,0.08,soma,81.714444418,-1125.2245017403397,368.1703786938937,-1214.5343460365355,,-1125.0,367.64692510930763,-1214.0941643202354,periphery,5.2800000000001255,success,99.462890625,0.005,"(-1125, 255, -396)",-1125.0,255.0,-396.0,-1125.0,,255.0,-396.0
831,realistic,3,x0y0,utah,13.859,16.7,Aa,saline,60.00510430337389,16.7,,b,-1,0.08,soma,86.998134582,-1132.8120187554148,975.6351376397847,560.3025533597465,,-1133.0,975.5630421807354,560.1666837387711,periphery,5.270000000000124,success,70.59326171875,0.005,"(-1133, 258, 146)",-1133.0,258.0,146.0,-1133.0,,258.0,146.0
832,realistic,3,x0y0,utah,10.727,13.1,Aa,saline,119.7280934364673,13.1,,b,-1,0.08,soma,76.986932166,-470.27883945322486,1007.7988241514876,-616.7629410662578,,-470.0,1008.1217259464773,-616.3704098305598,periphery,5.240000000000119,success,76.025390625,0.005,"(-470, 293, -208)",-470.0,293.0,-208.0,-470.0,,293.0,-208.0
833,realistic,3,x0y0,utah,12.815,15.5,Aa,saline,340.6229545505523,15.5,,b,-1,0.08,soma,83.66106711,1707.6487480349392,-300.7665405769066,915.255416150976,,1708.0,-300.34237103354906,915.0319253557872,none,0.0,success,105.0,0.005,"(1708, -26, 135)",1708.0,-26.0,135.0,,,,
834,realistic,3,x0y0,utah,13.163,15.9,Aa,saline,121.78832838329409,15.9,,b,-1,0.08,soma,84.773422934,42.07996581731789,1148.6034458114573,-847.9381879373091,,42.0,1148.27870474695,-847.8673196008158,periphery,5.195000000000112,success,73.2666015625,0.005,"(42, 445, -412)",42.0,445.0,-412.0,42.0,,445.0,-412.0
835,realistic,3,x0y0,utah,10.988,13.4,Aa,saline,-13.580511931004507,13.4,,b,-1,0.08,soma,77.821199034,443.6445818239683,-425.27946916588235,1314.7316039511245,,444.0,-425.45420876659165,1314.8411027305242,none,0.0,success,105.0,0.005,"(444, -232, 514)",444.0,-232.0,514.0,,,,
836,realistic,3,x0y0,utah,13.511000000000001,16.3,Aa,saline,17.68051798890779,16.3,,b,-1,0.08,soma,85.885778758,573.7699006937228,376.6364841249965,1226.8450671127912,,574.0,376.4462555044024,1226.8639850003115,none,0.0,success,105.0,0.005,"(574, 125, 438)",574.0,125.0,438.0,,,,
837,realistic,3,x0y0,utah,12.206000000000001,14.8,Aa,saline,11.65282625043756,14.8,,b,-1,0.08,soma,81.714444418,71.16144059288867,298.22649965791834,1363.5518136717455,,71.0,297.82315888621804,1363.8445634314949,none,0.0,success,105.0,0.005,"(71, 131, 555)",71.0,131.0,555.0,,,,
838,realistic,3,x0y0,utah,12.815,15.5,Aa,saline,153.6314424844511,15.5,,b,-1,0.08,soma,83.66106711,1283.5425746391302,419.62770395543254,-1053.6322282182857,,1284.0,419.1954399517756,-1053.8401580652803,none,0.0,success,105.0,0.005,"(1284, 52, -313)",1284.0,52.0,-313.0,,,,
839,realistic,3,x0y0,utah,12.988999999999999,15.7,Aa,saline,185.13936318763191,15.7,,b,-1,0.08,soma,84.217245022,-1908.4175227604626,-241.07011912435246,-1049.0945323822536,,-1908.0,-241.10893257698564,-1048.8001880209563,none,0.0,success,105.0,0.005,"(-1908, -167, -225)",-1908.0,-167.0,-225.0,,,,
840,realistic,3,x0y0,utah,13.597999999999999,16.4,Aa,saline,188.23256422995172,16.4,,b,-1,0.08,soma,86.16386771399998,-310.60567580492295,-300.5465218739264,-1200.9366166119914,,-311.0,-300.5813329283224,-1200.552689938273,none,0.0,success,105.0,0.005,"(-311, -182, -381)",-311.0,-182.0,-381.0,,,,
841,realistic,3,x0y0,utah,11.597,14.1,Aa,saline,63.20111960624942,14.1,,b,-1,0.08,soma,79.76782172600001,-1619.0346317474264,869.6790413761014,506.5168317135781,,-1619.0,869.2913788363139,506.9401554081268,none,0.0,success,105.0,0.005,"(-1619, 133, 135)",-1619.0,133.0,135.0,,,,
842,realistic,3,x0y0,utah,13.946,16.8,Aa,saline,-3.718228797425272,16.8,,b,-1,0.08,soma,87.27622353800001,1814.4770243765213,-65.16998897918666,1045.718157218721,,1814.0,-64.69574964263121,1045.8979717342854,none,0.0,success,105.0,0.005,"(1814, -11, 219)",1814.0,-11.0,219.0,,,,
843,realistic,3,x0y0,utah,9.596,11.8,Aa,saline,333.78531948497437,11.8,,b,-1,0.08,soma,73.371775738,-1447.1916749206748,-175.22283076873921,444.22721282910965,,-1447.0,-174.93865667173736,444.13441000728005,none,0.0,success,105.0,0.005,"(-1447, 188, -293)",-1447.0,188.0,-293.0,,,,
844,realistic,3,x0y0,utah,9.943999999999999,12.2,Aa,saline,49.95764638397917,12.2,,b,-1,0.08,soma,74.484131562,1640.452880654667,865.996118857317,757.8939172448254,,1640.0,866.5085255619338,758.0305451234956,central,5.315000000000131,success,94.04296875,0.005,"(1640, 237, 229)",1640.0,237.0,229.0,1640.0,,237.0,229.0
845,realistic,3,x0y0,utah,12.728,15.4,Aa,saline,64.22504059564193,15.4,,b,-1,0.08,soma,83.382978154,-487.5149345434813,1169.6520985252992,489.3614997236432,,-488.0,1169.4356859138388,489.4454594506797,periphery,5.195000000000112,success,33.70361328125,0.005,"(-488, 425, 130)",-488.0,425.0,130.0,-488.0,,425.0,130.0
846,realistic,3,x0y0,utah,14.033,16.9,Aa,saline,148.79061925319348,16.9,,b,-1,0.08,soma,87.55431249399997,-1613.7467988915466,700.1511368488858,-952.5303003534924,,-1614.0,700.4723223671955,-952.8531017380592,periphery,5.300000000000129,success,74.1455078125,0.005,"(-1614, 271, -244)",-1614.0,271.0,-244.0,-1614.0,,271.0,-244.0
847,realistic,3,x0y0,utah,11.075,13.5,Aa,saline,91.2609996437982,13.5,,b,-1,0.08,soma,78.09928799,-653.0026911234486,1255.5324359231436,66.70255499511131,,-653.0,1255.8848340662012,66.87090783210999,periphery,5.185000000000111,success,31.7626953125,0.005,"(-653, 432, 85)",-653.0,432.0,85.0,-653.0,,432.0,85.0
848,realistic,3,x0y0,utah,12.641,15.3,Aa,saline,89.43969480238333,15.3,,b,-1,0.08,soma,83.104889198,-405.19373743655365,1371.7440770409648,149.2217704014879,,-405.0,1371.5524445990004,149.1002139570702,periphery,5.160000000000107,success,20.4437255859375,0.005,"(-405, 545, 141)",-405.0,545.0,141.0,-405.0,,545.0,141.0
849,realistic,3,x0y0,utah,14.207,17.1,Aa,saline,34.168055891174504,17.1,,b,-1,0.08,soma,88.110490406,-1904.5432129402288,535.8396109404771,862.2787398175387,,-1905.0,535.597425706005,861.9603098809624,none,0.0,success,105.0,0.005,"(-1905, 70, 176)",-1905.0,70.0,176.0,,,,
850,realistic,3,x0y0,utah,11.075,13.5,Aa,saline,87.79359553627864,13.5,,b,-1,0.08,soma,78.09928799,1179.9927600179215,979.6979275655922,89.3851742573793,,1180.0,979.4728092442037,89.72591129380751,none,0.0,success,105.0,0.005,"(1180, 156, 58)",1180.0,156.0,58.0,,,,
851,realistic,3,x0y0,utah,13.597999999999999,16.4,Aa,saline,-28.75205595609125,16.4,,b,-1,0.08,soma,86.16386771399998,-183.19548558884225,-599.5010531053499,1038.7131523590706,,-183.0,-599.3074101852171,1038.979431412432,none,0.0,success,105.0,0.005,"(-183, -201, 313)",-183.0,-201.0,313.0,,,,
852,realistic,3,x0y0,utah,11.336,13.8,Aa,saline,42.80663048972124,13.8,,b,-1,0.08,soma,78.93355485800001,-1160.1780326728465,664.0066636464418,899.1146914772528,,-1160.0,664.2251752630057,898.9112745996575,none,0.0,success,105.0,0.005,"(-1160, 104, 294)",-1160.0,104.0,294.0,,,,
853,realistic,3,x0y0,utah,12.815,15.5,Aa,saline,181.2861398185449,15.5,,b,-1,0.08,soma,83.66106711,101.78955696914116,-158.51008193884718,-1309.1795048460597,,102.0,-158.521003951632,-1309.5824843949338,none,0.0,success,105.0,0.005,"(102, -140, -483)",102.0,-140.0,-483.0,,,,
854,realistic,3,x0y0,utah,10.988,13.4,Aa,saline,186.78238758606318,13.4,,b,-1,0.08,soma,77.821199034,1168.2136597840133,-100.31320159984398,-1298.785681000833,,1168.0,-100.30384180295772,-1299.1432253203811,none,0.0,success,105.0,0.005,"(1168, -3, -481)",1168.0,-3.0,-481.0,,,,
855,realistic,3,x0y0,utah,11.423,13.9,Aa,saline,161.67237932292647,13.9,,b,-1,0.08,soma,79.211643814,1984.665220872163,150.7626823250207,-732.9206272156666,,1985.0,150.33853098975158,-732.7983067363155,none,0.0,success,105.0,0.005,"(1985, -109, 50)",1985.0,-109.0,50.0,,,,
856,realistic,3,x0y0,utah,9.422,11.6,Aa,saline,129.17200576008923,11.6,,b,-1,0.08,soma,72.815597826,-1713.7931971227906,798.3821480516144,-619.0612199239972,,-1714.0,798.8374664972491,-618.8833065733423,periphery,5.305000000000129,success,99.462890625,0.005,"(-1714, 162, -100)",-1714.0,162.0,-100.0,-1714.0,,162.0,-100.0
857,realistic,3,x0y0,utah,11.858,14.4,Aa,saline,-23.54322163154807,14.4,,b,-1,0.08,soma,80.60208859400001,1663.580221464933,-411.3521248786866,1123.878491342919,,1664.0,-411.6252370922219,1123.6359974114898,none,0.0,success,105.0,0.005,"(1664, -82, 367)",1664.0,-82.0,367.0,,,,
858,realistic,3,x0y0,utah,13.597999999999999,16.4,Aa,saline,-3.5182615413380516,16.4,,b,-1,0.08,soma,86.16386771399998,1924.3636717708407,-111.68643695737774,1030.2309378570344,,1924.0,-111.84423073881982,1030.508578182672,none,0.0,success,105.0,0.005,"(1924, -61, 204)",1924.0,-61.0,204.0,,,,
859,realistic,3,x0y0,utah,12.032,14.6,Aa,saline,67.17553869102355,14.6,,b,-1,0.08,soma,81.15826650599999,-26.481106332780556,1042.2393169408997,484.5575880579253,,-26.0,1041.9362871192902,484.2421457888388,tjn,5.185000000000111,success,56.7626953125,0.005,"(-26, 281, 164)",-26.0,281.0,164.0,-26.0,,281.0,164.0
860,realistic,3,x0y0,utah,15.077000000000002,18.1,Aa,saline,-17.33606434033365,18.1,,b,-1,0.08,soma,90.891379966,1420.2713244365045,-254.96334623891468,1108.3353113629018,,1420.0,-255.4728156149341,1108.743455657772,none,0.0,success,105.0,0.005,"(1420, -8, 316)",1420.0,-8.0,316.0,,,,
861,realistic,3,x0y0,utah,10.205,12.5,Aa,saline,115.9356996755649,12.5,,b,-1,0.08,soma,75.31839843,436.6370494404319,1027.629688899623,-637.0333457036768,,437.0,1027.8174178540496,-636.831133736641,central,5.220000000000116,success,91.845703125,0.005,"(437, 288, -277)",437.0,288.0,-277.0,437.0,,288.0,-277.0
862,realistic,3,x0y0,utah,14.381,17.3,Aa,saline,11.17394860673027,17.3,,b,-1,0.08,soma,88.66666831799999,1501.2536827689005,274.58237847724604,1197.895731281973,,1501.0,274.7248001600143,1197.5760008099792,none,0.0,success,105.0,0.005,"(1501, 114, 384)",1501.0,114.0,384.0,,,,
863,realistic,3,x0y0,utah,14.12,17.0,Aa,saline,4.342449824312261,17.0,,b,-1,0.08,soma,87.83240144999998,-655.6984013323062,330.81696052274583,1308.8558010852212,,-656.0,330.7489563948825,1308.5123437428979,none,0.0,success,105.0,0.005,"(-656, 268, 482)",-656.0,268.0,482.0,,,,
864,realistic,3,x0y0,utah,11.945,14.5,Aa,saline,141.90927087110788,14.5,,b,-1,0.08,soma,80.88017755,-1824.9443988841401,567.3276607701388,-772.098769368086,,-1825.0,567.2139907652976,-771.6213498659251,none,0.0,success,105.0,0.005,"(-1825, 58, -122)",-1825.0,58.0,-122.0,,,,
865,realistic,3,x0y0,utah,11.597,14.1,Aa,saline,197.1636931971104,14.1,,b,-1,0.08,soma,79.76782172600001,-1942.8535964906848,-397.8827830145642,-1147.1089202312187,,-1943.0,-397.4232420956713,-1147.1765768295968,none,0.0,success,105.0,0.005,"(-1943, -154, -359)",-1943.0,-154.0,-359.0,,,,
866,realistic,3,x0y0,utah,12.467,15.1,Aa,saline,157.2119710456969,15.1,,b,-1,0.08,soma,82.548711286,1686.7017063925946,527.3715107562739,-1027.3100738348617,,1687.0,527.016057940534,-1027.7423284672818,central,5.3250000000001325,success,93.603515625,0.005,"(1687, 207, -266)",1687.0,207.0,-266.0,1687.0,,207.0,-266.0
867,realistic,3,x0y0,utah,12.815,15.5,Aa,saline,-27.242110109916066,15.5,,b,-1,0.08,soma,83.66106711,1689.1909374772117,-521.2773107936382,955.6757853280801,,1689.0,-521.5230182614791,956.1350273837506,none,0.0,success,105.0,0.005,"(1689, -143, 221)",1689.0,-143.0,221.0,,,,
868,realistic,3,x0y0,utah,7.943,9.9,Aa,saline,188.54861616522462,9.9,,b,-1,0.08,soma,68.08808557399999,383.7344227800022,-178.5022109172424,-1430.0616618243075,,384.0,-178.70994475814825,-1429.9526539120645,none,0.0,success,105.0,0.005,"(384, -57, -620)",384.0,-57.0,-620.0,,,,
869,realistic,3,x0y0,utah,14.642000000000001,17.6,Aa,saline,174.40555608493557,17.6,,b,-1,0.08,soma,89.500935186,-30.75307149715289,10.68416552034978,-1381.4876862291815,,-31.0,10.900670590317517,-1381.7676653485537,none,0.0,success,105.0,0.005,"(-31, -70, -556)",-31.0,-70.0,-556.0,,,,
870,realistic,3,x0y0,utah,16.294999999999998,19.5,Aa,saline,140.02080224456196,19.5,,b,-1,0.08,soma,94.78462535,-1378.5905142537365,568.6407737353834,-851.267801645492,,-1379.0,568.8120608936875,-850.8622292028526,none,0.0,success,105.0,0.005,"(-1379, 34, -213)",-1379.0,34.0,-213.0,,,,
871,realistic,3,x0y0,utah,9.857,12.1,Aa,saline,-14.116882175510533,12.1,,b,-1,0.08,soma,74.206042606,1538.6421286791958,-305.74097054656795,1172.7587129622145,,1539.0,-305.51092689580173,1172.2755100596496,none,0.0,success,105.0,0.005,"(1539, -105, 375)",1539.0,-105.0,375.0,,,,
872,realistic,3,x0y0,utah,14.729,17.7,Aa,saline,90.74642436903568,17.7,,b,-1,0.08,soma,89.77902414200001,213.86778317625587,1295.619731557641,47.75644801215368,,214.0,1295.8065231197932,48.211436343077,periphery,5.125000000000101,success,15.49072265625,0.005,"(214, 466, 59)",214.0,466.0,59.0,214.0,,466.0,59.0
873,realistic,3,x0y0,utah,14.12,17.0,Aa,saline,22.178292781749867,17.0,,b,-1,0.08,soma,87.83240144999998,1711.1318923927,354.20028653605505,1120.9167402867731,,1711.0,353.9158657736876,1120.5764018713503,none,0.0,success,105.0,0.005,"(1711, 41, 353)",1711.0,41.0,353.0,,,,
874,realistic,3,x0y0,utah,11.248999999999999,13.7,Aa,saline,140.48934288693027,13.7,,b,-1,0.08,soma,78.655465902,1812.94035473858,549.565404735521,-677.0788136435431,,1813.0,549.4373037034263,-676.9688459716966,none,0.0,success,105.0,0.005,"(1813, 25, -41)",1813.0,25.0,-41.0,,,,
875,realistic,3,x0y0,utah,14.467999999999998,17.4,Aa,saline,5.628768909799335,17.4,,b,-1,0.08,soma,88.944757274,255.9192313983496,258.2006554560403,1341.2882059359015,,256.0,258.37124034428973,1341.4909112195426,none,0.0,success,105.0,0.005,"(256, 177, 516)",256.0,177.0,516.0,,,,
876,realistic,3,x0y0,utah,11.945,14.5,Aa,saline,181.0485256701853,14.5,,b,-1,0.08,soma,80.88017755,-1398.0517609010583,-118.34078366235191,-1187.90718517099,,-1398.0,-118.1055536245825,-1188.2750007572452,none,0.0,success,105.0,0.005,"(-1398, -103, -363)",-1398.0,-103.0,-363.0,,,,
877,realistic,3,x0y0,utah,13.076,15.8,Aa,saline,178.57302858047947,15.8,,b,-1,0.08,soma,84.495333978,-449.1975947673222,-170.30225765064282,-1179.616642665806,,-449.0,-170.4015330919739,-1179.9994926889035,none,0.0,success,105.0,0.005,"(-449, -191, -353)",-449.0,-191.0,-353.0,,,,
878,realistic,3,x0y0,utah,12.38,15.0,Aa,saline,184.01774617403225,15.0,,b,-1,0.08,soma,82.27062233000002,1974.644797159784,-23.10579414927588,-1058.0179181211986,,1975.0,-22.91208531266652,-1058.0699728870877,none,0.0,success,105.0,0.005,"(1975, 35, -234)",1975.0,35.0,-234.0,,,,
879,realistic,3,x0y0,utah,11.336,13.8,Aa,saline,72.57527327214756,13.8,,b,-1,0.08,soma,78.93355485800001,306.3008240704297,1256.2742421019714,338.14432145394494,,306.0,1256.623752345009,337.9277998399856,central,5.145000000000104,success,21.6156005859375,0.005,"(306, 470, 91)",306.0,470.0,91.0,306.0,,470.0,91.0
880,realistic,3,x0y0,utah,11.423,13.9,Aa,saline,142.05684116635237,13.9,,b,-1,0.08,soma,79.211643814,1646.0035757748062,655.0554136892109,-840.7034310627338,,1646.0,655.0501198906145,-840.2841511558604,none,0.0,success,105.0,0.005,"(1646, 148, -190)",1646.0,148.0,-190.0,,,,
881,realistic,3,x0y0,utah,13.337000000000002,16.1,Aa,saline,92.18859679690424,16.1,,b,-1,0.08,soma,85.329600846,547.8308901294213,992.3510587557868,-1.974622121147604,,548.0,992.085435062704,-1.6167953761586062,periphery,5.275000000000125,success,50.927734375,0.005,"(548, 165, 30)",548.0,165.0,30.0,548.0,,165.0,30.0
882,realistic,3,x0y0,utah,11.248999999999999,13.7,Aa,saline,176.571111810866,13.7,,b,-1,0.08,soma,78.655465902,606.9391591568789,196.7975633104652,-1417.6818156271356,,607.0,196.29479843046983,-1417.8439430316885,none,0.0,success,105.0,0.005,"(607, 147, -595)",607.0,147.0,-595.0,,,,
883,realistic,3,x0y0,utah,15.251000000000001,18.3,Aa,saline,85.34837449800588,18.3,,b,-1,0.08,soma,91.447557878,439.18409048195593,1393.4872500756812,145.26204575968222,,439.0,1392.9823904685015,145.37169847195293,periphery,5.190000000000111,success,11.6180419921875,0.005,"(439, 565, 78)",439.0,565.0,78.0,439.0,,565.0,78.0
884,realistic,3,x0y0,utah,14.99,18.0,Aa,saline,124.39292296396854,18.0,,b,-1,0.08,soma,90.61329101,-904.159907219264,842.3707651611518,-592.8062241879375,,-904.0,842.1690438707262,-593.0402240457746,none,0.0,success,105.0,0.005,"(-904, 157, -124)",-904.0,157.0,-124.0,,,,
885,realistic,3,x0y0,utah,16.555999999999997,19.8,Aa,saline,151.2858513333538,19.8,,b,-1,0.08,soma,95.618892218,1108.7467329386852,626.5806667516173,-1121.270729147159,,1109.0,626.0816579107637,-1121.3738842375933,central,5.275000000000125,success,105.0,0.005,"(1109, 226, -391)",1109.0,226.0,-391.0,1109.0,,226.0,-391.0
886,realistic,3,x0y0,utah,11.945,14.5,Aa,saline,142.03834137543086,14.5,,b,-1,0.08,soma,80.88017755,1468.8753987946936,556.7442530034677,-848.843593100039,,1469.0,556.7281986055026,-848.7769659902101,none,0.0,success,105.0,0.005,"(1469, 49, -198)",1469.0,49.0,-198.0,,,,
887,realistic,3,x0y0,utah,13.946,16.8,Aa,saline,194.63145631760185,16.8,,b,-1,0.08,soma,87.27622353800001,-37.40083812553085,-491.6000613180745,-1356.742273394364,,-37.0,-491.31398703284947,-1356.7902369476847,none,0.0,success,105.0,0.005,"(-37, -282, -555)",-37.0,-282.0,-555.0,,,,
888,realistic,3,x0y0,utah,12.988999999999999,15.7,Aa,saline,109.78128288290294,15.7,,b,-1,0.08,soma,84.217245022,-1742.1143814254553,1094.543240627088,-432.8953544773349,,-1742.0,1094.3092137828512,-432.89355785772244,periphery,5.260000000000122,success,58.8134765625,0.005,"(-1742, 316, -153)",-1742.0,316.0,-153.0,-1742.0,,316.0,-153.0
889,realistic,3,x0y0,utah,12.38,15.0,Aa,saline,158.64946439934758,15.0,,b,-1,0.08,soma,82.27062233000002,1514.1058095993342,392.236994011761,-1067.916520012265,,1514.0,391.7958667951766,-1067.4624288190812,none,0.0,success,105.0,0.005,"(1514, 91, -298)",1514.0,91.0,-298.0,,,,
890,realistic,3,x0y0,utah,10.292,12.6,Aa,saline,136.46087260394592,12.6,,b,-1,0.08,soma,75.596487386,-34.75956996335561,879.9203094414015,-1024.3757615264751,,-35.0,879.7434302557385,-1024.446446853056,periphery,5.195000000000112,success,99.462890625,0.005,"(-35, 313, -428)",-35.0,313.0,-428.0,-35.0,,313.0,-428.0
891,realistic,3,x0y0,utah,10.118,12.4,Aa,saline,5.568225805420838,12.4,,b,-1,0.08,soma,75.040309474,-306.45547927837885,154.35228693350928,1439.4010229280848,,-306.0,154.78445500948902,1439.6543100097363,none,0.0,success,105.0,0.005,"(-306, 75, 621)",-306.0,75.0,621.0,,,,
892,realistic,3,x0y0,utah,13.772000000000002,16.6,Aa,saline,-11.18269271906165,16.6,,b,-1,0.08,soma,86.720045626,-1453.9002473066766,-386.34287422684883,1160.81700519464,,-1454.0,-386.61900842344073,1160.6211823795534,none,0.0,success,105.0,0.005,"(-1454, -226, 348)",-1454.0,-226.0,348.0,,,,
893,realistic,3,x0y0,utah,14.816,17.8,Aa,saline,93.6303421324735,17.8,,b,-1,0.08,soma,90.05711309799999,-1559.9112979869415,1299.7132169048882,114.283927783968,,-1560.0,1299.3684994359023,114.45919237044829,periphery,5.225000000000117,success,37.646484375,0.005,"(-1560, 471, 167)",-1560.0,471.0,167.0,-1560.0,,471.0,167.0
894,realistic,3,x0y0,utah,15.772999999999998,18.9,Aa,saline,175.40988009173824,18.9,,b,-1,0.08,soma,93.116091614,-1674.0451537186932,-62.2701407272607,-1087.7188579744218,,-1674.0,-62.47535633543998,-1087.897060060418,none,0.0,success,105.0,0.005,"(-1674, -129, -259)",-1674.0,-129.0,-259.0,,,,
895,realistic,3,x0y0,utah,13.424,16.2,Aa,saline,195.8672580672034,16.2,,b,-1,0.08,soma,85.607689802,1201.3542125291135,-273.0106355797534,-1178.1907682097285,,1201.0,-273.3215711959334,-1178.264518410272,none,0.0,success,105.0,0.005,"(1201, -47, -382)",1201.0,-47.0,-382.0,,,,
896,realistic,3,x0y0,utah,10.292,12.6,Aa,saline,151.363656872806,12.6,,b,-1,0.08,soma,75.596487386,5.16130154809602,765.2920590599189,-1235.0660857135174,,5.0,765.2849183776857,-1235.1700184893464,central,5.155000000000106,success,105.0,0.005,"(5, 371, -513)",5.0,371.0,-513.0,5.0,,371.0,-513.0
897,realistic,3,x0y0,utah,12.119,14.7,Aa,saline,74.75826587844071,14.7,,b,-1,0.08,soma,81.436355462,-1173.3943605741485,1084.1645154977923,201.65290833460583,,-1173.0,1083.6528978748688,202.08130892547996,periphery,5.250000000000121,success,57.0556640625,0.005,"(-1173, 287, -15)",-1173.0,287.0,-15.0,-1173.0,,287.0,-15.0
898,realistic,3,x0y0,utah,11.945,14.5,Aa,saline,73.61000817792711,14.5,,b,-1,0.08,soma,80.88017755,515.6459024306204,1124.4187114215165,184.81646242492843,,516.0,1124.9272211707353,184.93919305230506,periphery,5.175000000000109,success,35.736083984375,0.005,"(516, 333, -48)",516.0,333.0,-48.0,516.0,,333.0,-48.0
899,realistic,3,x0y0,utah,11.075,13.5,Aa,saline,115.39607036206415,13.5,,b,-1,0.08,soma,78.09928799,1369.2847942349913,955.7760350934597,-412.5800303715332,,1369.0,955.4464483850832,-412.4348923094556,central,5.265000000000123,success,83.09326171875,0.005,"(1369, 211, -59)",1369.0,211.0,-59.0,1369.0,,211.0,-59.0
900,realistic,3,x0y0,utah,12.988999999999999,15.7,Aa,saline,72.66644435281049,15.7,,b,-1,0.08,soma,84.217245022,173.5752430907964,944.5355739773323,375.8791027274783,,174.0,944.5578910490009,375.39565864602696,periphery,5.2800000000001255,success,72.16796875,0.005,"(174, 155, 129)",174.0,155.0,129.0,174.0,,155.0,129.0
901,realistic,3,x0y0,utah,14.642000000000001,17.6,Aa,saline,-5.0655143907759435,17.6,,b,-1,0.08,soma,89.500935186,-515.8564444161783,-24.553198434643946,1382.2917472043955,,-516.0,-24.266966288461916,1382.5144407693874,none,0.0,success,105.0,0.005,"(-516, 49, 556)",-516.0,49.0,556.0,,,,
902,realistic,3,x0y0,utah,9.683,11.9,Aa,saline,206.08364508151092,11.9,,b,-1,0.08,soma,73.649864694,-130.57294593990164,-546.5343454027096,-1156.3785653742254,,-131.0,-546.356422752976,-1156.1631542340756,none,0.0,success,105.0,0.005,"(-131, -185, -418)",-131.0,-185.0,-418.0,,,,
903,realistic,3,x0y0,utah,12.206000000000001,14.8,Aa,saline,107.83024232149008,14.8,,b,-1,0.08,soma,81.714444418,148.406787023442,1156.266461275468,-304.94897382471845,,148.0,1156.2160755429682,-304.87748144039585,tjn,5.160000000000107,success,20.34759521484375,0.005,"(148, 370, -52)",148.0,370.0,-52.0,148.0,,370.0,-52.0
904,realistic,3,x0y0,utah,11.684,14.2,Aa,saline,194.28100794932573,14.2,,b,-1,0.08,soma,80.045910682,-1688.9829983486375,-270.7083291802769,-1099.1560120368815,,-1689.0,-270.53316308262475,-1099.529746020963,none,0.0,success,105.0,0.005,"(-1689, -67, -300)",-1689.0,-67.0,-300.0,,,,
905,realistic,3,x0y0,utah,13.424,16.2,Aa,saline,184.1431917419389,16.2,,b,-1,0.08,soma,85.607689802,-413.7059057278163,-8.553635200345525,-1277.3084508040185,,-414.0,-8.767437601852215,-1277.6515549042574,none,0.0,success,105.0,0.005,"(-414, 51, -452)",-414.0,51.0,-452.0,,,,
906,realistic,3,x0y0,utah,12.206000000000001,14.8,Aa,saline,5.773028288765374,14.8,,b,-1,0.08,soma,81.714444418,1406.0943584228296,108.405917030821,1185.2846406002789,,1406.0,108.08123655422541,1185.6453503757343,none,0.0,success,105.0,0.005,"(1406, 25, 364)",1406.0,25.0,364.0,,,,
907,realistic,3,x0y0,utah,11.858,14.4,Aa,saline,160.58076719165018,14.4,,b,-1,0.08,soma,80.60208859400001,-475.20410116935705,438.3117591803517,-1287.9888312176972,,-475.0,438.4125972287526,-1288.341414876501,none,0.0,success,105.0,0.005,"(-475, 164, -510)",-475.0,164.0,-510.0,,,,
908,realistic,3,x0y0,utah,13.163,15.9,Aa,saline,159.29925693700736,15.9,,b,-1,0.08,soma,84.773422934,-3.5098594229969757,637.8144791166769,-1195.1210855166353,,-4.0,637.4812025035845,-1194.937529906232,periphery,5.195000000000112,success,80.89599609375,0.005,"(-4, 345, -421)",-4.0,345.0,-421.0,-4.0,,345.0,-421.0
909,realistic,3,x0y0,utah,12.554,15.2,Aa,saline,-23.50921774252561,15.2,,b,-1,0.08,soma,82.82680024199999,19.932069180266467,-641.6965681747664,1296.349282406969,,20.0,-641.656305308267,1296.8210879109572,none,0.0,success,105.0,0.005,"(20, -312, 539)",20.0,-312.0,539.0,,,,
910,realistic,3,x0y0,utah,11.51,14.0,Aa,saline,49.274305943772184,14.0,,b,-1,0.08,soma,79.48973277,-808.9799892421561,484.70748427787163,423.93522005980964,,-809.0,484.9916597465532,424.0635508295742,none,0.0,success,105.0,0.005,"(-809, -140, -114)",-809.0,-140.0,-114.0,,,,
911,realistic,3,x0y0,utah,9.943999999999999,12.2,Aa,saline,-0.9996585767147068,12.2,,b,-1,0.08,soma,74.484131562,-1630.1166906147048,-131.19846518089753,1117.5619163636347,,-1630.0,-131.3070119445894,1117.0776173678441,none,0.0,success,105.0,0.005,"(-1630, -117, 295)",-1630.0,-117.0,295.0,,,,
912,realistic,3,x0y0,utah,16.208,19.4,Aa,saline,30.854641694447913,19.4,,b,-1,0.08,soma,94.506536394,-1323.5533594881936,698.9513562944998,1150.3130173870184,,-1324.0,698.8627012582415,1150.4894307471247,periphery,5.205000000000114,success,105.0,0.005,"(-1324, 272, 436)",-1324.0,272.0,436.0,-1324.0,,272.0,436.0
913,realistic,3,x0y0,utah,11.771,14.3,Aa,saline,86.6143149876816,14.3,,b,-1,0.08,soma,80.323999638,-1796.9208392903035,1248.526911833369,115.47739582559734,,-1797.0,1248.7592244193079,115.76707418930292,periphery,5.225000000000117,success,34.4451904296875,0.005,"(-1797, 425, 67)",-1797.0,425.0,67.0,-1797.0,,425.0,67.0
914,realistic,3,x0y0,utah,12.293000000000001,14.9,Aa,saline,46.6677661229576,14.9,,b,-1,0.08,soma,81.99253337399999,-322.5895195319277,906.8286908149094,876.4047194478368,,-323.0,906.829684388124,876.7986382006196,periphery,5.205000000000114,success,78.55224609375,0.005,"(-323, 306, 310)",-323.0,306.0,310.0,-323.0,,306.0,310.0
915,realistic,3,x0y0,utah,10.988,13.4,Aa,saline,-19.961078368962703,13.4,,b,-1,0.08,soma,77.821199034,-200.93475011811267,-379.6069161371775,1336.540482309034,,-201.0,-379.2830786751038,1336.3935724860285,none,0.0,success,105.0,0.005,"(-201, -98, 562)",-201.0,-98.0,562.0,,,,
916,realistic,3,x0y0,utah,13.076,15.8,Aa,saline,35.023283368256244,15.8,,b,-1,0.08,soma,84.495333978,-1955.2255197373536,580.4129415488005,635.0088466621977,,-1955.0,580.7574360849871,635.4331144972922,periphery,5.31000000000013,success,95.361328125,0.005,"(-1955, 106, -42)",-1955.0,106.0,-42.0,-1955.0,,106.0,-42.0
917,realistic,3,x0y0,utah,11.161999999999999,13.6,Aa,saline,73.35507915469867,13.6,,b,-1,0.08,soma,78.377376946,742.1852010591368,1111.971255571364,524.1129798472067,,742.0,1111.6551824259816,524.0476403786672,central,5.345000000000136,success,88.22021484375,0.005,"(742, 322, 288)",742.0,322.0,288.0,742.0,,322.0,288.0
918,realistic,3,x0y0,utah,10.901,13.3,Aa,saline,108.2830204741131,13.3,,b,-1,0.08,soma,77.54311007800001,-880.5880940503813,1335.2844691753298,-398.91605213050025,,-881.0,1335.171091509531,-398.41713681573435,periphery,5.185000000000111,success,22.364044189453125,0.005,"(-881, 553, -140)",-881.0,553.0,-140.0,-881.0,,553.0,-140.0
919,realistic,3,x0y0,utah,11.423,13.9,Aa,saline,186.8500647464579,13.9,,b,-1,0.08,soma,79.211643814,-532.5690847446054,-187.60943810395062,-1296.1909277821542,,-533.0,-187.37547455350514,-1295.7511205714604,none,0.0,success,105.0,0.005,"(-533, -89, -477)",-533.0,-89.0,-477.0,,,,
920,realistic,3,x0y0,utah,11.248999999999999,13.7,Aa,saline,147.47338480905498,13.7,,b,-1,0.08,soma,78.655465902,-859.3004861064172,848.9756377825515,-1135.521700588626,,-859.0,849.2410220077528,-1134.9907116509883,periphery,5.285000000000126,success,89.044189453125,0.005,"(-859, 406, -440)",-859.0,406.0,-440.0,-859.0,,406.0,-440.0
921,realistic,3,x0y0,utah,13.076,15.8,Aa,saline,-21.80770613825153,15.8,,b,-1,0.08,soma,84.495333978,1500.9871602153305,-443.7768191754009,1010.7609205684855,,1501.0,-443.32250828641355,1011.0167340325878,none,0.0,success,105.0,0.005,"(1501, -136, 243)",1501.0,-136.0,243.0,,,,
922,realistic,3,x0y0,utah,13.946,16.8,Aa,saline,164.494695263577,16.8,,b,-1,0.08,soma,87.27622353800001,567.0501738949524,393.6985330532307,-1336.0792047282955,,567.0,393.49496727585375,-1336.4756845006086,none,0.0,success,105.0,0.005,"(567, 172, -538)",567.0,172.0,-538.0,,,,
923,realistic,3,x0y0,utah,12.988999999999999,15.7,Aa,saline,-18.611057029724073,15.7,,b,-1,0.08,soma,84.217245022,-1559.0791361019901,-515.7122256622697,1175.5878653306172,,-1559.0,-515.9303614432602,1175.8508415536749,none,0.0,success,105.0,0.005,"(-1559, -252, 392)",-1559.0,-252.0,392.0,,,,
924,realistic,3,x0y0,utah,14.293999999999999,17.2,Aa,saline,186.2836921616755,17.2,,b,-1,0.08,soma,88.388579362,-1924.5282136944907,-233.12624643053687,-1170.0593293597528,,-1925.0,-232.79677472006952,-1170.2191239429142,none,0.0,success,105.0,0.005,"(-1925, -142, -346)",-1925.0,-142.0,-346.0,,,,
925,realistic,3,x0y0,utah,14.555,17.5,Aa,saline,176.0777453886897,17.5,,b,-1,0.08,soma,89.22284623,-609.5247565640116,-61.216742493354104,-1064.7158068253748,,-610.0,-61.25457865893399,-1064.7033168418357,none,0.0,success,105.0,0.005,"(-610, -118, -237)",-610.0,-118.0,-237.0,,,,
926,realistic,3,x0y0,utah,10.118,12.4,Aa,saline,201.91818443711654,12.4,,b,-1,0.08,soma,75.040309474,-226.79112529698318,-649.2509063068287,-1185.861032868114,,-227.0,-649.0467737633222,-1186.051947549515,none,0.0,success,105.0,0.005,"(-227, -342, -423)",-227.0,-342.0,-423.0,,,,
927,realistic,3,x0y0,utah,14.293999999999999,17.2,Aa,saline,-13.357731065734074,17.2,,b,-1,0.08,soma,88.388579362,-1377.0659930148327,-437.9498188961178,1116.3136056676994,,-1377.0,-437.5438809163111,1116.723124430645,none,0.0,success,105.0,0.005,"(-1377, -246, 310)",-1377.0,-246.0,310.0,,,,
928,realistic,3,x0y0,utah,13.597999999999999,16.4,Aa,saline,65.01569448287385,16.4,,b,-1,0.08,soma,86.16386771399998,1987.3997392862275,846.1950662839172,272.5462219714277,,1987.0,846.573464847985,272.7818088611969,central,5.410000000000146,success,105.0,0.005,"(1987, 96, -77)",1987.0,96.0,-77.0,1987.0,,96.0,-77.0
929,realistic,3,x0y0,utah,11.945,14.5,Aa,saline,-21.36356136314513,14.5,,b,-1,0.08,soma,80.88017755,-329.1833134533928,-495.08251422306563,1334.488529697489,,-329.0,-494.70782434073254,1334.7323546761577,none,0.0,success,105.0,0.005,"(-329, -194, 566)",-329.0,-194.0,566.0,,,,
930,realistic,3,x0y0,utah,11.51,14.0,Aa,saline,80.43421130787954,14.0,,b,-1,0.08,soma,79.48973277,-692.4076386250207,1091.65864643437,135.38752623335995,,-692.0,1091.2809127422488,135.07259679318702,central,5.205000000000114,success,61.23046875,0.005,"(-692, 278, -2)",-692.0,278.0,-2.0,-692.0,,278.0,-2.0
931,realistic,3,x0y0,utah,12.554,15.2,Aa,saline,-0.8582584623107127,15.2,,b,-1,0.08,soma,82.82680024199999,-153.3198272402081,-83.40489186132027,1334.2463809865458,,-153.0,-83.396201001815,1334.3307587809882,none,0.0,success,105.0,0.005,"(-153, -71, 508)",-153.0,-71.0,508.0,,,,
932,realistic,3,x0y0,utah,11.945,14.5,Aa,saline,100.23205212624953,14.5,,b,-1,0.08,soma,80.88017755,1509.7111432403067,1262.3049273760762,-214.08516430260585,,1510.0,1262.3155913634778,-213.59815976644003,central,5.205000000000114,success,29.40673828125,0.005,"(1510, 450, -67)",1510.0,450.0,-67.0,1510.0,,450.0,-67.0
933,realistic,3,x0y0,utah,12.902,15.6,Aa,saline,17.047480564177114,15.6,,b,-1,0.08,soma,83.93915606600001,459.2949308768615,490.6246793509532,1181.2724170592098,,459.0,490.4674802792757,1181.6656135573517,central,5.24500000000012,success,96.533203125,0.005,"(459, 248, 391)",459.0,248.0,391.0,459.0,,248.0,391.0
934,realistic,3,x0y0,utah,13.685,16.5,Aa,saline,93.59920342214441,16.5,,b,-1,0.08,soma,86.44195667,-617.5692350297608,1114.600912779758,-18.23802245989691,,-618.0,1114.56453637833,-18.01227743943801,central,5.195000000000112,success,50.1953125,0.005,"(-618, 288, 34)",-618.0,288.0,34.0,-618.0,,288.0,34.0
935,realistic,3,x0y0,utah,12.032,14.6,Aa,saline,-13.719102653437547,14.6,,b,-1,0.08,soma,81.15826650599999,-327.5486473370341,-387.35190113828963,1214.0055847599895,,-328.0,-387.8273704076116,1214.0501279552898,none,0.0,success,105.0,0.005,"(-328, -192, 412)",-328.0,-192.0,412.0,,,,
936,realistic,3,x0y0,utah,14.467999999999998,17.4,Aa,saline,123.44856435886108,17.4,,b,-1,0.08,soma,88.944757274,232.0692291728439,806.1235855098294,-712.9754535551169,,232.0,806.111752734713,-713.2051751047145,none,0.0,success,105.0,0.005,"(232, 114, -256)",232.0,114.0,-256.0,,,,
937,realistic,3,x0y0,utah,15.686000000000002,18.8,Aa,saline,99.22832822594431,18.8,,b,-1,0.08,soma,92.838002658,1656.2538229794793,1209.1569436973987,-315.34828974341184,,1656.0,1208.6936962118561,-315.35960781317164,central,5.305000000000129,success,50.68359375,0.005,"(1656, 388, -182)",1656.0,388.0,-182.0,1656.0,,388.0,-182.0
938,realistic,3,x0y0,utah,12.206000000000001,14.8,Aa,saline,150.69825177246943,14.8,,b,-1,0.08,soma,81.714444418,-467.2217572775612,736.2013270543283,-1053.548413264061,,-467.0,736.1745245490847,-1053.230083488469,periphery,5.230000000000118,success,73.81591796875,0.005,"(-467, 332, -333)",-467.0,332.0,-333.0,-467.0,,332.0,-333.0
939,realistic,3,x0y0,utah,12.206000000000001,14.8,Aa,saline,33.829753582279636,14.8,,b,-1,0.08,soma,81.714444418,526.2238413083063,596.9451920698892,872.5642327500173,,526.0,596.7547156037504,873.0395944890164,none,0.0,success,105.0,0.005,"(526, 137, 187)",526.0,137.0,187.0,,,,
940,realistic,3,x0y0,utah,11.945,14.5,Aa,saline,-18.933209640027147,14.5,,b,-1,0.08,soma,80.88017755,699.3921088651665,-603.2530495159349,1172.555209056144,,699.0,-602.8553088074875,1172.7837799722727,none,0.0,success,105.0,0.005,"(699, -335, 392)",699.0,-335.0,392.0,,,,
941,realistic,3,x0y0,utah,11.336,13.8,Aa,saline,38.336436845497495,13.8,,b,-1,0.08,soma,78.93355485800001,1312.2636858644576,589.9369126298328,846.7635834532542,,1312.0,590.4167420392089,846.7117402153077,none,0.0,success,105.0,0.005,"(1312, 79, 200)",1312.0,79.0,200.0,,,,
942,realistic,3,x0y0,utah,11.684,14.2,Aa,saline,174.53724015168723,14.2,,b,-1,0.08,soma,80.045910682,-777.9856986305663,-93.75560631079223,-1418.5437817723928,,-778.0,-93.45781465153678,-1418.3103520419659,none,0.0,success,105.0,0.005,"(-778, -172, -597)",-778.0,-172.0,-597.0,,,,
943,realistic,3,x0y0,utah,10.553,12.9,Aa,saline,46.762221847319495,12.9,,b,-1,0.08,soma,76.430754254,1218.8403143440946,808.5433472176328,1007.8313588354973,,1219.0,808.7124022370197,1007.9025333319952,none,0.0,success,105.0,0.005,"(1219, 209, 444)",1219.0,209.0,444.0,,,,
944,realistic,3,x0y0,utah,11.771,14.3,Aa,saline,-12.776154217280345,14.3,,b,-1,0.08,soma,80.323999638,-1315.8347182324587,-278.3801318587107,1321.4521996890214,,-1316.0,-278.44331815998095,1321.697982223489,none,0.0,success,105.0,0.005,"(-1316, -96, 517)",-1316.0,-96.0,517.0,,,,
945,realistic,3,x0y0,utah,10.379,12.7,Aa,saline,116.59881922130718,12.7,,b,-1,0.08,soma,75.874576342,-1450.5680612449564,1222.6723134381828,-541.5963170860387,,-1451.0,1222.8705230825085,-541.4290239141568,periphery,5.185000000000111,success,34.197998046875,0.005,"(-1451, 487, -173)",-1451.0,487.0,-173.0,-1451.0,,487.0,-173.0
946,realistic,3,x0y0,utah,10.814,13.2,Aa,saline,170.7764498115044,13.2,,b,-1,0.08,soma,77.26502112200002,835.4045727392528,155.34206738653575,-1223.3053029095095,,835.0,155.02829144292835,-1223.0076511747634,none,0.0,success,105.0,0.005,"(835, 23, -410)",835.0,23.0,-410.0,,,,
947,realistic,3,x0y0,utah,15.598999999999998,18.7,Aa,saline,80.24284819507774,18.7,,b,-1,0.08,soma,92.559913702,300.18041316452604,1370.3715190421944,178.88936914631904,,300.0,1370.2263974766608,178.90195268624456,periphery,5.1650000000001075,success,8.318328857421875,0.005,"(300, 551, 38)",300.0,551.0,38.0,300.0,,551.0,38.0
948,realistic,3,x0y0,utah,11.336,13.8,Aa,saline,200.57981824607742,13.8,,b,-1,0.08,soma,78.93355485800001,1798.7268041877392,-515.374959262615,-1121.0408512118504,,1799.0,-515.8000722662936,-1120.86579702903,none,0.0,success,105.0,0.005,"(1799, -226, -349)",1799.0,-226.0,-349.0,,,,
949,realistic,3,x0y0,utah,13.946,16.8,Aa,saline,9.073984836875352,16.8,,b,-1,0.08,soma,87.27622353800001,-1817.9940398745173,136.96636230152038,1107.7309600291946,,-1818.0,136.67623022597135,1107.2801353718878,none,0.0,success,105.0,0.005,"(-1818, 6, 289)",-1818.0,6.0,289.0,,,,
950,realistic,3,x0y0,utah,12.815,15.5,Aa,saline,27.01082862512983,15.5,,b,-1,0.08,soma,83.66106711,-1511.2665759261538,165.24535166494752,385.0355627999643,,-1511.0,165.54642834068108,384.62332234414976,none,0.0,success,105.0,0.005,"(-1511, -210, -352)",-1511.0,-210.0,-352.0,,,,
951,realistic,3,x0y0,utah,12.815,15.5,Aa,saline,-15.586214127244167,15.5,,b,-1,0.08,soma,83.66106711,1764.8542661578213,-382.0717780163314,1161.3998162291373,,1765.0,-382.1693643662286,1161.4031699201762,none,0.0,success,105.0,0.005,"(1765, -160, 365)",1765.0,-160.0,365.0,,,,
952,realistic,3,x0y0,utah,12.815,15.5,Aa,saline,167.32585489331734,15.5,,b,-1,0.08,soma,83.66106711,424.7015053018389,178.59276200039315,-1376.4109881144657,,425.0,178.40661906196706,-1376.6558685362584,none,0.0,success,105.0,0.005,"(425, -3, -570)",425.0,-3.0,-570.0,,,,
953,realistic,3,x0y0,utah,12.293000000000001,14.9,Aa,saline,177.85139886614067,14.9,,b,-1,0.08,soma,81.99253337399999,1109.4787008525059,275.04806118394754,-1323.7747477321825,,1109.0,274.97486000076253,-1323.4180693003193,none,0.0,success,105.0,0.005,"(1109, 244, -498)",1109.0,244.0,-498.0,,,,
954,realistic,3,x0y0,utah,10.379,12.7,Aa,saline,202.93532495038212,12.7,,b,-1,0.08,soma,75.874576342,932.5004425094376,-464.8232387887483,-1311.5638111928533,,933.0,-464.69866120023875,-1311.842948676674,none,0.0,success,105.0,0.005,"(933, -144, -554)",933.0,-144.0,-554.0,,,,
955,realistic,3,x0y0,utah,12.206000000000001,14.8,Aa,saline,23.133855486028338,14.8,,b,-1,0.08,soma,81.714444418,1694.8251018923465,599.961144731371,1136.409251819512,,1695.0,599.4793026059162,1136.4583015433964,central,5.31000000000013,success,98.291015625,0.005,"(1695, 275, 377)",1695.0,275.0,377.0,1695.0,,275.0,377.0
956,realistic,3,x0y0,utah,11.858,14.4,Aa,saline,130.68111800415122,14.4,,b,-1,0.08,soma,80.60208859400001,1233.684325284051,1017.5454008578923,-646.7971188670673,,1234.0,1017.8257818904152,-646.9312206727848,central,5.230000000000118,success,33.5205078125,0.005,"(1234, 392, -109)",1234.0,392.0,-109.0,1234.0,,392.0,-109.0
957,realistic,3,x0y0,utah,12.815,15.5,Aa,saline,154.93962616385764,15.5,,b,-1,0.08,soma,83.66106711,732.7900939507532,498.8094356151291,-1090.3973744994742,,733.0,499.2454140138981,-1090.0257803474747,none,0.0,success,105.0,0.005,"(733, 149, -341)",733.0,149.0,-341.0,,,,
958,realistic,3,x0y0,utah,9.683,11.9,Aa,saline,190.22098830741402,11.9,,b,-1,0.08,soma,73.649864694,989.2072551417908,-335.1357976483555,-1278.1538862589634,,989.0,-334.79174299835785,-1277.757915922683,none,0.0,success,105.0,0.005,"(989, -189, -469)",989.0,-189.0,-469.0,,,,
959,realistic,3,x0y0,utah,14.12,17.0,Aa,saline,98.192887407749,17.0,,b,-1,0.08,soma,87.83240144999998,-498.287946385854,1320.8658666700321,-148.39726349988268,,-498.0,1320.4612554776054,-148.12055860331253,periphery,5.160000000000107,success,13.848876953125,0.005,"(-498, 500, -30)",-498.0,500.0,-30.0,-498.0,,500.0,-30.0
960,realistic,3,x0y0,utah,15.338,18.4,Aa,saline,95.35518226286672,18.4,,b,-1,0.08,soma,91.725646834,-1253.7321071285796,1264.9092742432967,-49.35940642830975,,-1254.0,1265.2070269939654,-49.51950142480612,periphery,5.190000000000111,success,22.364044189453125,0.005,"(-1254, 438, 28)",-1254.0,438.0,28.0,-1254.0,,438.0,28.0
961,realistic,3,x0y0,utah,11.51,14.0,Aa,saline,26.148236903940607,14.0,,b,-1,0.08,soma,79.48973277,-764.4725541887567,377.15268328709277,1293.2991695503715,,-764.0,377.4650626158696,1293.3734665538148,none,0.0,success,105.0,0.005,"(-764, 14, 553)",-764.0,14.0,553.0,,,,
962,realistic,3,x0y0,utah,13.424,16.2,Aa,saline,100.47552081425181,16.2,,b,-1,0.08,soma,85.607689802,-1428.5551997382504,1204.652719743267,-128.47917107432522,,-1429.0,1204.9795206911535,-128.49473900300183,periphery,5.195000000000112,success,35.0494384765625,0.005,"(-1429, 391, 22)",-1429.0,391.0,22.0,-1429.0,,391.0,22.0
963,realistic,3,x0y0,utah,13.337000000000002,16.1,Aa,saline,101.43052371258345,16.1,,b,-1,0.08,soma,85.329600846,-983.977217781487,1317.920188238396,-131.71362310508084,,-984.0,1318.2770373746248,-132.04316344383864,periphery,5.1650000000001075,success,13.482666015625,0.005,"(-984, 507, 32)",-984.0,507.0,32.0,-984.0,,507.0,32.0
964,realistic,3,x0y0,utah,10.031,12.3,Aa,saline,331.0031834049996,12.3,,b,-1,0.08,soma,74.76222051799998,1661.992543099427,-402.57948044819017,777.8733193074388,,1662.0,-402.69036225356325,778.2545190325216,none,0.0,success,105.0,0.005,"(1662, -4, 59)",1662.0,-4.0,59.0,,,,
965,realistic,3,x0y0,utah,11.945,14.5,Aa,saline,34.204688314158076,14.5,,b,-1,0.08,soma,80.88017755,1832.739112275703,659.326385169978,846.5955733506908,,1833.0,659.0624179093052,846.6389534169251,central,5.335000000000134,success,84.3017578125,0.005,"(1833, 195, 164)",1833.0,195.0,164.0,1833.0,,195.0,164.0
966,realistic,3,x0y0,utah,15.077000000000002,18.1,Aa,saline,106.68430256052905,18.1,,b,-1,0.08,soma,90.891379966,1380.9987504321466,1282.9506974161834,-362.86990904241065,,1381.0,1282.483926434716,-362.4209575941194,central,5.220000000000116,success,24.407958984375,0.005,"(1381, 487, -124)",1381.0,487.0,-124.0,1381.0,,487.0,-124.0
967,realistic,3,x0y0,utah,13.597999999999999,16.4,Aa,saline,112.85710928197004,16.4,,b,-1,0.08,soma,86.16386771399998,-1138.8619751067686,982.2457979139407,-440.1739251651042,,-1139.0,982.0775020492257,-440.6270231100589,periphery,5.3250000000001325,success,83.4228515625,0.005,"(-1139, 219, -119)",-1139.0,219.0,-119.0,-1139.0,,219.0,-119.0
968,realistic,3,x0y0,utah,10.118,12.4,Aa,saline,54.2171663111096,12.4,,b,-1,0.08,soma,75.040309474,1550.0923600198544,795.0150447529854,635.1946669866384,,1550.0,795.2283495226546,634.9275344747241,none,0.0,success,105.0,0.005,"(1550, 128, 154)",1550.0,128.0,154.0,,,,
969,realistic,3,x0y0,utah,11.684,14.2,Aa,saline,160.7199737333213,14.2,,b,-1,0.08,soma,80.045910682,937.2556336420016,282.9356551023411,-803.3574982060895,,937.0,283.4225798535983,-803.73916754637,none,0.0,success,105.0,0.005,"(937, 11, -25)",937.0,11.0,-25.0,,,,
970,realistic,3,x0y0,utah,13.859,16.7,Aa,saline,9.240121636526775,16.7,,b,-1,0.08,soma,86.998134582,-881.5693283206851,199.5885260812029,1386.2521373858908,,-882.0,200.05695020693463,1386.7285794162171,none,0.0,success,105.0,0.005,"(-882, 67, 569)",-882.0,67.0,569.0,,,,
971,realistic,3,x0y0,utah,11.336,13.8,Aa,saline,29.06820664972843,13.8,,b,-1,0.08,soma,78.93355485800001,1397.3970176663247,604.5310402286988,1110.2240791289987,,1397.0,604.6084071527512,1110.5839634729462,none,0.0,success,105.0,0.005,"(1397, 204, 390)",1397.0,204.0,390.0,,,,
972,realistic,3,x0y0,utah,11.336,13.8,Aa,saline,203.4068451352921,13.8,,b,-1,0.08,soma,78.93355485800001,1717.7276383104886,-474.45436509957705,-984.0976684731073,,1718.0,-474.5606506725418,-983.6131616465934,none,0.0,success,105.0,0.005,"(1718, -147, -227)",1718.0,-147.0,-227.0,,,,
973,realistic,3,x0y0,utah,11.161999999999999,13.6,Aa,saline,52.165991448313314,13.6,,b,-1,0.08,soma,78.377376946,1198.6645303297048,793.8996550244686,763.0596949006081,,1199.0,793.9442261559756,763.5573415093384,none,0.0,success,105.0,0.005,"(1199, 143, 258)",1199.0,143.0,258.0,,,,
974,realistic,3,x0y0,utah,10.814,13.2,Aa,saline,93.65372882404414,13.2,,b,-1,0.08,soma,77.26502112200002,519.3157070835331,1242.4898639017385,-140.84187373567102,,519.0,1242.9852455398782,-140.4653909227357,central,5.170000000000108,success,32.38525390625,0.005,"(519, 421, -88)",519.0,421.0,-88.0,519.0,,421.0,-88.0
975,realistic,3,x0y0,utah,12.032,14.6,Aa,saline,146.62551095714642,14.6,,b,-1,0.08,soma,81.15826650599999,515.9863511849042,681.661098379654,-1119.8928910733996,,516.0,682.1510812024754,-1119.4411341795803,none,0.0,success,105.0,0.005,"(516, 228, -430)",516.0,228.0,-430.0,,,,
976,realistic,3,x0y0,utah,12.206000000000001,14.8,Aa,saline,206.65912988110284,14.8,,b,-1,0.08,soma,81.714444418,614.5934818670185,-593.49254555074,-1149.267275901975,,615.0,-593.5621356051784,-1149.0685994881835,none,0.0,success,105.0,0.005,"(615, -223, -411)",615.0,-223.0,-411.0,,,,
977,realistic,3,x0y0,utah,13.337000000000002,16.1,Aa,saline,34.78951508146831,16.1,,b,-1,0.08,soma,85.329600846,-1060.7355858291448,632.1245887849483,911.4057481505588,,-1061.0,632.2655351213639,911.76110058741,periphery,5.205000000000114,success,105.0,0.005,"(-1061, 160, 232)",-1061.0,160.0,232.0,-1061.0,,160.0,232.0
978,realistic,3,x0y0,utah,11.684,14.2,Aa,saline,3.5705652407040325,14.2,,b,-1,0.08,soma,80.045910682,105.8455703304402,27.927045317249394,1375.532151590487,,106.0,28.398930117744314,1375.4554117258522,none,0.0,success,105.0,0.005,"(106, -23, 552)",106.0,-23.0,552.0,,,,
979,realistic,3,x0y0,utah,12.119,14.7,Aa,saline,158.0208698366139,14.7,,b,-1,0.08,soma,81.436355462,1839.470266131945,368.09980306690886,-1098.3285085766238,,1839.0,368.06631392471337,-1098.6884662099565,none,0.0,success,105.0,0.005,"(1839, 59, -333)",1839.0,59.0,-333.0,,,,
980,realistic,3,x0y0,utah,10.901,13.3,Aa,saline,27.155673598392077,13.3,,b,-1,0.08,soma,77.54311007800001,1285.8324647229915,461.1500842928267,1029.8224963703224,,1286.0,460.96933771979974,1029.9919296737025,none,0.0,success,105.0,0.005,"(1286, 85, 297)",1286.0,85.0,297.0,,,,
981,realistic,3,x0y0,utah,13.946,16.8,Aa,saline,171.74382713581932,16.8,,b,-1,0.08,soma,87.27622353800001,96.69139297344921,158.27764900825423,-1441.0937676831225,,97.0,157.99243285002842,-1441.0202754066027,none,0.0,success,105.0,0.005,"(97, 39, -621)",97.0,39.0,-621.0,,,,
982,realistic,3,x0y0,utah,11.423,13.9,Aa,saline,120.6566658014465,13.9,,b,-1,0.08,soma,79.211643814,237.03159076375442,1032.380778139594,-483.58635696919646,,237.0,1032.3259280044017,-483.4665085903795,periphery,5.1650000000001075,success,38.0126953125,0.005,"(237, 323, -63)",237.0,323.0,-63.0,237.0,,323.0,-63.0
983,realistic,3,x0y0,utah,10.118,12.4,Aa,saline,178.36348137992738,12.4,,b,-1,0.08,soma,75.040309474,762.8568487417125,-106.7130601228655,-1344.761117810718,,763.0,-106.4759235745218,-1345.1911466751053,none,0.0,success,105.0,0.005,"(763, -130, -523)",763.0,-130.0,-523.0,,,,
984,realistic,3,x0y0,utah,10.379,12.7,Aa,saline,179.31947943187527,12.7,,b,-1,0.08,soma,75.874576342,209.8028575618241,22.870030794390914,-1407.0434484034802,,210.0,22.792953729234902,-1406.8549944421832,none,0.0,success,105.0,0.005,"(210, 13, -584)",210.0,13.0,-584.0,,,,
985,realistic,3,x0y0,utah,12.815,15.5,Aa,saline,107.03750148715649,15.5,,b,-1,0.08,soma,83.66106711,1083.90056646781,1103.272926446488,-330.7644305802196,,1084.0,1103.5326731319356,-331.2613463316151,central,5.265000000000123,success,51.2939453125,0.005,"(1084, 313, -89)",1084.0,313.0,-89.0,1084.0,,313.0,-89.0
986,realistic,3,x0y0,utah,12.641,15.3,Aa,saline,-23.19786616234692,15.3,,b,-1,0.08,soma,83.104889198,-1620.670611362188,-607.1164598940736,1152.5580645515365,,-1621.0,-607.5790079275462,1152.7670070754011,none,0.0,success,105.0,0.005,"(-1621, -282, 393)",-1621.0,-282.0,393.0,,,,
987,realistic,3,x0y0,utah,9.943999999999999,12.2,Aa,saline,120.08724274482515,12.2,,b,-1,0.08,soma,74.484131562,-524.9586978019454,928.3575969426996,-512.4161589368787,,-525.0,928.4860595202995,-512.1899475760154,central,5.2100000000001145,success,89.044189453125,0.005,"(-525, 217, -100)",-525.0,217.0,-100.0,-525.0,,217.0,-100.0
988,realistic,3,x0y0,utah,14.902999999999999,17.9,Aa,saline,9.694608932215509,17.9,,b,-1,0.08,soma,90.33520205399999,-4.737258757883779,121.37334686500616,531.038570792557,,-5.0,121.80022401294681,531.2962043323141,none,0.0,success,105.0,0.005,"(-5, -18, -287)",-5.0,-18.0,-287.0,,,,
989,realistic,3,x0y0,utah,11.248999999999999,13.7,Aa,saline,5.3183319317808895,13.7,,b,-1,0.08,soma,78.655465902,-1390.995720916135,30.388425924349576,1122.2977082378438,,-1391.0,30.415180844557725,1122.783123699311,none,0.0,success,105.0,0.005,"(-1391, -46, 302)",-1391.0,-46.0,302.0,,,,
990,realistic,3,x0y0,utah,11.075,13.5,Aa,saline,58.45910835474545,13.5,,b,-1,0.08,soma,78.09928799,1270.7190171644195,914.4727564805797,509.31308938293023,,1271.0,914.3375115769386,509.0603687737846,central,5.305000000000129,success,80.89599609375,0.005,"(1271, 212, 78)",1271.0,212.0,78.0,1271.0,,212.0,78.0
991,realistic,3,x0y0,utah,12.293000000000001,14.9,Aa,saline,34.02771992626389,14.9,,b,-1,0.08,soma,81.99253337399999,918.5079057279573,754.0925739199561,1054.495993165634,,919.0,754.2275108380453,1054.5857058301858,central,5.365000000000139,success,91.845703125,0.005,"(919, 292, 370)",919.0,292.0,370.0,919.0,,292.0,370.0
992,realistic,3,x0y0,utah,9.508999999999999,11.7,Aa,saline,43.8486331880129,11.7,,b,-1,0.08,soma,73.09368678199999,517.8242000177958,761.3380439282901,790.3638498890346,,518.0,761.1676531012848,790.4995834535893,none,0.0,success,105.0,0.005,"(518, 192, 198)",518.0,192.0,198.0,,,,
993,realistic,3,x0y0,utah,12.988999999999999,15.7,Aa,saline,-21.989013842208557,15.7,,b,-1,0.08,soma,84.217245022,822.7906354095883,-614.1234185196348,1085.6316584674087,,823.0,-613.6694682681185,1085.9778256544505,none,0.0,success,105.0,0.005,"(823, -304, 319)",823.0,-304.0,319.0,,,,
994,realistic,3,x0y0,utah,12.032,14.6,Aa,saline,81.63181844477963,14.6,,b,-1,0.08,soma,81.15826650599999,914.5200947770584,1357.706127448967,74.20633813452332,,915.0,1357.8279944405185,74.12176388831152,central,5.195000000000112,success,13.018798828125,0.005,"(915, 541, -46)",915.0,541.0,-46.0,915.0,,541.0,-46.0
995,realistic,3,x0y0,utah,12.119,14.7,Aa,saline,48.49746848825984,14.7,,b,-1,0.08,soma,81.436355462,1189.330233958215,866.7958979851525,633.6966608220408,,1189.0,866.380343302746,634.2034363823338,central,5.295000000000128,success,66.546630859375,0.005,"(1189, 248, 87)",1189.0,248.0,87.0,1189.0,,248.0,87.0
996,realistic,3,x0y0,utah,12.293000000000001,14.9,Aa,saline,102.6474107677987,14.9,,b,-1,0.08,soma,81.99253337399999,981.2135288457083,1309.1070947034625,-397.65620589679975,,981.0,1308.9245574065062,-397.89318240445306,central,5.250000000000121,success,34.637451171875,0.005,"(981, 503, -217)",981.0,503.0,-217.0,981.0,,503.0,-217.0
997,realistic,3,x0y0,utah,13.597999999999999,16.4,Aa,saline,30.8563245587493,16.4,,b,-1,0.08,soma,86.16386771399998,-133.6382667752407,766.0126541902106,1002.5530711205977,,-134.0,765.7232238752554,1002.9083402162347,periphery,5.190000000000111,success,60.791015625,0.005,"(-134, 341, 292)",-134.0,341.0,292.0,-134.0,,341.0,292.0
998,realistic,3,x0y0,utah,11.858,14.4,Aa,saline,180.18610423295692,14.4,,b,-1,0.08,soma,80.60208859400001,-1923.462541972396,-98.22414984462648,-1069.2693060623365,,-1923.0,-98.6409633417504,-1069.3010442970003,none,0.0,success,105.0,0.005,"(-1923, -96, -244)",-1923.0,-96.0,-244.0,,,,
999,realistic,3,x0y0,utah,12.467,15.1,Aa,saline,47.54156014303195,15.1,,b,-1,0.08,soma,82.548711286,-443.29804587279676,673.3483252979217,800.9800654289684,,-443.0,673.6252195934055,800.8178174945895,none,0.0,success,105.0,0.005,"(-443, 64, 243)",-443.0,64.0,243.0,,,,
1000,realistic,3,x0y0,utah,11.075,13.5,Aa,saline,53.31233898219535,13.5,,b,-1,0.08,soma,78.09928799,1630.3433252800821,763.320463878303,497.2428875515511,,1630.0,763.8054095195906,497.36966228701266,none,0.0,success,105.0,0.005,"(1630, 103, 5)",1630.0,103.0,5.0,,,,
1001,realistic,3,x0y0,utah,10.988,13.4,Aa,saline,157.0620729802171,13.4,,b,-1,0.08,soma,77.821199034,-1342.1130325537965,457.9713923534655,-1154.2538614549314,,-1342.0,458.07796063177494,-1153.7392710952054,none,0.0,success,105.0,0.005,"(-1342, 137, -395)",-1342.0,137.0,-395.0,,,,
1002,realistic,3,x0y0,utah,15.598999999999998,18.7,Aa,saline,67.7439204424889,18.7,,b,-1,0.08,soma,92.559913702,-1319.55552273943,1267.1159636641105,439.5977784914162,,-1320.0,1267.3496000656007,439.8057196594738,periphery,5.185000000000111,success,22.518539428710938,0.005,"(-1320, 498, 125)",-1320.0,498.0,125.0,-1320.0,,498.0,125.0
1003,realistic,3,x0y0,utah,11.51,14.0,Aa,saline,19.593286651591143,14.0,,b,-1,0.08,soma,79.48973277,-963.9922212566536,413.16393142537436,1104.1518485279478,,-964.0,413.53695369889056,1103.9921386213086,none,0.0,success,105.0,0.005,"(-964, 137, 327)",-964.0,137.0,327.0,,,,
1004,realistic,3,x0y0,utah,13.076,15.8,Aa,saline,163.04761282218294,15.8,,b,-1,0.08,soma,84.495333978,-573.2107655823667,302.18703000492224,-1280.628185747233,,-573.0,302.2254196939925,-1280.2623934749786,none,0.0,success,105.0,0.005,"(-573, 61, -489)",-573.0,61.0,-489.0,,,,
1005,realistic,3,x0y0,utah,10.988,13.4,Aa,saline,59.70477748390908,13.4,,b,-1,0.08,soma,77.821199034,583.5526246108265,1198.9755743348524,772.6208959290292,,584.0,1199.364411622978,772.6628974563266,central,5.24500000000012,success,66.05224609375,0.005,"(584, 488, 357)",584.0,488.0,357.0,584.0,,488.0,357.0
1006,realistic,3,x0y0,utah,12.728,15.4,Aa,saline,123.56586889269724,15.4,,b,-1,0.08,soma,83.382978154,-114.2350698449317,331.8747992028612,-176.2287440003793,,-114.0,331.8820178478643,-176.07772431067337,none,0.0,success,105.0,0.005,"(-114, -357, 281)",-114.0,-357.0,281.0,,,,
1007,realistic,3,x0y0,utah,10.118,12.4,Aa,saline,192.35447954134517,12.4,,b,-1,0.08,soma,75.040309474,934.5224509351088,-110.99851594813164,-1334.687227339298,,935.0,-111.01931311371806,-1334.4376871471018,none,0.0,success,105.0,0.005,"(935, 65, -531)",935.0,65.0,-531.0,,,,
1008,realistic,3,x0y0,utah,14.207,17.1,Aa,saline,33.4489160546037,17.1,,b,-1,0.08,soma,88.110490406,-489.83855807993086,825.1751589231071,1116.2850836877087,,-490.0,824.9752511558938,1116.7636965973834,periphery,5.24500000000012,success,84.3017578125,0.005,"(-490, 368, 425)",-490.0,368.0,425.0,-490.0,,368.0,425.0
1009,realistic,3,x0y0,utah,10.814,13.2,Aa,saline,49.06643506071186,13.2,,b,-1,0.08,soma,77.26502112200002,-1844.2785988974688,847.7596249869489,918.4626943280203,,-1844.0,848.2543617288356,918.6440209195673,none,0.0,success,105.0,0.005,"(-1844, 226, 379)",-1844.0,226.0,379.0,,,,
1010,realistic,3,x0y0,utah,11.771,14.3,Aa,saline,201.45417544309674,14.3,,b,-1,0.08,soma,80.323999638,1805.4947365353141,-599.0775044887878,-1043.06485132571,,1805.0,-598.8442595337904,-1042.9782732315434,none,0.0,success,105.0,0.005,"(1805, -297, -275)",1805.0,-297.0,-275.0,,,,
1011,realistic,3,x0y0,utah,10.814,13.2,Aa,saline,62.6439418608549,13.2,,b,-1,0.08,soma,77.26502112200002,291.8022136900338,1150.5797760533271,643.0357087512311,,292.0,1150.5503958802803,643.4591386027796,central,5.175000000000109,success,52.0751953125,0.005,"(292, 419, 265)",292.0,419.0,265.0,292.0,,419.0,265.0
1012,realistic,3,x0y0,utah,11.161999999999999,13.6,Aa,saline,154.1148352077483,13.6,,b,-1,0.08,soma,78.377376946,4.94194394970604,457.6464905626422,-1240.1819050165402,,5.0,457.8407813873119,-1240.5225630191585,none,0.0,success,105.0,0.005,"(5, 98, -499)",5.0,98.0,-499.0,,,,
1013,realistic,3,x0y0,utah,10.727,13.1,Aa,saline,65.00206596110935,13.1,,b,-1,0.08,soma,76.986932166,-526.5861742730687,1134.554841111608,626.6482796474148,,-527.0,1134.332128311023,627.0083387666758,periphery,5.250000000000121,success,65.0634765625,0.005,"(-527, 388, 279)",-527.0,388.0,279.0,-527.0,,388.0,279.0
1014,realistic,3,x0y0,utah,10.727,13.1,Aa,saline,3.7595648263231713,13.1,,b,-1,0.08,soma,76.986932166,-385.2471842437149,59.59675945702793,1246.9151073871453,,-385.0,60.021171375044815,1246.6817804576176,none,0.0,success,105.0,0.005,"(-385, 6, 425)",-385.0,6.0,425.0,,,,
1015,realistic,3,x0y0,utah,15.338,18.4,Aa,saline,-20.25010942779502,18.4,,b,-1,0.08,soma,91.725646834,-235.70834866638512,-500.63753532624924,1352.420769803567,,-236.0,-500.56162318462384,1352.5155009298296,none,0.0,success,105.0,0.005,"(-236, -213, 573)",-236.0,-213.0,573.0,,,,
1016,realistic,3,x0y0,utah,12.641,15.3,Aa,saline,184.19422043879487,15.3,,b,-1,0.08,soma,83.104889198,-127.66830864104107,-233.57385742681072,-1364.4061650572364,,-128.0,-233.42098370018692,-1364.320752998583,none,0.0,success,105.0,0.005,"(-128, -173, -540)",-128.0,-173.0,-540.0,,,,
1017,realistic,3,x0y0,utah,12.641,15.3,Aa,saline,63.52229881514348,15.3,,b,-1,0.08,soma,83.104889198,1823.7563544223813,1013.4059444752744,508.66861534914597,,1824.0,1013.8470931605651,508.4770798022343,central,5.295000000000128,success,66.05224609375,0.005,"(1824, 274, 140)",1824.0,274.0,140.0,1824.0,,274.0,140.0
1018,realistic,3,x0y0,utah,9.248000000000001,11.4,Aa,saline,156.66111726305564,11.4,,b,-1,0.08,soma,72.25941991399999,1590.3496752217973,426.2498199013585,-1182.6367852877083,,1590.0,426.33159108496346,-1182.9612996825176,none,0.0,success,105.0,0.005,"(1590, 101, -429)",1590.0,101.0,-429.0,,,,
1019,realistic,3,x0y0,utah,11.248999999999999,13.7,Aa,saline,-21.844374743281694,13.7,,b,-1,0.08,soma,78.655465902,1035.498164571898,-623.2134219838373,1202.4606973327313,,1035.0,-622.7323494310672,1202.1410017251185,none,0.0,success,105.0,0.005,"(1035, -316, 437)",1035.0,-316.0,437.0,,,,
1020,realistic,3,x0y0,utah,12.554,15.2,Aa,saline,161.15674854525298,15.2,,b,-1,0.08,soma,82.82680024199999,-1007.7747106078019,499.48742625824246,-1051.1825688347355,,-1008.0,499.9315282390831,-1051.1176418745147,periphery,5.270000000000124,success,83.97216796875,0.005,"(-1008, 233, -269)",-1008.0,233.0,-269.0,-1008.0,,233.0,-269.0
1021,realistic,3,x0y0,utah,10.466000000000001,12.8,Aa,saline,148.3164359024271,12.8,,b,-1,0.08,soma,76.152665298,-1184.7101902930785,571.5327648083247,-904.6673314460761,,-1185.0,571.2796899072548,-904.4379590842991,none,0.0,success,105.0,0.005,"(-1185, 139, -204)",-1185.0,139.0,-204.0,,,,
1022,realistic,3,x0y0,utah,9.857,12.1,Aa,saline,-21.865581477545945,12.1,,b,-1,0.08,soma,74.206042606,101.60438199764243,-310.9691964525482,1207.6330181821436,,102.0,-311.15116513323727,1207.9938140713145,none,0.0,success,105.0,0.005,"(102, -5, 445)",102.0,-5.0,445.0,,,,
1023,realistic,3,x0y0,utah,13.076,15.8,Aa,saline,169.03535703100647,15.8,,b,-1,0.08,soma,84.495333978,-1028.3110662549104,280.4453101167678,-1155.6991990071683,,-1028.0,280.34250626130785,-1156.1090346831015,none,0.0,success,105.0,0.005,"(-1028, 123, -344)",-1028.0,123.0,-344.0,,,,
1024,realistic,3,x0y0,utah,12.206000000000001,14.8,Aa,saline,162.539793644143,14.8,,b,-1,0.08,soma,81.714444418,494.96845292067553,434.78428017407026,-1240.6206484820104,,495.0,434.7571666627,-1240.7852042651652,none,0.0,success,105.0,0.005,"(495, 187, -453)",495.0,187.0,-453.0,,,,
1025,realistic,3,x0y0,utah,15.947000000000001,19.1,Aa,saline,84.98721565101768,19.1,,b,-1,0.08,soma,93.67226952600001,-28.674392825516428,1400.4428930946033,-70.51130593922244,,-29.0,1400.6751574509008,-70.29752182171377,periphery,5.125000000000101,success,16.265869140625,0.005,"(-29, 572, -143)",-29.0,572.0,-143.0,-29.0,,572.0,-143.0
1026,realistic,3,x0y0,utah,13.25,16.0,Aa,saline,195.24282833850486,16.0,,b,-1,0.08,soma,85.05151189,1560.4699320699665,-411.6335223749129,-1086.8506612520007,,1560.0,-411.5565212379406,-1086.396849335736,none,0.0,success,105.0,0.005,"(1560, -194, -288)",1560.0,-194.0,-288.0,,,,
1027,realistic,3,x0y0,utah,12.902,15.6,Aa,saline,189.8291351011724,15.6,,b,-1,0.08,soma,83.93915606600001,282.73363586967173,-422.7628281696625,-1313.5334412075592,,283.0,-423.16370697023314,-1313.813125235915,none,0.0,success,105.0,0.005,"(283, -282, -499)",283.0,-282.0,-499.0,,,,
1028,realistic,3,x0y0,utah,14.902999999999999,17.9,Aa,saline,143.37466458016118,17.9,,b,-1,0.08,soma,90.33520205399999,-230.72411357459407,774.6609996508159,-1097.1892173225801,,-231.0,774.2779907727083,-1097.2925165842703,periphery,5.205000000000114,success,99.462890625,0.005,"(-231, 279, -431)",-231.0,279.0,-431.0,-231.0,,279.0,-431.0
1029,realistic,3,x0y0,utah,13.685,16.5,Aa,saline,22.481482081999868,16.5,,b,-1,0.08,soma,86.44195667,-1126.4732510742658,463.87726246542206,1281.0053589036725,,-1126.0,463.7117021153041,1281.2761839815403,none,0.0,success,105.0,0.005,"(-1126, 147, 516)",-1126.0,147.0,516.0,,,,
1030,realistic,3,x0y0,utah,15.251000000000001,18.3,Aa,saline,16.891581709889135,18.3,,b,-1,0.08,soma,91.447557878,1806.5538149187732,276.64929965956844,1224.719762067567,,1807.0,276.4083301596735,1224.9195840667294,none,0.0,success,105.0,0.005,"(1807, 35, 430)",1807.0,35.0,430.0,,,,
1031,realistic,3,x0y0,utah,11.858,14.4,Aa,saline,195.386119653476,14.4,,b,-1,0.08,soma,80.60208859400001,-1184.1196273357248,-371.69429962816736,-1126.9008686871089,,-1184.0,-371.95236705199414,-1126.7552669111674,none,0.0,success,105.0,0.005,"(-1184, -153, -331)",-1184.0,-153.0,-331.0,,,,
1032,realistic,3,x0y0,utah,13.25,16.0,Aa,saline,100.92226943890509,16.0,,b,-1,0.08,soma,85.05151189,1378.703386565622,1331.735328180881,-149.9715563293239,,1379.0,1331.547539762396,-149.81613075157756,central,5.185000000000111,success,13.995361328125,0.005,"(1379, 519, 7)",1379.0,519.0,7.0,1379.0,,519.0,7.0
1033,realistic,3,x0y0,utah,13.337000000000002,16.1,Aa,saline,23.36589231932947,16.1,,b,-1,0.08,soma,85.329600846,1163.979485035095,418.6335045319252,1082.1354118418317,,1164.0,418.25185984776186,1081.7962867883143,none,0.0,success,105.0,0.005,"(1164, 90, 322)",1164.0,90.0,322.0,,,,
1034,realistic,3,x0y0,utah,10.379,12.7,Aa,saline,124.46873544427989,12.7,,b,-1,0.08,soma,75.874576342,-1564.7671764779113,730.1821129623099,-680.542340813422,,-1565.0,730.4295003681726,-680.7825051047861,none,0.0,success,105.0,0.005,"(-1565, 52, -215)",-1565.0,52.0,-215.0,,,,
1035,realistic,3,x0y0,utah,12.206000000000001,14.8,Aa,saline,55.38724692771749,14.8,,b,-1,0.08,soma,81.714444418,-917.566704625418,1032.9999219229553,854.4242125530452,,-918.0,1032.680493878007,854.086902214712,periphery,5.295000000000128,success,88.22021484375,0.005,"(-918, 353, 385)",-918.0,353.0,385.0,-918.0,,353.0,385.0
1036,realistic,3,x0y0,utah,11.51,14.0,Aa,saline,200.6163532809098,14.0,,b,-1,0.08,soma,79.48973277,316.80309053396115,-536.3826990714929,-1092.2150070717728,,317.0,-536.3926674541585,-1091.9611949363602,none,0.0,success,105.0,0.005,"(317, -246, -320)",317.0,-246.0,-320.0,,,,
1037,realistic,3,x0y0,utah,15.077000000000002,18.1,Aa,saline,217.79908639751721,18.1,,b,-1,0.08,soma,90.891379966,525.9110661703778,-640.2436897354469,-738.2546799559996,,526.0,-639.9801633905809,-738.2181842245668,none,0.0,success,105.0,0.005,"(526, -131, -82)",526.0,-131.0,-82.0,,,,
1038,realistic,3,x0y0,utah,10.64,13.0,Aa,saline,193.98373283303985,13.0,,b,-1,0.08,soma,76.70884321,-709.4298068691057,-213.9770310111976,-1354.9974746386238,,-709.0,-213.92242825976805,-1354.9831307254922,none,0.0,success,105.0,0.005,"(-709, -15, -556)",-709.0,-15.0,-556.0,,,,
1039,realistic,3,x0y0,utah,11.51,14.0,Aa,saline,96.30929338249436,14.0,,b,-1,0.08,soma,79.48973277,-1121.6488283314045,1273.58518310597,-95.28934868366831,,-1122.0,1273.7139227000516,-95.63946081571153,periphery,5.1650000000001075,success,18.6279296875,0.005,"(-1122, 454, -5)",-1122.0,454.0,-5.0,-1122.0,,454.0,-5.0
1040,realistic,3,x0y0,utah,14.902999999999999,17.9,Aa,saline,24.754973318484346,17.9,,b,-1,0.08,soma,90.33520205399999,1316.7634074109078,592.0547964402473,1219.9870725640176,,1317.0,591.591174550005,1219.875198492619,none,0.0,success,105.0,0.005,"(1317, 244, 466)",1317.0,244.0,466.0,,,,
1041,realistic,3,x0y0,utah,11.336,13.8,Aa,saline,43.55624682455206,13.8,,b,-1,0.08,soma,78.93355485800001,-1184.0673949782413,772.101296408798,1082.196876015988,,-1184.0,772.140056326324,1082.4910736027964,none,0.0,success,105.0,0.005,"(-1184, 204, 485)",-1184.0,204.0,485.0,,,,
1042,realistic,3,x0y0,utah,11.075,13.5,Aa,saline,57.3457753912578,13.5,,b,-1,0.08,soma,78.09928799,-1356.9894593597514,1073.680248112934,754.0974982874878,,-1357.0,1073.7673952793907,753.6571878997021,periphery,5.24500000000012,success,68.890380859375,0.005,"(-1357, 380, 309)",-1357.0,380.0,309.0,-1357.0,,380.0,309.0
1043,realistic,3,x0y0,utah,12.206000000000001,14.8,Aa,saline,149.57585590777177,14.8,,b,-1,0.08,soma,81.714444418,47.019256083063794,657.7036248150589,-1299.7541566169887,,47.0,657.2140973266377,-1300.1366827108209,none,0.0,success,105.0,0.005,"(47, 239, -588)",47.0,239.0,-588.0,,,,
1044,realistic,3,x0y0,utah,11.858,14.4,Aa,saline,177.47488265030316,14.4,,b,-1,0.08,soma,80.60208859400001,-622.0998627365367,223.46528507180847,-1178.0142127618292,,-622.0,223.3957760534977,-1178.475743252703,periphery,5.175000000000109,success,105.0,0.005,"(-622, 187, -354)",-622.0,187.0,-354.0,-622.0,,187.0,-354.0
1045,realistic,3,x0y0,utah,13.163,15.9,Aa,saline,153.01827971274068,15.9,,b,-1,0.08,soma,84.773422934,-724.58362436825,633.2870491918552,-1188.169192850408,,-725.0,633.385350992578,-1188.3670372593906,none,0.0,success,105.0,0.005,"(-725, 258, -451)",-725.0,258.0,-451.0,,,,
1046,realistic,3,x0y0,utah,13.597999999999999,16.4,Aa,saline,95.69749984597776,16.4,,b,-1,0.08,soma,86.16386771399998,-1829.751983638307,1079.497942156905,-55.79514753183504,,-1830.0,1080.024332381101,-56.22853603200012,periphery,5.2800000000001255,success,61.23046875,0.005,"(-1830, 256, 26)",-1830.0,256.0,26.0,-1830.0,,256.0,26.0
1047,realistic,3,x0y0,utah,12.815,15.5,Aa,saline,170.15076450376702,15.5,,b,-1,0.08,soma,83.66106711,566.4748854402,327.00290894170575,-1248.771130295163,,566.0,327.4707042912605,-1248.6761247117415,none,0.0,success,105.0,0.005,"(566, 186, -434)",566.0,186.0,-434.0,,,,
1048,realistic,3,x0y0,utah,12.032,14.6,Aa,saline,109.13439766653177,14.6,,b,-1,0.08,soma,81.15826650599999,-1204.899851553808,1245.8208707604472,-383.274845986532,,-1205.0,1246.0071650974346,-383.62483988033347,periphery,5.18000000000011,success,22.96142578125,0.005,"(-1205, 466, -113)",-1205.0,466.0,-113.0,-1205.0,,466.0,-113.0
1049,realistic,3,x0y0,utah,14.12,17.0,Aa,saline,27.0943795176617,17.0,,b,-1,0.08,soma,87.83240144999998,-869.6101136511168,663.0939125893296,1187.311400942469,,-870.0,663.5713294302377,1186.9840935054676,periphery,5.240000000000119,success,105.0,0.005,"(-870, 286, 449)",-870.0,286.0,449.0,-870.0,,286.0,449.0
1050,realistic,3,x0y0,utah,12.032,14.6,Aa,saline,-26.508393526662,14.6,,b,-1,0.08,soma,81.15826650599999,1617.700923335358,-354.79248430217916,1072.0491605691227,,1618.0,-354.455967170814,1071.81076634811,none,0.0,success,105.0,0.005,"(1618, 14, 333)",1618.0,14.0,333.0,,,,
1051,realistic,3,x0y0,utah,12.815,15.5,Aa,saline,48.10554537640744,15.5,,b,-1,0.08,soma,83.66106711,1658.815013868985,947.5515296913507,878.9060569474086,,1659.0,947.4926491783422,879.1574303080291,central,5.350000000000136,success,79.9072265625,0.005,"(1659, 332, 327)",1659.0,332.0,327.0,1659.0,,332.0,327.0
1052,realistic,3,x0y0,utah,11.945,14.5,Aa,saline,61.959998138440675,14.5,,b,-1,0.08,soma,80.88017755,-404.7682619663406,1150.9453097366686,861.9342831037027,,-405.0,1150.5334223528153,862.0393857331276,periphery,5.270000000000124,success,98.291015625,0.005,"(-405, 422, 474)",-405.0,422.0,474.0,-405.0,,422.0,474.0
1053,realistic,3,x0y0,utah,14.12,17.0,Aa,saline,-24.045039345669327,17.0,,b,-1,0.08,soma,87.83240144999998,1956.6947727546185,-498.4591876219337,1005.7997836865443,,1957.0,-498.7833517954376,1005.9662745020703,none,0.0,success,105.0,0.005,"(1957, -161, 249)",1957.0,-161.0,249.0,,,,
1054,realistic,3,x0y0,utah,11.336,13.8,Aa,saline,-7.792187476558458,13.8,,b,-1,0.08,soma,78.93355485800001,304.81352575154875,-191.17888317369722,1389.3061948945815,,305.0,-190.79769501937244,1388.8816830766534,none,0.0,success,105.0,0.005,"(305, -79, 572)",305.0,-79.0,572.0,,,,
1055,realistic,3,x0y0,utah,11.336,13.8,Aa,saline,77.6054389969357,13.8,,b,-1,0.08,soma,78.93355485800001,-120.45722023813444,1186.4265788189005,327.751588330947,,-120.0,1186.2567015149045,327.93057043626345,tjn,5.155000000000106,success,33.5205078125,0.005,"(-120, 381, 151)",-120.0,381.0,151.0,-120.0,,381.0,151.0
1056,realistic,3,x0y0,utah,14.381,17.3,Aa,saline,-15.520448323656574,17.3,,b,-1,0.08,soma,88.66666831799999,-1571.5113585776562,-311.6992310609421,1075.121535933501,,-1572.0,-311.9296002209485,1075.0626674621967,none,0.0,success,105.0,0.005,"(-1572, -90, 276)",-1572.0,-90.0,276.0,,,,
1057,realistic,3,x0y0,utah,12.988999999999999,15.7,Aa,saline,84.0790443208508,15.7,,b,-1,0.08,soma,84.217245022,1660.4625738694092,1190.9815318998046,103.35863237491822,,1660.0,1190.724946811692,103.35760984313522,central,5.285000000000126,success,45.9228515625,0.005,"(1660, 368, 18)",1660.0,368.0,18.0,1660.0,,368.0,18.0
1058,realistic,3,x0y0,utah,10.988,13.4,Aa,saline,47.268341663737964,13.4,,b,-1,0.08,soma,77.821199034,-1594.7700071801944,880.6330741387665,963.8643129530847,,-1595.0,880.1623353452367,964.1057328322363,none,0.0,success,105.0,0.005,"(-1595, 275, 405)",-1595.0,275.0,405.0,,,,
1059,realistic,3,x0y0,utah,13.424,16.2,Aa,saline,83.65525720518681,16.2,,b,-1,0.08,soma,85.607689802,-66.57271243935514,1411.9986202124137,254.70091585046063,,-67.0,1411.754241447104,254.47232486156054,tjn,5.130000000000102,success,18.536376953125,0.005,"(-67, 589, 163)",-67.0,589.0,163.0,-67.0,,589.0,163.0
1060,realistic,3,x0y0,utah,13.076,15.8,Aa,saline,87.00904638741487,15.8,,b,-1,0.08,soma,84.495333978,-954.0473218823587,1291.6288522728792,-38.3557890570778,,-954.0,1292.0895202552156,-38.817671783174184,periphery,5.185000000000111,success,22.611236572265625,0.005,"(-954, 466, -82)",-954.0,466.0,-82.0,-954.0,,466.0,-82.0
1061,realistic,3,x0y0,utah,12.293000000000001,14.9,Aa,saline,19.72644343418113,14.9,,b,-1,0.08,soma,81.99253337399999,-954.201342768916,356.28325732771555,910.9579108575607,,-954.0,355.77374000686257,910.5102858324733,none,0.0,success,105.0,0.005,"(-954, 77, 133)",-954.0,77.0,133.0,,,,
1062,realistic,3,x0y0,utah,12.293000000000001,14.9,Aa,saline,28.0942474247117,14.9,,b,-1,0.08,soma,81.99253337399999,1598.6585279778787,455.9706004533091,1102.9631832862476,,1599.0,455.9616419829084,1102.6939064712715,none,0.0,success,105.0,0.005,"(1599, 67, 374)",1599.0,67.0,374.0,,,,
1063,realistic,3,x0y0,utah,13.511000000000001,16.3,Aa,saline,65.4673983419226,16.3,,b,-1,0.08,soma,85.885778758,553.0956455335677,1131.6595616464854,404.6423813055885,,553.0,1131.1796464680765,404.7618876701609,central,5.190000000000111,success,39.7705078125,0.005,"(553, 378, 61)",553.0,378.0,61.0,553.0,,378.0,61.0
1064,realistic,3,x0y0,utah,11.075,13.5,Aa,saline,125.8792897750468,13.5,,b,-1,0.08,soma,78.09928799,506.887799080874,1160.2796949775764,-849.3721275058466,,507.0,1160.7274265291487,-848.9754963454695,central,5.225000000000117,success,64.7705078125,0.005,"(507, 493, -366)",507.0,493.0,-366.0,507.0,,493.0,-366.0
1065,realistic,3,x0y0,utah,14.12,17.0,Aa,saline,198.65680199580413,17.0,,b,-1,0.08,soma,87.83240144999998,-1085.5982810623693,-250.9769904347327,-885.4900711764823,,-1086.0,-251.1702926119276,-885.3981001869378,none,0.0,success,105.0,0.005,"(-1086, 14, -100)",-1086.0,14.0,-100.0,,,,
1066,realistic,3,x0y0,utah,12.119,14.7,Aa,saline,34.097632133077695,14.7,,b,-1,0.08,soma,81.436355462,-1833.3614847993854,605.0553293337986,832.3615033756877,,-1833.0,604.8976104359987,832.7772229790412,periphery,5.31000000000013,success,92.9443359375,0.005,"(-1833, 142, 149)",-1833.0,142.0,149.0,-1833.0,,142.0,149.0
1067,realistic,3,x0y0,utah,11.945,14.5,Aa,saline,71.34139267813718,14.5,,b,-1,0.08,soma,80.88017755,-1821.0135183526595,832.0572431814435,293.32588408315223,,-1821.0,832.0219401054352,293.05828439912256,none,0.0,success,105.0,0.005,"(-1821, 50, 29)",-1821.0,50.0,29.0,,,,
1068,realistic,3,x0y0,utah,13.859,16.7,Aa,saline,100.22064800738342,16.7,,b,-1,0.08,soma,86.998134582,-1582.698241572299,941.7500391054108,-206.76977278430832,,-1583.0,941.3259321210734,-206.97573453742345,none,0.0,success,105.0,0.005,"(-1583, 126, -60)",-1583.0,126.0,-60.0,,,,
1069,realistic,3,x0y0,utah,12.032,14.6,Aa,saline,181.42482577557385,14.6,,b,-1,0.08,soma,81.15826650599999,-918.1364283105291,-112.2133806255856,-1398.2848540362425,,-918.0,-112.5569204179997,-1398.3314595130244,none,0.0,success,105.0,0.005,"(-918, -92, -573)",-918.0,-92.0,-573.0,,,,
1070,realistic,3,x0y0,utah,13.511000000000001,16.3,Aa,saline,107.10634575978516,16.3,,b,-1,0.08,soma,85.885778758,-1297.7719977266827,1229.6220108628922,-436.063100377477,,-1298.0,1229.3478136684485,-436.4980037663639,periphery,5.220000000000116,success,38.0126953125,0.005,"(-1298, 438, -193)",-1298.0,438.0,-193.0,-1298.0,,438.0,-193.0
1071,realistic,3,x0y0,utah,11.51,14.0,Aa,saline,218.44094768465862,14.0,,b,-1,0.08,soma,79.48973277,1993.1996965707967,-156.69436981434362,-186.54882368520657,,1993.0,-156.74388343155465,-186.94017935273223,central,5.360000000000138,success,105.0,0.005,"(1993, 356, 459)",1993.0,356.0,459.0,1993.0,,356.0,459.0
1072,realistic,3,x0y0,utah,14.729,17.7,Aa,saline,61.52001268963485,17.7,,b,-1,0.08,soma,89.77902414200001,209.661318192895,1177.8337720397785,757.7308091470732,,210.0,1177.4728811104092,757.77430830666,periphery,5.2100000000001145,success,62.79296875,0.005,"(210, 448, 362)",210.0,448.0,362.0,210.0,,448.0,362.0
1073,realistic,3,x0y0,utah,11.248999999999999,13.7,Aa,saline,268.72665095504465,13.7,,b,-1,0.08,soma,78.655465902,1627.1028779565647,-357.8143923818233,-68.25421611700129,,1627.0,-358.1628674044101,-68.3000756715122,central,5.215000000000115,success,31.94580078125,0.005,"(1627, 466, -50)",1627.0,466.0,-50.0,1627.0,,466.0,-50.0
1074,realistic,3,x0y0,utah,9.161000000000001,11.3,Aa,saline,78.33134782367206,11.3,,b,-1,0.08,soma,71.981330958,-344.78543435796064,620.740184527162,167.40745912261445,,-345.0,620.9961587035848,167.08641162640174,tjn,5.3950000000001435,success,57.6416015625,0.005,"(-345, -183, 1)",-345.0,-183.0,1.0,-345.0,,-183.0,1.0
1075,realistic,3,x0y0,utah,11.423,13.9,Aa,saline,347.8283998562892,13.9,,b,-1,0.08,soma,79.211643814,-1418.1931757230634,-291.92572069597963,1184.618810224697,,-1418.0,-291.8269072579957,1185.0521909140928,none,0.0,success,105.0,0.005,"(-1418, -118, 379)",-1418.0,-118.0,379.0,,,,
1076,realistic,3,x0y0,utah,10.118,12.4,Aa,saline,24.90455061278004,12.4,,b,-1,0.08,soma,75.040309474,1817.736218087228,507.5022485434156,830.3946499635333,,1818.0,507.3632371597508,830.0257803464592,central,5.345000000000136,success,94.775390625,0.005,"(1818, 161, 84)",1818.0,161.0,84.0,1818.0,,161.0,84.0
1077,realistic,3,x0y0,utah,10.379,12.7,Aa,saline,94.24231286502956,12.7,,b,-1,0.08,soma,75.874576342,1409.6856175349137,1088.413248422743,-119.10177770276869,,1410.0,1088.7153574929384,-118.89735932465402,central,5.260000000000122,success,67.041015625,0.005,"(1410, 268, -58)",1410.0,268.0,-58.0,1410.0,,268.0,-58.0
1078,realistic,3,x0y0,utah,12.902,15.6,Aa,saline,-5.19150490629289,15.6,,b,-1,0.08,soma,83.93915606600001,-882.3736155870108,-111.7698424322266,1361.3826856561654,,-882.0,-111.84074681198652,1361.579002763065,none,0.0,success,105.0,0.005,"(-882, -37, 538)",-882.0,-37.0,538.0,,,,
1079,realistic,3,x0y0,utah,15.077000000000002,18.1,Aa,saline,14.984349016811885,18.1,,b,-1,0.08,soma,90.891379966,217.3308950661566,370.4024192357515,1395.5627647815472,,217.0,370.7532554296039,1395.2105365235784,none,0.0,success,105.0,0.005,"(217, 156, 593)",217.0,156.0,593.0,,,,
1080,realistic,3,x0y0,utah,11.423,13.9,Aa,saline,184.254728094305,13.9,,b,-1,0.08,soma,79.211643814,588.6180896783678,-124.72356620325078,-1254.8429774427982,,589.0,-125.18575198549942,-1255.2969256056608,none,0.0,success,105.0,0.005,"(589, -64, -433)",589.0,-64.0,-433.0,,,,
1081,realistic,3,x0y0,utah,11.248999999999999,13.7,Aa,saline,213.41090490892867,13.7,,b,-1,0.08,soma,78.655465902,-815.659899790504,-612.4170761357827,-1115.957892102079,,-816.0,-612.8748497628208,-1116.0663586942,none,0.0,success,105.0,0.005,"(-816, -159, -428)",-816.0,-159.0,-428.0,,,,
1082,realistic,3,x0y0,utah,14.033,16.9,Aa,saline,-22.47381700112488,16.9,,b,-1,0.08,soma,87.55431249399997,76.33867223655399,-431.2626798116107,1345.0231451703405,,76.0,-430.84150683322815,1344.872970087853,none,0.0,success,105.0,0.005,"(76, -114, 579)",76.0,-114.0,579.0,,,,
1083,realistic,3,x0y0,utah,13.163,15.9,Aa,saline,24.163865608004823,15.9,,b,-1,0.08,soma,84.773422934,-275.38152334052324,635.870313627669,1228.5710742041956,,-275.0,635.6493810034432,1228.9076355424909,periphery,5.145000000000104,success,105.0,0.005,"(-275, 297, 474)",-275.0,297.0,474.0,-275.0,,297.0,474.0
1084,realistic,3,x0y0,utah,13.076,15.8,Aa,saline,85.11338363278088,15.8,,b,-1,0.08,soma,84.495333978,564.2867522261586,106.15221455715208,2.592282991331558,,564.0,106.26957538783972,2.4815012274628145,none,0.0,success,105.0,0.005,"(564, -718, -68)",564.0,-718.0,-68.0,,,,
1085,realistic,3,x0y0,utah,11.51,14.0,Aa,saline,-20.43410747791416,14.0,,b,-1,0.08,soma,79.48973277,-1659.3955819649757,-354.22379945449165,1126.3693859606592,,-1659.0,-353.91843285500363,1126.8684142893837,none,0.0,success,105.0,0.005,"(-1659, -66, 354)",-1659.0,-66.0,354.0,,,,
1086,realistic,3,x0y0,utah,10.988,13.4,Aa,saline,11.760402040334387,13.4,,b,-1,0.08,soma,77.821199034,1279.2017139777142,201.7604093138971,1203.413433566101,,1279.0,201.91298018156465,1203.608476927143,none,0.0,success,105.0,0.005,"(1279, 34, 397)",1279.0,34.0,397.0,,,,
1087,realistic,3,x0y0,utah,12.467,15.1,Aa,saline,204.99736029538502,15.1,,b,-1,0.08,soma,82.548711286,-468.8984651705694,-689.3428035285992,-1211.6855787301429,,-469.0,-689.1835426947318,-1211.852448519251,none,0.0,success,105.0,0.005,"(-469, -340, -463)",-469.0,-340.0,-463.0,,,,
1088,realistic,3,x0y0,utah,10.988,13.4,Aa,saline,9.25061693855561,13.4,,b,-1,0.08,soma,77.821199034,1081.941014719966,212.07472119732984,1214.36593756009,,1082.0,212.48482440233363,1214.1997617232792,none,0.0,success,105.0,0.005,"(1082, 80, 401)",1082.0,80.0,401.0,,,,
1089,realistic,3,x0y0,utah,12.815,15.5,Aa,saline,157.23951547484725,15.5,,b,-1,0.08,soma,83.66106711,-134.63304025986213,489.638644672064,-1102.813256766002,,-135.0,489.9007334324296,-1102.4204349910656,periphery,5.260000000000122,success,105.0,0.005,"(-135, 170, -340)",-135.0,170.0,-340.0,-135.0,,170.0,-340.0
1090,realistic,3,x0y0,utah,15.424999999999999,18.5,Aa,saline,97.79124878862469,18.5,,b,-1,0.08,soma,92.00373579,-420.29029090368897,999.6639599289883,-173.14937344810826,,-420.0,999.3566507103661,-172.683853286562,central,5.265000000000123,success,47.3876953125,0.005,"(-420, 176, -60)",-420.0,176.0,-60.0,-420.0,,176.0,-60.0
1091,realistic,3,x0y0,utah,10.901,13.3,Aa,saline,195.5836867827087,13.3,,b,-1,0.08,soma,77.54311007800001,-1623.613843531571,-283.4226299721672,-1049.5875944375439,,-1624.0,-283.2650396834755,-1049.4567618135652,none,0.0,success,105.0,0.005,"(-1624, -62, -256)",-1624.0,-62.0,-256.0,,,,
1092,realistic,3,x0y0,utah,12.38,15.0,Aa,saline,70.1930720535276,15.0,,b,-1,0.08,soma,82.27062233000002,640.3817822727087,1345.8454864805071,438.444278821793,,640.0,1346.2281007440324,438.9772569538186,central,5.200000000000113,success,26.81884765625,0.005,"(640, 569, 159)",640.0,569.0,159.0,640.0,,569.0,159.0
1093,realistic,3,x0y0,utah,13.25,16.0,Aa,saline,204.85689921824,16.0,,b,-1,0.08,soma,85.05151189,1350.570452620438,-594.0428622236564,-1055.4747804539122,,1351.0,-593.8918277992781,-1055.8968709444932,none,0.0,success,105.0,0.005,"(1351, -246, -305)",1351.0,-246.0,-305.0,,,,
1094,realistic,3,x0y0,utah,13.424,16.2,Aa,saline,101.56292347369684,16.2,,b,-1,0.08,soma,85.607689802,-348.0352963897658,1158.6880325216514,-194.07413609241803,,-348.0,1158.9994268495097,-193.89189051816044,tjn,5.160000000000107,success,26.03759765625,0.005,"(-348, 348, -28)",-348.0,348.0,-28.0,-348.0,,348.0,-28.0
1095,realistic,3,x0y0,utah,15.164,18.2,Aa,saline,-3.367717339334693,18.2,,b,-1,0.08,soma,91.16946892200001,766.6777330827477,-195.55239476790211,1319.7582882859433,,767.0,-195.75532391286072,1320.1727404124163,none,0.0,success,105.0,0.005,"(767, -147, 491)",767.0,-147.0,491.0,,,,
1096,realistic,3,x0y0,utah,14.12,17.0,Aa,saline,27.678797064998808,17.0,,b,-1,0.08,soma,87.83240144999998,-1474.6197313437146,528.8253391563767,1014.1636891144284,,-1475.0,529.0315752367626,1014.0881873620604,none,0.0,success,105.0,0.005,"(-1475, 144, 280)",-1475.0,144.0,280.0,,,,
1097,realistic,3,x0y0,utah,10.901,13.3,Aa,saline,153.9489191329281,13.3,,b,-1,0.08,soma,77.54311007800001,1647.1371836658386,594.0709952070138,-1152.3820523278266,,1647.0,593.8004669731289,-1152.0763650470378,none,0.0,success,105.0,0.005,"(1647, 232, -412)",1647.0,232.0,-412.0,,,,
1098,realistic,3,x0y0,utah,14.033,16.9,Aa,saline,165.31627693151856,16.9,,b,-1,0.08,soma,87.55431249399997,392.7331037955488,295.74544539738963,-1242.1790710690445,,393.0,296.0950091086146,-1241.6761432377234,none,0.0,success,105.0,0.005,"(393, 86, -440)",393.0,86.0,-440.0,,,,
1099,realistic,3,x0y0,utah,11.075,13.5,Aa,saline,109.40224408340755,13.5,,b,-1,0.08,soma,78.09928799,212.6275809368197,1168.6501360385444,-575.3086688810617,,213.0,1168.2436242160843,-575.7492917351391,periphery,5.185000000000111,success,64.7705078125,0.005,"(213, 391, -302)",213.0,391.0,-302.0,213.0,,391.0,-302.0
1100,realistic,3,x0y0,utah,14.033,16.9,Aa,saline,98.7735045198954,16.9,,b,-1,0.08,soma,87.55431249399997,1180.0666811722951,1063.8077525986694,-241.7190977587556,,1180.0,1064.0804635189102,-241.38851632766753,central,5.360000000000138,success,74.51171875,0.005,"(1180, 245, -115)",1180.0,245.0,-115.0,1180.0,,245.0,-115.0
1101,realistic,3,x0y0,utah,13.597999999999999,16.4,Aa,saline,134.18867085711062,16.4,,b,-1,0.08,soma,86.16386771399998,-797.9863379694716,812.3539096542952,-736.4745757048645,,-798.0,812.7347465754691,-736.1731078983291,periphery,5.300000000000129,success,86.077880859375,0.005,"(-798, 219, -159)",-798.0,219.0,-159.0,-798.0,,219.0,-159.0
1102,realistic,3,x0y0,utah,12.119,14.7,Aa,saline,165.550671488412,14.7,,b,-1,0.08,soma,81.436355462,-1153.5585798577933,288.86014158842045,-1218.9250387536067,,-1154.0,289.01668534388455,-1218.6254833147007,none,0.0,success,105.0,0.005,"(-1154, 83, -419)",-1154.0,83.0,-419.0,,,,
1103,realistic,3,x0y0,utah,11.597,14.1,Aa,saline,66.44592770791517,14.1,,b,-1,0.08,soma,79.76782172600001,-583.6995003052747,1021.6851781498503,515.8623442621274,,-584.0,1022.1710810881123,515.623610780855,periphery,5.2800000000001255,success,85.58349609375,0.005,"(-584, 266, 186)",-584.0,266.0,186.0,-584.0,,266.0,186.0
1104,realistic,3,x0y0,utah,10.292,12.6,Aa,saline,107.87510679666151,12.6,,b,-1,0.08,soma,75.596487386,304.19661370540837,1196.5784679917654,-434.5745720182082,,304.0,1196.0570885226284,-434.5167809893818,central,5.160000000000107,success,40.6951904296875,0.005,"(304, 413, -182)",304.0,413.0,-182.0,304.0,,413.0,-182.0
1105,realistic,3,x0y0,utah,11.51,14.0,Aa,saline,139.48313917493817,14.0,,b,-1,0.08,soma,79.48973277,-1088.422869154407,862.5775583684508,-869.6821239990945,,-1088.0,862.8367396903348,-869.9710474258771,periphery,5.2350000000001184,success,63.525390625,0.005,"(-1088, 327, -243)",-1088.0,327.0,-243.0,-1088.0,,327.0,-243.0
1106,realistic,3,x0y0,utah,12.293000000000001,14.9,Aa,saline,184.23710003164769,14.9,,b,-1,0.08,soma,81.99253337399999,1635.632134835685,-27.19085931506061,-1220.4273380560346,,1636.0,-27.041124108169313,-1220.7660767669454,none,0.0,success,105.0,0.005,"(1636, 34, -397)",1636.0,34.0,-397.0,,,,
1107,realistic,3,x0y0,utah,12.554,15.2,Aa,saline,124.18367340205336,15.2,,b,-1,0.08,soma,82.82680024199999,-117.2012969788847,1029.6561048927806,-916.8196600065377,,-117.0,1029.6091645800914,-917.2790481879779,tjn,5.135000000000103,success,105.0,0.005,"(-117, 346, -453)",-117.0,346.0,-453.0,-117.0,,346.0,-453.0
1108,realistic,3,x0y0,utah,14.207,17.1,Aa,saline,149.8169808419246,17.1,,b,-1,0.08,soma,88.110490406,1295.9288046567751,629.8503674987177,-795.1263172118829,,1296.0,629.8489772880686,-794.6353539534733,central,5.300000000000129,success,71.47216796875,0.005,"(1296, 213, -78)",1296.0,213.0,-78.0,1296.0,,213.0,-78.0
1109,realistic,3,x0y0,utah,11.248999999999999,13.7,Aa,saline,-30.95943770735365,13.7,,b,-1,0.08,soma,78.655465902,-169.25171318116102,-681.2433550177892,1256.5331970748794,,-169.0,-681.0341858299945,1256.8610310054828,none,0.0,success,105.0,0.005,"(-169, -257, 550)",-169.0,-257.0,550.0,,,,
1110,realistic,3,x0y0,utah,15.424999999999999,18.5,Aa,saline,118.85210007528048,18.5,,b,-1,0.08,soma,92.00373579,-151.95213194970546,1254.7478037123185,-720.806173351426,,-152.0,1254.8745360892308,-721.0415014461271,periphery,5.160000000000107,success,46.47216796875,0.005,"(-152, 527, -320)",-152.0,527.0,-320.0,-152.0,,527.0,-320.0
1111,realistic,3,x0y0,utah,9.683,11.9,Aa,saline,96.06174965080557,11.9,,b,-1,0.08,soma,73.649864694,1786.4631306046679,1105.0382464940828,-73.9626601527525,,1786.0,1105.222712725857,-73.78471285584322,central,5.290000000000127,success,66.05224609375,0.005,"(1786, 288, 13)",1786.0,288.0,13.0,1786.0,,288.0,13.0
1112,realistic,3,x0y0,utah,11.51,14.0,Aa,saline,56.993092801157296,14.0,,b,-1,0.08,soma,79.48973277,1950.1087343040926,728.1086430458162,488.32594205399255,,1950.0,727.6310449504613,488.2385287199096,none,0.0,success,105.0,0.005,"(1950, 36, 39)",1950.0,36.0,39.0,,,,
1113,realistic,3,x0y0,utah,14.033,16.9,Aa,saline,208.54676192612772,16.9,,b,-1,0.08,soma,87.55431249399997,1331.841078333411,-406.5924292999583,-1043.3523591380024,,1332.0,-407.0726029704414,-1042.9978540473649,none,0.0,success,105.0,0.005,"(1332, -11, -315)",1332.0,-11.0,-315.0,,,,
1114,realistic,3,x0y0,utah,14.381,17.3,Aa,saline,83.09904397196387,17.3,,b,-1,0.08,soma,88.66666831799999,1856.8545514014493,532.8743118476523,35.22130248624443,,1857.0,533.3621341530555,35.68586676591184,none,0.0,success,105.0,0.005,"(1857, -290, -64)",1857.0,-290.0,-64.0,,,,
1115,realistic,3,x0y0,utah,9.596,11.8,Aa,saline,10.531450832347085,11.8,,b,-1,0.08,soma,73.371775738,751.0865578556147,318.8649303543329,1273.5065499381453,,751.0,319.2041803024532,1273.881564952801,none,0.0,success,105.0,0.005,"(751, 169, 466)",751.0,169.0,466.0,,,,
1116,realistic,3,x0y0,utah,12.554,15.2,Aa,saline,304.7430385268094,15.2,,b,-1,0.08,soma,82.82680024199999,-303.9384548614423,-314.97996873000193,220.92960868398404,,-304.0,-315.0638908794259,220.97299672895798,periphery,5.195000000000112,success,54.5166015625,0.005,"(-304, 364, -250)",-304.0,364.0,-250.0,-304.0,,364.0,-250.0
1117,realistic,3,x0y0,utah,12.293000000000001,14.9,Aa,saline,155.99845346852237,14.9,,b,-1,0.08,soma,81.99253337399999,1266.9384094918073,463.5461709182705,-1232.4599494028748,,1267.0,464.0152812882717,-1232.5475896185746,none,0.0,success,105.0,0.005,"(1267, 128, -478)",1267.0,128.0,-478.0,,,,
1118,realistic,3,x0y0,utah,15.424999999999999,18.5,Aa,saline,178.3962004628411,18.5,,b,-1,0.08,soma,92.00373579,1841.6289320117032,-70.17043806122956,-1096.3593021136828,,1842.0,-69.73194769893999,-1096.6694671478422,none,0.0,success,105.0,0.005,"(1842, -93, -266)",1842.0,-93.0,-266.0,,,,
1119,realistic,3,x0y0,utah,9.857,12.1,Aa,saline,173.1429325919596,12.1,,b,-1,0.08,soma,74.206042606,-749.956831044994,176.5417866702742,-1192.4553294968102,,-750.0,176.15910074357822,-1192.1838795496187,none,0.0,success,105.0,0.005,"(-750, 78, -376)",-750.0,78.0,-376.0,,,,
1120,realistic,3,x0y0,utah,13.946,16.8,Aa,saline,117.63295192549693,16.8,,b,-1,0.08,soma,87.27622353800001,-803.4562996270715,1218.661893431019,-706.8621253133879,,-803.0,1219.0905032161572,-707.3223562384624,periphery,5.24500000000012,success,56.7626953125,0.005,"(-803, 485, -323)",-803.0,485.0,-323.0,-803.0,,485.0,-323.0
1121,realistic,3,x0y0,utah,8.987,11.1,Aa,saline,14.925690169248286,11.1,,b,-1,0.08,soma,71.42515304599999,-174.19074357118603,387.67840791573053,1361.7392417788087,,-174.0,387.41555971232486,1362.0545626941753,none,0.0,success,105.0,0.005,"(-174, 176, 569)",-174.0,176.0,569.0,,,,
1122,realistic,3,x0y0,utah,10.379,12.7,Aa,saline,200.29452830753826,12.7,,b,-1,0.08,soma,75.874576342,271.5146145968405,-549.2612876208773,-1211.182499295913,,272.0,-549.3946515377029,-1210.8328825755812,none,0.0,success,105.0,0.005,"(272, -264, -439)",272.0,-264.0,-439.0,,,,
1123,realistic,3,x0y0,utah,12.815,15.5,Aa,saline,99.29055137136288,15.5,,b,-1,0.08,soma,83.66106711,-416.3507970558435,845.7906083861681,-14.12568448951697,,-416.0,845.9990535654297,-14.450448115777021,tjn,5.300000000000129,success,35.0494384765625,0.005,"(-416, 30, 119)",-416.0,30.0,119.0,-416.0,,30.0,119.0
1124,realistic,3,x0y0,utah,16.294999999999998,19.5,Aa,saline,324.72077675296725,19.5,,b,-1,0.08,soma,94.78462535,-731.648193954628,-680.709966754297,1073.1358883903363,,-732.0,-680.7897998010801,1073.4818448366027,none,0.0,success,105.0,0.005,"(-732, -200, 394)",-732.0,-200.0,394.0,,,,
1125,realistic,3,x0y0,utah,13.076,15.8,Aa,saline,108.1595948414685,15.8,,b,-1,0.08,soma,84.495333978,-915.7979854048448,1312.1291029215379,-324.0230364138001,,-916.0,1312.0507331729482,-323.85309780047135,periphery,5.170000000000108,success,15.49072265625,0.005,"(-916, 526, -66)",-916.0,526.0,-66.0,-916.0,,526.0,-66.0
1126,realistic,3,x0y0,utah,13.337000000000002,16.1,Aa,saline,180.10488826639832,16.1,,b,-1,0.08,soma,85.329600846,-1023.726613224222,44.88471050727685,-1305.5805416048674,,-1024.0,44.5102033592386,-1305.664800423,none,0.0,success,105.0,0.005,"(-1024, 46, -478)",-1024.0,46.0,-478.0,,,,
1127,realistic,3,x0y0,utah,12.119,14.7,Aa,saline,60.934776903232326,14.7,,b,-1,0.08,soma,81.436355462,260.72280882046584,899.9228824977235,689.0754687703961,,261.0,899.7602591546672,689.1338907417198,none,0.0,success,105.0,0.005,"(261, 178, 288)",261.0,178.0,288.0,,,,
1128,realistic,3,x0y0,utah,12.988999999999999,15.7,Aa,saline,52.24207337349309,15.7,,b,-1,0.08,soma,84.217245022,-1306.4143969870536,1026.2852783881483,633.9310371917545,,-1306.0,1025.9120769571969,633.4386095634854,periphery,5.2100000000001145,success,40.887451171875,0.005,"(-1306, 372, 127)",-1306.0,372.0,127.0,-1306.0,,372.0,127.0
1129,realistic,3,x0y0,utah,12.902,15.6,Aa,saline,100.74651996751508,15.6,,b,-1,0.08,soma,83.93915606600001,-70.40109997897305,723.4517425206168,-115.45754008464064,,-70.0,723.4976104174228,-115.22982630315457,tjn,5.265000000000123,success,14.630126953125,0.005,"(-70, -89, 39)",-70.0,-89.0,39.0,-70.0,,-89.0,39.0
1130,realistic,3,x0y0,utah,10.553,12.9,Aa,saline,88.28931650670002,12.9,,b,-1,0.08,soma,76.430754254,-913.1942212050978,1019.3937813941781,207.31880298754413,,-913.0,1019.8860909761495,207.61413977609732,none,0.0,success,105.0,0.005,"(-913, 197, 183)",-913.0,197.0,183.0,,,,
1131,realistic,3,x0y0,utah,15.251000000000001,18.3,Aa,saline,204.74349582706108,18.3,,b,-1,0.08,soma,91.447557878,-1402.7382356710916,-506.8101655705982,-996.1479491487016,,-1403.0,-506.7409738638655,-996.4633360324,none,0.0,success,105.0,0.005,"(-1403, -159, -242)",-1403.0,-159.0,-242.0,,,,
1132,realistic,3,x0y0,utah,10.988,13.4,Aa,saline,45.55573909513291,13.4,,b,-1,0.08,soma,77.821199034,-1169.1130429083728,934.1076104103979,769.8365380728774,,-1169.0,934.1897769951864,769.9022017818036,periphery,5.255000000000122,success,52.3681640625,0.005,"(-1169, 346, 193)",-1169.0,346.0,193.0,-1169.0,,346.0,193.0
1133,realistic,3,x0y0,utah,15.512000000000002,18.6,Aa,saline,202.79633765653298,18.6,,b,-1,0.08,soma,92.281824746,1486.3847699740618,-606.1399346407503,-1142.3998774422525,,1486.0,-606.0671035445375,-1142.228807116669,none,0.0,success,105.0,0.005,"(1486, -284, -376)",1486.0,-284.0,-376.0,,,,
1134,realistic,3,x0y0,utah,11.423,13.9,Aa,saline,127.77936419359814,13.9,,b,-1,0.08,soma,79.211643814,1590.7093674518128,840.4752395194548,-536.2893652251391,,1591.0,840.768441635293,-536.1535265002284,central,5.31000000000013,success,90.07415771484375,0.005,"(1591, 189, -31)",1591.0,189.0,-31.0,1591.0,,189.0,-31.0
1135,realistic,3,x0y0,utah,14.99,18.0,Aa,saline,153.7363437508345,18.0,,b,-1,0.08,soma,90.61329101,-1159.9011372438656,626.0591448204596,-1166.4216994254414,,-1160.0,626.4106906359626,-1166.6189996888843,periphery,5.200000000000113,success,105.0,0.005,"(-1160, 259, -422)",-1160.0,259.0,-422.0,-1160.0,,259.0,-422.0
1136,realistic,3,x0y0,utah,11.771,14.3,Aa,saline,-5.832902091896804,14.3,,b,-1,0.08,soma,80.323999638,-916.5459187080817,-266.9735681555426,1266.0720016448322,,-917.0,-266.8364591816104,1265.8711574199415,none,0.0,success,105.0,0.005,"(-917, -183, 445)",-917.0,-183.0,445.0,,,,
1137,realistic,3,x0y0,utah,10.553,12.9,Aa,saline,184.3586133150988,12.9,,b,-1,0.08,soma,76.430754254,-1476.0807717221628,-283.9237120565349,-1266.1450775409858,,-1476.0,-283.564368661652,-1265.828052533332,none,0.0,success,105.0,0.005,"(-1476, -221, -445)",-1476.0,-221.0,-445.0,,,,
1138,realistic,3,x0y0,utah,12.38,15.0,Aa,saline,133.8425816483214,15.0,,b,-1,0.08,soma,82.27062233000002,145.39444330520547,1022.2139899556024,-967.4884659466527,,145.0,1021.8087864121982,-967.2639300439957,periphery,5.195000000000112,success,70.098876953125,0.005,"(145, 426, -395)",145.0,426.0,-395.0,145.0,,426.0,-395.0
1139,realistic,3,x0y0,utah,12.641,15.3,Aa,saline,103.68071432965685,15.3,,b,-1,0.08,soma,83.104889198,934.2546060844867,1349.0410891474405,-216.27821233441682,,934.0,1349.0783551723887,-216.47965314766356,central,5.190000000000111,success,10.759735107421875,0.005,"(934, 546, -21)",934.0,546.0,-21.0,934.0,,546.0,-21.0
1140,realistic,3,x0y0,utah,11.423,13.9,Aa,saline,205.1519649576169,13.9,,b,-1,0.08,soma,79.211643814,462.7778658114128,-657.2863642722688,-1194.4849998595191,,463.0,-657.4574743104752,-1194.4331899902168,none,0.0,success,105.0,0.005,"(463, -307, -448)",463.0,-307.0,-448.0,,,,
1141,realistic,3,x0y0,utah,16.034,19.2,Aa,saline,40.348643026920016,19.2,,b,-1,0.08,soma,93.95035848200001,-385.532782464102,784.2718552952811,977.5341823474984,,-386.0,784.6207310406235,977.0482840995662,periphery,5.255000000000122,success,93.603515625,0.005,"(-386, 246, 343)",-386.0,246.0,343.0,-386.0,,246.0,343.0
1142,realistic,3,x0y0,utah,15.251000000000001,18.3,Aa,saline,31.08143934312099,18.3,,b,-1,0.08,soma,91.447557878,1476.8922238688867,682.0435692747019,955.5224347597847,,1477.0,681.9026870662058,955.4318442833599,central,5.330000000000133,success,76.94091796875,0.005,"(1477, 253, 244)",1477.0,253.0,244.0,1477.0,,253.0,244.0
1143,realistic,3,x0y0,utah,11.51,14.0,Aa,saline,26.863650108730468,14.0,,b,-1,0.08,soma,79.48973277,14.769461328398403,597.3207077519764,1144.8544642522565,,15.0,597.7022051193817,1144.7548953020587,none,0.0,success,105.0,0.005,"(15, 225, 409)",15.0,225.0,409.0,,,,
1144,realistic,3,x0y0,utah,12.554,15.2,Aa,saline,-16.09314706332559,15.2,,b,-1,0.08,soma,82.82680024199999,-289.2823559103693,-383.10858771872336,1381.784995962269,,-289.0,-383.08179451354124,1382.017994836257,none,0.0,success,105.0,0.005,"(-289, -154, 588)",-289.0,-154.0,588.0,,,,
1145,realistic,3,x0y0,utah,12.38,15.0,Aa,saline,8.625953509695574,15.0,,b,-1,0.08,soma,82.27062233000002,1931.2476874863464,175.97076157978972,1070.981987988409,,1931.0,175.92029667475003,1070.7999821488359,none,0.0,success,105.0,0.005,"(1931, 52, 254)",1931.0,52.0,254.0,,,,
1146,realistic,3,x0y0,utah,12.554,15.2,Aa,saline,-25.28252433498796,15.2,,b,-1,0.08,soma,82.82680024199999,587.6098224449904,-648.5449180267287,1188.2908309608385,,588.0,-648.9611631916791,1188.2429963894083,none,0.0,success,105.0,0.005,"(588, -296, 441)",588.0,-296.0,441.0,,,,
1147,realistic,3,x0y0,utah,16.121,19.3,Aa,saline,87.64758117405323,19.3,,b,-1,0.08,soma,94.22844743799999,403.677671246081,1246.4266637421488,-32.32697823076478,,404.0,1246.448532340025,-31.883316827520993,tjn,5.150000000000105,success,25.09765625,0.005,"(404, 415, -66)",404.0,415.0,-66.0,404.0,,415.0,-66.0
1148,realistic,3,x0y0,utah,14.033,16.9,Aa,saline,88.98405996057033,16.9,,b,-1,0.08,soma,87.55431249399997,1338.8918773796158,1221.689063897712,141.0159244252936,,1339.0,1221.6114008157508,140.6693556655719,central,5.24500000000012,success,37.255859375,0.005,"(1339, 393, 126)",1339.0,393.0,126.0,1339.0,,393.0,126.0
1149,realistic,3,x0y0,utah,12.293000000000001,14.9,Aa,saline,39.872947505942,14.9,,b,-1,0.08,soma,81.99253337399999,1989.245036826882,534.2728556349102,657.630753332428,,1989.0,534.5462065730359,657.9521346822727,none,0.0,success,105.0,0.005,"(1989, 5, 24)",1989.0,5.0,24.0,,,,
1150,realistic,3,x0y0,utah,11.075,13.5,Aa,saline,172.6972713995514,13.5,,b,-1,0.08,soma,78.09928799,1847.2845151232807,51.117778290554725,-1110.4605542080724,,1847.0,50.73670975176452,-1110.3748418786408,none,0.0,success,105.0,0.005,"(1847, -54, -293)",1847.0,-54.0,-293.0,,,,
1151,realistic,3,x0y0,utah,13.424,16.2,Aa,saline,35.9486224082511,16.2,,b,-1,0.08,soma,85.607689802,974.4292075571013,906.081329029516,885.8834604664697,,974.0,906.0036373413772,886.1072124473596,central,5.275000000000125,success,42.791748046875,0.005,"(974, 420, 216)",974.0,420.0,216.0,974.0,,420.0,216.0
1152,realistic,3,x0y0,utah,11.597,14.1,Aa,saline,-1.526278499125398,14.1,,b,-1,0.08,soma,79.76782172600001,-290.45265699339404,-202.27147241721605,1355.2350518879048,,-290.0,-201.9419120289558,1355.553957298655,none,0.0,success,105.0,0.005,"(-290, -180, 531)",-290.0,-180.0,531.0,,,,
1153,realistic,3,x0y0,utah,13.511000000000001,16.3,Aa,saline,-8.860846894269763,16.3,,b,-1,0.08,soma,85.885778758,1867.5102852476261,-318.4502318174591,1195.38813217385,,1868.0,-318.50320496436603,1195.0903689953902,none,0.0,success,105.0,0.005,"(1868, -191, 377)",1868.0,-191.0,377.0,,,,
1154,realistic,3,x0y0,utah,13.946,16.8,Aa,saline,160.90389076693575,16.8,,b,-1,0.08,soma,87.27622353800001,1227.7242334046055,294.0772164734326,-1301.1140293132348,,1228.0,294.1303901708169,-1301.0630156217053,none,0.0,success,105.0,0.005,"(1228, 23, -518)",1228.0,23.0,-518.0,,,,
1155,realistic,3,x0y0,utah,14.293999999999999,17.2,Aa,saline,-22.251561150137032,17.2,,b,-1,0.08,soma,88.388579362,302.1782734019946,-672.6956140388156,1252.1158057419307,,302.0,-673.0158775021948,1252.4193150997658,none,0.0,success,105.0,0.005,"(302, -359, 485)",302.0,-359.0,485.0,,,,
1156,realistic,3,x0y0,utah,14.033,16.9,Aa,saline,14.169434497247984,16.9,,b,-1,0.08,soma,87.55431249399997,-1705.7802422405396,127.84552109642573,1057.2700896784772,,-1706.0,127.88464784926563,1057.5823306970915,none,0.0,success,105.0,0.005,"(-1706, -75, 254)",-1706.0,-75.0,254.0,,,,
1157,realistic,3,x0y0,utah,12.902,15.6,Aa,saline,29.03776101752501,15.6,,b,-1,0.08,soma,83.93915606600001,-888.0169183449514,489.1510221261648,677.0876363690827,,-888.0,489.4110331772183,677.0195020742522,none,0.0,success,105.0,0.005,"(-888, 88, -46)",-888.0,88.0,-46.0,,,,
1158,realistic,3,x0y0,utah,11.771,14.3,Aa,saline,65.07228205091414,14.3,,b,-1,0.08,soma,80.323999638,-925.5998528196974,1068.9039106572063,510.12050906475037,,-926.0,1069.2569014358696,509.8057829237086,periphery,5.250000000000121,success,59.36279296875,0.005,"(-926, 321, 162)",-926.0,321.0,162.0,-926.0,,321.0,162.0
1159,realistic,3,x0y0,utah,13.424,16.2,Aa,saline,203.91559302640823,16.2,,b,-1,0.08,soma,85.607689802,784.6440199951472,-371.60623376149766,-770.2093503951692,,785.0,-371.5916787228654,-769.6954946240043,none,0.0,success,105.0,0.005,"(785, -36, -13)",785.0,-36.0,-13.0,,,,
1160,realistic,3,x0y0,utah,14.642000000000001,17.6,Aa,saline,192.8333302358717,17.6,,b,-1,0.08,soma,89.500935186,804.801563190489,-316.8632226375844,-859.2401327421271,,805.0,-317.2875788524053,-859.0067059031751,none,0.0,success,105.0,0.005,"(805, -133, -50)",805.0,-133.0,-50.0,,,,
1161,realistic,3,x0y0,utah,15.424999999999999,18.5,Aa,saline,10.185764441063856,18.5,,b,-1,0.08,soma,92.00373579,-331.38911354322056,316.1552815528694,1362.4411137936095,,-331.0,315.92113024383605,1362.8720383822592,none,0.0,success,105.0,0.005,"(-331, 169, 545)",-331.0,169.0,545.0,,,,
1162,realistic,3,x0y0,utah,12.293000000000001,14.9,Aa,saline,49.2906252337241,14.9,,b,-1,0.08,soma,81.99253337399999,-620.5882039357149,1094.3946835701058,876.0100854331381,,-621.0,1094.1051701487463,875.7147651332616,periphery,5.24500000000012,success,60.296630859375,0.005,"(-621, 468, 337)",-621.0,468.0,337.0,-621.0,,468.0,337.0
1163,realistic,3,x0y0,utah,11.336,13.8,Aa,saline,61.29054234090874,13.8,,b,-1,0.08,soma,78.93355485800001,-1784.7108397813313,1047.0065622834354,700.1596534187765,,-1785.0,1047.139810482976,700.0738398768917,periphery,5.300000000000129,success,76.3916015625,0.005,"(-1785, 324, 304)",-1785.0,324.0,304.0,-1785.0,,324.0,304.0
1164,realistic,3,x0y0,utah,11.771,14.3,Aa,saline,62.957937143341596,14.3,,b,-1,0.08,soma,80.323999638,45.180813643232796,915.28418483317,603.0009503127485,,45.0,914.9717932387836,603.1186451177175,none,0.0,success,105.0,0.005,"(45, 180, 228)",45.0,180.0,228.0,,,,
1165,realistic,3,x0y0,utah,13.597999999999999,16.4,Aa,saline,164.4016655614459,16.4,,b,-1,0.08,soma,86.16386771399998,-146.73084861543728,199.7954337675937,-1000.4837687994627,,-147.0,199.67123201414734,-1000.6085186910625,none,0.0,success,105.0,0.005,"(-147, -23, -203)",-147.0,-23.0,-203.0,,,,
1166,realistic,3,x0y0,utah,12.119,14.7,Aa,saline,191.17395168466214,14.7,,b,-1,0.08,soma,81.436355462,-1585.501407711245,-226.0065693739166,-1131.7067067361802,,-1586.0,-226.02418284426784,-1132.0295323541113,none,0.0,success,105.0,0.005,"(-1586, -66, -322)",-1586.0,-66.0,-322.0,,,,
1167,realistic,3,x0y0,utah,14.033,16.9,Aa,saline,116.82207338401152,16.9,,b,-1,0.08,soma,87.55431249399997,-1279.3307985282433,814.5451443395732,-502.370383288192,,-1279.0,814.600734234823,-501.9442528986465,none,0.0,success,105.0,0.005,"(-1279, 75, -128)",-1279.0,75.0,-128.0,,,,
1168,realistic,3,x0y0,utah,15.860000000000001,19.0,Aa,saline,4.9180347055015465,19.0,,b,-1,0.08,soma,93.39418057,-1923.949822494144,152.58015539837243,1082.0287580300323,,-1924.0,152.2764406374245,1081.6198110509458,periphery,5.315000000000131,success,105.0,0.005,"(-1924, 81, 253)",-1924.0,81.0,253.0,-11203.328332416513,,81.0,253.0
1169,realistic,3,x0y0,utah,11.597,14.1,Aa,saline,8.77442556592028,14.1,,b,-1,0.08,soma,79.76782172600001,-1642.663994314797,348.9728168436959,1171.642359105782,,-1643.0,348.79479640660753,1171.2327691059031,periphery,5.185000000000111,success,105.0,0.005,"(-1643, 223, 356)",-1643.0,223.0,356.0,-1643.0,,223.0,356.0
1170,realistic,3,x0y0,utah,11.075,13.5,Aa,saline,-22.6210200755741,13.5,,b,-1,0.08,soma,78.09928799,-518.7521571823015,-455.4111420931813,1217.6782809189099,,-519.0,-454.9294930804771,1217.6802263717848,none,0.0,success,105.0,0.005,"(-519, -138, 457)",-519.0,-138.0,457.0,,,,
1171,realistic,3,x0y0,utah,14.729,17.7,Aa,saline,61.71271227458309,17.7,,b,-1,0.08,soma,89.77902414200001,-1186.15984085033,871.9100457775328,495.6873306500994,,-1186.0,871.8007043297229,495.28463977044703,none,0.0,success,105.0,0.005,"(-1186, 141, 102)",-1186.0,141.0,102.0,,,,
1172,realistic,3,x0y0,utah,10.292,12.6,Aa,saline,28.972579092270927,12.6,,b,-1,0.08,soma,75.596487386,421.40436585034456,652.237666384704,1096.3298984878031,,421.0,652.5634692448893,1096.8661834070058,central,5.130000000000102,success,105.0,0.005,"(421, 254, 377)",421.0,254.0,377.0,421.0,,254.0,377.0
1173,realistic,3,x0y0,utah,11.075,13.5,Aa,saline,14.29827988663676,13.5,,b,-1,0.08,soma,78.09928799,11.46404618232677,210.8999903885156,1305.1441383850752,,11.0,210.54026206676505,1305.5041050311552,none,0.0,success,105.0,0.005,"(11, 7, 507)",11.0,7.0,507.0,,,,
1174,realistic,3,x0y0,utah,12.293000000000001,14.9,Aa,saline,127.91521423604674,14.9,,b,-1,0.08,soma,81.99253337399999,1633.9815379799136,915.1430922877721,-851.092842889685,,1634.0,914.6284547893745,-851.5747058791617,central,5.335000000000134,success,98.73046875,0.005,"(1634, 263, -344)",1634.0,263.0,-344.0,1634.0,,263.0,-344.0
1175,realistic,3,x0y0,utah,13.859,16.7,Aa,saline,137.12032826371708,16.7,,b,-1,0.08,soma,86.998134582,1092.879910653565,741.6388938527675,-1126.8155748334148,,1093.0,741.7936152915257,-1127.124116510845,none,0.0,success,105.0,0.005,"(1093, 178, -520)",1093.0,178.0,-520.0,,,,
1176,realistic,3,x0y0,utah,13.685,16.5,Aa,saline,114.69889476702056,16.5,,b,-1,0.08,soma,86.44195667,1184.7864872550674,1122.2296298008769,-575.1716463276008,,1185.0,1122.4387588173477,-575.0307247483631,central,5.295000000000128,success,52.3681640625,0.005,"(1185, 370, -229)",1185.0,370.0,-229.0,1185.0,,370.0,-229.0
1177,realistic,3,x0y0,utah,14.555,17.5,Aa,saline,171.92487032982316,17.5,,b,-1,0.08,soma,89.22284623,-362.82949560480347,239.0379394594433,-1386.8483252218189,,-363.0,239.56040494765756,-1386.3982700261618,none,0.0,success,105.0,0.005,"(-363, 123, -565)",-363.0,123.0,-565.0,,,,
1178,realistic,3,x0y0,utah,11.597,14.1,Aa,saline,69.00390954083015,14.1,,b,-1,0.08,soma,79.76782172600001,99.89503798447076,1071.5485908558094,379.4918682668769,,100.0,1071.1116191816968,379.555905262213,periphery,5.170000000000108,success,34.197998046875,0.005,"(100, 301, 84)",100.0,301.0,84.0,100.0,,301.0,84.0
1179,realistic,3,x0y0,utah,13.511000000000001,16.3,Aa,saline,162.46044876175992,16.3,,b,-1,0.08,soma,85.885778758,-372.7609968359291,312.46885165988806,-1208.9766550165052,,-373.0,312.5419868588307,-1209.4435450228766,none,0.0,success,105.0,0.005,"(-373, 63, -420)",-373.0,63.0,-420.0,,,,
1180,realistic,3,x0y0,utah,10.379,12.7,Aa,saline,341.3087170303442,12.7,,b,-1,0.08,soma,75.874576342,1668.430843564134,-395.92408094820536,964.6628732229956,,1668.0,-395.7514008588056,964.5684930843885,none,0.0,success,105.0,0.005,"(1668, -132, 185)",1668.0,-132.0,185.0,,,,
1181,realistic,3,x0y0,utah,11.858,14.4,Aa,saline,184.5661489027089,14.4,,b,-1,0.08,soma,80.60208859400001,916.5519559277956,-89.39594604938156,-1164.0641109125145,,917.0,-89.69396312604123,-1163.6600809552497,none,0.0,success,105.0,0.005,"(917, -24, -341)",917.0,-24.0,-341.0,,,,
1182,realistic,3,x0y0,utah,11.771,14.3,Aa,saline,138.91720195966568,14.3,,b,-1,0.08,soma,80.323999638,799.6596423247069,567.8348100176913,-927.1142527252756,,800.0,568.213950081065,-927.0071154635624,none,0.0,success,105.0,0.005,"(800, 26, -305)",800.0,26.0,-305.0,,,,
1183,realistic,3,x0y0,utah,12.554,15.2,Aa,saline,147.0621323000574,15.2,,b,-1,0.08,soma,82.82680024199999,101.25889511792428,632.3286291993409,-1165.5961849257712,,101.0,632.3209656457877,-1165.6087667215556,none,0.0,success,105.0,0.005,"(101, 183, -472)",101.0,183.0,-472.0,,,,
1184,realistic,3,x0y0,utah,13.511000000000001,16.3,Aa,saline,33.734879289292174,16.3,,b,-1,0.08,soma,85.885778758,318.69563818139665,640.0011230142131,1293.864830956445,,319.0,639.8394807610968,1293.5173068075765,none,0.0,success,105.0,0.005,"(319, 180, 605)",319.0,180.0,605.0,,,,
1185,realistic,3,x0y0,utah,9.422,11.6,Aa,saline,117.49519879427713,11.6,,b,-1,0.08,soma,72.815597826,1941.750054391935,737.0603942622729,-535.6528514850856,,1942.0,736.5887176358312,-535.2439807581322,none,0.0,success,105.0,0.005,"(1942, 8, -156)",1942.0,8.0,-156.0,,,,
1186,realistic,3,x0y0,utah,10.64,13.0,Aa,saline,129.17376312616037,13.0,,b,-1,0.08,soma,76.70884321,1225.9850628533195,1065.0531468111003,-788.6266514177987,,1226.0,1065.264347628196,-789.1129881278787,central,5.255000000000122,success,51.2939453125,0.005,"(1226, 427, -269)",1226.0,427.0,-269.0,1226.0,,427.0,-269.0
1187,realistic,3,x0y0,utah,14.902999999999999,17.9,Aa,saline,204.14339430104408,17.9,,b,-1,0.08,soma,90.33520205399999,-1558.9764331849235,-518.9053826961508,-1089.2368767811977,,-1559.0,-518.538548820043,-1089.5279359371375,none,0.0,success,105.0,0.005,"(-1559, -179, -332)",-1559.0,-179.0,-332.0,,,,
1188,realistic,3,x0y0,utah,10.379,12.7,Aa,saline,91.61899454912151,12.7,,b,-1,0.08,soma,75.874576342,748.3274023614941,1426.1578847547235,-65.17674885541692,,748.0,1426.608113255732,-65.2891252552393,central,5.195000000000112,success,17.950439453125,0.005,"(748, 604, -42)",748.0,604.0,-42.0,748.0,,604.0,-42.0
1189,realistic,3,x0y0,utah,13.424,16.2,Aa,saline,169.6965155110634,16.2,,b,-1,0.08,soma,85.607689802,-356.02891403503304,120.3323851001937,-1362.6739743694714,,-356.0,120.09410785278894,-1362.476202998094,none,0.0,success,105.0,0.005,"(-356, -28, -548)",-356.0,-28.0,-548.0,,,,
1190,realistic,3,x0y0,utah,13.859,16.7,Aa,saline,190.50867271823918,16.7,,b,-1,0.08,soma,86.998134582,32.516831488032196,-199.6291442033944,-1412.5595187798267,,33.0,-200.11822987387845,-1412.5802829605113,none,0.0,success,105.0,0.005,"(33, -49, -598)",33.0,-49.0,-598.0,,,,
1191,realistic,3,x0y0,utah,10.727,13.1,Aa,saline,63.11347157171472,13.1,,b,-1,0.08,soma,76.986932166,826.1305893879553,1159.3675351640013,776.1300988739299,,826.0,1159.4738223994277,776.3837453627327,central,5.31000000000013,success,86.46240234375,0.005,"(826, 425, 404)",826.0,425.0,404.0,826.0,,425.0,404.0
1192,realistic,3,x0y0,utah,11.423,13.9,Aa,saline,2.7330818830277908,13.9,,b,-1,0.08,soma,79.211643814,-1989.8742872656103,84.76954720819231,1016.3402326629312,,-1990.0,84.33369770496391,1016.6987555029026,none,0.0,success,105.0,0.005,"(-1990, 45, 193)",-1990.0,45.0,193.0,,,,
1193,realistic,3,x0y0,utah,12.467,15.1,Aa,saline,184.33510038914142,15.1,,b,-1,0.08,soma,82.548711286,647.6787849516678,-31.87940264179406,-1400.9697875144159,,648.0,-31.466341286610813,-1400.8781600116354,none,0.0,success,105.0,0.005,"(648, 31, -577)",648.0,31.0,-577.0,,,,
1194,realistic,3,x0y0,utah,13.597999999999999,16.4,Aa,saline,-4.440061428801344,16.4,,b,-1,0.08,soma,86.16386771399998,-1056.1598018218108,-243.898247090674,1215.9957705128165,,-1056.0,-244.0935416805318,1215.5976880554292,none,0.0,success,105.0,0.005,"(-1056, -180, 390)",-1056.0,-180.0,390.0,,,,
1195,realistic,3,x0y0,utah,16.381999999999998,19.6,Aa,saline,136.4284151247358,19.6,,b,-1,0.08,soma,95.062714306,-83.57505810834765,632.3708819311505,-746.3674001755978,,-84.0,632.863864485563,-746.1689682573486,none,0.0,success,105.0,0.005,"(-84, 59, -143)",-84.0,59.0,-143.0,,,,
1196,realistic,3,x0y0,utah,13.424,16.2,Aa,saline,-11.080529044976624,16.2,,b,-1,0.08,soma,85.607689802,338.4279076507977,-333.19529072297433,1313.8321064453455,,338.0,-333.1038989899722,1313.4066933858417,none,0.0,success,105.0,0.005,"(338, -174, 501)",338.0,-174.0,501.0,,,,
1197,realistic,3,x0y0,utah,14.816,17.8,Aa,saline,100.01658751675043,17.8,,b,-1,0.08,soma,90.05711309799999,-424.43132871519515,1013.0484537913416,-294.39000057774587,,-424.0,1013.4121224894554,-294.3419659838711,central,5.265000000000123,success,72.900390625,0.005,"(-424, 196, -150)",-424.0,196.0,-150.0,-424.0,,196.0,-150.0
1198,realistic,3,x0y0,utah,13.424,16.2,Aa,saline,188.98895273854552,16.2,,b,-1,0.08,soma,85.607689802,-623.6802587775151,-179.46113918890026,-1354.5149594271804,,-624.0,-179.30296057353624,-1354.6218576087178,none,0.0,success,105.0,0.005,"(-624, -50, -537)",-624.0,-50.0,-537.0,,,,
1199,realistic,3,x0y0,utah,12.902,15.6,Aa,saline,206.1416721623633,15.6,,b,-1,0.08,soma,83.93915606600001,-1565.2379648887452,-652.7246153416959,-1137.8326896825404,,-1565.0,-652.3627960813399,-1137.3705902002243,none,0.0,success,105.0,0.005,"(-1565, -288, -395)",-1565.0,-288.0,-395.0,,,,
1200,realistic,3,x0y0,utah,12.554,15.2,Aa,saline,166.46273309678628,15.2,,b,-1,0.08,soma,82.82680024199999,494.3664641997271,482.57482494966916,-1130.8244839504328,,494.0,482.46337696832614,-1130.4391075976364,central,5.250000000000121,success,78.11279296875,0.005,"(494, 289, -327)",494.0,289.0,-327.0,494.0,,289.0,-327.0
1201,realistic,3,x0y0,utah,10.988,13.4,Aa,saline,3.0107738714039223,13.4,,b,-1,0.08,soma,77.821199034,-420.75358588704194,-94.61117566808979,1197.1433776136066,,-421.0,-94.74469352535749,1196.7571246776765,none,0.0,success,105.0,0.005,"(-421, -138, 374)",-421.0,-138.0,374.0,,,,
1202,realistic,3,x0y0,utah,13.163,15.9,Aa,saline,74.22317259380752,15.9,,b,-1,0.08,soma,84.773422934,-898.415741649148,1152.5858973864742,281.59029881952887,,-898.0,1152.1942324446943,281.96644684787736,periphery,5.230000000000118,success,43.231201171875,0.005,"(-898, 356, 57)",-898.0,356.0,57.0,-898.0,,356.0,57.0
1203,realistic,3,x0y0,utah,11.161999999999999,13.6,Aa,saline,205.78756747557256,13.6,,b,-1,0.08,soma,78.377376946,215.78011298869086,-405.268895112516,-738.7840794800422,,216.0,-405.5220794857551,-739.0994951010895,none,0.0,success,105.0,0.005,"(216, -47, 3)",216.0,-47.0,3.0,,,,
1204,realistic,3,x0y0,utah,14.467999999999998,17.4,Aa,saline,177.60939431966167,17.4,,b,-1,0.08,soma,88.944757274,-233.28714146794186,59.65025291361144,-1390.5042834683484,,-233.0,59.58899818916291,-1390.725853496227,none,0.0,success,105.0,0.005,"(-233, 25, -562)",-233.0,25.0,-562.0,,,,
1205,realistic,3,x0y0,utah,12.728,15.4,Aa,saline,48.70126069387618,15.4,,b,-1,0.08,soma,83.382978154,-1363.6907767575756,241.42995341937512,182.31439264724304,,-1364.0,241.0933157435503,182.61638279082024,none,0.0,success,105.0,0.005,"(-1364, -380, -363)",-1364.0,-380.0,-363.0,,,,
1206,realistic,3,x0y0,utah,12.293000000000001,14.9,Aa,saline,-9.538575219259911,14.9,,b,-1,0.08,soma,81.99253337399999,-51.64633897730031,-428.9559549466266,1294.218165198533,,-52.0,-428.8675813900359,1294.5975182067195,none,0.0,success,105.0,0.005,"(-52, -292, 480)",-52.0,-292.0,480.0,,,,
1207,realistic,3,x0y0,utah,11.423,13.9,Aa,saline,120.93055633840665,13.9,,b,-1,0.08,soma,79.211643814,1717.1383390111405,961.1482562626179,-477.2041053870138,,1717.0,961.3468740318249,-476.84739246019814,central,5.3250000000001325,success,71.47216796875,0.005,"(1717, 254, -53)",1717.0,254.0,-53.0,1717.0,,254.0,-53.0
1208,realistic,3,x0y0,utah,13.597999999999999,16.4,Aa,saline,65.27411129440522,16.4,,b,-1,0.08,soma,86.16386771399998,1609.5656300937335,1095.2301446283143,454.40475187369384,,1610.0,1095.1468205223132,454.3866729323832,central,5.265000000000123,success,52.0751953125,0.005,"(1610, 343, 108)",1610.0,343.0,108.0,1610.0,,343.0,108.0
1209,realistic,3,x0y0,utah,10.901,13.3,Aa,saline,126.7375457465925,13.3,,b,-1,0.08,soma,77.54311007800001,-650.2806210465635,853.3717393683974,-590.9166669862416,,-650.0,853.1705242082548,-590.7801442243299,periphery,5.405000000000145,success,105.0,0.005,"(-650, 193, -98)",-650.0,193.0,-98.0,-650.0,,193.0,-98.0
1210,realistic,3,x0y0,utah,13.076,15.8,Aa,saline,39.69791708491868,15.8,,b,-1,0.08,soma,84.495333978,-1967.110644015128,662.4144323079478,1018.3914724331648,,-1967.0,662.3630849058744,1018.4843549813368,none,0.0,success,105.0,0.005,"(-1967, 134, 382)",-1967.0,134.0,382.0,,,,
1211,realistic,3,x0y0,utah,13.076,15.8,Aa,saline,80.38222404719451,15.8,,b,-1,0.08,soma,84.495333978,878.9464498293303,1390.8925575982096,200.03832943507905,,879.0,1390.5834748844554,200.23308515386194,central,5.2100000000001145,success,13.5650634765625,0.005,"(879, 575, 62)",879.0,575.0,62.0,879.0,,575.0,62.0
1212,realistic,3,x0y0,utah,13.511000000000001,16.3,Aa,saline,204.632487892982,16.3,,b,-1,0.08,soma,85.885778758,-471.9670124452253,-536.8091069234542,-1277.0725292925106,,-472.0,-537.0865962931673,-1276.6000864455114,none,0.0,success,105.0,0.005,"(-472, -192, -524)",-472.0,-192.0,-524.0,,,,
1213,realistic,3,x0y0,utah,13.772000000000002,16.6,Aa,saline,161.9192682306952,16.6,,b,-1,0.08,soma,86.720045626,417.0359343393988,376.87364745425936,-1299.1943067770355,,417.0,377.1229510811553,-1299.4390376860379,none,0.0,success,105.0,0.005,"(417, 120, -512)",417.0,120.0,-512.0,,,,
1214,realistic,3,x0y0,utah,9.943999999999999,12.2,Aa,saline,197.67089994795242,12.2,,b,-1,0.08,soma,74.484131562,221.20332324672498,-285.0838670349376,-1179.4444118552985,,221.0,-284.5504669645336,-1179.432240276137,none,0.0,success,105.0,0.005,"(221, -35, -396)",221.0,-35.0,-396.0,,,,
1215,realistic,3,x0y0,utah,14.467999999999998,17.4,Aa,saline,56.8407646705121,17.4,,b,-1,0.08,soma,88.944757274,968.9142191506253,535.0318710552374,264.8404318301582,,969.0,535.4342753948966,264.72139111443914,none,0.0,success,105.0,0.005,"(969, -159, -189)",969.0,-159.0,-189.0,,,,
1216,realistic,3,x0y0,utah,12.38,15.0,Aa,saline,145.826015713361,15.0,,b,-1,0.08,soma,82.27062233000002,-532.5504918174823,632.814976231597,-996.3798092459544,,-533.0,633.0402042813806,-996.4617429268047,none,0.0,success,105.0,0.005,"(-533, 169, -313)",-533.0,169.0,-313.0,,,,
1217,realistic,3,x0y0,utah,14.12,17.0,Aa,saline,9.664489974712618,17.0,,b,-1,0.08,soma,87.83240144999998,1237.3095299756226,293.09761504694285,1276.0686162761074,,1237.0,293.17503010172754,1276.1455906747053,none,0.0,success,105.0,0.005,"(1237, 154, 459)",1237.0,154.0,459.0,,,,
1218,realistic,3,x0y0,utah,12.032,14.6,Aa,saline,0.9954677113747386,14.6,,b,-1,0.08,soma,81.15826650599999,-778.8249091375862,91.09428618660469,1306.946371765388,,-779.0,91.3650769186022,1306.4140174263498,none,0.0,success,105.0,0.005,"(-779, 77, 481)",-779.0,77.0,481.0,,,,
1219,realistic,3,x0y0,utah,14.293999999999999,17.2,Aa,saline,12.809913422056455,17.2,,b,-1,0.08,soma,88.388579362,1595.263556076576,399.87865500567705,1035.7941838175045,,1595.0,399.83237402227775,1035.5473518679432,central,5.365000000000139,success,81.77490234375,0.005,"(1595, 216, 227)",1595.0,216.0,227.0,1595.0,,216.0,227.0
1220,realistic,3,x0y0,utah,9.77,12.0,Aa,saline,-9.008889831514198,12.0,,b,-1,0.08,soma,73.92795365,497.0241052150712,-246.57573944312438,1409.9985786469006,,497.0,-246.71955877079503,1409.8538199100526,none,0.0,success,105.0,0.005,"(497, -118, 598)",497.0,-118.0,598.0,,,,
1221,realistic,3,x0y0,utah,11.597,14.1,Aa,saline,-1.3357717612805515,14.1,,b,-1,0.08,soma,79.76782172600001,-1341.8306961898786,-55.479036328279115,1312.6540911667669,,-1342.0,-55.21979512310791,1312.6364456897413,none,0.0,success,105.0,0.005,"(-1342, -36, 488)",-1342.0,-36.0,488.0,,,,
1222,realistic,3,x0y0,utah,16.208,19.4,Aa,saline,2.7423393647099017,19.4,,b,-1,0.08,soma,94.506536394,-30.068773308680182,49.752972730469075,1419.7759212622962,,-30.0,49.78170621981661,1419.3377896019836,none,0.0,success,105.0,0.005,"(-30, 10, 588)",-30.0,10.0,588.0,,,,
1223,realistic,3,x0y0,utah,10.814,13.2,Aa,saline,207.7297591789367,13.2,,b,-1,0.08,soma,77.26502112200002,1896.954336130536,-581.9020587272653,-1102.0148618061282,,1897.0,-582.2362071640334,-1102.0794983485976,none,0.0,success,105.0,0.005,"(1897, -199, -373)",1897.0,-199.0,-373.0,,,,
1224,realistic,3,x0y0,utah,10.814,13.2,Aa,saline,-23.632859747014884,13.2,,b,-1,0.08,soma,77.26502112200002,-266.2684454919764,-616.2188049808093,1219.66268777801,,-266.0,-616.1942734839049,1219.5297429249322,none,0.0,success,105.0,0.005,"(-266, -286, 465)",-266.0,-286.0,465.0,,,,
1225,realistic,3,x0y0,utah,12.641,15.3,Aa,saline,360.78360788457945,15.3,,b,-1,0.08,soma,83.104889198,1966.3244553305176,-27.97685824822747,1158.9044213395418,,1966.0,-27.676231508993695,1158.4697893545404,none,0.0,success,105.0,0.005,"(1966, -39, 332)",1966.0,-39.0,332.0,,,,
1226,realistic,3,x0y0,utah,11.771,14.3,Aa,saline,140.92969184197986,14.3,,b,-1,0.08,soma,80.323999638,1415.3454266710012,790.9172950406064,-931.6448528729953,,1415.0,791.0996084859158,-931.6557766594718,central,5.295000000000128,success,84.5947265625,0.005,"(1415, 271, -291)",1415.0,271.0,-291.0,1415.0,,271.0,-291.0
1227,realistic,3,x0y0,utah,14.12,17.0,Aa,saline,197.25547879700844,17.0,,b,-1,0.08,soma,87.83240144999998,-1061.6092956364391,-522.4851514471867,-1055.1379707619762,,-1062.0,-522.856545135035,-1055.614971692375,none,0.0,success,105.0,0.005,"(-1062, -277, -264)",-1062.0,-277.0,-264.0,,,,
1228,realistic,3,x0y0,utah,11.597,14.1,Aa,saline,-33.25862602297519,14.1,,b,-1,0.08,soma,79.76782172600001,585.3107937620497,-576.9805702740791,1054.5980256548219,,585.0,-577.3663367172693,1054.7679262636407,none,0.0,success,105.0,0.005,"(585, -125, 365)",585.0,-125.0,365.0,,,,
1229,realistic,3,x0y0,utah,11.248999999999999,13.7,Aa,saline,63.04195291537668,13.7,,b,-1,0.08,soma,78.655465902,-737.6113938033916,911.4605984457628,616.0515054527867,,-738.0,911.7233083792265,615.6677613466884,none,0.0,success,105.0,0.005,"(-738, 177, 242)",-738.0,177.0,242.0,,,,
1230,realistic,3,x0y0,utah,14.642000000000001,17.6,Aa,saline,-22.417838557435413,17.6,,b,-1,0.08,soma,89.500935186,657.9610815533758,-581.9282062597284,1253.5483021127066,,658.0,-581.4668283399703,1254.0213322429695,none,0.0,success,105.0,0.005,"(658, -265, 487)",658.0,-265.0,487.0,,,,
1231,realistic,3,x0y0,utah,12.902,15.6,Aa,saline,115.52093908626043,15.6,,b,-1,0.08,soma,83.93915606600001,-702.1883004056191,1262.361264430392,-582.5590173172028,,-702.0,1262.2573472169795,-582.2584942166166,periphery,5.195000000000112,success,37.646484375,0.005,"(-702, 516, -226)",-702.0,516.0,-226.0,-702.0,,516.0,-226.0
1232,realistic,3,x0y0,utah,12.641,15.3,Aa,saline,123.09481103396664,15.3,,b,-1,0.08,soma,83.104889198,-199.72808076742507,1073.6987898049963,-584.2182399741969,,-200.0,1073.4856380850424,-584.2976347510541,periphery,5.160000000000107,success,37.646484375,0.005,"(-200, 381, -133)",-200.0,381.0,-133.0,-200.0,,381.0,-133.0
1233,realistic,3,x0y0,utah,13.511000000000001,16.3,Aa,saline,-23.397198476489862,16.3,,b,-1,0.08,soma,85.885778758,419.6479692282997,-555.8118011377187,1190.9493655438228,,420.0,-555.776121372401,1190.8859838720464,none,0.0,success,105.0,0.005,"(420, -227, 431)",420.0,-227.0,431.0,,,,
1234,realistic,3,x0y0,utah,12.206000000000001,14.8,Aa,saline,118.01163006350704,14.8,,b,-1,0.08,soma,81.714444418,425.61852792350646,1051.4792508071741,-556.185953051503,,426.0,1051.1493414883262,-555.9051372715674,periphery,5.195000000000112,success,59.36279296875,0.005,"(426, 322, -168)",426.0,322.0,-168.0,426.0,,322.0,-168.0
1235,realistic,3,x0y0,utah,11.945,14.5,Aa,saline,46.00163908763448,14.5,,b,-1,0.08,soma,80.88017755,-271.0190597404669,1011.7285850450045,1027.9225750134456,,-271.0,1011.8215998647352,1028.3506856631152,periphery,5.205000000000114,success,86.46240234375,0.005,"(-271, 418, 455)",-271.0,418.0,455.0,-271.0,,418.0,455.0
1236,realistic,3,x0y0,utah,13.424,16.2,Aa,saline,-23.772528520628253,16.2,,b,-1,0.08,soma,85.607689802,212.0324753510696,-483.4623419683626,1230.312224648881,,212.0,-483.6877298795932,1230.6060788533955,none,0.0,success,105.0,0.005,"(212, -150, 473)",212.0,-150.0,473.0,,,,
1237,realistic,3,x0y0,utah,9.683,11.9,Aa,saline,59.554962347009926,11.9,,b,-1,0.08,soma,73.649864694,1090.3543897810564,1158.0871749328944,694.9476605340233,,1090.0,1158.495274176349,695.4186932202251,central,5.250000000000121,success,51.708984375,0.005,"(1090, 450, 279)",1090.0,450.0,279.0,1090.0,,450.0,279.0
1238,realistic,3,x0y0,utah,10.118,12.4,Aa,saline,177.14940391687185,12.4,,b,-1,0.08,soma,75.040309474,-282.7044153567615,259.41900612036164,-1400.7198380681145,,-283.0,259.87925169042893,-1400.533130551316,none,0.0,success,105.0,0.005,"(-283, 219, -579)",-283.0,219.0,-579.0,,,,
1239,realistic,3,x0y0,utah,13.946,16.8,Aa,saline,-23.170794910785627,16.8,,b,-1,0.08,soma,87.27622353800001,456.5986613198938,-642.8102804017943,1262.2283861932901,,457.0,-643.0690969811017,1261.767016149242,none,0.0,success,105.0,0.005,"(457, -317, 500)",457.0,-317.0,500.0,,,,
1240,realistic,3,x0y0,utah,14.467999999999998,17.4,Aa,saline,98.26715809282229,17.4,,b,-1,0.08,soma,88.944757274,126.63404628768448,1447.3332232182752,0.86690339353936,,127.0,1446.8458658991754,0.7218719519993613,central,5.1150000000001,success,13.482666015625,0.005,"(127, 626, 120)",127.0,626.0,120.0,127.0,,626.0,120.0
1241,realistic,3,x0y0,utah,10.553,12.9,Aa,saline,54.82111663860506,12.9,,b,-1,0.08,soma,76.430754254,612.4152808668478,1054.1548984339756,890.5453923447712,,612.0,1053.8962492636101,890.2543787628648,central,5.250000000000121,success,95.361328125,0.005,"(612, 381, 416)",612.0,381.0,416.0,612.0,,381.0,416.0
1242,realistic,3,x0y0,utah,14.12,17.0,Aa,saline,173.8938567110595,17.0,,b,-1,0.08,soma,87.83240144999998,259.4416462243987,124.39849483651231,-1259.3715602093775,,259.0,124.19668375714002,-1259.1913783808677,none,0.0,success,105.0,0.005,"(259, 36, -435)",259.0,36.0,-435.0,,,,
1243,realistic,3,x0y0,utah,13.685,16.5,Aa,saline,143.86350151121084,16.5,,b,-1,0.08,soma,86.44195667,752.8138908352469,741.1941542345586,-1030.3071255476668,,753.0,741.4019109241497,-1029.871262103346,central,5.315000000000131,success,98.73046875,0.005,"(753, 253, -361)",753.0,253.0,-361.0,753.0,,253.0,-361.0
1244,realistic,3,x0y0,utah,13.946,16.8,Aa,saline,60.361071188747566,16.8,,b,-1,0.08,soma,87.27622353800001,-74.04333029842203,1108.3957021202325,796.3574554212319,,-74.0,1108.252246749615,796.7615462697706,periphery,5.200000000000113,success,77.2705078125,0.005,"(-74, 388, 387)",-74.0,388.0,387.0,-74.0,,388.0,387.0
1245,realistic,3,x0y0,utah,13.163,15.9,Aa,saline,132.64218791154386,15.9,,b,-1,0.08,soma,84.773422934,1945.4963464776504,707.6080430043953,-758.4317464536489,,1945.0,707.6256649551253,-758.4717583477459,none,0.0,success,105.0,0.005,"(1945, 99, -198)",1945.0,99.0,-198.0,,,,
1246,realistic,3,x0y0,utah,12.554,15.2,Aa,saline,80.66776954586348,15.2,,b,-1,0.08,soma,82.82680024199999,-92.08986516194372,1418.2209278088003,110.39311374712223,,-92.0,1418.504743239403,110.04425349962625,tjn,5.070000000000093,success,3.826904296875,0.005,"(-92, 603, -24)",-92.0,603.0,-24.0,-92.0,,603.0,-24.0
1247,realistic,3,x0y0,utah,12.554,15.2,Aa,saline,51.9596438282325,15.2,,b,-1,0.08,soma,82.82680024199999,-1051.6293469507093,906.370387309838,571.6318996143327,,-1052.0,906.8831939352998,571.2359371545604,periphery,5.270000000000124,success,66.05224609375,0.005,"(-1052, 256, 62)",-1052.0,256.0,62.0,-1052.0,,256.0,62.0
1248,realistic,3,x0y0,utah,12.988999999999999,15.7,Aa,saline,-8.384289596270172,15.7,,b,-1,0.08,soma,84.217245022,-1212.8565459771123,-367.03348947044645,1323.6713451291823,,-1213.0,-366.59243716210386,1323.2585602501326,none,0.0,success,105.0,0.005,"(-1213, -246, 505)",-1213.0,-246.0,505.0,,,,
1249,realistic,3,x0y0,utah,12.815,15.5,Aa,saline,-13.733761144327529,15.5,,b,-1,0.08,soma,83.66106711,-1906.0432762513394,-433.5923828738642,1133.3808215686631,,-1906.0,-433.28956866595706,1133.1831802953272,none,0.0,success,105.0,0.005,"(-1906, -237, 330)",-1906.0,-237.0,330.0,,,,
1250,realistic,3,x0y0,utah,13.163,15.9,Aa,saline,194.3761618416396,15.9,,b,-1,0.08,soma,84.773422934,-1498.4214558363885,-210.99667295172455,-1171.512756031556,,-1498.0,-211.44012045725614,-1171.489507398083,none,0.0,success,105.0,0.005,"(-1498, -6, -370)",-1498.0,-6.0,-370.0,,,,
1251,realistic,3,x0y0,utah,12.728,15.4,Aa,saline,-13.974743869121125,15.4,,b,-1,0.08,soma,83.382978154,-820.1450800163782,-259.65893708500334,1322.3821332842545,,-820.0,-259.6459946120956,1322.2214210003212,none,0.0,success,105.0,0.005,"(-820, -60, 520)",-820.0,-60.0,520.0,,,,
1252,realistic,3,x0y0,utah,12.815,15.5,Aa,saline,71.21046307394774,15.5,,b,-1,0.08,soma,83.66106711,1169.7477007251919,1301.2178174035096,445.5486506125277,,1170.0,1300.7604661165187,445.32211485806556,central,5.225000000000117,success,25.341796875,0.005,"(1170, 518, 179)",1170.0,518.0,179.0,1170.0,,518.0,179.0
1253,realistic,3,x0y0,utah,12.032,14.6,Aa,saline,175.7053466261826,14.6,,b,-1,0.08,soma,81.15826650599999,1593.0328934768847,122.83748478349024,-1089.9190663776783,,1593.0,122.83587708064971,-1090.2675116798919,none,0.0,success,105.0,0.005,"(1593, 61, -267)",1593.0,61.0,-267.0,,,,
1254,realistic,3,x0y0,utah,10.988,13.4,Aa,saline,9.260888168477939,13.4,,b,-1,0.08,soma,77.821199034,591.2845795494109,224.59609745188118,1348.2928912391671,,591.0,224.5672154622853,1348.1997617232792,none,0.0,success,105.0,0.005,"(591, 92, 535)",591.0,92.0,535.0,,,,
1255,realistic,3,x0y0,utah,11.075,13.5,Aa,saline,114.82810073021028,13.5,,b,-1,0.08,soma,78.09928799,201.31974029485968,1018.2387948991108,-659.6443520245548,,201.0,1017.9074568898621,-660.0184455135006,periphery,5.215000000000115,success,99.90234375,0.005,"(201, 270, -314)",201.0,270.0,-314.0,201.0,,270.0,-314.0
1256,realistic,3,x0y0,utah,13.424,16.2,Aa,saline,-15.352096593143726,16.2,,b,-1,0.08,soma,85.607689802,1675.179994360739,-283.9215307522008,1237.1687510079773,,1675.0,-284.1196777452947,1237.2512476380343,none,0.0,success,105.0,0.005,"(1675, -65, 439)",1675.0,-65.0,439.0,,,,
1257,realistic,3,x0y0,utah,12.641,15.3,Aa,saline,-25.47068869411389,15.3,,b,-1,0.08,soma,83.104889198,810.4617974418346,-547.6505641949993,1287.2249491950204,,810.0,-547.4175511775702,1287.2115469839775,none,0.0,success,105.0,0.005,"(810, -192, 541)",810.0,-192.0,541.0,,,,
1258,realistic,3,x0y0,utah,11.771,14.3,Aa,saline,13.641988400513725,14.3,,b,-1,0.08,soma,80.323999638,1182.3051413282499,389.2643763162223,1234.8162057272991,,1182.0,389.6557157573021,1234.8924314241044,none,0.0,success,105.0,0.005,"(1182, 195, 433)",1182.0,195.0,433.0,,,,
1259,realistic,3,x0y0,utah,12.988999999999999,15.7,Aa,saline,-13.376423933089232,15.7,,b,-1,0.08,soma,84.217245022,-908.9665772998894,-125.03197429417604,1221.585909805266,,-909.0,-125.31022438679437,1221.6939788409522,none,0.0,success,105.0,0.005,"(-909, 66, 417)",-909.0,66.0,417.0,,,,
1260,realistic,3,x0y0,utah,16.034,19.2,Aa,saline,128.5303367956833,19.2,,b,-1,0.08,soma,93.95035848200001,-1055.0344821879942,865.7665399672877,-727.7222503116636,,-1055.0,865.8541827202345,-727.237339149219,periphery,5.320000000000132,success,87.286376953125,0.005,"(-1055, 215, -209)",-1055.0,215.0,-209.0,-1055.0,,215.0,-209.0
1261,realistic,3,x0y0,utah,13.597999999999999,16.4,Aa,saline,120.42534434297166,16.4,,b,-1,0.08,soma,86.16386771399998,-234.7338310676664,1158.8452816346746,-683.3579006968857,,-235.0,1159.055051564891,-683.3406913051849,periphery,5.18000000000011,success,45.59326171875,0.005,"(-235, 445, -264)",-235.0,445.0,-264.0,-235.0,,445.0,-264.0
1262,realistic,3,x0y0,utah,12.554,15.2,Aa,saline,97.78291144533077,15.2,,b,-1,0.08,soma,82.82680024199999,-256.3851537028541,1076.3347752732343,-12.37338692854928,,-256.0,1076.810396839887,-11.89637437638342,tjn,5.230000000000118,success,20.64971923828125,0.005,"(-256, 258, 100)",-256.0,258.0,100.0,-256.0,,585.5241587359549,55.24145024944663
1263,realistic,3,x0y0,utah,12.293000000000001,14.9,Aa,saline,111.00991172770095,14.9,,b,-1,0.08,soma,81.99253337399999,600.0251268561867,1273.809558393038,-406.6446434180957,,600.0,1274.0675149523147,-407.1196616072896,central,5.195000000000112,success,24.57275390625,0.005,"(600, 503, -111)",600.0,503.0,-111.0,600.0,,503.0,-111.0
1264,realistic,3,x0y0,utah,13.076,15.8,Aa,saline,131.75915412619332,15.8,,b,-1,0.08,soma,84.495333978,-1778.1835160669625,740.4407759260894,-759.4161734937102,,-1778.0,740.1267595737942,-758.9469462146742,none,0.0,success,105.0,0.005,"(-1778, 123, -208)",-1778.0,123.0,-208.0,,,,
1265,realistic,3,x0y0,utah,11.161999999999999,13.6,Aa,saline,-35.30397258412169,13.6,,b,-1,0.08,soma,78.377376946,1020.481962145414,-559.4537591589178,1079.7998320076063,,1020.0,-559.2986430685469,1079.6203886628155,none,0.0,success,105.0,0.005,"(1020, -83, 407)",1020.0,-83.0,407.0,,,,
1266,realistic,3,x0y0,utah,14.381,17.3,Aa,saline,24.68460672957267,17.3,,b,-1,0.08,soma,88.66666831799999,-456.7614476221713,459.4216519238988,1111.889024524642,,-457.0,459.32960034479856,1111.5322674168676,none,0.0,success,105.0,0.005,"(-457, 113, 358)",-457.0,113.0,358.0,,,,
1267,realistic,3,x0y0,utah,15.164,18.2,Aa,saline,-14.335351146229945,18.2,,b,-1,0.08,soma,91.16946892200001,-1279.9803500884568,-482.5484055459651,1077.7232464101894,,-1280.0,-482.6527802525436,1077.753549219263,none,0.0,success,105.0,0.005,"(-1280, -277, 273)",-1280.0,-277.0,273.0,,,,
1268,realistic,3,x0y0,utah,11.771,14.3,Aa,saline,61.14239793058621,14.3,,b,-1,0.08,soma,80.323999638,-1900.146306972303,953.2275985908168,396.7798995543544,,-1900.0,953.6768794414804,397.2231811126495,periphery,5.285000000000126,success,65.0634765625,0.005,"(-1900, 231, -1)",-1900.0,231.0,-1.0,-1900.0,,231.0,-1.0
1269,realistic,3,x0y0,utah,13.337000000000002,16.1,Aa,saline,198.57154736562032,16.1,,b,-1,0.08,soma,85.329600846,1926.3200967226965,-386.16234101981127,-950.7517484552554,,1926.0,-386.6112389347256,-950.5434643209619,none,0.0,success,105.0,0.005,"(1926, -123, -166)",1926.0,-123.0,-166.0,,,,
1270,realistic,3,x0y0,utah,10.901,13.3,Aa,saline,142.09070100278544,13.3,,b,-1,0.08,soma,77.54311007800001,-525.4149356356704,883.6831016802544,-1086.8107149962132,,-525.0,884.1252434159617,-1086.9557569257713,periphery,5.225000000000117,success,91.845703125,0.005,"(-525, 378, -437)",-525.0,378.0,-437.0,-525.0,,378.0,-437.0
1271,realistic,3,x0y0,utah,11.684,14.2,Aa,saline,124.3358878198895,14.2,,b,-1,0.08,soma,80.045910682,1213.1098699220786,1083.2211068438146,-498.679382533418,,1213.0,1083.2214542250638,-498.31294681232407,central,5.215000000000115,success,27.25830078125,0.005,"(1213, 402, -33)",1213.0,402.0,-33.0,1213.0,,402.0,-33.0
1272,realistic,3,x0y0,utah,12.38,15.0,Aa,saline,22.03003448983997,15.0,,b,-1,0.08,soma,82.27062233000002,1095.7776312811818,508.78749075521864,1101.092300820671,,1096.0,508.8833552179916,1100.8274334499552,central,5.260000000000122,success,105.0,0.005,"(1096, 199, 335)",1096.0,199.0,335.0,1096.0,,199.0,335.0
1273,realistic,3,x0y0,utah,12.119,14.7,Aa,saline,195.50458453868114,14.7,,b,-1,0.08,soma,81.436355462,-368.52635174007736,-340.3278531731812,-1265.6941586545142,,-369.0,-340.7144689074963,-1265.6620360615918,none,0.0,success,105.0,0.005,"(-369, -120, -470)",-369.0,-120.0,-470.0,,,,
1274,realistic,3,x0y0,utah,11.597,14.1,Aa,saline,15.997283207030385,14.1,,b,-1,0.08,soma,79.76782172600001,480.42820618626365,338.16382706528475,1193.373801048442,,480.0,338.3380058338429,1192.9609035126023,none,0.0,success,105.0,0.005,"(480, 111, 400)",480.0,111.0,400.0,,,,
1275,realistic,3,x0y0,utah,13.25,16.0,Aa,saline,21.690880237731733,16.0,,b,-1,0.08,soma,85.05151189,-815.2836101920748,575.3598507246556,1120.0301945333467,,-815.0,575.8535193972721,1119.9369324240943,periphery,5.275000000000125,success,88.22021484375,0.005,"(-815, 270, 351)",-815.0,270.0,351.0,-815.0,,270.0,351.0
1276,realistic,3,x0y0,utah,8.9,11.0,Aa,saline,108.57948839956629,11.0,,b,-1,0.08,soma,71.14706409,75.01169997079127,1278.0818407900215,-454.984031712474,,75.0,1277.8216510254556,-455.43472730953704,tjn,5.145000000000104,success,28.82080078125,0.005,"(75, 500, -194)",75.0,500.0,-194.0,75.0,,500.0,-194.0
1277,realistic,3,x0y0,utah,10.64,13.0,Aa,saline,84.56102868078321,13.0,,b,-1,0.08,soma,76.70884321,-1506.6124875093815,1104.193451956593,151.2680604149059,,-1507.0,1104.6493267077776,151.053999168154,periphery,5.250000000000121,success,64.7705078125,0.005,"(-1507, 285, 73)",-1507.0,285.0,73.0,-1507.0,,285.0,73.0
1278,realistic,3,x0y0,utah,12.119,14.7,Aa,saline,40.297189182754714,14.7,,b,-1,0.08,soma,81.436355462,1708.9188897761026,876.2500946577215,944.8451792447968,,1709.0,876.074517356411,944.7752541554339,central,5.320000000000132,success,76.94091796875,0.005,"(1709, 342, 315)",1709.0,342.0,315.0,1709.0,,342.0,315.0
1279,realistic,3,x0y0,utah,10.988,13.4,Aa,saline,264.85752208033796,13.4,,b,-1,0.08,soma,77.821199034,84.93322147988856,-64.01100364361855,1.1945152699900063,,85.0,-63.614957118932125,1.1776102832767918,tjn,5.135000000000103,success,10.910797119140625,0.005,"(85, 757, 75)",85.0,757.0,75.0,85.0,,592.8770085762136,60.23552205665536
1280,realistic,3,x0y0,utah,11.336,13.8,Aa,saline,57.0611372867229,13.8,,b,-1,0.08,soma,78.93355485800001,459.7854987261627,1184.2072087131646,717.1782262262633,,460.0,1183.97496629616,717.2625868881473,central,5.175000000000109,success,45.59326171875,0.005,"(460, 492, 269)",460.0,492.0,269.0,460.0,,492.0,269.0
1281,realistic,3,x0y0,utah,11.423,13.9,Aa,saline,-26.96958669490991,13.9,,b,-1,0.08,soma,79.211643814,-1717.0733654996982,-477.7907389972788,1147.102597202018,,-1717.0,-477.95874023482463,1146.8887084835187,none,0.0,success,105.0,0.005,"(-1717, -104, 412)",-1717.0,-104.0,412.0,,,,
1282,realistic,3,x0y0,utah,15.077000000000002,18.1,Aa,saline,79.60964375126527,18.1,,b,-1,0.08,soma,90.891379966,53.03739433496557,1232.4469564807025,157.83727961202612,,53.0,1232.8263806672792,157.81240247293326,none,0.0,success,105.0,0.005,"(53, 416, 8)",53.0,416.0,8.0,,,,
1283,realistic,3,x0y0,utah,9.943999999999999,12.2,Aa,saline,2.052682211279191,12.2,,b,-1,0.08,soma,74.484131562,-456.08062677971617,178.90868475300843,1436.4599855714926,,-456.0,178.43626595495982,1436.7487205415316,none,0.0,success,105.0,0.005,"(-456, 149, 615)",-456.0,149.0,615.0,,,,
1284,realistic,3,x0y0,utah,12.815,15.5,Aa,saline,122.66726664201856,15.5,,b,-1,0.08,soma,83.66106711,-218.136460294748,1265.9557306016231,-638.9735639570313,,-218.0,1266.0259431465993,-639.3231220129891,tjn,5.140000000000104,success,24.57275390625,0.005,"(-218, 570, -193)",-218.0,570.0,-193.0,-218.0,,570.0,-193.0
1285,realistic,3,x0y0,utah,15.077000000000002,18.1,Aa,saline,35.96015243330859,18.1,,b,-1,0.08,soma,90.891379966,-1409.5158270497336,695.984764491108,965.945854224664,,-1410.0,695.6377091580177,966.1627414722404,periphery,5.305000000000129,success,94.04296875,0.005,"(-1410, 208, 294)",-1410.0,208.0,294.0,-1410.0,,208.0,294.0
1286,realistic,3,x0y0,utah,10.031,12.3,Aa,saline,35.495715425246225,12.3,,b,-1,0.08,soma,74.76222051799998,587.9354213060861,718.7873425713269,834.5381885434654,,588.0,718.4744726163755,834.5826999728779,central,5.250000000000121,success,82.598876953125,0.005,"(588, 241, 165)",588.0,241.0,165.0,588.0,,241.0,165.0
1287,realistic,3,x0y0,utah,11.597,14.1,Aa,saline,148.5082100874355,14.1,,b,-1,0.08,soma,79.76782172600001,1946.0293675235143,461.78293581376647,-951.5329672299423,,1946.0,461.9193550348313,-951.3785107928803,none,0.0,success,105.0,0.005,"(1946, 31, -248)",1946.0,31.0,-248.0,,,,
1288,realistic,3,x0y0,utah,11.075,13.5,Aa,saline,59.57587163197443,13.5,,b,-1,0.08,soma,78.09928799,922.9252401663432,1254.7154219819768,644.8414755178587,,923.0,1254.5780080168888,645.2987397190681,central,5.24500000000012,success,35.0494384765625,0.005,"(923, 544, 228)",923.0,544.0,228.0,923.0,,544.0,228.0
1289,realistic,3,x0y0,utah,11.858,14.4,Aa,saline,148.9384934045607,14.4,,b,-1,0.08,soma,80.60208859400001,88.1853377047277,587.4825143310663,-1001.0351623430556,,88.0,587.855338857252,-1000.9528745448104,none,0.0,success,105.0,0.005,"(88, 162, -294)",88.0,162.0,-294.0,,,,
1290,realistic,3,x0y0,utah,12.032,14.6,Aa,saline,110.09697302863829,14.6,,b,-1,0.08,soma,81.15826650599999,546.5367226245885,1320.5161776000132,-529.0248673460134,,547.0,1320.3013640378927,-528.6689901857309,central,5.195000000000112,success,39.276123046875,0.005,"(547, 545, -245)",547.0,545.0,-245.0,547.0,,545.0,-245.0
1291,realistic,3,x0y0,utah,13.772000000000002,16.6,Aa,saline,161.81974422218968,16.6,,b,-1,0.08,soma,86.720045626,641.2715739836354,307.9321432927432,-1356.4874110644998,,641.0,307.44832711765605,-1356.0248576746314,none,0.0,success,105.0,0.005,"(641, 49, -569)",641.0,49.0,-569.0,,,,
1292,realistic,3,x0y0,utah,12.728,15.4,Aa,saline,-16.21817298527307,15.4,,b,-1,0.08,soma,83.382978154,535.974953201032,-584.9645062195877,1236.5584075026272,,536.0,-584.8949328992062,1236.7891678117358,none,0.0,success,105.0,0.005,"(536, -354, 443)",536.0,-354.0,443.0,,,,
1293,realistic,3,x0y0,utah,10.118,12.4,Aa,saline,47.897099167027434,12.4,,b,-1,0.08,soma,75.040309474,1439.5035996262077,1039.0230419008112,825.2896492515182,,1440.0,1039.2277027993805,825.4997637511586,central,5.240000000000119,success,56.7626953125,0.005,"(1440, 429, 274)",1440.0,429.0,274.0,1440.0,,429.0,274.0
1294,realistic,3,x0y0,utah,13.163,15.9,Aa,saline,78.7175069599763,15.9,,b,-1,0.08,soma,84.773422934,-1050.5947328629197,1323.0806920734751,429.8283748502653,,-1051.0,1323.418147935687,429.83684076294526,periphery,5.240000000000119,success,42.572021484375,0.005,"(-1051, 512, 268)",-1051.0,512.0,268.0,-1051.0,,512.0,268.0
1295,realistic,3,x0y0,utah,14.555,17.5,Aa,saline,194.49164246931957,17.5,,b,-1,0.08,soma,89.22284623,375.3207138856688,-436.47403337631516,-1114.4088603247176,,375.0,-436.56877806337303,-1114.2297798599432,none,0.0,success,105.0,0.005,"(375, -229, -311)",375.0,-229.0,-311.0,,,,
1296,realistic,3,x0y0,utah,14.207,17.1,Aa,saline,2.851855653495293,17.1,,b,-1,0.08,soma,88.110490406,-1895.6565548597384,30.66018818039948,1105.9684001386834,,-1896.0,30.28695121110941,1106.0603789087568,none,0.0,success,105.0,0.005,"(-1896, -11, 278)",-1896.0,-11.0,278.0,,,,
1297,realistic,3,x0y0,utah,11.597,14.1,Aa,saline,7.348982890423097,14.1,,b,-1,0.08,soma,79.76782172600001,-523.7803213286755,200.84612552666115,1290.3334931402278,,-524.0,200.50265219937774,1290.1198627939236,none,0.0,success,105.0,0.005,"(-524, 95, 472)",-524.0,95.0,472.0,,,,
1298,realistic,3,x0y0,utah,14.467999999999998,17.4,Aa,saline,164.6708563453778,17.4,,b,-1,0.08,soma,88.944757274,426.15614062093493,494.22348015833916,-1331.9168534753978,,426.0,494.3124969116229,-1331.943161957523,none,0.0,success,105.0,0.005,"(426, 275, -532)",426.0,275.0,-532.0,,,,
1299,realistic,3,x0y0,utah,15.164,18.2,Aa,saline,54.549076515248956,18.2,,b,-1,0.08,soma,91.16946892200001,-187.1940263169991,1002.0873633977884,956.8717403721404,,-187.0,1001.5943246919308,956.73914598738,none,0.0,success,105.0,0.005,"(-187, 325, 475)",-187.0,325.0,475.0,,,,
1300,realistic,3,x0y0,utah,11.423,13.9,Aa,saline,195.43223484623985,13.9,,b,-1,0.08,soma,79.211643814,1741.9775837333907,-424.8993896283409,-1098.6601743394008,,1742.0,-424.4276092094528,-1098.8375517361576,none,0.0,success,105.0,0.005,"(1742, -205, -304)",1742.0,-205.0,-304.0,,,,
1301,realistic,3,x0y0,utah,11.771,14.3,Aa,saline,194.86199827284665,14.3,,b,-1,0.08,soma,80.323999638,-616.9798790191692,-298.5807590490581,-1253.759726663646,,-617.0,-298.65405295357357,-1253.5190728250636,none,0.0,success,105.0,0.005,"(-617, -87, -456)",-617.0,-87.0,-456.0,,,,
1302,realistic,3,x0y0,utah,13.076,15.8,Aa,saline,71.75748812770263,15.8,,b,-1,0.08,soma,84.495333978,-1066.720943192273,1269.949318932613,292.6293502482422,,-1067.0,1269.6371093394534,292.9285197675571,periphery,5.1650000000001075,success,14.90936279296875,0.005,"(-1067, 484, 34)",-1067.0,484.0,34.0,-1067.0,,484.0,34.0
1303,realistic,3,x0y0,utah,10.727,13.1,Aa,saline,297.7366507494678,13.1,,b,-1,0.08,soma,76.986932166,1143.0989556889854,-375.9336872046106,198.74002618003846,,1143.0,-375.8740668300634,198.25385911502826,central,5.250000000000121,success,48.2666015625,0.005,"(1143, 353, -185)",1143.0,353.0,-185.0,1143.0,,353.0,-185.0
1304,realistic,3,x0y0,utah,13.163,15.9,Aa,saline,173.72648944852193,15.9,,b,-1,0.08,soma,84.773422934,-1998.6806197313767,88.63158154991379,-1103.8980596957927,,-1999.0,88.43336756334311,-1103.422391198198,none,0.0,success,105.0,0.005,"(-1999, -2, -281)",-1999.0,-2.0,-281.0,,,,
1305,realistic,3,x0y0,utah,10.553,12.9,Aa,saline,154.93869953469567,12.9,,b,-1,0.08,soma,76.430754254,-1808.995710869234,340.00589503488936,-1000.0530826300774,,-1809.0,339.71403375099726,-999.7508101393496,none,0.0,success,105.0,0.005,"(-1809, -9, -254)",-1809.0,-9.0,-254.0,,,,
1306,realistic,3,x0y0,utah,12.119,14.7,Aa,saline,159.38783103319219,14.7,,b,-1,0.08,soma,81.436355462,-1396.9564835227634,574.5924589798738,-1155.0533077145985,,-1397.0,574.652798561312,-1154.8722143562163,periphery,5.300000000000129,success,94.775390625,0.005,"(-1397, 284, -382)",-1397.0,284.0,-382.0,-1397.0,,284.0,-382.0
1307,realistic,3,x0y0,utah,12.293000000000001,14.9,Aa,saline,-25.509919238596872,14.9,,b,-1,0.08,soma,81.99253337399999,249.14148826292347,-523.6203801700932,1321.7798407793452,,249.0,-523.756592062091,1321.4616306850176,none,0.0,success,105.0,0.005,"(249, -168, 576)",249.0,-168.0,576.0,,,,
1308,realistic,3,x0y0,utah,13.25,16.0,Aa,saline,124.41492556836486,16.0,,b,-1,0.08,soma,85.05151189,-216.0364644303119,1006.7630417304808,-847.5178033464607,,-216.0,1006.7087486546252,-847.7175572601142,periphery,5.255000000000122,success,89.4561767578125,0.005,"(-216, 324, -380)",-216.0,324.0,-380.0,-216.0,,324.0,-380.0
1309,realistic,3,x0y0,utah,12.902,15.6,Aa,saline,121.58701518518238,15.6,,b,-1,0.08,soma,83.93915606600001,-1249.9815907036716,1054.4172017442638,-597.995981087126,,-1250.0,1054.4126865685098,-598.1666649736856,periphery,5.225000000000117,success,48.81591796875,0.005,"(-1250, 350, -165)",-1250.0,350.0,-165.0,-1250.0,,350.0,-165.0
1310,realistic,3,x0y0,utah,13.076,15.8,Aa,saline,147.36087519157542,15.8,,b,-1,0.08,soma,84.495333978,-94.13538616248451,615.2393680829588,-891.2117944539508,,-94.0,615.1346668071678,-891.6252603714371,periphery,5.265000000000123,success,95.361328125,0.005,"(-94, 169, -195)",-94.0,169.0,-195.0,-94.0,,169.0,-195.0
1311,realistic,3,x0y0,utah,13.076,15.8,Aa,saline,41.22850389099766,15.8,,b,-1,0.08,soma,84.495333978,-1959.5620047316845,683.2778890725368,827.59054438771,,-1960.0,683.23893731245,827.172970342427,periphery,5.295000000000128,success,94.04296875,0.005,"(-1960, 138, 205)",-1960.0,138.0,205.0,-1960.0,,138.0,205.0
1312,realistic,3,x0y0,utah,10.118,12.4,Aa,saline,74.24581978797377,12.4,,b,-1,0.08,soma,75.040309474,648.0883695147737,1266.810296433322,301.30073098686813,,648.0,1266.593396918889,301.3142220110956,central,5.18000000000011,success,27.25830078125,0.005,"(648, 475, 78)",648.0,475.0,78.0,648.0,,475.0,78.0
1313,realistic,3,x0y0,utah,12.728,15.4,Aa,saline,77.6722643334947,15.4,,b,-1,0.08,soma,83.382978154,-401.7940578296904,1162.3869521445904,130.59537919413424,,-402.0,1162.5949156793215,130.49863291793955,tjn,5.160000000000107,success,25.64697265625,0.005,"(-402, 355, -46)",-402.0,355.0,-46.0,-402.0,,355.0,-46.0
1314,realistic,3,x0y0,utah,11.858,14.4,Aa,saline,-20.409060304338396,14.4,,b,-1,0.08,soma,80.60208859400001,1560.9996999713912,-497.66675590603836,1192.4628019094546,,1561.0,-497.782474146364,1192.4721387151485,none,0.0,success,105.0,0.005,"(1561, -210, 419)",1561.0,-210.0,419.0,,,,
1315,realistic,3,x0y0,utah,7.595000000000001,9.5,Aa,saline,37.853399145731174,9.5,,b,-1,0.08,soma,66.97572975,101.49427555116449,752.8618615126325,776.0305653543019,,101.0,753.2241538873002,776.2780181053001,tjn,5.190000000000111,success,72.900390625,0.005,"(101, 251, 130)",101.0,251.0,130.0,101.0,,251.0,130.0
1316,realistic,3,x0y0,utah,15.512000000000002,18.6,Aa,saline,107.55969571200762,18.6,,b,-1,0.08,soma,92.281824746,-289.66434412583044,1259.6770337447115,-401.90860118538734,,-290.0,1259.4097458564183,-401.75521326293415,periphery,5.155000000000106,success,28.1005859375,0.005,"(-290, 467, -151)",-290.0,467.0,-151.0,-290.0,,467.0,-151.0
1317,realistic,3,x0y0,utah,12.467,15.1,Aa,saline,1.2556953231678956,15.1,,b,-1,0.08,soma,82.548711286,1551.929313703039,187.33878376424218,1268.6839837651132,,1552.0,187.0954083885817,1269.1091007718715,none,0.0,success,105.0,0.005,"(1552, 169, 443)",1552.0,169.0,443.0,,,,
1318,realistic,3,x0y0,utah,15.338,18.4,Aa,saline,126.69044242452313,18.4,,b,-1,0.08,soma,91.725646834,912.3831397934448,1060.374514007845,-854.4275954462927,,912.0,1060.2688980980924,-854.4405369916577,central,5.355000000000137,success,72.16796875,0.005,"(912, 394, -358)",912.0,394.0,-358.0,912.0,,394.0,-358.0
1319,realistic,3,x0y0,utah,13.859,16.7,Aa,saline,91.37364771418716,16.7,,b,-1,0.08,soma,86.998134582,509.7845390615237,1426.2122867229114,-205.5860295548473,,510.0,1426.250517570813,-205.88397761498402,central,5.195000000000112,success,26.96533203125,0.005,"(510, 598, -186)",510.0,598.0,-186.0,510.0,,598.0,-186.0
1320,realistic,3,x0y0,utah,10.988,13.4,Aa,saline,-19.71515385853976,13.4,,b,-1,0.08,soma,77.821199034,-432.8807178086008,-367.77476995973984,1314.1784866813468,,-433.0,-367.90504521708414,1314.629438385304,none,0.0,success,105.0,0.005,"(-433, -90, 539)",-433.0,-90.0,539.0,,,,
1321,realistic,3,x0y0,utah,9.683,11.9,Aa,saline,127.7576526095152,11.9,,b,-1,0.08,soma,73.649864694,1943.6475809262035,993.6749181716716,-718.7741045935421,,1944.0,993.7347915135384,-719.2034060760682,central,5.270000000000124,success,61.962890625,0.005,"(1944, 344, -216)",1944.0,344.0,-216.0,1944.0,,344.0,-216.0
1322,realistic,3,x0y0,utah,13.859,16.7,Aa,saline,-20.60844499436458,16.7,,b,-1,0.08,soma,86.998134582,1956.102463685041,-559.3114622582721,1090.380347180423,,1956.0,-559.6316716864321,1090.4751269843764,none,0.0,success,105.0,0.005,"(1956, -268, 315)",1956.0,-268.0,315.0,,,,
1323,realistic,3,x0y0,utah,9.335,11.5,Aa,saline,149.40148582716083,11.5,,b,-1,0.08,soma,72.53750887,-391.784495240467,733.8086398201002,-1155.3906751274624,,-392.0,734.0257960074151,-1154.948143817648,periphery,5.205000000000114,success,105.0,0.005,"(-392, 316, -448)",-392.0,316.0,-448.0,-392.0,,316.0,-448.0
1324,realistic,3,x0y0,utah,13.337000000000002,16.1,Aa,saline,345.5041894276542,16.1,,b,-1,0.08,soma,85.329600846,-879.2922928312378,-273.47001507547697,733.7631039946683,,-879.0,-273.164499545877,733.3450597695487,none,0.0,success,105.0,0.005,"(-879, -66, -68)",-879.0,-66.0,-68.0,,,,
1325,realistic,3,x0y0,utah,9.857,12.1,Aa,saline,18.483385187221433,12.1,,b,-1,0.08,soma,74.206042606,1544.6376771040752,408.5303190731238,1182.779343886633,,1545.0,408.6066577530511,1182.6825054037654,none,0.0,success,105.0,0.005,"(1545, 148, 403)",1545.0,148.0,403.0,,,,
1326,realistic,3,x0y0,utah,11.161999999999999,13.6,Aa,saline,154.0868721320239,13.6,,b,-1,0.08,soma,78.377376946,281.40247831993184,718.8111372054345,-1154.1315776909275,,281.0,719.1704568627011,-1154.357725281464,central,5.220000000000116,success,81.77490234375,0.005,"(281, 359, -413)",281.0,359.0,-413.0,281.0,,359.0,-413.0
1327,realistic,3,x0y0,utah,9.857,12.1,Aa,saline,70.80327565890946,12.1,,b,-1,0.08,soma,74.206042606,-1609.5745180557815,1038.6157459712324,431.47438369600286,,-1610.0,1038.3940933185536,431.30747340442645,periphery,5.260000000000122,success,79.541015625,0.005,"(-1610, 262, 161)",-1610.0,262.0,161.0,-1610.0,,262.0,161.0
1328,realistic,3,x0y0,utah,12.988999999999999,15.7,Aa,saline,172.97151576884406,15.7,,b,-1,0.08,soma,84.217245022,947.522346408477,193.66162288229816,-1297.706081721163,,948.0,193.23809539534642,-1297.9053078421678,none,0.0,success,105.0,0.005,"(948, 92, -477)",948.0,92.0,-477.0,,,,
1329,realistic,3,x0y0,utah,13.163,15.9,Aa,saline,20.908349383679464,15.9,,b,-1,0.08,soma,84.773422934,-291.43529011196284,403.05525359212425,1283.4642226654487,,-291.0,403.29431732257234,1283.9446658524716,none,0.0,success,105.0,0.005,"(-291, 108, 511)",-291.0,108.0,511.0,,,,
1330,realistic,3,x0y0,utah,13.337000000000002,16.1,Aa,saline,139.07498288281562,16.1,,b,-1,0.08,soma,85.329600846,-1984.6310472927653,680.726794902469,-856.2182052961923,,-1985.0,681.2032107571074,-856.383523199619,periphery,5.31000000000013,success,95.361328125,0.005,"(-1985, 139, -231)",-1985.0,139.0,-231.0,-1985.0,,139.0,-231.0
1331,realistic,3,x0y0,utah,11.945,14.5,Aa,saline,65.28063284266193,14.5,,b,-1,0.08,soma,80.88017755,1355.4732594271186,1249.3180222115668,525.3173184184307,,1355.0,1249.8297766432102,525.1990451257051,central,5.215000000000115,success,29.681396484375,0.005,"(1355, 500, 180)",1355.0,500.0,180.0,1355.0,,500.0,180.0
1332,realistic,3,x0y0,utah,12.032,14.6,Aa,saline,215.3351470316647,14.6,,b,-1,0.08,soma,81.15826650599999,-503.8015723590599,-548.2378138554432,-1076.3470826625373,,-504.0,-548.5149706735353,-1076.5074569077974,none,0.0,success,105.0,0.005,"(-504, -71, -403)",-504.0,-71.0,-403.0,,,,
1333,realistic,3,x0y0,utah,12.119,14.7,Aa,saline,34.34416639010774,14.7,,b,-1,0.08,soma,81.436355462,-355.2888705125623,585.2133109703083,812.3776755450633,,-355.0,584.8701958758304,812.7954993524869,none,0.0,success,105.0,0.005,"(-355, 119, 131)",-355.0,119.0,131.0,,,,
1334,realistic,3,x0y0,utah,15.424999999999999,18.5,Aa,saline,152.532504756269,18.5,,b,-1,0.08,soma,92.00373579,473.8811982153741,575.156735192847,-1286.7850344493147,,474.0,575.258061473174,-1286.3479573832337,none,0.0,success,105.0,0.005,"(474, 192, -549)",474.0,192.0,-549.0,,,,
1335,realistic,3,x0y0,utah,10.988,13.4,Aa,saline,0.5788361677247421,13.4,,b,-1,0.08,soma,77.821199034,125.27229353151534,17.32365346526103,1210.7719786059351,,125.0,17.321497055121704,1210.8282084570485,none,0.0,success,105.0,0.005,"(125, 9, 387)",125.0,9.0,387.0,,,,
1336,realistic,3,x0y0,utah,12.554,15.2,Aa,saline,72.98981906555191,15.2,,b,-1,0.08,soma,82.82680024199999,1892.8573127836105,840.063331664116,239.00817508162757,,1893.0,840.2991345357126,238.72591953539256,none,0.0,success,105.0,0.005,"(1893, 50, -3)",1893.0,50.0,-3.0,,,,
1337,realistic,3,x0y0,utah,12.206000000000001,14.8,Aa,saline,130.5861852444243,14.8,,b,-1,0.08,soma,81.714444418,1372.531771222786,1076.405485623352,-818.0094076019258,,1373.0,1076.1559745455147,-818.3027087691754,central,5.255000000000122,success,51.708984375,0.005,"(1373, 449, -281)",1373.0,449.0,-281.0,1373.0,,449.0,-281.0
1338,realistic,3,x0y0,utah,13.25,16.0,Aa,saline,149.6352043000296,16.0,,b,-1,0.08,soma,85.05151189,-885.7175152098523,379.1647226857499,-523.927890401832,,-886.0,379.3142696301976,-523.9892222293462,none,0.0,success,105.0,0.005,"(-886, -39, 190)",-886.0,-39.0,190.0,,,,
1339,realistic,3,x0y0,utah,11.51,14.0,Aa,saline,125.03406124881813,14.0,,b,-1,0.08,soma,79.48973277,1570.9850282162008,918.2812343063542,-628.5497488442493,,1571.0,918.3010965960382,-628.4860277916287,central,5.290000000000127,success,79.541015625,0.005,"(1571, 243, -155)",1571.0,243.0,-155.0,1571.0,,243.0,-155.0
1340,realistic,3,x0y0,utah,12.38,15.0,Aa,saline,338.77307558649574,15.0,,b,-1,0.08,soma,82.27062233000002,-20.58735926138855,-362.3393833839164,720.1153624857475,,-21.0,-362.14359617284657,720.1233370680133,none,0.0,success,105.0,0.005,"(-21, -63, -50)",-21.0,-63.0,-50.0,,,,
1341,realistic,3,x0y0,utah,10.292,12.6,Aa,saline,35.503868915143755,12.6,,b,-1,0.08,soma,75.596487386,-73.69486161836613,770.2285464831102,1100.8240800877265,,-74.0,769.8812199368945,1100.8400501904716,tjn,5.135000000000103,success,105.0,0.005,"(-74, 292, 431)",-74.0,292.0,431.0,-74.0,,292.0,431.0
1342,realistic,3,x0y0,utah,10.988,13.4,Aa,saline,31.23595760051637,13.4,,b,-1,0.08,soma,77.821199034,986.2947294548323,641.3942457126909,983.4032882972192,,986.0,641.2800369095162,983.4435625870351,central,5.315000000000131,success,96.0205078125,0.005,"(986, 214, 279)",986.0,214.0,279.0,986.0,,214.0,279.0
1343,realistic,3,x0y0,utah,15.077000000000002,18.1,Aa,saline,-25.624190613309736,18.1,,b,-1,0.08,soma,90.891379966,777.6490803276552,-462.32858312836606,1082.64291229226,,778.0,-462.1677609176476,1082.8128786576713,none,0.0,success,105.0,0.005,"(778, -103, 334)",778.0,-103.0,334.0,,,,
1344,realistic,3,x0y0,utah,11.075,13.5,Aa,saline,92.875272728421,13.5,,b,-1,0.08,soma,78.09928799,454.44461928137537,1415.0696472096813,-97.3777267508408,,454.0,1414.9783794578068,-97.36729212854901,central,5.160000000000107,success,7.65380859375,0.005,"(454, 592, -56)",454.0,592.0,-56.0,454.0,,592.0,-56.0
1345,realistic,3,x0y0,utah,11.597,14.1,Aa,saline,-12.674115923002686,14.1,,b,-1,0.08,soma,79.76782172600001,798.1195113598799,-390.2965842083531,1320.959635981813,,798.0,-389.97953004334227,1320.756743437943,none,0.0,success,105.0,0.005,"(798, -209, 516)",798.0,-209.0,516.0,,,,
1346,realistic,3,x0y0,utah,12.119,14.7,Aa,saline,107.89579917060932,14.7,,b,-1,0.08,soma,81.436355462,808.8093807093135,1323.7830000521062,-399.2301484619893,,809.0,1323.7534179288198,-398.74319601673636,central,5.250000000000121,success,26.18408203125,0.005,"(809, 538, -145)",809.0,538.0,-145.0,809.0,,538.0,-145.0
1347,realistic,3,x0y0,utah,11.945,14.5,Aa,saline,33.02952357766084,14.5,,b,-1,0.08,soma,80.88017755,961.1402714639212,548.8853681174346,937.285923592914,,961.0,548.9473923912526,937.0489704289602,none,0.0,success,105.0,0.005,"(961, 99, 245)",961.0,99.0,245.0,,,,
1348,realistic,3,x0y0,utah,12.119,14.7,Aa,saline,191.02085196753902,14.7,,b,-1,0.08,soma,81.436355462,1978.419201002036,-294.01510018425137,-1018.0172911668063,,1978.0,-293.8773155821673,-1018.5249632607498,none,0.0,success,105.0,0.005,"(1978, -136, -208)",1978.0,-136.0,-208.0,,,,
1349,realistic,3,x0y0,utah,12.38,15.0,Aa,saline,104.49749525572174,15.0,,b,-1,0.08,soma,82.27062233000002,-816.7364790355656,1211.3369788508835,-314.5683153119353,,-817.0,1211.8642082699532,-314.7816683845996,periphery,5.2100000000001145,success,36.63330078125,0.005,"(-817, 412, -108)",-817.0,412.0,-108.0,-817.0,,412.0,-108.0
1350,realistic,3,x0y0,utah,11.423,13.9,Aa,saline,160.3060766855607,13.9,,b,-1,0.08,soma,79.211643814,1306.169928303013,255.636543975154,-931.6350909154124,,1306.0,255.8921619826591,-931.3663813254408,none,0.0,success,105.0,0.005,"(1306, -22, -155)",1306.0,-22.0,-155.0,,,,
1351,realistic,3,x0y0,utah,10.118,12.4,Aa,saline,45.10117162537591,12.4,,b,-1,0.08,soma,75.040309474,628.7285459094107,623.9313504132087,855.5947760445098,,629.0,623.673277615691,855.6169772288484,none,0.0,success,105.0,0.005,"(629, 41, 275)",629.0,41.0,275.0,,,,
1352,realistic,3,x0y0,utah,11.597,14.1,Aa,saline,175.067318337292,14.1,,b,-1,0.08,soma,79.76782172600001,-1349.508259639016,115.87312969907543,-1157.6159262965598,,-1350.0,115.94001633421802,-1157.831840392807,none,0.0,success,105.0,0.005,"(-1350, 45, -336)",-1350.0,45.0,-336.0,,,,
1353,realistic,3,x0y0,utah,12.988999999999999,15.7,Aa,saline,115.9355051313591,15.7,,b,-1,0.08,soma,84.217245022,1545.4336152577664,1058.2935639144434,-364.41464252758124,,1545.0,1057.8187842241425,-364.77731148631153,central,5.265000000000123,success,53.271484375,0.005,"(1545, 314, -3)",1545.0,314.0,-3.0,1545.0,,314.0,-3.0
1354,realistic,3,x0y0,utah,10.379,12.7,Aa,saline,4.1547249674901,12.7,,b,-1,0.08,soma,75.874576342,707.4782601812923,-71.10069912738527,1431.9590050215204,,707.0,-71.33704660760249,1431.7976512217556,none,0.0,success,105.0,0.005,"(707, -131, 611)",707.0,-131.0,611.0,,,,
1355,realistic,3,x0y0,utah,11.075,13.5,Aa,saline,13.873489702843628,13.5,,b,-1,0.08,soma,78.09928799,-1575.4114264312052,134.51629597067628,424.77183897312943,,-1575.0,134.60710463000106,424.98739439034625,none,0.0,success,105.0,0.005,"(-1575, -63, -375)",-1575.0,-63.0,-375.0,,,,
1356,realistic,3,x0y0,utah,14.902999999999999,17.9,Aa,saline,149.54817402457158,17.9,,b,-1,0.08,soma,90.33520205399999,-404.93359480601237,523.8826924264345,-1313.8079896431525,,-405.0,523.7289402004837,-1313.6874888453767,none,0.0,success,105.0,0.005,"(-405, 103, -598)",-405.0,103.0,-598.0,,,,
1357,realistic,3,x0y0,utah,11.075,13.5,Aa,saline,83.96011251186503,13.5,,b,-1,0.08,soma,78.09928799,654.2289014207114,1081.967785546546,80.78883308690865,,654.0,1081.4349659886282,80.69002254827403,periphery,5.2350000000001184,success,56.7626953125,0.005,"(654, 262, -6)",654.0,262.0,-6.0,654.0,,262.0,-6.0
1358,realistic,3,x0y0,utah,12.728,15.4,Aa,saline,76.95535853592028,15.4,,b,-1,0.08,soma,83.382978154,-616.7529869050347,1223.2882278071247,296.72700234432523,,-617.0,1223.3628486588136,296.58426908467897,periphery,5.195000000000112,success,35.296630859375,0.005,"(-617, 418, 110)",-617.0,418.0,110.0,-617.0,,418.0,110.0
1359,realistic,3,x0y0,utah,10.901,13.3,Aa,saline,8.199461544249942,13.3,,b,-1,0.08,soma,77.54311007800001,-1575.1321407883083,156.8173675480075,1147.0392921667835,,-1575.0,156.46982374856145,1147.3690851776025,none,0.0,success,105.0,0.005,"(-1575, 39, 332)",-1575.0,39.0,332.0,,,,
1360,realistic,3,x0y0,utah,14.902999999999999,17.9,Aa,saline,146.1651901661886,17.9,,b,-1,0.08,soma,90.33520205399999,670.3677080587528,789.5652961619189,-1150.309485324743,,670.0,789.2373202518336,-1150.5372094130262,central,5.155000000000106,success,105.0,0.005,"(670, 327, -461)",670.0,327.0,-461.0,670.0,,327.0,-461.0
1361,realistic,3,x0y0,utah,16.121,19.3,Aa,saline,1.3454202899188592,19.3,,b,-1,0.08,soma,94.22844743799999,1258.3002963944145,-17.686445303069828,1240.9481678059344,,1258.0,-17.445315742603498,1240.8645894518845,none,0.0,success,105.0,0.005,"(1258, -37, 409)",1258.0,-37.0,409.0,,,,
1362,realistic,3,x0y0,utah,14.555,17.5,Aa,saline,12.68586727810359,17.5,,b,-1,0.08,soma,89.22284623,-469.12262948878265,256.2258753855549,1360.986128680389,,-469.0,256.18266851605404,1361.3689043909942,none,0.0,success,105.0,0.005,"(-469, 74, 552)",-469.0,74.0,552.0,,,,
1363,realistic,3,x0y0,utah,14.207,17.1,Aa,saline,361.7017732856185,17.1,,b,-1,0.08,soma,88.110490406,-1602.5154952441467,-43.60349729952985,1013.1466227098207,,-1603.0,-43.37705921747089,1012.723623104919,none,0.0,success,105.0,0.005,"(-1603, -68, 184)",-1603.0,-68.0,184.0,,,,
1364,realistic,3,x0y0,utah,10.292,12.6,Aa,saline,77.31177960891628,12.6,,b,-1,0.08,soma,75.596487386,1028.0296508492868,1238.1164416061556,116.52075923644544,,1028.0,1237.721966546891,116.68649431498284,central,5.215000000000115,success,24.407958984375,0.005,"(1028, 435, -64)",1028.0,435.0,-64.0,1028.0,,435.0,-64.0
1365,realistic,3,x0y0,utah,13.511000000000001,16.3,Aa,saline,190.6309531144336,16.3,,b,-1,0.08,soma,85.885778758,1923.948573442073,-266.62048875468054,-923.6508943358232,,1924.0,-266.75546309042556,-923.7022716816814,none,0.0,success,105.0,0.005,"(1924, -114, -110)",1924.0,-114.0,-110.0,,,,
1366,realistic,3,x0y0,utah,11.858,14.4,Aa,saline,-26.132782799775605,14.4,,b,-1,0.08,soma,80.60208859400001,-981.8567156108617,-586.4236446333598,1025.4729103545742,,-982.0,-586.5451100128287,1025.9552775698467,none,0.0,success,105.0,0.005,"(-982, -223, 285)",-982.0,-223.0,285.0,,,,
1367,realistic,3,x0y0,utah,15.424999999999999,18.5,Aa,saline,209.13902234525295,18.5,,b,-1,0.08,soma,92.00373579,484.3759802259449,-614.5958496063058,-1291.319517643337,,484.0,-614.6148094780756,-1290.7970314194931,none,0.0,success,105.0,0.005,"(484, -210, -565)",484.0,-210.0,-565.0,,,,
1368,realistic,3,x0y0,utah,9.596,11.8,Aa,saline,28.36165101470767,11.8,,b,-1,0.08,soma,73.371775738,-2.069812082778455,706.0949676876131,1062.4369387428428,,-2.0,706.300796737775,1062.0835813247202,central,5.18000000000011,success,76.025390625,0.005,"(-2, 316, 339)",-2.0,316.0,339.0,-2.0,,316.0,339.0
1369,realistic,3,x0y0,utah,12.467,15.1,Aa,saline,196.3201427135972,15.1,,b,-1,0.08,soma,82.548711286,-259.1860763395648,-491.8125288694473,-1160.4534605864735,,-259.0,-492.1830939356831,-1159.9754991105874,none,0.0,success,105.0,0.005,"(-259, -260, -367)",-259.0,-260.0,-367.0,,,,
1370,realistic,3,x0y0,utah,11.423,13.9,Aa,saline,142.14478633691851,13.9,,b,-1,0.08,soma,79.211643814,-942.735312842766,761.456927729228,-1158.4410699500793,,-943.0,761.0605929043261,-1158.1087569777674,none,0.0,success,105.0,0.005,"(-943, 255, -507)",-943.0,255.0,-507.0,,,,
1371,realistic,3,x0y0,utah,15.251000000000001,18.3,Aa,saline,64.3203086459652,18.3,,b,-1,0.08,soma,91.447557878,-792.642785100796,1137.620677809704,568.5362200339155,,-793.0,1137.648269579827,568.9526134142689,periphery,5.250000000000121,success,50.68359375,0.005,"(-793, 389, 209)",-793.0,389.0,209.0,-793.0,,389.0,209.0
1372,realistic,3,x0y0,utah,11.161999999999999,13.6,Aa,saline,-14.805475694133651,13.6,,b,-1,0.08,soma,78.377376946,-415.5243630321148,-501.2495976475233,1338.6423825271233,,-416.0,-501.5802099048516,1338.8256240156966,none,0.0,success,105.0,0.005,"(-416, -291, 542)",-416.0,-291.0,542.0,,,,
1373,realistic,3,x0y0,utah,11.075,13.5,Aa,saline,-14.656730208177342,13.5,,b,-1,0.08,soma,78.09928799,46.035917658847396,-544.8185452207326,1343.471905712142,,46.0,-544.484559930735,1343.2680305651627,none,0.0,success,105.0,0.005,"(46, -336, 546)",46.0,-336.0,546.0,,,,
1374,realistic,3,x0y0,utah,9.943999999999999,12.2,Aa,saline,12.117267080690253,12.2,,b,-1,0.08,soma,74.484131562,246.4676187979516,266.92863597118776,1426.0101511338016,,246.0,266.588609607432,1425.906067714084,none,0.0,success,105.0,0.005,"(246, 94, 622)",246.0,94.0,622.0,,,,
1375,realistic,3,x0y0,utah,13.163,15.9,Aa,saline,187.76344204431086,15.9,,b,-1,0.08,soma,84.773422934,689.090509081514,-274.65809151044687,-1398.2698731213695,,689.0,-274.7799447191917,-1397.7747537215037,none,0.0,success,105.0,0.005,"(689, -163, -578)",689.0,-163.0,-578.0,,,,
1376,realistic,3,x0y0,utah,12.206000000000001,14.8,Aa,saline,201.05398528164798,14.8,,b,-1,0.08,soma,81.714444418,-1201.6181518559213,-579.2270724717038,-1059.1337962780099,,-1202.0,-579.6479142174728,-1058.689959765439,none,0.0,success,105.0,0.005,"(-1202, -283, -288)",-1202.0,-283.0,-288.0,,,,
1377,realistic,3,x0y0,utah,12.38,15.0,Aa,saline,192.40568255407211,15.0,,b,-1,0.08,soma,82.27062233000002,577.5099088962055,-312.378837627783,-1272.8328384347446,,578.0,-312.45386483824205,-1272.8863584148557,none,0.0,success,105.0,0.005,"(578, -135, -466)",578.0,-135.0,-466.0,,,,
1378,realistic,3,x0y0,utah,11.075,13.5,Aa,saline,177.59003342418643,13.5,,b,-1,0.08,soma,78.09928799,-244.44165801554928,106.30791040171287,-1211.1965961291705,,-244.0,106.61008504779001,-1211.3079993154047,none,0.0,success,105.0,0.005,"(-244, 72, -388)",-244.0,72.0,-388.0,,,,
1379,realistic,3,x0y0,utah,13.859,16.7,Aa,saline,32.70505334811584,16.7,,b,-1,0.08,soma,86.998134582,212.07608794750453,533.6677684864012,1154.1501641417865,,212.0,533.6380460573275,1154.1819651253768,none,0.0,success,105.0,0.005,"(212, 86, 457)",212.0,86.0,457.0,,,,
1380,realistic,3,x0y0,utah,11.423,13.9,Aa,saline,84.70095549620167,13.9,,b,-1,0.08,soma,79.211643814,33.23275574736039,1231.999387171848,275.5236248495871,,33.0,1232.0600168728001,275.1935779442068,tjn,5.160000000000107,success,36.083984375,0.005,"(33, 411, 199)",33.0,411.0,199.0,33.0,,411.0,199.0
1381,realistic,3,x0y0,utah,12.902,15.6,Aa,saline,65.89653586587285,15.6,,b,-1,0.08,soma,83.93915606600001,1214.2331714146574,1037.5978507984391,431.0008777291309,,1214.0,1037.8578308285228,430.73437566867733,central,5.290000000000127,success,58.19091796875,0.005,"(1214, 283, 93)",1214.0,283.0,93.0,1214.0,,283.0,93.0
1382,realistic,3,x0y0,utah,10.901,13.3,Aa,saline,50.38867921904063,13.3,,b,-1,0.08,soma,77.54311007800001,486.4635341211658,971.9995414942987,982.3639873438467,,486.0,971.6336060020458,982.2367434928666,none,0.0,success,105.0,0.005,"(486, 337, 457)",486.0,337.0,457.0,,,,
1383,realistic,3,x0y0,utah,11.336,13.8,Aa,saline,359.50070325275976,13.8,,b,-1,0.08,soma,78.93355485800001,242.57141982821827,-44.18173342262389,777.0121114419917,,243.0,-44.1728609636323,777.4667774290002,none,0.0,success,105.0,0.005,"(243, -37, -47)",243.0,-37.0,-47.0,,,,
1384,realistic,3,x0y0,utah,10.205,12.5,Aa,saline,66.58656785228526,12.5,,b,-1,0.08,soma,75.31839843,31.655222766808986,1304.001430312921,647.6054283555177,,32.0,1303.9543471196057,647.924765768041,periphery,5.170000000000108,success,46.8017578125,0.005,"(32, 549, 321)",32.0,549.0,321.0,32.0,,549.0,321.0
1385,realistic,3,x0y0,utah,7.769,9.7,Aa,saline,110.17515670068369,9.7,,b,-1,0.08,soma,67.531907662,721.4849873002275,1034.8252298580337,-469.2673763307607,,721.0,1034.4937242657768,-469.39237747631194,central,5.145000000000104,success,105.0,0.005,"(721, 266, -187)",721.0,266.0,-187.0,721.0,,266.0,-187.0
1386,realistic,3,x0y0,utah,12.38,15.0,Aa,saline,141.94304482417468,15.0,,b,-1,0.08,soma,82.27062233000002,-633.4650796805001,862.0082259848277,-1024.3076671339802,,-633.0,862.2298058021062,-1024.4989440113213,periphery,5.260000000000122,success,81.77490234375,0.005,"(-633, 353, -374)",-633.0,353.0,-374.0,-633.0,,353.0,-374.0
1387,realistic,3,x0y0,utah,12.38,15.0,Aa,saline,119.61729698874173,15.0,,b,-1,0.08,soma,82.27062233000002,924.9865377723075,1142.3438461229891,-692.6346572133417,,925.0,1142.1594259957346,-692.2760707777431,central,5.295000000000128,success,56.201171875,0.005,"(925, 424, -284)",925.0,424.0,-284.0,925.0,,424.0,-284.0
1388,realistic,3,x0y0,utah,12.38,15.0,Aa,saline,207.26455530121208,15.0,,b,-1,0.08,soma,82.27062233000002,856.1092061212396,-635.6227708653205,-1189.128692567177,,856.0,-635.4525860446867,-1189.3516780945688,none,0.0,success,105.0,0.005,"(856, -257, -455)",856.0,-257.0,-455.0,,,,
1389,realistic,3,x0y0,utah,12.554,15.2,Aa,saline,125.14680083867162,15.2,,b,-1,0.08,soma,82.82680024199999,729.1665808986256,1179.0737596916333,-619.8098091959896,,729.0,1178.758237278942,-619.7661944496598,central,5.24500000000012,success,30.02471923828125,0.005,"(729, 503, -144)",729.0,503.0,-144.0,729.0,,503.0,-144.0
1390,realistic,3,x0y0,utah,9.683,11.9,Aa,saline,48.71023669804516,11.9,,b,-1,0.08,soma,73.649864694,-1520.938381332753,838.7337718751114,658.7678339196409,,-1521.0,838.519254165536,658.3222728557855,periphery,5.270000000000124,success,84.3017578125,0.005,"(-1521, 221, 116)",-1521.0,221.0,116.0,-1521.0,,221.0,116.0
1391,realistic,3,x0y0,utah,12.641,15.3,Aa,saline,4.07983482467494,15.3,,b,-1,0.08,soma,83.104889198,-1804.6024587019813,188.53302863002185,1224.2812016816515,,-1805.0,188.76787881098892,1224.4860634875029,none,0.0,success,105.0,0.005,"(-1805, 130, 400)",-1805.0,130.0,400.0,,,,
1392,realistic,3,x0y0,utah,10.118,12.4,Aa,saline,11.140877138545363,12.4,,b,-1,0.08,soma,75.040309474,864.7901887120088,161.67535953668948,1372.3001506841993,,865.0,161.91089389518845,1372.0567758279444,none,0.0,success,105.0,0.005,"(865, 3, 565)",865.0,3.0,565.0,,,,
1393,realistic,3,x0y0,utah,14.642000000000001,17.6,Aa,saline,75.7622610180892,17.6,,b,-1,0.08,soma,89.500935186,51.501986605775976,1072.2423509631567,243.74496231972626,,52.0,1072.277128237895,244.03563998111875,periphery,5.18000000000011,success,22.96142578125,0.005,"(52, 268, 40)",52.0,268.0,40.0,52.0,,589.7108512951581,121.61425599244751
1394,realistic,3,x0y0,utah,11.336,13.8,Aa,saline,152.81385046597185,13.8,,b,-1,0.08,soma,78.93355485800001,1810.5406907735,448.7456478078766,-1022.2139499022916,,1811.0,448.6988706073102,-1022.3631985230957,none,0.0,success,105.0,0.005,"(1811, 72, -289)",1811.0,72.0,-289.0,,,,
1395,realistic,3,x0y0,utah,12.815,15.5,Aa,saline,3.235198414269535,15.5,,b,-1,0.08,soma,83.66106711,1242.8456989475005,72.90214702896992,1167.4150231239828,,1243.0,72.633242092502,1167.5076047013122,none,0.0,success,105.0,0.005,"(1243, 26, 342)",1243.0,26.0,342.0,,,,
1396,realistic,3,x0y0,utah,14.12,17.0,Aa,saline,58.392375945054134,17.0,,b,-1,0.08,soma,87.83240144999998,115.42867914618161,1153.5767066873495,843.8193579155483,,115.0,1153.9879281574827,843.4349807999727,periphery,5.195000000000112,success,71.8017578125,0.005,"(115, 448, 409)",115.0,448.0,409.0,115.0,,448.0,409.0
1397,realistic,3,x0y0,utah,12.902,15.6,Aa,saline,109.34158213424699,15.6,,b,-1,0.08,soma,83.93915606600001,-187.1491821787128,1119.5294769404454,-502.4234945478925,,-187.0,1119.328493831939,-502.8923242445297,central,5.185000000000111,success,59.36279296875,0.005,"(-187, 339, -229)",-187.0,339.0,-229.0,-187.0,,339.0,-229.0
1398,realistic,3,x0y0,utah,11.684,14.2,Aa,saline,102.86019897702835,14.2,,b,-1,0.08,soma,80.045910682,-1368.4888898148645,1250.4676249068516,-481.1278066173258,,-1368.0,1250.314879161941,-481.6501098589066,periphery,5.230000000000118,success,58.19091796875,0.005,"(-1368, 446, -298)",-1368.0,446.0,-298.0,-1368.0,,446.0,-298.0
1399,realistic,3,x0y0,utah,10.466000000000001,12.8,Aa,saline,32.90455855644864,12.8,,b,-1,0.08,soma,76.152665298,81.83926913014861,762.298629583068,1225.9369101031934,,82.0,762.0950638949369,1226.0548888921005,none,0.0,success,105.0,0.005,"(82, 315, 535)",82.0,315.0,535.0,,,,
1400,realistic,3,x0y0,utah,13.685,16.5,Aa,saline,125.59444470268288,16.5,,b,-1,0.08,soma,86.44195667,109.72909726500444,918.0417701615904,-707.8978937421539,,110.0,918.5092995820222,-708.02460939097,periphery,5.195000000000112,success,82.598876953125,0.005,"(110, 245, -226)",110.0,245.0,-226.0,110.0,,245.0,-226.0
1401,realistic,3,x0y0,utah,13.946,16.8,Aa,saline,184.93625986719016,16.8,,b,-1,0.08,soma,87.27622353800001,1905.3595837477785,-143.81605706539403,-1061.9009951180476,,1905.0,-144.26287761213402,-1061.572150755455,none,0.0,success,105.0,0.005,"(1905, -73, -236)",1905.0,-73.0,-236.0,,,,
1402,realistic,3,x0y0,utah,14.033,16.9,Aa,saline,-8.076302877769654,16.9,,b,-1,0.08,soma,87.55431249399997,-982.417960495775,-277.37365121006087,1158.787105853351,,-982.0,-277.44319045270356,1158.572262400155,none,0.0,success,105.0,0.005,"(-982, -161, 338)",-982.0,-161.0,338.0,,,,
1403,realistic,3,x0y0,utah,13.25,16.0,Aa,saline,113.7040161584823,16.0,,b,-1,0.08,soma,85.05151189,319.1166476447895,1244.9752043795233,-620.4857608225037,,319.0,1244.6825821432421,-620.6653538898902,periphery,5.190000000000111,success,46.47216796875,0.005,"(319, 487, -288)",319.0,487.0,-288.0,319.0,,487.0,-288.0
1404,realistic,3,x0y0,utah,10.292,12.6,Aa,saline,161.68792316236502,12.6,,b,-1,0.08,soma,75.596487386,-762.0592572774015,462.17673771543923,-1320.0825144764367,,-762.0,462.52320816834066,-1320.1646525621345,none,0.0,success,105.0,0.005,"(-762, 204, -539)",-762.0,204.0,-539.0,,,,
1405,realistic,3,x0y0,utah,12.293000000000001,14.9,Aa,saline,47.781219112071,14.9,,b,-1,0.08,soma,81.99253337399999,1169.802733722517,1095.8878447305233,741.234520504579,,1170.0,1095.7328351083925,741.0694912136642,central,5.230000000000118,success,29.26025390625,0.005,"(1170, 484, 186)",1170.0,484.0,186.0,1170.0,,484.0,186.0
1406,realistic,3,x0y0,utah,13.076,15.8,Aa,saline,68.26988001995207,15.8,,b,-1,0.08,soma,84.495333978,310.00300476076137,1323.2194837779398,403.0617905797959,,310.0,1323.4303578660822,403.2470863193279,central,5.145000000000104,success,13.482666015625,0.005,"(310, 555, 97)",310.0,555.0,97.0,310.0,,555.0,97.0
1407,realistic,3,x0y0,utah,12.38,15.0,Aa,saline,140.7887816680701,15.0,,b,-1,0.08,soma,82.27062233000002,-1.4142727885675388,479.3450087794332,-773.8590046427635,,-1.0,479.2827437185132,-774.0896390906423,none,0.0,success,105.0,0.005,"(-1, -43, -134)",-1.0,-43.0,-134.0,,,,
1408,realistic,3,x0y0,utah,11.597,14.1,Aa,saline,60.56201581895582,14.1,,b,-1,0.08,soma,79.76782172600001,-920.2455964732594,1193.8722267521225,515.5104374292841,,-920.0,1193.391397970587,515.4304421891645,periphery,5.185000000000111,success,24.57275390625,0.005,"(-920, 475, 110)",-920.0,475.0,110.0,-920.0,,475.0,110.0
1409,realistic,3,x0y0,utah,13.163,15.9,Aa,saline,328.9420547093297,15.9,,b,-1,0.08,soma,84.773422934,-867.5197211418173,-484.9370587219596,759.7139599360094,,-868.0,-484.8488044458254,759.7394570426324,none,0.0,success,105.0,0.005,"(-868, -58, 51)",-868.0,-58.0,51.0,,,,
1410,realistic,3,x0y0,utah,15.686000000000002,18.8,Aa,saline,163.9715387858981,18.8,,b,-1,0.08,soma,92.838002658,1626.5102644072815,371.4057030978102,-1082.0144176696754,,1627.0,371.55478626693696,-1082.076802177302,central,5.275000000000125,success,105.0,0.005,"(1627, 142, -283)",1627.0,142.0,-283.0,1627.0,,142.0,-283.0
1411,realistic,3,x0y0,utah,14.207,17.1,Aa,saline,121.1159535131932,17.1,,b,-1,0.08,soma,88.110490406,-1881.4738287150653,788.1933699321567,-499.3907065943754,,-1881.0,787.7541954182885,-499.45575072091054,none,0.0,success,105.0,0.005,"(-1881, 78, -71)",-1881.0,78.0,-71.0,,,,
1412,realistic,3,x0y0,utah,12.032,14.6,Aa,saline,123.34358980140648,14.6,,b,-1,0.08,soma,81.15826650599999,-1196.3993630161972,785.2484926603447,-713.7015664788232,,-1196.0,785.6888079195564,-713.8208495491742,none,0.0,success,105.0,0.005,"(-1196, 96, -260)",-1196.0,96.0,-260.0,,,,
1413,realistic,3,x0y0,utah,11.336,13.8,Aa,saline,-25.899688014296068,13.8,,b,-1,0.08,soma,78.93355485800001,-1557.126324979922,-608.8655838818263,1092.373615879832,,-1557.0,-609.1270883809873,1092.6903129751286,none,0.0,success,105.0,0.005,"(-1557, -249, 351)",-1557.0,-249.0,351.0,,,,
1414,realistic,3,x0y0,utah,12.988999999999999,15.7,Aa,saline,136.92718496246323,15.7,,b,-1,0.08,soma,84.217245022,-1943.2481848475727,305.8759382566418,-319.10448750622885,,-1943.0,305.8324783127621,-319.2028487442857,none,0.0,success,105.0,0.005,"(-1943, -259, 285)",-1943.0,-259.0,285.0,,,,
1415,realistic,3,x0y0,utah,11.336,13.8,Aa,saline,146.31920221759856,13.8,,b,-1,0.08,soma,78.93355485800001,482.3737811545523,688.022239101449,-1194.681904424762,,482.0,688.2492747621235,-1195.038805498671,none,0.0,success,105.0,0.005,"(482, 231, -509)",482.0,231.0,-509.0,,,,
1416,realistic,3,x0y0,utah,10.901,13.3,Aa,saline,30.62673850937321,13.3,,b,-1,0.08,soma,77.54311007800001,169.63952335969924,696.2302106976113,1230.902083236625,,170.0,696.6292301368667,1230.8554231110597,none,0.0,success,105.0,0.005,"(170, 277, 522)",170.0,277.0,522.0,,,,
1417,realistic,3,x0y0,utah,9.683,11.9,Aa,saline,81.99408830429753,11.9,,b,-1,0.08,soma,73.649864694,-1043.3058327041215,968.0742848944524,97.73208492547293,,-1043.0,967.8532305032344,97.48021307593714,none,0.0,success,105.0,0.005,"(-1043, 154, -17)",-1043.0,154.0,-17.0,,,,
1418,realistic,3,x0y0,utah,14.207,17.1,Aa,saline,314.0097445159315,17.1,,b,-1,0.08,soma,88.110490406,-1406.6640904688986,-688.374142924141,724.0082119909067,,-1407.0,-688.2565323499978,724.0275843670446,none,0.0,success,105.0,0.005,"(-1407, -92, 148)",-1407.0,-92.0,148.0,,,,
1419,realistic,3,x0y0,utah,14.816,17.8,Aa,saline,182.99295736674716,17.8,,b,-1,0.08,soma,90.05711309799999,-1741.9109510965936,-139.33712467751593,-1137.8965714806036,,-1742.0,-139.32749065185783,-1137.8665165698317,none,0.0,success,105.0,0.005,"(-1742, -96, -309)",-1742.0,-96.0,-309.0,,,,
1420,realistic,3,x0y0,utah,11.771,14.3,Aa,saline,135.51828324725764,14.3,,b,-1,0.08,soma,80.323999638,283.52005262231074,953.2658156964844,-1010.1441143054262,,284.0,953.1910132731734,-1009.7530868708567,central,5.215000000000115,success,85.14404296875,0.005,"(284, 375, -421)",284.0,375.0,-421.0,284.0,,375.0,-421.0
1421,realistic,3,x0y0,utah,14.381,17.3,Aa,saline,67.66944290066212,17.3,,b,-1,0.08,soma,88.66666831799999,-1185.3972367093536,1142.9102297575666,405.95101147837664,,-1185.0,1143.1333340970752,406.0637336470042,periphery,5.215000000000115,success,36.083984375,0.005,"(-1185, 376, 91)",-1185.0,376.0,91.0,-1185.0,,376.0,91.0
1422,realistic,3,x0y0,utah,14.207,17.1,Aa,saline,183.34040553158093,17.1,,b,-1,0.08,soma,88.110490406,319.94157750373506,-91.79494074774357,-1278.9613622121424,,320.0,-91.3339207953349,-1278.645851286155,none,0.0,success,105.0,0.005,"(320, -43, -451)",320.0,-43.0,-451.0,,,,
1423,realistic,3,x0y0,utah,11.771,14.3,Aa,saline,152.1736207436726,14.3,,b,-1,0.08,soma,80.323999638,-29.64604184950104,756.6228395440297,-1128.5769374180811,,-30.0,756.1856215155093,-1128.7732726399238,periphery,5.185000000000111,success,75.29296875,0.005,"(-30, 371, -399)",-30.0,371.0,-399.0,-30.0,,371.0,-399.0
1424,realistic,3,x0y0,utah,12.815,15.5,Aa,saline,42.239745167734256,15.5,,b,-1,0.08,soma,83.66106711,632.7869185511454,819.7199166215755,833.7719964371817,,633.0,819.7954846556712,834.1026439907666,central,5.285000000000126,success,79.541015625,0.005,"(633, 264, 222)",633.0,264.0,222.0,633.0,,264.0,222.0
1425,realistic,3,x0y0,utah,12.728,15.4,Aa,saline,62.627744958971654,15.4,,b,-1,0.08,soma,83.382978154,1234.7553535257064,229.79779659099998,118.70984963915086,,1235.0,230.10204230037618,119.11274667760472,none,0.0,success,105.0,0.005,"(1235, -504, -261)",1235.0,-504.0,-261.0,,,,
1426,realistic,3,x0y0,utah,13.772000000000002,16.6,Aa,saline,8.076273423832639,16.6,,b,-1,0.08,soma,86.720045626,135.076632124407,194.74702170307046,1419.392365918986,,135.0,194.38458320522653,1419.1592585871515,none,0.0,success,105.0,0.005,"(135, 78, 599)",135.0,78.0,599.0,,,,
1427,realistic,3,x0y0,utah,12.554,15.2,Aa,saline,116.325638382216,15.2,,b,-1,0.08,soma,82.82680024199999,-58.91250882826338,1221.4210510134308,-777.3140778160623,,-59.0,1221.7143305284526,-777.5143429536636,periphery,5.200000000000113,success,70.59326171875,0.005,"(-59, 481, -411)",-59.0,481.0,-411.0,-59.0,,481.0,-411.0
1428,realistic,3,x0y0,utah,13.163,15.9,Aa,saline,92.26896042027799,15.9,,b,-1,0.08,soma,84.773422934,-1882.1684921274825,857.6705050114107,-171.301474899597,,-1882.0,857.7248020978266,-171.76451377409322,none,0.0,success,105.0,0.005,"(-1882, 31, -139)",-1882.0,31.0,-139.0,,,,
1429,realistic,3,x0y0,utah,11.858,14.4,Aa,saline,192.24092560806454,14.4,,b,-1,0.08,soma,80.60208859400001,-989.813120788774,-184.81843800430215,-778.1741345155498,,-990.0,-184.96382139096403,-778.5667105914582,none,0.0,success,105.0,0.005,"(-990, -10, 28)",-990.0,-10.0,28.0,,,,
1430,realistic,3,x0y0,utah,13.076,15.8,Aa,saline,173.59323616808743,15.8,,b,-1,0.08,soma,84.495333978,1161.4072781760021,-26.485621055298,-1376.047333302884,,1161.0,-26.679160364027567,-1376.1187314536683,none,0.0,success,105.0,0.005,"(1161, -119, -554)",1161.0,-119.0,-554.0,,,,
1431,realistic,3,x0y0,utah,14.12,17.0,Aa,saline,182.82339804700092,17.0,,b,-1,0.08,soma,87.83240144999998,1089.6858400310773,-28.67497077659345,-173.92697887250233,,1090.0,-28.86556869574251,-173.92150128413027,none,0.0,success,105.0,0.005,"(1090, 12, 654)",1090.0,12.0,654.0,,,,
1432,realistic,3,x0y0,utah,14.902999999999999,17.9,Aa,saline,76.32366891448616,17.9,,b,-1,0.08,soma,90.33520205399999,430.6546734076017,1361.9128740834606,446.64225959099616,,431.0,1361.5908411578334,446.25162088278285,central,5.185000000000111,success,37.07275390625,0.005,"(431, 555, 250)",431.0,555.0,250.0,431.0,,555.0,250.0
1433,realistic,3,x0y0,utah,12.988999999999999,15.7,Aa,saline,37.249601466022895,15.7,,b,-1,0.08,soma,84.217245022,1116.3403780882943,990.9449245532664,949.9479885039618,,1116.0,990.6488492059084,950.3784635187562,central,5.2800000000001255,success,46.47216796875,0.005,"(1116, 490, 292)",1116.0,490.0,292.0,1116.0,,490.0,292.0
1434,realistic,3,x0y0,utah,16.294999999999998,19.5,Aa,saline,51.17707302672372,19.5,,b,-1,0.08,soma,94.78462535,351.5890705365464,1055.3143973606238,931.64298788593,,352.0,1055.5168508050926,931.8267408159577,periphery,5.2350000000001184,success,77.2705078125,0.005,"(352, 407, 410)",352.0,407.0,410.0,352.0,,407.0,410.0
1435,realistic,3,x0y0,utah,14.207,17.1,Aa,saline,102.71072810684812,17.1,,b,-1,0.08,soma,88.110490406,-764.7158584520813,1074.0708459306084,-290.9727662193592,,-765.0,1073.7433916955267,-291.3921539446601,periphery,5.305000000000129,success,79.046630859375,0.005,"(-765, 265, -109)",-765.0,265.0,-109.0,-765.0,,265.0,-109.0
1436,realistic,3,x0y0,utah,13.859,16.7,Aa,saline,65.36915939123499,16.7,,b,-1,0.08,soma,86.998134582,1511.7593182474868,1112.0340346894718,677.7990883773961,,1512.0,1112.1056521675193,678.3184112468889,central,5.345000000000136,success,76.3916015625,0.005,"(1512, 359, 333)",1512.0,359.0,333.0,1512.0,,359.0,333.0
1437,realistic,3,x0y0,utah,10.466000000000001,12.8,Aa,saline,91.1539303137076,12.8,,b,-1,0.08,soma,76.152665298,539.6116265606066,1307.5588973538745,49.749454897071715,,540.0,1307.9117173824702,49.4561657137551,central,5.170000000000108,success,21.3958740234375,0.005,"(540, 485, 66)",540.0,485.0,66.0,540.0,,485.0,66.0
1438,realistic,3,x0y0,utah,14.207,17.1,Aa,saline,56.32141060750429,17.1,,b,-1,0.08,soma,88.110490406,-1959.590289432103,668.4729399137659,549.1090578968883,,-1960.0,668.9397750579368,548.7111334650637,none,0.0,success,105.0,0.005,"(-1960, -21, 89)",-1960.0,-21.0,89.0,,,,
1439,realistic,3,x0y0,utah,14.467999999999998,17.4,Aa,saline,-21.99161350479505,17.4,,b,-1,0.08,soma,88.944757274,-895.8500694899047,-344.4672065470736,1364.3018739689094,,-896.0,-344.6374057995566,1364.0867894722267,none,0.0,success,105.0,0.005,"(-896, -34, 595)",-896.0,-34.0,595.0,,,,
1440,realistic,3,x0y0,utah,14.816,17.8,Aa,saline,-29.937546705532732,17.8,,b,-1,0.08,soma,90.05711309799999,-922.2308490494363,-643.4832820016604,1167.8129904633845,,-922.0,-643.267252573606,1168.3027471053636,none,0.0,success,105.0,0.005,"(-922, -229, 449)",-922.0,-229.0,449.0,,,,
1441,realistic,3,x0y0,utah,13.337000000000002,16.1,Aa,saline,90.43920405083759,16.1,,b,-1,0.08,soma,85.329600846,1281.298584979456,1286.334227534243,28.303489296991767,,1281.0,1286.664800423,28.626981036742897,central,5.205000000000114,success,19.097900390625,0.005,"(1281, 459, 35)",1281.0,459.0,35.0,1281.0,,459.0,35.0
1442,realistic,3,x0y0,utah,12.728,15.4,Aa,saline,135.1286822532079,15.4,,b,-1,0.08,soma,83.382978154,1980.9364412353207,413.03323629463097,-417.5285684485903,,1981.0,413.23084554382365,-417.8762583088701,none,0.0,success,105.0,0.005,"(1981, -170, 168)",1981.0,-170.0,168.0,,,,
1443,realistic,3,x0y0,utah,12.293000000000001,14.9,Aa,saline,80.59605709948919,14.9,,b,-1,0.08,soma,81.99253337399999,-1127.2915435177665,237.73138196281616,77.37052346335213,,-1127.0,237.92791671339444,76.96778997665584,none,0.0,success,105.0,0.005,"(-1127, -577, -58)",-1127.0,-577.0,-58.0,,,,
1444,realistic,3,x0y0,utah,12.206000000000001,14.8,Aa,saline,52.818076044675855,14.8,,b,-1,0.08,soma,81.714444418,326.6776915529725,1215.493173444549,776.8842065030777,,327.0,1215.9604489339104,777.0655193808988,central,5.1650000000001075,success,39.056396484375,0.005,"(327, 558, 278)",327.0,558.0,278.0,327.0,,558.0,278.0
1445,realistic,3,x0y0,utah,11.684,14.2,Aa,saline,105.99359521051399,14.2,,b,-1,0.08,soma,80.045910682,-1831.444072741684,862.1012877996291,-283.9653663680511,,-1831.0,862.0945669693035,-284.2938241964456,none,0.0,success,105.0,0.005,"(-1831, 69, -57)",-1831.0,69.0,-57.0,,,,
1446,realistic,3,x0y0,utah,14.467999999999998,17.4,Aa,saline,-18.06366002018554,17.4,,b,-1,0.08,soma,88.944757274,-1004.5204432648128,-562.3347843248816,1137.7964109524319,,-1005.0,-562.2193846153338,1137.579390370196,none,0.0,success,105.0,0.005,"(-1005, -305, 349)",-1005.0,-305.0,349.0,,,,
1447,realistic,3,x0y0,utah,13.772000000000002,16.6,Aa,saline,145.73340736104163,16.6,,b,-1,0.08,soma,86.720045626,1634.1280146768545,513.5000465813268,-736.5956465242032,,1634.0,513.3666928437191,-736.5567228526634,none,0.0,success,105.0,0.005,"(1634, 47, -52)",1634.0,47.0,-52.0,,,,
1448,realistic,3,x0y0,utah,14.816,17.8,Aa,saline,127.42079736391376,17.8,,b,-1,0.08,soma,90.05711309799999,-251.92636901097853,987.2909886873376,-531.6070883691032,,-252.0,987.208679611216,-531.4083538148275,central,5.170000000000108,success,36.63330078125,0.005,"(-252, 328, -27)",-252.0,328.0,-27.0,-252.0,,328.0,-27.0
1449,realistic,3,x0y0,utah,12.293000000000001,14.9,Aa,saline,147.6767761382853,14.9,,b,-1,0.08,soma,81.99253337399999,-707.9267465268186,575.9884403726502,-1061.3765263630437,,-708.0,575.660203797539,-1060.966845350515,none,0.0,success,105.0,0.005,"(-708, 134, -363)",-708.0,134.0,-363.0,,,,
1450,realistic,3,x0y0,utah,10.901,13.3,Aa,saline,44.39447222995068,13.3,,b,-1,0.08,soma,77.54311007800001,-1538.6931776497656,952.286131466568,873.5385868553136,,-1539.0,952.3105799052846,873.5847760753658,periphery,5.260000000000122,success,67.041015625,0.005,"(-1539, 376, 285)",-1539.0,376.0,285.0,-1539.0,,376.0,285.0
1451,realistic,3,x0y0,utah,13.946,16.8,Aa,saline,80.40940461973743,16.8,,b,-1,0.08,soma,87.27622353800001,17.788189592779837,288.5606747860702,21.693946272142053,,18.0,289.03717820423424,22.05110942071545,tjn,5.620000000000179,success,105.0,0.005,"(18, -528, -116)",18.0,-528.0,-116.0,18.0,,-528.0,-116.0
1452,realistic,3,x0y0,utah,13.772000000000002,16.6,Aa,saline,90.3145356279872,16.6,,b,-1,0.08,soma,86.720045626,952.1616845764014,1279.9139850783074,101.69449193200626,,952.0,1280.3600228130003,101.4440198745285,central,5.250000000000121,success,26.18408203125,0.005,"(952, 452, 106)",952.0,452.0,106.0,952.0,,452.0,106.0
1453,realistic,3,x0y0,utah,13.772000000000002,16.6,Aa,saline,124.22359042052788,16.6,,b,-1,0.08,soma,86.720045626,-379.8219965646865,1223.3278769670242,-761.6637175686467,,-380.0,1222.8880668617885,-761.8696768300313,periphery,5.18000000000011,success,43.890380859375,0.005,"(-380, 538, -296)",-380.0,538.0,-296.0,-380.0,,538.0,-296.0
1454,realistic,3,x0y0,utah,12.119,14.7,Aa,saline,95.1938353689227,14.7,,b,-1,0.08,soma,81.436355462,-572.6543794294204,1369.6705327050556,-149.66248243131758,,-573.0,1369.3327332023032,-149.72749508465552,periphery,5.150000000000105,success,12.6708984375,0.005,"(-573, 547, -75)",-573.0,547.0,-75.0,-573.0,,547.0,-75.0
1455,realistic,3,x0y0,utah,13.337000000000002,16.1,Aa,saline,142.52115833330652,16.1,,b,-1,0.08,soma,85.329600846,-1230.4319648745952,520.9502789823719,-843.4629474806147,,-1230.0,520.6340310573956,-843.8347856156929,none,0.0,success,105.0,0.005,"(-1230, 17, -187)",-1230.0,17.0,-187.0,,,,
1456,realistic,3,x0y0,utah,13.772000000000002,16.6,Aa,saline,133.19259419684658,16.6,,b,-1,0.08,soma,86.720045626,-1973.8225940968439,943.3056581395979,-707.7205439372319,,-1974.0,942.9572926329585,-708.0124356154987,periphery,5.250000000000121,success,44.110107421875,0.005,"(-1974, 339, -141)",-1974.0,339.0,-141.0,-1974.0,,339.0,-141.0
1457,realistic,3,x0y0,utah,15.947000000000001,19.1,Aa,saline,130.517592021639,19.1,,b,-1,0.08,soma,93.67226952600001,363.4474116571106,859.8926698025743,-827.394128006661,,363.0,860.3618296468328,-827.4439367555213,central,5.265000000000123,success,96.0205078125,0.005,"(363, 228, -287)",363.0,228.0,-287.0,363.0,,228.0,-287.0
1458,realistic,3,x0y0,utah,12.206000000000001,14.8,Aa,saline,108.85636315118988,14.8,,b,-1,0.08,soma,81.714444418,-1207.4765741224835,1217.9299292353144,-582.2924262669852,,-1207.0,1217.5086893763769,-581.9170542179488,periphery,5.260000000000122,success,60.0494384765625,0.005,"(-1207, 436, -315)",-1207.0,436.0,-315.0,-1207.0,,436.0,-315.0
1459,realistic,3,x0y0,utah,10.727,13.1,Aa,saline,25.533197629314195,13.1,,b,-1,0.08,soma,76.986932166,-109.69099560984706,663.6419642192445,1204.3546562217145,,-110.0,663.925683881773,1204.038154446691,periphery,5.205000000000114,success,99.90234375,0.005,"(-110, 309, 461)",-110.0,309.0,461.0,-110.0,,309.0,461.0
1460,realistic,3,x0y0,utah,10.64,13.0,Aa,saline,113.72955575899219,13.0,,b,-1,0.08,soma,76.70884321,1848.421164485944,817.7329449724092,-334.71647411714815,,1848.0,817.7809729793777,-334.31781925385206,none,0.0,success,105.0,0.005,"(1848, 64, -3)",1848.0,64.0,-3.0,,,,
1461,realistic,3,x0y0,utah,14.381,17.3,Aa,saline,43.934233506089534,17.3,,b,-1,0.08,soma,88.66666831799999,-1020.1051265061936,782.769149118888,840.624101856055,,-1020.0,782.3914672395143,840.2029339278961,periphery,5.2800000000001255,success,92.9443359375,0.005,"(-1020, 207, 243)",-1020.0,207.0,243.0,-1020.0,,207.0,243.0
1462,realistic,3,x0y0,utah,12.119,14.7,Aa,saline,79.48082889452112,14.7,,b,-1,0.08,soma,81.436355462,-12.325819390561545,1339.8716026382162,358.88866575762637,,-12.0,1339.8461123451193,358.77613925368064,tjn,5.150000000000105,success,27.8076171875,0.005,"(-12, 528, 208)",-12.0,528.0,208.0,-12.0,,528.0,208.0
1463,realistic,3,x0y0,utah,13.772000000000002,16.6,Aa,saline,-29.618699981157732,16.6,,b,-1,0.08,soma,86.720045626,400.14628052148043,-494.5313262909676,1355.6484948615816,,400.0,-494.3755232741847,1356.093367831341,none,0.0,success,105.0,0.005,"(400, -85, 636)",400.0,-85.0,636.0,,,,
1464,realistic,3,x0y0,utah,12.38,15.0,Aa,saline,60.26782112780175,15.0,,b,-1,0.08,soma,82.27062233000002,976.6108872996924,1179.5345131918875,675.540239295532,,977.0,1179.4159042156862,675.6805008067237,central,5.285000000000126,success,47.021484375,0.005,"(977, 462, 266)",977.0,462.0,266.0,977.0,,462.0,266.0
1465,realistic,3,x0y0,utah,13.685,16.5,Aa,saline,0.2388402695839649,16.5,,b,-1,0.08,soma,86.44195667,-1447.1684897903876,-141.98490633928122,1129.9754138691071,,-1447.0,-141.521471890993,1130.2209783350002,none,0.0,success,105.0,0.005,"(-1447, -145, 302)",-1447.0,-145.0,302.0,,,,
1466,realistic,3,x0y0,utah,11.075,13.5,Aa,saline,133.53235002729306,13.5,,b,-1,0.08,soma,78.09928799,1429.8266709866339,631.8485273398633,-736.9789610796198,,1430.0,631.4359918963752,-736.6053947837561,none,0.0,success,105.0,0.005,"(1430, 34, -169)",1430.0,34.0,-169.0,,,,
1467,realistic,3,x0y0,utah,13.772000000000002,16.6,Aa,saline,157.65946030646612,16.6,,b,-1,0.08,soma,86.720045626,791.1222123581032,427.09581726841225,-1096.0211778832954,,791.0,426.85964467122136,-1096.1501850997438,none,0.0,success,105.0,0.005,"(791, 112, -330)",791.0,112.0,-330.0,,,,
1468,realistic,3,x0y0,utah,14.99,18.0,Aa,saline,-5.217004545481601,18.0,,b,-1,0.08,soma,90.61329101,1811.0790596232625,-64.82932517733207,1135.2797162185182,,1811.0,-64.47487407640452,1134.9023882584297,none,0.0,success,105.0,0.005,"(1811, 11, 308)",1811.0,11.0,308.0,,,,
1469,realistic,3,x0y0,utah,11.075,13.5,Aa,saline,115.69377919400206,13.5,,b,-1,0.08,soma,78.09928799,-1883.9273351916727,974.7593743023376,-429.24280495150145,,-1884.0,974.5511342038947,-429.3079256362321,periphery,5.290000000000127,success,67.95654296875,0.005,"(-1884, 232, -72)",-1884.0,232.0,-72.0,-1884.0,,232.0,-72.0
1470,realistic,3,x0y0,utah,13.424,16.2,Aa,saline,17.478988317862207,16.2,,b,-1,0.08,soma,85.607689802,-1046.870135942644,442.93143335555936,1311.041016824679,,-1047.0,442.67227500826044,1310.5593072665738,none,0.0,success,105.0,0.005,"(-1047, 194, 521)",-1047.0,194.0,521.0,,,,
1471,realistic,3,x0y0,utah,12.467,15.1,Aa,saline,192.99622048650502,15.1,,b,-1,0.08,soma,82.548711286,-1975.0327256723726,-366.69875993826105,-997.542026995792,,-1975.0,-366.82910258411073,-997.1217321385394,none,0.0,success,105.0,0.005,"(-1975, -181, -192)",-1975.0,-181.0,-192.0,,,,
1472,realistic,3,x0y0,utah,8.639,10.7,Aa,saline,-7.934468061942426,10.7,,b,-1,0.08,soma,70.312797222,-1459.8451352755774,-59.266741824311794,1276.6803468861965,,-1460.0,-59.18158300831804,1276.2828971843346,none,0.0,success,105.0,0.005,"(-1460, 54, 464)",-1460.0,54.0,464.0,,,,
1473,realistic,3,x0y0,utah,10.901,13.3,Aa,saline,61.47751104001637,13.3,,b,-1,0.08,soma,77.54311007800001,1423.8875701542413,802.8866895319321,476.0521676982048,,1424.0,802.7656882572657,476.3509175311226,none,0.0,success,105.0,0.005,"(1424, 79, 83)",1424.0,79.0,83.0,,,,
1474,realistic,3,x0y0,utah,11.075,13.5,Aa,saline,1.100142376002453,13.5,,b,-1,0.08,soma,78.09928799,1455.9517356594868,63.245178902783664,1119.567571549217,,1456.0,62.821753164704006,1119.8848340662012,none,0.0,success,105.0,0.005,"(1456, 47, 296)",1456.0,47.0,296.0,,,,
1475,realistic,3,x0y0,utah,11.597,14.1,Aa,saline,168.44907179611909,14.1,,b,-1,0.08,soma,79.76782172600001,-23.65965303904982,303.48707154298336,-1382.7239258983716,,-24.0,303.1417589547726,-1383.1387674724813,none,0.0,success,105.0,0.005,"(-24, 138, -575)",-24.0,138.0,-575.0,,,,
1476,realistic,3,x0y0,utah,14.467999999999998,17.4,Aa,saline,200.50992838763386,17.4,,b,-1,0.08,soma,88.944757274,701.5300535571477,-513.9085854542774,-1206.0891012479374,,702.0,-513.6471214744049,-1205.8838298314145,none,0.0,success,105.0,0.005,"(702, -223, -429)",702.0,-223.0,-429.0,,,,
1477,realistic,3,x0y0,utah,11.858,14.4,Aa,saline,5.427371019534578,14.4,,b,-1,0.08,soma,80.60208859400001,1640.7254614697367,70.56578759999185,1081.6242693382283,,1641.0,71.07347879049622,1081.5871895976638,none,0.0,success,105.0,0.005,"(1641, -7, 260)",1641.0,-7.0,260.0,,,,
1478,realistic,3,x0y0,utah,9.248000000000001,11.4,Aa,saline,-7.4767912325002595,11.4,,b,-1,0.08,soma,72.25941991399999,1228.0514063625815,-217.52859924542827,1323.8909648769134,,1228.0,-217.82897526540572,1324.1501074223656,none,0.0,success,105.0,0.005,"(1228, -111, 510)",1228.0,-111.0,510.0,,,,
1479,realistic,3,x0y0,utah,11.161999999999999,13.6,Aa,saline,135.38001863470578,13.6,,b,-1,0.08,soma,78.377376946,-1412.6498890102432,914.8394036868928,-987.4435684024364,,-1413.0,914.9101347834354,-987.6575084550816,periphery,5.300000000000129,success,95.361328125,0.005,"(-1413, 336, -401)",-1413.0,336.0,-401.0,-1413.0,,336.0,-401.0
1480,realistic,3,x0y0,utah,11.51,14.0,Aa,saline,203.43555572201103,14.0,,b,-1,0.08,soma,79.48973277,-98.61406919788118,-413.4627207262392,-1274.1260784363865,,-99.0,-413.0010333613146,-1273.7034149082378,none,0.0,success,105.0,0.005,"(-99, -85, -517)",-99.0,-85.0,-517.0,,,,
1481,realistic,3,x0y0,utah,15.164,18.2,Aa,saline,110.7628960851277,18.2,,b,-1,0.08,soma,91.16946892200001,168.30413153363688,1333.2864067191995,-504.4767675824546,,168.0,1333.6797851944812,-504.4422883664245,periphery,5.145000000000104,success,26.513671875,0.005,"(168, 557, -210)",168.0,557.0,-210.0,168.0,,557.0,-210.0
1482,realistic,3,x0y0,utah,11.597,14.1,Aa,saline,47.35452355126256,14.1,,b,-1,0.08,soma,79.76782172600001,-543.4618774499213,1032.2513666176378,933.3720005111313,,-543.0,1032.784604830823,933.8588496096826,periphery,5.250000000000121,success,72.16796875,0.005,"(-543, 426, 375)",-543.0,426.0,375.0,-543.0,,426.0,375.0
1483,realistic,3,x0y0,utah,12.728,15.4,Aa,saline,147.88213544613203,15.4,,b,-1,0.08,soma,83.382978154,-509.1463225769552,652.8488112978562,-1202.8058673471594,,-509.0,652.5518647422409,-1203.2076912482194,none,0.0,success,105.0,0.005,"(-509, 213, -503)",-509.0,213.0,-503.0,,,,
1484,realistic,3,x0y0,utah,14.207,17.1,Aa,saline,60.496880755199115,17.1,,b,-1,0.08,soma,88.110490406,-7.444699876718586,1136.3953028087915,655.8978912796993,,-7.0,1136.526779900171,656.3097082624777,periphery,5.170000000000108,success,45.59326171875,0.005,"(-7, 415, 248)",-7.0,415.0,248.0,-7.0,,415.0,248.0
1485,realistic,3,x0y0,utah,14.467999999999998,17.4,Aa,saline,47.71246986664899,17.4,,b,-1,0.08,soma,88.944757274,1380.108637380922,752.5092493560883,615.2042866841093,,1380.0,752.6436657156528,615.1519635848375,central,5.230000000000118,success,105.0,0.005,"(1380, 139, 57)",1380.0,139.0,57.0,1380.0,,139.0,57.0
1486,realistic,3,x0y0,utah,10.031,12.3,Aa,saline,171.09066387456517,12.3,,b,-1,0.08,soma,74.76222051799998,658.6600257076782,258.2675015385198,-1222.3540316866686,,659.0,258.38683397911916,-1222.4302988248662,none,0.0,success,105.0,0.005,"(659, 131, -410)",659.0,131.0,-410.0,,,,
1487,realistic,3,x0y0,utah,10.64,13.0,Aa,saline,173.61462394886502,13.0,,b,-1,0.08,soma,76.70884321,-1219.231892361438,-54.97450435116707,-1203.5895728446606,,-1219.0,-55.442988317523984,-1203.2496241910492,none,0.0,success,105.0,0.005,"(-1219, -147, -385)",-1219.0,-147.0,-385.0,,,,
1488,realistic,3,x0y0,utah,11.945,14.5,Aa,saline,139.17807222446365,14.5,,b,-1,0.08,soma,80.88017755,424.9719860783414,888.462309184953,-1015.7017167793899,,425.0,888.5901860322176,-1015.6105151760427,central,5.215000000000115,success,84.5947265625,0.005,"(425, 349, -391)",425.0,349.0,-391.0,425.0,,349.0,-391.0
1489,realistic,3,x0y0,utah,11.684,14.2,Aa,saline,78.32272682608905,14.2,,b,-1,0.08,soma,80.045910682,1961.036191246554,917.466180566631,145.76394998348133,,1961.0,917.9449801654414,145.98464616101842,central,5.290000000000127,success,105.0,0.005,"(1961, 110, -21)",1961.0,110.0,-21.0,1961.0,,110.0,-21.0
1490,realistic,3,x0y0,utah,12.119,14.7,Aa,saline,-20.073886576215067,14.7,,b,-1,0.08,soma,81.436355462,-1520.8207838642945,-378.9493029889618,1035.1867232205072,,-1521.0,-379.3864785972793,1035.5970843427285,none,0.0,success,105.0,0.005,"(-1521, -96, 260)",-1521.0,-96.0,260.0,,,,
1491,realistic,3,x0y0,utah,14.467999999999998,17.4,Aa,saline,332.3431850200052,17.4,,b,-1,0.08,soma,88.944757274,1158.5649165960735,-585.1903619669997,843.7145240175014,,1159.0,-585.0410781632955,843.6636857587912,none,0.0,success,105.0,0.005,"(1159, -200, 109)",1159.0,-200.0,109.0,,,,
1492,realistic,3,x0y0,utah,14.293999999999999,17.2,Aa,saline,127.99362951793199,17.2,,b,-1,0.08,soma,88.388579362,-1166.8331517873914,1084.0447871455922,-761.2831887939851,,-1167.0,1084.4880196975964,-761.4520047276237,periphery,5.265000000000123,success,45.9228515625,0.005,"(-1167, 431, -251)",-1167.0,431.0,-251.0,-1167.0,,431.0,-251.0
1493,realistic,3,x0y0,utah,10.64,13.0,Aa,saline,77.51604085402927,13.0,,b,-1,0.08,soma,76.70884321,1151.9523694332072,1090.0836889461843,311.718548786841,,1152.0,1089.9232572551223,312.00922595100104,central,5.270000000000124,success,64.44091796875,0.005,"(1152, 286, 134)",1152.0,286.0,134.0,1152.0,,286.0,134.0
1494,realistic,3,x0y0,utah,10.466000000000001,12.8,Aa,saline,171.27389417846982,12.8,,b,-1,0.08,soma,76.152665298,-1222.8868655099548,176.25603926479423,-1210.1683006939675,,-1223.0,175.86067966285333,-1210.5286471902718,none,0.0,success,105.0,0.005,"(-1223, 51, -397)",-1223.0,51.0,-397.0,,,,
1495,realistic,3,x0y0,utah,12.38,15.0,Aa,saline,-22.248187285113662,15.0,,b,-1,0.08,soma,82.27062233000002,-89.66702788813377,-601.5107684178379,1143.1226110284379,,-90.0,-601.7748288070691,1142.6708440143243,none,0.0,success,105.0,0.005,"(-90, -289, 378)",-90.0,-289.0,378.0,,,,
1496,realistic,3,x0y0,utah,15.338,18.4,Aa,saline,-20.11126299177678,18.4,,b,-1,0.08,soma,91.725646834,-679.6329561000624,-684.5316824913542,1243.0717784756762,,-680.0,-684.6506386907647,1243.1801911885632,none,0.0,success,105.0,0.005,"(-680, -399, 463)",-680.0,-399.0,463.0,,,,
1497,realistic,3,x0y0,utah,12.554,15.2,Aa,saline,-22.210113678166923,15.2,,b,-1,0.08,soma,82.82680024199999,821.3420774152075,-594.5265430924987,1190.4382649700729,,821.0,-594.3842652457381,1190.093525832022,none,0.0,success,105.0,0.005,"(821, -282, 425)",821.0,-282.0,425.0,,,,
1498,realistic,3,x0y0,utah,14.207,17.1,Aa,saline,51.09613339442546,17.1,,b,-1,0.08,soma,88.110490406,1108.4909974267703,892.5904564359806,811.5404587829489,,1108.0,892.1707918169748,811.6466939874841,central,5.315000000000131,success,89.044189453125,0.005,"(1108, 247, 291)",1108.0,247.0,291.0,1108.0,,247.0,291.0
1499,realistic,3,x0y0,utah,12.38,15.0,Aa,saline,116.39042442299791,15.0,,b,-1,0.08,soma,82.27062233000002,708.9990500766098,1271.4172018066154,-546.1430745136769,,709.0,1271.0520117416072,-546.2171458128427,central,5.240000000000119,success,32.220458984375,0.005,"(709, 531, -179)",709.0,531.0,-179.0,709.0,,531.0,-179.0
1500,realistic,3,x0y0,utah,12.641,15.3,Aa,saline,76.87429541061215,15.3,,b,-1,0.08,soma,83.104889198,-49.30269799884624,1258.3748207298995,482.0525021512257,,-49.0,1257.9794257949663,481.71006016843296,periphery,5.175000000000109,success,51.2939453125,0.005,"(-49, 453, 294)",-49.0,453.0,294.0,-49.0,,453.0,294.0
1501,realistic,3,x0y0,utah,12.032,14.6,Aa,saline,-9.72433652201357,14.6,,b,-1,0.08,soma,81.15826650599999,-1413.394941944026,-296.87629623577635,1079.2679318933979,,-1413.0,-296.44031560643174,1079.690793734157,none,0.0,success,105.0,0.005,"(-1413, -157, 266)",-1413.0,-157.0,266.0,,,,
1502,realistic,3,x0y0,utah,12.728,15.4,Aa,saline,-14.377714405225134,15.4,,b,-1,0.08,soma,83.382978154,482.6484081293952,-385.6130211973259,1125.5899876704452,,483.0,-385.26749673781916,1125.81604546889,none,0.0,success,105.0,0.005,"(483, -180, 325)",483.0,-180.0,325.0,,,,
1503,realistic,3,x0y0,utah,11.597,14.1,Aa,saline,116.51655277168665,14.1,,b,-1,0.08,soma,79.76782172600001,1140.0514991670545,1269.706388213338,-471.202700900365,,1140.0,1270.1061234402127,-471.3106662003296,central,5.185000000000111,success,14.190673828125,0.005,"(1140, 532, -103)",1140.0,532.0,-103.0,1140.0,,532.0,-103.0
1504,realistic,3,x0y0,utah,12.467,15.1,Aa,saline,138.34548143794314,15.1,,b,-1,0.08,soma,82.548711286,700.991101449913,1015.3612375376264,-916.7728421963144,,701.0,1015.1419367603379,-916.3921985364497,central,5.285000000000126,success,54.5166015625,0.005,"(701, 466, -299)",701.0,466.0,-299.0,701.0,,466.0,-299.0
1505,realistic,3,x0y0,utah,12.641,15.3,Aa,saline,196.9970887227856,15.3,,b,-1,0.08,soma,83.104889198,1121.553715939579,-263.0746795124792,-1060.2033348042567,,1122.0,-262.60127955628775,-1060.432102770024,none,0.0,success,105.0,0.005,"(1122, -21, -270)",1122.0,-21.0,-270.0,,,,
1506,realistic,3,x0y0,utah,12.728,15.4,Aa,saline,189.52704094641982,15.4,,b,-1,0.08,soma,83.382978154,862.3865819564311,-250.15351271620284,-1349.2897794173525,,862.0,-249.81744144224356,-1349.2831465277377,none,0.0,success,105.0,0.005,"(862, -113, -534)",862.0,-113.0,-534.0,,,,
1507,realistic,3,x0y0,utah,13.772000000000002,16.6,Aa,saline,70.40480453180774,16.6,,b,-1,0.08,soma,86.720045626,-1448.1650407985746,1174.0693064259412,318.86455912069687,,-1448.0,1174.3979774921277,318.83195165148027,periphery,5.205000000000114,success,35.0494384765625,0.005,"(-1448, 394, 41)",-1448.0,394.0,41.0,-1448.0,,394.0,41.0
1508,realistic,3,x0y0,utah,8.726,10.8,Aa,saline,18.05309167272443,10.8,,b,-1,0.08,soma,70.590886178,-1583.2530515573242,492.7176495865911,1186.1795750607007,,-1583.0,493.20955781328115,1185.9369072890213,none,0.0,success,105.0,0.005,"(-1583, 239, 406)",-1583.0,239.0,406.0,,,,
1509,realistic,3,x0y0,utah,9.248000000000001,11.4,Aa,saline,182.71625867541042,11.4,,b,-1,0.08,soma,72.25941991399999,-485.5522400542877,-65.41313592445067,-1439.7167515841247,,-486.0,-64.92154825196181,-1440.2264672760475,none,0.0,success,105.0,0.005,"(-486, -26, -620)",-486.0,-26.0,-620.0,,,,
1510,realistic,3,x0y0,utah,15.598999999999998,18.7,Aa,saline,175.3545426456159,18.7,,b,-1,0.08,soma,92.559913702,1982.2562357797367,40.314844157001524,-1209.8937231277835,,1982.0,40.33367650493102,-1209.536732993392,none,0.0,success,105.0,0.005,"(1982, -27, -381)",1982.0,-27.0,-381.0,,,,
1511,realistic,3,x0y0,utah,14.12,17.0,Aa,saline,113.64790098714693,17.0,,b,-1,0.08,soma,87.83240144999998,-9.25793200946301,610.6165622436051,-330.0477031632222,,-9.0,610.2872398641003,-330.4782881107976,periphery,5.390000000000143,success,91.1865234375,0.005,"(-9, -149, 2)",-9.0,-149.0,2.0,-9.0,,-149.0,2.0
1512,realistic,3,x0y0,utah,14.816,17.8,Aa,saline,201.37410465931995,17.8,,b,-1,0.08,soma,90.05711309799999,1592.9818799418142,-531.2212918785799,-1022.2690480862868,,1593.0,-531.5454088621105,-1021.922591858429,none,0.0,success,105.0,0.005,"(1593, -229, -249)",1593.0,-229.0,-249.0,,,,
1513,realistic,3,x0y0,utah,13.685,16.5,Aa,saline,72.91576175714006,16.5,,b,-1,0.08,soma,86.44195667,1218.0324109696166,1243.9699318137734,367.4393475849256,,1218.0,1243.6964331904267,367.33132343482305,central,5.220000000000116,success,25.64697265625,0.005,"(1218, 452, 124)",1218.0,452.0,124.0,1218.0,,452.0,124.0
1514,realistic,3,x0y0,utah,12.032,14.6,Aa,saline,12.361535424831596,14.6,,b,-1,0.08,soma,81.15826650599999,-1627.6371056858125,207.16000708110732,1064.5032870772557,,-1628.0,206.75649242946736,1064.4256973615306,none,0.0,success,105.0,0.005,"(-1628, 30, 258)",-1628.0,30.0,258.0,,,,
1515,realistic,3,x0y0,utah,16.381999999999998,19.6,Aa,saline,50.250801536275645,19.6,,b,-1,0.08,soma,95.062714306,1138.5614425656324,1053.9039115087362,876.3386703609932,,1139.0,1054.1333605149418,876.3205497636283,central,5.350000000000136,success,63.8916015625,0.005,"(1139, 414, 344)",1139.0,414.0,344.0,1139.0,,414.0,344.0
1516,realistic,3,x0y0,utah,14.207,17.1,Aa,saline,9.255812421435778,17.1,,b,-1,0.08,soma,88.110490406,763.2544470595998,18.731208471863734,1219.2529983772765,,763.0,18.31208342864244,1219.277527015361,none,0.0,success,105.0,0.005,"(763, -115, 401)",763.0,-115.0,401.0,,,,
1517,realistic,3,x0y0,utah,11.161999999999999,13.6,Aa,saline,49.94996219630922,13.6,,b,-1,0.08,soma,78.377376946,1821.3999971560104,757.2744742748996,641.1999772400709,,1821.0,756.9164410260817,641.3654210323757,central,5.4850000000001575,success,105.0,0.005,"(1821, 126, 111)",1821.0,126.0,111.0,-5605.3610160384815,,126.0,111.0
1518,realistic,3,x0y0,utah,11.423,13.9,Aa,saline,10.376100579539,13.9,,b,-1,0.08,soma,79.211643814,-195.6422907734021,117.81598365487162,1236.8321953210725,,-196.0,117.51150852545075,1237.0822864277256,none,0.0,success,105.0,0.005,"(-196, -31, 426)",-196.0,-31.0,426.0,,,,
1519,realistic,3,x0y0,utah,10.466000000000001,12.8,Aa,saline,111.36882093717651,12.8,,b,-1,0.08,soma,76.152665298,-1597.6348227038613,1077.889995140199,-267.5058348040243,,-1598.0,1077.530988596014,-267.92901561729565,periphery,5.250000000000121,success,58.5205078125,0.005,"(-1598, 311, 32)",-1598.0,311.0,32.0,-1598.0,,311.0,32.0
1520,realistic,3,x0y0,utah,10.988,13.4,Aa,saline,188.648907769213,13.4,,b,-1,0.08,soma,77.821199034,1330.0027943786556,18.897593723732825,-1142.0284368133737,,1330.0,19.083845832643178,-1141.5180186825064,none,0.0,success,105.0,0.005,"(1330, 143, -327)",1330.0,143.0,-327.0,,,,
1521,realistic,3,x0y0,utah,13.424,16.2,Aa,saline,123.14478946264241,16.2,,b,-1,0.08,soma,85.607689802,-208.42799495772408,1096.947226864465,-839.8292141053616,,-208.0,1097.1201593356075,-839.6431423918668,periphery,5.220000000000116,success,74.51171875,0.005,"(-208, 404, -387)",-208.0,404.0,-387.0,-208.0,,404.0,-387.0
1522,realistic,3,x0y0,utah,10.553,12.9,Aa,saline,208.0088328083572,12.9,,b,-1,0.08,soma,76.430754254,28.06586476501893,-651.3095887275002,-1196.1589886853938,,28.0,-651.5819410988393,-1195.8168564654284,none,0.0,success,105.0,0.005,"(28, -265, -469)",28.0,-265.0,-469.0,,,,
1523,realistic,3,x0y0,utah,14.816,17.8,Aa,saline,125.13698467390272,17.8,,b,-1,0.08,soma,90.05711309799999,-1988.1669764927408,391.95260240786047,-306.430886263071,,-1988.0,391.79735354577235,-306.6814342939496,none,0.0,success,105.0,0.005,"(-1988, -287, 171)",-1988.0,-287.0,171.0,,,,
1524,realistic,3,x0y0,utah,13.163,15.9,Aa,saline,180.21459652677842,15.9,,b,-1,0.08,soma,84.773422934,-1375.2807009844967,22.157163414368824,-551.1620089467565,,-1375.0,21.9386691675721,-551.3867114670002,none,0.0,success,105.0,0.005,"(-1375, 25, 276)",-1375.0,25.0,276.0,,,,
1525,realistic,3,x0y0,utah,15.860000000000001,19.0,Aa,saline,44.555713865540504,19.0,,b,-1,0.08,soma,93.39418057,-1191.3693603172408,1023.5515222160888,781.0137360333142,,-1191.0,1023.5186785439562,780.6673465370912,periphery,5.225000000000117,success,35.0494384765625,0.005,"(-1191, 440, 188)",-1191.0,440.0,188.0,-1191.0,,440.0,188.0
1526,realistic,3,x0y0,utah,13.424,16.2,Aa,saline,47.171275348790466,16.2,,b,-1,0.08,soma,85.607689802,-674.2387439061841,969.6813788318586,796.5400379946174,,-674.0,970.1113398503935,796.7410537636998,periphery,5.275000000000125,success,57.0556640625,0.005,"(-674, 363, 234)",-674.0,363.0,234.0,-674.0,,363.0,234.0
1527,realistic,3,x0y0,utah,12.815,15.5,Aa,saline,176.68640631369075,15.5,,b,-1,0.08,soma,83.66106711,1970.013486830417,69.61924529843736,-1093.0963213504742,,1970.0,69.79080483947901,-1093.4249216479566,none,0.0,success,105.0,0.005,"(1970, 22, -268)",1970.0,22.0,-268.0,,,,
1528,realistic,3,x0y0,utah,14.816,17.8,Aa,saline,-13.888792682277705,17.8,,b,-1,0.08,soma,90.05711309799999,-1808.4172803293645,-380.7291208987032,1014.9427116403612,,-1808.0,-380.20685357176,1014.7917226977694,none,0.0,success,105.0,0.005,"(-1808, -181, 209)",-1808.0,-181.0,209.0,,,,
1529,realistic,3,x0y0,utah,13.076,15.8,Aa,saline,87.52825823871744,15.8,,b,-1,0.08,soma,84.495333978,-1076.3027791378493,1371.9009020648045,151.90722847232882,,-1076.0,1371.50314408871,151.6543744472259,periphery,5.1650000000001075,success,15.49072265625,0.005,"(-1076, 545, 116)",-1076.0,545.0,116.0,-1076.0,,545.0,116.0
1530,realistic,3,x0y0,utah,10.988,13.4,Aa,saline,166.87467161401227,13.4,,b,-1,0.08,soma,77.821199034,-1028.4375057275427,495.87711423746214,-1305.7932821467282,,-1028.0,496.1100971503107,-1305.4065328696065,none,0.0,success,105.0,0.005,"(-1028, 309, -503)",-1028.0,309.0,-503.0,,,,
1531,realistic,3,x0y0,utah,14.816,17.8,Aa,saline,191.0880073819133,17.8,,b,-1,0.08,soma,90.05711309799999,-452.6926864816242,-133.81567120860063,-1358.3503314395252,,-453.0,-133.61449142437274,-1358.5070225415338,none,0.0,success,105.0,0.005,"(-453, 26, -544)",-453.0,26.0,-544.0,,,,
1532,realistic,3,x0y0,utah,11.248999999999999,13.7,Aa,saline,196.64910710722702,13.7,,b,-1,0.08,soma,78.655465902,-1062.5505963190221,-410.26342396648766,-1241.9344888429546,,-1063.0,-410.16989549046156,-1241.7884009403533,none,0.0,success,105.0,0.005,"(-1063, -174, -452)",-1063.0,-174.0,-452.0,,,,
1533,realistic,3,x0y0,utah,10.901,13.3,Aa,saline,193.43006490460223,13.3,,b,-1,0.08,soma,77.54311007800001,-215.4262584950056,-373.35151448482077,-1304.550723103224,,-215.0,-373.3621322355598,-1304.2825915864355,none,0.0,success,105.0,0.005,"(-215, -182, -503)",-215.0,-182.0,-503.0,,,,
1534,realistic,3,x0y0,utah,13.163,15.9,Aa,saline,-19.58223940959344,15.9,,b,-1,0.08,soma,84.773422934,-1080.1774907148383,-487.5776573315216,1251.4228452121042,,-1080.0,-487.3400256837385,1251.5637595442076,none,0.0,success,105.0,0.005,"(-1080, -210, 472)",-1080.0,-210.0,472.0,,,,
1535,realistic,3,x0y0,utah,11.684,14.2,Aa,saline,164.61477108026025,14.2,,b,-1,0.08,soma,80.045910682,-227.2646603163016,489.8667286690184,-1282.189698550779,,-227.0,489.8785900519673,-1282.4871335397925,none,0.0,success,105.0,0.005,"(-227, 271, -487)",-227.0,271.0,-487.0,,,,
1536,realistic,3,x0y0,utah,10.727,13.1,Aa,saline,324.2807129290534,13.1,,b,-1,0.08,soma,76.986932166,-763.5591295414438,-656.5971936096562,822.4104116228623,,-764.0,-656.7554854992554,822.5943451127878,none,0.0,success,105.0,0.005,"(-764, -176, 154)",-764.0,-176.0,154.0,,,,
1537,realistic,3,x0y0,utah,13.25,16.0,Aa,saline,139.8524972718773,16.0,,b,-1,0.08,soma,85.05151189,-166.96621022789571,754.7380930830814,-976.1164639808752,,-167.0,754.5886074333362,-976.5606878443582,periphery,5.130000000000102,success,105.0,0.005,"(-167, 221, -344)",-167.0,221.0,-344.0,-167.0,,221.0,-344.0
1538,realistic,3,x0y0,utah,15.338,18.4,Aa,saline,-19.362316198497172,18.4,,b,-1,0.08,soma,91.725646834,1479.1204113070862,-388.78255923208917,1221.7697968108587,,1479.0,-388.4310259627356,1221.835987611598,none,0.0,success,105.0,0.005,"(1479, -113, 438)",1479.0,-113.0,438.0,,,,
1539,realistic,3,x0y0,utah,14.207,17.1,Aa,saline,39.4058059359433,17.1,,b,-1,0.08,soma,88.110490406,-913.0140308396844,637.2525235427937,809.1766530134198,,-913.0,637.2842696548646,809.6109879683584,none,0.0,success,105.0,0.005,"(-913, 111, 169)",-913.0,111.0,169.0,,,,
1540,realistic,3,x0y0,utah,12.467,15.1,Aa,saline,160.6537729045358,15.1,,b,-1,0.08,soma,82.548711286,377.1027789554562,164.31932767641408,-647.1535225457105,,377.0,164.74469402452593,-647.5898545491707,none,0.0,success,105.0,0.005,"(377, -109, 132)",377.0,-109.0,132.0,,,,
1541,realistic,3,x0y0,utah,13.511000000000001,16.3,Aa,saline,71.14808180560574,16.3,,b,-1,0.08,soma,85.885778758,661.4006441661593,1121.5767990894456,492.5571581103228,,661.0,1121.5651505082858,492.50834755835496,central,5.335000000000134,success,69.27490234375,0.005,"(661, 338, 225)",661.0,338.0,225.0,661.0,,338.0,225.0
1542,realistic,3,x0y0,utah,14.12,17.0,Aa,saline,40.02593410712278,17.0,,b,-1,0.08,soma,87.83240144999998,520.7124372692068,1052.9068558288018,958.49523840265,,521.0,1053.0760086862479,958.7840265152053,central,5.230000000000118,success,51.2939453125,0.005,"(521, 520, 324)",521.0,520.0,324.0,521.0,,520.0,324.0
1543,realistic,3,x0y0,utah,13.163,15.9,Aa,saline,46.629839786332,15.9,,b,-1,0.08,soma,84.773422934,1691.0291774173065,707.4798744901442,644.8885122192962,,1691.0,707.4274005653624,645.166454764389,none,0.0,success,105.0,0.005,"(1691, 106, 77)",1691.0,106.0,77.0,,,,
1544,realistic,3,x0y0,utah,13.163,15.9,Aa,saline,204.91294359301602,15.9,,b,-1,0.08,soma,84.773422934,-418.5114970939805,-558.6297776851206,-1081.1333002532872,,-419.0,-558.4952828699005,-1081.3570086294226,none,0.0,success,105.0,0.005,"(-419, -210, -331)",-419.0,-210.0,-331.0,,,,
1545,realistic,3,x0y0,utah,12.206000000000001,14.8,Aa,saline,-23.34043149898725,14.8,,b,-1,0.08,soma,81.714444418,943.5496732260268,-457.6885094377704,1318.8399787667213,,944.0,-457.20463143920585,1319.302101432304,none,0.0,success,105.0,0.005,"(944, -130, 561)",944.0,-130.0,561.0,,,,
1546,realistic,3,x0y0,utah,11.51,14.0,Aa,saline,82.02340826855249,14.0,,b,-1,0.08,soma,79.48973277,-1946.1912806216947,1176.3698885234317,118.60947528998258,,-1946.0,1176.7448411810656,118.47458745423803,periphery,5.230000000000118,success,36.63330078125,0.005,"(-1946, 360, 4)",-1946.0,360.0,4.0,-1946.0,,360.0,4.0
1547,realistic,3,x0y0,utah,13.685,16.5,Aa,saline,37.559146090556546,16.5,,b,-1,0.08,soma,86.44195667,913.2192295033807,645.2593928728365,825.8112495592445,,913.0,644.8835083930162,825.5307695261546,none,0.0,success,105.0,0.005,"(913, 140, 169)",913.0,140.0,169.0,,,,
1548,realistic,3,x0y0,utah,9.596,11.8,Aa,saline,45.22236056765548,11.8,,b,-1,0.08,soma,73.371775738,1369.1879764592547,931.9320881972563,926.0923866662145,,1369.0,932.2326432094163,925.7955394149237,central,5.270000000000124,success,84.5947265625,0.005,"(1369, 349, 347)",1369.0,349.0,347.0,1369.0,,349.0,347.0
1549,realistic,3,x0y0,utah,13.685,16.5,Aa,saline,-3.722592563114608,16.5,,b,-1,0.08,soma,86.44195667,-1245.598227428625,5.735092909329977,1365.039335602235,,-1246.0,6.2484585060584905,1365.4817142804968,none,0.0,success,105.0,0.005,"(-1246, 60, 539)",-1246.0,60.0,539.0,,,,
1550,realistic,3,x0y0,utah,12.206000000000001,14.8,Aa,saline,2.290847691382295,14.8,,b,-1,0.08,soma,81.714444418,804.7883555970277,116.7950661302566,1345.0375087547557,,805.0,117.03428888836001,1345.196536431233,none,0.0,success,105.0,0.005,"(805, 84, 520)",805.0,84.0,520.0,,,,
1551,realistic,3,x0y0,utah,10.988,13.4,Aa,saline,123.71961462959688,13.4,,b,-1,0.08,soma,77.821199034,-770.0493780451648,963.6325840521145,-906.0678122676218,,-770.0,963.3288366782407,-906.3527737918869,none,0.0,success,105.0,0.005,"(-770, 278, -449)",-770.0,278.0,-449.0,,,,
1552,realistic,3,x0y0,utah,14.555,17.5,Aa,saline,113.22398295502651,17.5,,b,-1,0.08,soma,89.22284623,275.68164814541785,1225.5177347708425,-723.8496476411598,,276.0,1225.4128978426852,-724.1157841342446,periphery,5.215000000000115,success,70.9228515625,0.005,"(276, 463, -397)",276.0,463.0,-397.0,276.0,,463.0,-397.0
1553,realistic,3,x0y0,utah,8.639,10.7,Aa,saline,157.21245250142968,10.7,,b,-1,0.08,soma,70.312797222,-376.0815135704016,633.5237936617991,-1277.8454330436255,,-376.0,633.6465731820404,-1278.1021838794811,none,0.0,success,105.0,0.005,"(-376, 316, -522)",-376.0,316.0,-522.0,,,,
1554,realistic,3,x0y0,utah,11.684,14.2,Aa,saline,162.75139782468617,14.2,,b,-1,0.08,soma,80.045910682,1183.895884795009,329.0652498547052,-1188.8662284464835,,1184.0,328.61930625860657,-1188.8969223506551,none,0.0,success,105.0,0.005,"(1184, 84, -401)",1184.0,84.0,-401.0,,,,
1555,realistic,3,x0y0,utah,9.161000000000001,11.3,Aa,saline,-23.35323334913548,11.3,,b,-1,0.08,soma,71.981330958,-1882.0364410147988,-527.4834819119706,983.5847444315796,,-1882.0,-527.4406997958756,983.7515299762701,none,0.0,success,105.0,0.005,"(-1882, -202, 230)",-1882.0,-202.0,230.0,,,,
1556,realistic,3,x0y0,utah,12.206000000000001,14.8,Aa,saline,160.20752838030037,14.8,,b,-1,0.08,soma,81.714444418,-969.8868405243344,568.8200174876042,-1177.1957862832069,,-970.0,568.6352554399675,-1177.0490603764483,periphery,5.300000000000129,success,95.361328125,0.005,"(-970, 289, -400)",-970.0,289.0,-400.0,-970.0,,289.0,-400.0
1557,realistic,3,x0y0,utah,15.860000000000001,19.0,Aa,saline,126.62081951850807,19.0,,b,-1,0.08,soma,93.39418057,473.98808304404236,1136.5606751100186,-761.7383712021139,,474.0,1136.5200846627413,-762.1073143550027,central,5.215000000000115,success,45.59326171875,0.005,"(474, 469, -266)",474.0,469.0,-266.0,474.0,,469.0,-266.0
1558,realistic,3,x0y0,utah,14.467999999999998,17.4,Aa,saline,145.89393614996726,17.4,,b,-1,0.08,soma,88.944757274,700.7520803550766,826.0798484672378,-977.5452371878332,,701.0,826.085162701766,-977.8031295114362,central,5.300000000000129,success,64.7705078125,0.005,"(701, 361, -291)",701.0,361.0,-291.0,701.0,,361.0,-291.0
1559,realistic,3,x0y0,utah,11.075,13.5,Aa,saline,-22.92351554887341,13.5,,b,-1,0.08,soma,78.09928799,1352.0258881498105,-567.3867318708177,1009.5734410884623,,1352.0,-566.9673363360525,1009.9497221193952,none,0.0,success,105.0,0.005,"(1352, -246, 251)",1352.0,-246.0,251.0,,,,
1560,realistic,3,x0y0,utah,14.033,16.9,Aa,saline,89.97341577560258,16.9,,b,-1,0.08,soma,87.55431249399997,779.3439631443229,1350.0632972100032,76.71636019494053,,779.0,1349.7771562470002,76.4143885781235,central,5.250000000000121,success,22.0550537109375,0.005,"(779, 521, 76)",779.0,521.0,76.0,779.0,,521.0,76.0
1561,realistic,3,x0y0,utah,14.12,17.0,Aa,saline,-2.3299980270657774,17.0,,b,-1,0.08,soma,87.83240144999998,-1314.6031350159642,62.495021002649075,1221.8365629538384,,-1315.0,62.26311063049249,1222.2530677644204,none,0.0,success,105.0,0.005,"(-1315, 96, 394)",-1315.0,96.0,394.0,,,,
1562,realistic,3,x0y0,utah,12.119,14.7,Aa,saline,14.461424310820663,14.7,,b,-1,0.08,soma,81.436355462,1766.558102850169,92.05541889323284,528.319019328726,,1767.0,92.18182897943075,528.5429114969276,none,0.0,success,105.0,0.005,"(1767, -114, -271)",1767.0,-114.0,-271.0,,,,
1563,realistic,3,x0y0,utah,12.38,15.0,Aa,saline,29.626212891789212,15.0,,b,-1,0.08,soma,82.27062233000002,-420.22593155833715,630.5542970449551,1183.0869084221558,,-420.0,630.3586843088597,1183.1594259957346,none,0.0,success,105.0,0.005,"(-420, 222, 465)",-420.0,222.0,465.0,,,,
1564,realistic,3,x0y0,utah,13.511000000000001,16.3,Aa,saline,205.5837663779416,16.3,,b,-1,0.08,soma,85.885778758,-283.2548614900258,-600.9064922026438,-1249.877884436062,,-283.0,-600.5057396338523,-1249.804486219858,none,0.0,success,105.0,0.005,"(-283, -243, -503)",-283.0,-243.0,-503.0,,,,
1565,realistic,3,x0y0,utah,14.381,17.3,Aa,saline,105.45400038309424,17.3,,b,-1,0.08,soma,88.66666831799999,1587.282208640997,891.4784666965343,-176.57230840716102,,1587.0,891.3114674624445,-177.0173335533736,none,0.0,success,105.0,0.005,"(1587, 92, 44)",1587.0,92.0,44.0,,,,
1566,realistic,3,x0y0,utah,11.075,13.5,Aa,saline,92.4615467566136,13.5,,b,-1,0.08,soma,78.09928799,767.7433184941748,1329.9168382224334,-99.63500550032086,,768.0,1330.3079993154047,-99.3517297273855,central,5.24500000000012,success,23.236083984375,0.005,"(768, 507, -64)",768.0,507.0,-64.0,768.0,,507.0,-64.0
1567,realistic,3,x0y0,utah,13.076,15.8,Aa,saline,192.59421083922,15.8,,b,-1,0.08,soma,84.495333978,1312.3352412010954,-335.3404097419475,-1095.0024724919563,,1312.0,-335.3399914036021,-1095.3109982145652,none,0.0,success,105.0,0.005,"(1312, -155, -288)",1312.0,-155.0,-288.0,,,,
1568,realistic,3,x0y0,utah,12.728,15.4,Aa,saline,105.28636558836064,15.4,,b,-1,0.08,soma,83.382978154,-30.97726086410169,1426.8779497206406,-177.25718300884228,,-31.0,1426.4266103636746,-176.91587652069728,tjn,5.070000000000093,success,4.100799560546875,0.005,"(-31, 629, 41)",-31.0,629.0,41.0,-31.0,,629.0,41.0
1569,realistic,3,x0y0,utah,13.946,16.8,Aa,saline,40.02904980720047,16.8,,b,-1,0.08,soma,87.27622353800001,306.9506697717321,693.6267860611498,832.4923860886388,,307.0,693.9800334898209,832.4882021815235,central,5.290000000000127,success,105.0,0.005,"(307, 161, 198)",307.0,161.0,198.0,307.0,,161.0,198.0
1570,realistic,3,x0y0,utah,10.901,13.3,Aa,saline,103.08101636937396,13.3,,b,-1,0.08,soma,77.54311007800001,-1653.5641924940328,1209.499397187028,-269.1645181977856,,-1654.0,1209.43587176349,-269.41950290532577,periphery,5.220000000000116,success,42.29736328125,0.005,"(-1654, 407, -83)",-1654.0,407.0,-83.0,-1654.0,,407.0,-83.0
1571,realistic,3,x0y0,utah,14.293999999999999,17.2,Aa,saline,27.01932011621334,17.2,,b,-1,0.08,soma,88.388579362,-658.1883890545547,438.0142849887111,1340.8342063214695,,-658.0,437.7029658020784,1340.729192676803,none,0.0,success,105.0,0.005,"(-658, 61, 602)",-658.0,61.0,602.0,,,,
1572,realistic,3,x0y0,utah,8.987,11.1,Aa,saline,167.2974168669216,11.1,,b,-1,0.08,soma,71.42515304599999,120.34464289499435,215.0268430834858,-1250.96195889144,,120.0,215.47469557740777,-1250.6051183981867,none,0.0,success,105.0,0.005,"(120, 35, -450)",120.0,35.0,-450.0,,,,
1573,realistic,3,x0y0,utah,11.075,13.5,Aa,saline,139.05056582692882,13.5,,b,-1,0.08,soma,78.09928799,1939.591180446204,547.866564919932,-876.1791234930374,,1940.0,548.0821366743231,-876.4046961094236,none,0.0,success,105.0,0.005,"(1940, 8, -254)",1940.0,8.0,-254.0,,,,
1574,realistic,3,x0y0,utah,11.248999999999999,13.7,Aa,saline,134.47353330973618,13.7,,b,-1,0.08,soma,78.655465902,619.0334376763716,919.4038786701517,-673.0239990691183,,619.0,919.2402702338338,-673.5240097054708,central,5.24500000000012,success,53.9306640625,0.005,"(619, 331, -96)",619.0,331.0,-96.0,619.0,,331.0,-96.0
1575,realistic,3,x0y0,utah,12.467,15.1,Aa,saline,85.14140349837223,15.1,,b,-1,0.08,soma,82.548711286,1428.9395663488597,614.0298678618832,60.28789785288473,,1429.0,614.2997679626853,59.985437922962106,none,0.0,success,105.0,0.005,"(1429, -209, -10)",1429.0,-209.0,-10.0,,,,
1576,realistic,3,x0y0,utah,13.163,15.9,Aa,saline,123.83308260416099,15.9,,b,-1,0.08,soma,84.773422934,-976.552449009441,996.545340201154,-663.1534396513684,,-977.0,996.310141215637,-662.6889209448257,periphery,5.2800000000001255,success,63.525390625,0.005,"(-977, 309, -202)",-977.0,309.0,-202.0,-977.0,,309.0,-202.0
1577,realistic,3,x0y0,utah,10.292,12.6,Aa,saline,28.197248647798272,12.6,,b,-1,0.08,soma,75.596487386,299.8549878122281,697.3028375577701,1079.4345849041856,,300.0,697.7721701449426,1079.132092166641,central,5.195000000000112,success,81.390380859375,0.005,"(300, 309, 354)",300.0,309.0,354.0,300.0,,309.0,354.0
1578,realistic,3,x0y0,utah,14.642000000000001,17.6,Aa,saline,58.88651363832472,17.6,,b,-1,0.08,soma,89.500935186,-170.68553118188646,1038.8925935105237,775.9800286494283,,-171.0,1039.3493753063674,775.7320666053032,periphery,5.225000000000117,success,80.89599609375,0.005,"(-171, 329, 347)",-171.0,329.0,347.0,-171.0,,329.0,347.0
1579,realistic,3,x0y0,utah,12.206000000000001,14.8,Aa,saline,-23.209344932880413,14.8,,b,-1,0.08,soma,81.714444418,-1396.910271671046,-498.9379186138749,1192.181149115835,,-1397.0,-498.47033127256697,1192.0453729322921,none,0.0,success,105.0,0.005,"(-1397, -173, 433)",-1397.0,-173.0,433.0,,,,
1580,realistic,3,x0y0,utah,13.946,16.8,Aa,saline,70.83488118987233,16.8,,b,-1,0.08,soma,87.27622353800001,-203.7749374615849,1273.404806407797,673.5366930948163,,-204.0,1273.7315603769975,674.0418920937627,periphery,5.2100000000001145,success,69.27490234375,0.005,"(-204, 491, 402)",-204.0,491.0,402.0,-204.0,,491.0,402.0
1581,realistic,3,x0y0,utah,12.728,15.4,Aa,saline,31.009528491345893,15.4,,b,-1,0.08,soma,83.382978154,1228.9786888968256,614.5550466857877,1125.6541366270924,,1229.0,614.9114551724706,1125.557275287897,none,0.0,success,105.0,0.005,"(1229, 189, 417)",1229.0,189.0,417.0,,,,
1582,realistic,3,x0y0,utah,14.12,17.0,Aa,saline,135.45812199480866,17.0,,b,-1,0.08,soma,87.83240144999998,-1922.6979093563089,595.1014277470467,-727.7300762326563,,-1923.0,595.4018231885152,-727.7685762567077,none,0.0,success,105.0,0.005,"(-1923, 14, -137)",-1923.0,14.0,-137.0,,,,
1583,realistic,3,x0y0,utah,13.163,15.9,Aa,saline,187.65979080312007,15.9,,b,-1,0.08,soma,84.773422934,-1979.7463707670847,-152.02522007287598,-1099.2273792318829,,-1980.0,-152.29064863855112,-1099.022969734944,none,0.0,success,105.0,0.005,"(-1980, -42, -279)",-1980.0,-42.0,-279.0,,,,
1584,realistic,3,x0y0,utah,14.555,17.5,Aa,saline,-17.682254859648573,17.5,,b,-1,0.08,soma,89.22284623,1035.4961256131196,-385.74246120890393,1214.6979636615504,,1035.0,-385.95298920002557,1214.4537639439723,none,0.0,success,105.0,0.005,"(1035, -134, 424)",1035.0,-134.0,424.0,,,,
1585,realistic,3,x0y0,utah,15.251000000000001,18.3,Aa,saline,68.35592975392314,18.3,,b,-1,0.08,soma,91.447557878,-242.4880377549379,662.3845735012527,387.385102180589,,-242.0,662.1577525238007,387.3709296727033,none,0.0,success,105.0,0.005,"(-242, -110, 81)",-242.0,-110.0,81.0,,,,
1586,realistic,3,x0y0,utah,10.118,12.4,Aa,saline,-12.840177887451894,12.4,,b,-1,0.08,soma,75.040309474,1115.8599826121508,-298.20833968672883,1154.4107996789553,,1116.0,-297.76397838256145,1153.9571508685754,none,0.0,success,105.0,0.005,"(1116, -115, 352)",1116.0,-115.0,352.0,,,,
1587,realistic,3,x0y0,utah,12.988999999999999,15.7,Aa,saline,31.308262069125238,15.7,,b,-1,0.08,soma,84.217245022,290.4460416185628,552.2971749369117,906.3259665065016,,290.0,551.7656402567156,906.6816070733987,none,0.0,success,105.0,0.005,"(290, 122, 200)",290.0,122.0,200.0,,,,
1588,realistic,3,x0y0,utah,13.076,15.8,Aa,saline,98.08327514292526,15.8,,b,-1,0.08,soma,84.495333978,571.3217861441324,1403.5743952885095,-316.18191056042684,,571.0,1404.057915085809,-316.31102197865346,central,5.190000000000111,success,30.9814453125,0.005,"(571, 585, -200)",571.0,585.0,-200.0,571.0,,585.0,-200.0
1589,realistic,3,x0y0,utah,13.163,15.9,Aa,saline,159.98295271268083,15.9,,b,-1,0.08,soma,84.773422934,-287.68245050336725,436.08768700642935,-1230.0325644848238,,-288.0,436.21447133515414,-1230.4125540943933,none,0.0,success,105.0,0.005,"(-288, 153, -453)",-288.0,153.0,-453.0,,,,
1590,realistic,3,x0y0,utah,11.075,13.5,Aa,saline,104.12341690810484,13.5,,b,-1,0.08,soma,78.09928799,-248.0481628046176,1396.1803050072094,-187.42304355531584,,-248.0,1396.1633447463512,-187.06811313478005,periphery,5.105000000000098,success,8.611297607421875,0.005,"(-248, 597, 14)",-248.0,597.0,14.0,-248.0,,597.0,14.0
1591,realistic,3,x0y0,utah,13.25,16.0,Aa,saline,83.37347563911811,16.0,,b,-1,0.08,soma,85.05151189,350.19444365861307,1341.1950802155752,60.22418951153031,,350.0,1340.9813333801687,60.49647223605302,central,5.1650000000001075,success,11.305618286132812,0.005,"(350, 519, -35)",350.0,519.0,-35.0,350.0,,519.0,-35.0
1592,realistic,3,x0y0,utah,12.728,15.4,Aa,saline,-21.949201477497205,15.4,,b,-1,0.08,soma,83.382978154,750.8945970363742,-300.24314949246354,1243.1241920689665,,751.0,-300.0172786169827,1242.7563561189177,none,0.0,success,105.0,0.005,"(751, 9, 476)",751.0,9.0,476.0,,,,
1593,realistic,3,x0y0,utah,12.641,15.3,Aa,saline,45.23064089348834,15.3,,b,-1,0.08,soma,83.104889198,-1001.0321648639984,636.7731265700877,722.7039675216287,,-1001.0,636.7695804208303,723.140886731076,none,0.0,success,105.0,0.005,"(-1001, 50, 141)",-1001.0,50.0,141.0,,,,
1594,realistic,3,x0y0,utah,13.597999999999999,16.4,Aa,saline,196.1838734791481,16.4,,b,-1,0.08,soma,86.16386771399998,-284.21879915462387,-229.58513723465512,-1300.4481281906371,,-284.0,-229.78643496594594,-1300.289889276263,none,0.0,success,105.0,0.005,"(-284, 1, -505)",-284.0,1.0,-505.0,,,,
1595,realistic,3,x0y0,utah,14.207,17.1,Aa,saline,35.87371450146602,17.1,,b,-1,0.08,soma,88.110490406,-1550.7164731731823,535.8565360163975,838.9813698170998,,-1551.0,535.8263736889581,838.7834651879912,none,0.0,success,105.0,0.005,"(-1551, 50, 167)",-1551.0,50.0,167.0,,,,
1596,realistic,3,x0y0,utah,16.294999999999998,19.5,Aa,saline,156.60331851069745,19.5,,b,-1,0.08,soma,94.78462535,-599.0466479137508,748.8549477851911,-1191.8555092963663,,-599.0,748.5429873632426,-1191.969664573115,periphery,5.270000000000124,success,76.3916015625,0.005,"(-599, 418, -428)",-599.0,418.0,-428.0,-599.0,,418.0,-428.0
1597,realistic,3,x0y0,utah,11.51,14.0,Aa,saline,129.17646411485717,14.0,,b,-1,0.08,soma,79.48973277,1703.6141267229864,710.1578704058122,-542.3342654332613,,1704.0,710.3422204216522,-541.9913320954047,none,0.0,success,105.0,0.005,"(1704, 71, -21)",1704.0,71.0,-21.0,,,,
1598,realistic,3,x0y0,utah,14.555,17.5,Aa,saline,216.14381602420318,17.5,,b,-1,0.08,soma,89.22284623,932.225743430489,-672.4774910734873,-1229.5187674132615,,932.0,-672.3048173532271,-1229.9112241653627,none,0.0,success,105.0,0.005,"(932, -183, -560)",932.0,-183.0,-560.0,,,,
1599,realistic,3,x0y0,utah,12.554,15.2,Aa,saline,200.4053352041709,15.2,,b,-1,0.08,soma,82.82680024199999,-1831.1369631554367,-286.3455659204601,-1008.9614376943528,,-1831.0,-286.1703526221928,-1008.5146385934014,none,0.0,success,105.0,0.005,"(-1831, 2, -234)",-1831.0,2.0,-234.0,,,,
1600,realistic,3,x0y0,utah,11.51,14.0,Aa,saline,184.438447539245,14.0,,b,-1,0.08,soma,79.48973277,-926.6097004322032,-56.21578124379084,-1278.299218371209,,-927.0,-55.83525265819902,-1278.2706317858451,none,0.0,success,105.0,0.005,"(-927, 8, -456)",-927.0,8.0,-456.0,,,,
1601,realistic,3,x0y0,utah,11.771,14.3,Aa,saline,175.7623186272045,14.3,,b,-1,0.08,soma,80.323999638,-1860.0487907818008,-56.59680551955307,-1138.8753366534938,,-1860.0,-57.02052821337589,-1138.9340624194888,none,0.0,success,105.0,0.005,"(-1860, -118, -316)",-1860.0,-118.0,-316.0,,,,
1602,realistic,3,x0y0,utah,13.946,16.8,Aa,saline,198.52663578719608,16.8,,b,-1,0.08,soma,87.27622353800001,-1063.9460090392176,-530.2725073995754,-1181.6446196464638,,-1064.0,-530.2583281090114,-1181.714657579366,none,0.0,success,105.0,0.005,"(-1064, -267, -396)",-1064.0,-267.0,-396.0,,,,
1603,realistic,3,x0y0,utah,11.161999999999999,13.6,Aa,saline,142.0652313181361,13.6,,b,-1,0.08,soma,78.377376946,246.22502566467696,927.8474859673317,-1105.4253501797657,,246.0,927.7112056732005,-1105.0376185986552,central,5.195000000000112,success,84.5947265625,0.005,"(246, 421, -455)",246.0,421.0,-455.0,246.0,,421.0,-455.0
1604,realistic,3,x0y0,utah,15.424999999999999,18.5,Aa,saline,140.9518600896221,18.5,,b,-1,0.08,soma,92.00373579,-187.91934468393,915.788252168165,-1075.8243372926872,,-188.0,915.5311767738501,-1075.3560506072572,periphery,5.215000000000115,success,79.046630859375,0.005,"(-188, 392, -430)",-188.0,392.0,-430.0,-188.0,,392.0,-430.0
1605,realistic,3,x0y0,utah,14.12,17.0,Aa,saline,102.4920463793314,17.0,,b,-1,0.08,soma,87.83240144999998,1498.3018226111205,1238.4004475771308,-336.6927401129328,,1498.0,1238.2708867678177,-336.2945742168175,central,5.24500000000012,success,38.78173828125,0.005,"(1498, 429, -157)",1498.0,429.0,-157.0,1498.0,,429.0,-157.0
1606,realistic,3,x0y0,utah,13.685,16.5,Aa,saline,183.9655581963618,16.5,,b,-1,0.08,soma,86.44195667,361.7815611125389,-74.96563724750877,-1416.965202057929,,362.0,-75.31289170078202,-1417.233247986996,none,0.0,success,105.0,0.005,"(362, -18, -591)",362.0,-18.0,-591.0,,,,
1607,realistic,3,x0y0,utah,13.946,16.8,Aa,saline,187.87269958843945,16.8,,b,-1,0.08,soma,87.27622353800001,-1549.9789933490686,-214.84065816161274,-1285.812911195032,,-1550.0,-214.52342131235304,-1285.8489135183718,none,0.0,success,105.0,0.005,"(-1550, -101, -465)",-1550.0,-101.0,-465.0,,,,
1608,realistic,3,x0y0,utah,12.032,14.6,Aa,saline,118.23335750165607,14.6,,b,-1,0.08,soma,81.15826650599999,-564.9371748536319,1266.6553150254867,-613.5308506461997,,-565.0,1266.3352163958932,-613.5814879419945,periphery,5.185000000000111,success,34.197998046875,0.005,"(-565, 539, -223)",-565.0,539.0,-223.0,-565.0,,539.0,-223.0
1609,realistic,3,x0y0,utah,12.293000000000001,14.9,Aa,saline,118.01135553680223,14.9,,b,-1,0.08,soma,81.99253337399999,1781.48232683916,759.4921757432512,-498.082063764924,,1781.0,759.2721038579525,-497.8878468362153,none,0.0,success,105.0,0.005,"(1781, 30, -110)",1781.0,30.0,-110.0,,,,
1610,realistic,3,x0y0,utah,10.292,12.6,Aa,saline,111.24381500359272,12.6,,b,-1,0.08,soma,75.596487386,-1566.7596657034458,851.8276335064247,-385.6586221845555,,-1567.0,851.8479631218763,-386.099803689974,none,0.0,success,105.0,0.005,"(-1567, 85, -88)",-1567.0,85.0,-88.0,,,,
1611,realistic,3,x0y0,utah,13.25,16.0,Aa,saline,103.11541894906547,16.0,,b,-1,0.08,soma,85.05151189,-736.2252619056987,1295.7192938339774,-343.7972741889289,,-736.0,1295.9273337148356,-343.7655940239206,periphery,5.205000000000114,success,30.615234375,0.005,"(-736, 490, -156)",-736.0,490.0,-156.0,-736.0,,490.0,-156.0
1612,realistic,3,x0y0,utah,16.034,19.2,Aa,saline,217.19755834812347,19.2,,b,-1,0.08,soma,93.95035848200001,305.1534923919774,-149.50786571455592,-160.01390117191298,,305.0,-150.01219336910873,-159.7514277833808,none,0.0,success,105.0,0.005,"(305, 353, 503)",305.0,353.0,503.0,,,,
1613,realistic,3,x0y0,utah,12.293000000000001,14.9,Aa,saline,35.262021972378776,14.9,,b,-1,0.08,soma,81.99253337399999,1919.3833708510113,522.5561170097661,907.9828945179106,,1919.0,522.8476447584053,908.4259517499357,none,0.0,success,105.0,0.005,"(1919, 46, 234)",1919.0,46.0,234.0,,,,
1614,realistic,3,x0y0,utah,14.381,17.3,Aa,saline,53.75590626729719,17.3,,b,-1,0.08,soma,88.66666831799999,-225.69801554216858,878.7346349309059,637.4201599823028,,-226.0,878.8573339992337,637.3018671548009,central,5.230000000000118,success,84.3017578125,0.005,"(-226, 210, 147)",-226.0,210.0,147.0,-226.0,,210.0,147.0
1615,realistic,3,x0y0,utah,13.859,16.7,Aa,saline,0.503242311059091,16.7,,b,-1,0.08,soma,86.998134582,-1383.0226978196802,170.50958178066912,1157.6716773565406,,-1383.0,170.2907917921608,1157.4990672910003,periphery,5.250000000000121,success,105.0,0.005,"(-1383, 163, 329)",-1383.0,163.0,329.0,-1383.0,,163.0,329.0
1616,realistic,3,x0y0,utah,12.641,15.3,Aa,saline,-30.33236237666076,15.3,,b,-1,0.08,soma,83.104889198,-1396.2596173788086,-592.0548761520945,1189.0500875370426,,-1396.0,-592.4089845224951,1189.3974149333972,none,0.0,success,105.0,0.005,"(-1396, -175, 476)",-1396.0,-175.0,476.0,,,,
1617,realistic,3,x0y0,utah,12.902,15.6,Aa,saline,112.60454894357498,15.6,,b,-1,0.08,soma,83.93915606600001,-1011.7038719484295,483.1657822770958,-204.01939912602487,,-1012.0,483.4583144400659,-203.8871057958853,none,0.0,success,105.0,0.005,"(-1012, -280, 114)",-1012.0,-280.0,114.0,,,,
1618,realistic,3,x0y0,utah,12.902,15.6,Aa,saline,-28.482760123031348,15.6,,b,-1,0.08,soma,83.93915606600001,872.1087645483003,-671.0408017528363,1174.3463877738068,,872.0,-671.3817917639378,1173.906259091007,none,0.0,success,105.0,0.005,"(872, -277, 447)",872.0,-277.0,447.0,,,,
1619,realistic,3,x0y0,utah,13.685,16.5,Aa,saline,77.08133498967341,16.5,,b,-1,0.08,soma,86.44195667,-1354.9025678628682,1164.0762473929715,278.20668737287133,,-1355.0,1164.2669875831248,278.19021075570606,periphery,5.225000000000117,success,43.0389404296875,0.005,"(-1355, 357, 93)",-1355.0,357.0,93.0,-1355.0,,357.0,93.0
1620,realistic,3,x0y0,utah,11.684,14.2,Aa,saline,159.67531631838702,14.2,,b,-1,0.08,soma,80.045910682,-1090.7950458290145,559.3530339147342,-1238.5938663501058,,-1091.0,559.5304723899294,-1238.6240252232558,none,0.0,success,105.0,0.005,"(-1091, 273, -465)",-1091.0,273.0,-465.0,,,,
1621,realistic,3,x0y0,utah,10.988,13.4,Aa,saline,-7.820919015955412,13.4,,b,-1,0.08,soma,77.821199034,840.0778444054234,-195.56765604050446,1252.9219910776935,,840.0,-195.13423259426372,1253.2482309414922,none,0.0,success,105.0,0.005,"(840, -83, 437)",840.0,-83.0,437.0,,,,
1622,realistic,3,x0y0,utah,10.031,12.3,Aa,saline,196.39825642264813,12.3,,b,-1,0.08,soma,74.76222051799998,-1538.2020396809849,-412.9971163007917,-1084.8182995942643,,-1538.0,-413.1581874261158,-1084.910199071459,none,0.0,success,105.0,0.005,"(-1538, -181, -296)",-1538.0,-181.0,-296.0,,,,
1623,realistic,3,x0y0,utah,12.38,15.0,Aa,saline,21.930601863784567,15.0,,b,-1,0.08,soma,82.27062233000002,1164.4725056190496,607.5519826063019,1055.5740357250252,,1164.0,607.5615387201276,1055.3231146366543,central,5.285000000000126,success,72.900390625,0.005,"(1164, 299, 289)",1164.0,299.0,289.0,1164.0,,299.0,289.0
1624,realistic,3,x0y0,utah,15.077000000000002,18.1,Aa,saline,176.37048023341018,18.1,,b,-1,0.08,soma,90.891379966,504.92491084235655,-6.032983154984777,-1398.6232915482935,,505.0,-6.432787824076087,-1398.7847986030342,none,0.0,success,105.0,0.005,"(505, -59, -570)",505.0,-59.0,-570.0,,,,
1625,realistic,3,x0y0,utah,11.075,13.5,Aa,saline,-17.305038958766776,13.5,,b,-1,0.08,soma,78.09928799,736.5754165362779,-439.71367913440736,1286.412460813528,,737.0,-440.1547690885126,1286.7201951220268,none,0.0,success,105.0,0.005,"(737, -195, 500)",737.0,-195.0,500.0,,,,
1626,realistic,3,x0y0,utah,14.033,16.9,Aa,saline,27.542431611857424,16.9,,b,-1,0.08,soma,87.55431249399997,211.8645707714162,773.3079237435803,1209.6081843648724,,212.0,773.2265570486129,1209.8767044442152,periphery,5.195000000000112,success,87.78076171875,0.005,"(212, 390, 475)",212.0,390.0,475.0,212.0,,390.0,475.0
1627,realistic,3,x0y0,utah,14.642000000000001,17.6,Aa,saline,10.73593177141947,17.6,,b,-1,0.08,soma,89.500935186,314.1015624847161,364.04892396293604,1188.352294672527,,314.0,363.58251211257596,1188.2298344101227,central,5.205000000000114,success,96.533203125,0.005,"(314, 209, 373)",314.0,209.0,373.0,314.0,,209.0,373.0
1628,realistic,3,x0y0,utah,12.032,14.6,Aa,saline,101.83433399462099,14.6,,b,-1,0.08,soma,81.15826650599999,1778.534748627247,1067.0093413513432,-314.57450483228234,,1779.0,1066.9942977147114,-314.3262802301904,central,5.31000000000013,success,74.1455078125,0.005,"(1779, 259, -145)",1779.0,259.0,-145.0,1779.0,,259.0,-145.0
1629,realistic,3,x0y0,utah,11.161999999999999,13.6,Aa,saline,122.28379965614442,13.6,,b,-1,0.08,soma,78.377376946,758.8838450003528,964.3974506620247,-484.00848289570513,,759.0,964.7691172350745,-484.1991785134295,central,5.295000000000128,success,74.1455078125,0.005,"(759, 268, -44)",759.0,268.0,-44.0,759.0,,268.0,-44.0
1630,realistic,3,x0y0,utah,9.857,12.1,Aa,saline,75.24022419352497,12.1,,b,-1,0.08,soma,74.206042606,1906.4009420211685,644.8124445549262,266.57674025460256,,1906.0,644.9736216000011,266.47184982800445,none,0.0,success,105.0,0.005,"(1906, -150, 57)",1906.0,-150.0,57.0,,,,
1631,realistic,3,x0y0,utah,11.597,14.1,Aa,saline,51.943171774415944,14.1,,b,-1,0.08,soma,79.76782172600001,274.780430342703,1123.191364170093,864.8871412637081,,275.0,1123.5135914135262,864.4584426559533,central,5.18000000000011,success,59.36279296875,0.005,"(275, 474, 356)",275.0,474.0,356.0,275.0,,474.0,356.0
1632,realistic,3,x0y0,utah,10.292,12.6,Aa,saline,20.758066295627685,12.6,,b,-1,0.08,soma,75.596487386,690.508795754772,417.23476250280737,1306.4147579180535,,691.0,417.59969756479927,1306.3986376773246,none,0.0,success,105.0,0.005,"(691, 126, 537)",691.0,126.0,537.0,,,,
1633,realistic,3,x0y0,utah,13.25,16.0,Aa,saline,186.35213850241226,16.0,,b,-1,0.08,soma,85.05151189,1331.870561437044,-163.75479472466304,-1178.4142879654496,,1332.0,-163.52434860751703,-1178.4778488337356,none,0.0,success,105.0,0.005,"(1332, -72, -356)",1332.0,-72.0,-356.0,,,,
1634,realistic,3,x0y0,utah,13.076,15.8,Aa,saline,-7.500724324637384,15.8,,b,-1,0.08,soma,84.495333978,561.0141697294737,-157.20596604283585,1431.1749701681922,,561.0,-156.95582054206454,1431.1333370528946,none,0.0,success,105.0,0.005,"(561, -49, 611)",561.0,-49.0,611.0,,,,
1635,realistic,3,x0y0,utah,12.641,15.3,Aa,saline,94.41732718607142,15.3,,b,-1,0.08,soma,83.104889198,1567.106527496344,1241.6610895761526,-91.07383085699213,,1567.0,1242.0727872652033,-90.64453823412302,central,5.220000000000116,success,35.0494384765625,0.005,"(1567, 418, -27)",1567.0,418.0,-27.0,1567.0,,418.0,-27.0
1636,realistic,3,x0y0,utah,10.118,12.4,Aa,saline,139.576252551129,12.4,,b,-1,0.08,soma,75.040309474,1744.958258789286,800.6525553645765,-995.4339409527454,,1745.0,800.322068331471,-995.1845938012782,none,0.0,success,105.0,0.005,"(1745, 267, -369)",1745.0,267.0,-369.0,,,,
1637,realistic,3,x0y0,utah,10.553,12.9,Aa,saline,16.504346481251318,12.9,,b,-1,0.08,soma,76.430754254,1971.112062442264,234.10817226752758,831.5056362726928,,1971.0,233.87548864178078,831.2989035893678,none,0.0,success,105.0,0.005,"(1971, 0, 42)",1971.0,0.0,42.0,,,,
1638,realistic,3,x0y0,utah,11.075,13.5,Aa,saline,163.40153540259746,13.5,,b,-1,0.08,soma,78.09928799,-906.5254615526308,532.8149386662872,-1248.9004671364196,,-907.0,532.4309832893716,-1248.6867738404087,none,0.0,success,105.0,0.005,"(-907, 297, -459)",-907.0,297.0,-459.0,,,,
1639,realistic,3,x0y0,utah,11.858,14.4,Aa,saline,-24.030992554976763,14.4,,b,-1,0.08,soma,80.60208859400001,1939.3586618552965,-362.3834698768637,984.4167334579016,,1939.0,-362.06258523773846,984.7474437564503,none,0.0,success,105.0,0.005,"(1939, -26, 231)",1939.0,-26.0,231.0,,,,
1640,realistic,3,x0y0,utah,11.771,14.3,Aa,saline,178.89332732305283,14.3,,b,-1,0.08,soma,80.323999638,-752.903053599712,-137.72361263233915,-1288.2700156360115,,-753.0,-138.0743734034933,-1287.9969674190365,none,0.0,success,105.0,0.005,"(-753, -154, -463)",-753.0,-154.0,-463.0,,,,
1641,realistic,3,x0y0,utah,13.946,16.8,Aa,saline,360.6550708184532,16.8,,b,-1,0.08,soma,87.27622353800001,-1196.4577608769307,-53.38527081233224,1122.5553961212663,,-1196.0,-53.55352552583339,1122.5552479578232,none,0.0,success,105.0,0.005,"(-1196, -63, 294)",-1196.0,-63.0,294.0,,,,
1642,realistic,3,x0y0,utah,10.379,12.7,Aa,saline,145.77323500892084,12.7,,b,-1,0.08,soma,75.874576342,-14.887128758824804,694.1914711442919,-893.6110590889682,,-15.0,693.9022245961876,-893.404549859783,periphery,5.195000000000112,success,79.9072265625,0.005,"(-15, 231, -213)",-15.0,231.0,-213.0,-15.0,,231.0,-213.0
1643,realistic,3,x0y0,utah,10.988,13.4,Aa,saline,76.96101764283495,13.4,,b,-1,0.08,soma,77.821199034,-474.0201671068557,1100.3844717313068,288.0472221829391,,-474.0,1100.6537060494616,287.8742312510352,tjn,5.185000000000111,success,50.1953125,0.005,"(-474, 298, 102)",-474.0,298.0,102.0,-474.0,,298.0,102.0
1644,realistic,3,x0y0,utah,13.25,16.0,Aa,saline,70.01906338907841,16.0,,b,-1,0.08,soma,85.05151189,1566.7784934349936,1162.7012944073495,390.0015255210137,,1567.0,1162.7087054371113,389.76555080640657,central,5.230000000000118,success,43.6431884765625,0.005,"(1567, 385, 107)",1567.0,385.0,107.0,1567.0,,385.0,107.0
1645,realistic,3,x0y0,utah,12.467,15.1,Aa,saline,-35.07895340813985,15.1,,b,-1,0.08,soma,82.548711286,1418.283133472554,-609.7719793535985,1178.7404274978053,,1418.0,-609.8598721880321,1179.2229326582315,none,0.0,success,105.0,0.005,"(1418, -135, 503)",1418.0,-135.0,503.0,,,,
1646,realistic,3,x0y0,utah,10.814,13.2,Aa,saline,28.90080004119926,13.2,,b,-1,0.08,soma,77.26502112200002,652.1909838403542,615.5692095273707,1233.6183909360552,,652.0,616.0615923541313,1234.0902629961556,none,0.0,success,105.0,0.005,"(652, 218, 513)",652.0,218.0,513.0,,,,
1647,realistic,3,x0y0,utah,13.685,16.5,Aa,saline,98.35750616054358,16.5,,b,-1,0.08,soma,86.44195667,727.149173254606,1356.0431944969932,-316.90271931593446,,727.0,1356.4418359646493,-317.34050815207553,central,5.270000000000124,success,34.4451904296875,0.005,"(727, 537, -197)",727.0,537.0,-197.0,727.0,,537.0,-197.0
1648,realistic,3,x0y0,utah,11.771,14.3,Aa,saline,59.79148006397821,14.3,,b,-1,0.08,soma,80.323999638,1310.7100561877996,1140.2469685655633,644.9231431151028,,1311.0,1140.10500024358,645.1390021089389,central,5.240000000000119,success,45.037078857421875,0.005,"(1311, 427, 230)",1311.0,427.0,230.0,1311.0,,427.0,230.0
1649,realistic,3,x0y0,utah,10.031,12.3,Aa,saline,149.6723643894096,12.3,,b,-1,0.08,soma,74.76222051799998,-991.7317228458963,718.939327958607,-1112.822486347545,,-992.0,719.2202225697692,-1112.879374375569,periphery,5.155000000000106,success,105.0,0.005,"(-992, 304, -403)",-992.0,304.0,-403.0,-992.0,,304.0,-403.0
1650,realistic,3,x0y0,utah,14.99,18.0,Aa,saline,186.9891715739052,18.0,,b,-1,0.08,soma,90.61329101,-1772.7107372848502,-127.85416390298953,-1047.0909121605196,,-1773.0,-128.04831875795853,-1047.1623763282632,none,0.0,success,105.0,0.005,"(-1773, -27, -223)",-1773.0,-27.0,-223.0,,,,
1651,realistic,3,x0y0,utah,14.729,17.7,Aa,saline,347.42047718169715,17.7,,b,-1,0.08,soma,89.77902414200001,-1343.5518380885053,-202.37102638272063,879.1113238332712,,-1344.0,-202.74993572906385,878.9721637812962,none,0.0,success,105.0,0.005,"(-1344, -22, 69)",-1344.0,-22.0,69.0,,,,
1652,realistic,3,x0y0,utah,13.685,16.5,Aa,saline,-4.961582951675164,16.5,,b,-1,0.08,soma,86.44195667,-1106.1529718549584,-119.52541231128951,1299.5107582602295,,-1106.0,-119.64111462597751,1299.1565607151606,none,0.0,success,105.0,0.005,"(-1106, -48, 474)",-1106.0,-48.0,474.0,,,,
1653,realistic,3,x0y0,utah,11.771,14.3,Aa,saline,111.98568926898622,14.3,,b,-1,0.08,soma,80.323999638,-41.6409098686843,1292.9399616379778,-430.8315992255548,,-42.0,1293.172722432159,-430.9406527322337,tjn,5.125000000000101,success,15.88134765625,0.005,"(-42, 528, -122)",-42.0,528.0,-122.0,-42.0,,528.0,-122.0
1654,realistic,3,x0y0,utah,16.208,19.4,Aa,saline,146.23219798806832,19.4,,b,-1,0.08,soma,94.506536394,-1409.3957475513062,800.7884937016498,-1041.9340307563532,,-1409.0,800.5663664638927,-1041.8521418521664,periphery,5.31000000000013,success,76.3916015625,0.005,"(-1409, 338, -350)",-1409.0,338.0,-350.0,-1409.0,,338.0,-350.0
1655,realistic,3,x0y0,utah,11.597,14.1,Aa,saline,90.23833298314214,14.1,,b,-1,0.08,soma,79.76782172600001,650.2793334104135,988.9179778352836,8.648564707271362,,650.0,988.8839108630002,8.535487574375399,periphery,5.290000000000127,success,67.041015625,0.005,"(650, 164, 12)",650.0,164.0,12.0,650.0,,164.0,12.0
1656,realistic,3,x0y0,utah,11.161999999999999,13.6,Aa,saline,-1.566837904090984,13.6,,b,-1,0.08,soma,78.377376946,-600.2577627071362,-58.762809176467286,1384.440522568004,,-600.0,-58.50035119531291,1384.859012997611,none,0.0,success,105.0,0.005,"(-600, -36, 561)",-600.0,-36.0,561.0,,,,
1657,realistic,3,x0y0,utah,13.685,16.5,Aa,saline,35.124897678572594,16.5,,b,-1,0.08,soma,86.44195667,-307.63677959596487,779.2986304708629,840.6478626097069,,-308.0,779.5583509339591,840.4019381801966,periphery,5.2100000000001145,success,55.615234375,0.005,"(-308, 303, 163)",-308.0,303.0,163.0,-308.0,,303.0,163.0
1658,realistic,3,x0y0,utah,8.813,10.9,Aa,saline,41.5775718217276,10.9,,b,-1,0.08,soma,70.86897513400001,1244.8674949193955,733.6252438785733,660.3375618730151,,1245.0,733.4403259494613,660.7670401488729,central,5.260000000000122,success,90.07415771484375,0.005,"(1245, 189, 47)",1245.0,189.0,47.0,1245.0,,189.0,47.0
1659,realistic,3,x0y0,utah,11.858,14.4,Aa,saline,134.46933502273114,14.4,,b,-1,0.08,soma,80.60208859400001,1234.3623857356854,720.2655576350778,-720.6316864235109,,1234.0,719.9348252103393,-720.1233815300486,none,0.0,success,105.0,0.005,"(1234, 131, -142)",1234.0,131.0,-142.0,,,,
1660,realistic,3,x0y0,utah,13.337000000000002,16.1,Aa,saline,-30.2281813934013,16.1,,b,-1,0.08,soma,85.329600846,-458.9568786599285,-602.4619809994479,1295.403202727679,,-459.0,-602.6464605329382,1295.1023875654723,none,0.0,success,105.0,0.005,"(-459, -186, 580)",-459.0,-186.0,580.0,,,,
1661,realistic,3,x0y0,utah,13.685,16.5,Aa,saline,0.20672977578596746,16.5,,b,-1,0.08,soma,86.44195667,-1881.972857970608,-65.06907687350031,1154.5705495373152,,-1882.0,-65.018404477994,1154.2209783350002,none,0.0,success,105.0,0.005,"(-1882, -68, 326)",-1882.0,-68.0,326.0,,,,
1662,realistic,3,x0y0,utah,13.337000000000002,16.1,Aa,saline,34.152569148240126,16.1,,b,-1,0.08,soma,85.329600846,605.6134655371261,804.0845171100159,1171.6644261131387,,606.0,803.6510189574724,1171.8926223500325,none,0.0,success,105.0,0.005,"(606, 339, 487)",606.0,339.0,487.0,,,,
1663,realistic,3,x0y0,utah,15.251000000000001,18.3,Aa,saline,161.13708403595112,18.3,,b,-1,0.08,soma,91.447557878,53.41215609891336,271.92970972070725,-858.2095851584213,,53.0,271.5729977309787,-858.1139120099759,none,0.0,success,105.0,0.005,"(53, 3, -72)",53.0,3.0,-72.0,,,,
1664,realistic,3,x0y0,utah,13.946,16.8,Aa,saline,130.91223915386215,16.8,,b,-1,0.08,soma,87.27622353800001,-1045.6239059522577,1043.9567584620806,-920.686847956028,,-1046.0,1044.2018210638334,-920.6750993975184,periphery,5.285000000000126,success,72.16796875,0.005,"(-1046, 418, -378)",-1046.0,418.0,-378.0,-1046.0,,418.0,-378.0
1665,realistic,3,x0y0,utah,12.815,15.5,Aa,saline,49.11348253909932,15.5,,b,-1,0.08,soma,83.66106711,-661.7217507855835,1113.2564487720174,708.4568639723268,,-662.0,1113.0838833675803,708.2432672651031,periphery,5.200000000000113,success,30.615234375,0.005,"(-662, 488, 167)",-662.0,488.0,167.0,-662.0,,488.0,167.0
1666,realistic,3,x0y0,utah,12.206000000000001,14.8,Aa,saline,26.88007122729197,14.8,,b,-1,0.08,soma,81.714444418,-126.80339520392424,628.5556091515183,1095.5968455545526,,-127.0,628.370050160689,1095.6646422104282,periphery,5.200000000000113,success,89.044189453125,0.005,"(-127, 255, 359)",-127.0,255.0,359.0,-127.0,,255.0,359.0
1667,realistic,3,x0y0,utah,13.337000000000002,16.1,Aa,saline,167.80263356551947,16.1,,b,-1,0.08,soma,85.329600846,-120.32698212943303,370.02130404536143,-1334.9528630575905,,-120.0,369.8855723293799,-1334.9595759334404,none,0.0,success,105.0,0.005,"(-120, 195, -526)",-120.0,195.0,-526.0,,,,
1668,realistic,3,x0y0,utah,8.726,10.8,Aa,saline,86.19642165487974,10.8,,b,-1,0.08,soma,70.590886178,-1078.1573735223492,1188.115183134998,-23.047670164911324,,-1078.0,1188.4907931142043,-22.614412123199287,periphery,5.195000000000112,success,39.056396484375,0.005,"(-1078, 370, -77)",-1078.0,370.0,-77.0,-1078.0,,370.0,-77.0
1669,realistic,3,x0y0,utah,12.902,15.6,Aa,saline,35.14254335002017,15.6,,b,-1,0.08,soma,83.93915606600001,1978.7919564912647,435.66129589694987,735.0155300342136,,1979.0,436.00368911579494,735.2130239575844,none,0.0,success,105.0,0.005,"(1979, -40, 59)",1979.0,-40.0,59.0,,,,
1670,realistic,3,x0y0,utah,11.945,14.5,Aa,saline,66.23748715095579,14.5,,b,-1,0.08,soma,80.88017755,352.8280358397875,935.3026447518993,442.3945683523707,,353.0,935.4427692468802,442.56981176744756,periphery,5.250000000000121,success,80.89599609375,0.005,"(353, 180, 110)",353.0,180.0,110.0,353.0,,180.0,110.0
1671,realistic,3,x0y0,utah,13.337000000000002,16.1,Aa,saline,87.01352679280744,16.1,,b,-1,0.08,soma,85.329600846,1662.205437488683,922.1764446930326,-17.310668498892937,,1662.0,922.506069702408,-16.878663897961687,none,0.0,success,105.0,0.005,"(1662, 96, -60)",1662.0,96.0,-60.0,,,,
1672,realistic,3,x0y0,utah,11.771,14.3,Aa,saline,147.38644868928122,14.3,,b,-1,0.08,soma,80.323999638,1885.8572122816772,461.95205476656196,-749.8715739421805,,1886.0,461.76231790244117,-750.0339524475439,none,0.0,success,105.0,0.005,"(1886, 17, -55)",1886.0,17.0,-55.0,,,,
1673,realistic,3,x0y0,utah,11.945,14.5,Aa,saline,17.400670612088692,14.5,,b,-1,0.08,soma,80.88017755,1919.1649029587008,444.59065598187993,1144.1827117930288,,1919.0,444.8891305526025,1144.6349327091052,central,5.3950000000001435,success,105.0,0.005,"(1919, 198, 357)",1919.0,198.0,357.0,1919.0,,198.0,357.0
1674,realistic,3,x0y0,utah,7.943,9.9,Aa,saline,-23.643625420592734,9.9,,b,-1,0.08,soma,68.08808557399999,1253.5257064729876,-476.37086106356674,1098.8062929449043,,1254.0,-476.4366611575871,1099.326247597171,none,0.0,success,105.0,0.005,"(1254, -148, 349)",1254.0,-148.0,349.0,,,,
1675,realistic,3,x0y0,utah,13.772000000000002,16.6,Aa,saline,47.40446704002545,16.6,,b,-1,0.08,soma,86.720045626,1053.8381129566628,731.9479328450203,646.2145616445123,,1054.0,731.7558127926494,646.6340634398385,none,0.0,success,105.0,0.005,"(1054, 122, 86)",1054.0,122.0,86.0,,,,
1676,realistic,3,x0y0,utah,11.161999999999999,13.6,Aa,saline,133.41450337695028,13.6,,b,-1,0.08,soma,78.377376946,-1144.4176371687124,1027.0912618777493,-920.297652474781,,-1144.0,1026.6906633067874,-920.4648855874931,periphery,5.2350000000001184,success,68.39599609375,0.005,"(-1144, 428, -354)",-1144.0,428.0,-354.0,-1144.0,,428.0,-354.0
1677,realistic,3,x0y0,utah,13.076,15.8,Aa,saline,179.86045193496312,15.8,,b,-1,0.08,soma,84.495333978,-874.6511806370551,183.37518999716715,-1228.469568313015,,-875.0,182.9853944007736,-1228.2476669890002,none,0.0,success,105.0,0.005,"(-875, 181, -401)",-875.0,181.0,-401.0,,,,
1678,realistic,3,x0y0,utah,11.684,14.2,Aa,saline,27.163943776315485,14.2,,b,-1,0.08,soma,80.045910682,-644.309471556237,698.7690329909302,1189.7202963759955,,-644.0,698.6229791131666,1190.0229233668879,periphery,5.160000000000107,success,105.0,0.005,"(-644, 322, 456)",-644.0,322.0,456.0,-644.0,,322.0,456.0
1679,realistic,3,x0y0,utah,13.859,16.7,Aa,saline,-19.31818724843595,16.7,,b,-1,0.08,soma,86.998134582,567.0670012153256,-563.1211874731707,1138.930216012035,,567.0,-563.0674914598628,1138.8545698025168,none,0.0,success,105.0,0.005,"(567, -289, 357)",567.0,-289.0,357.0,,,,
1680,realistic,3,x0y0,utah,10.64,13.0,Aa,saline,-5.623972968765931,13.0,,b,-1,0.08,soma,76.70884321,996.0383093851564,69.83496240228989,1383.9476966665725,,996.0,70.31126668270998,1384.4023203812962,none,0.0,success,105.0,0.005,"(996, 151, 565)",996.0,151.0,565.0,,,,
1681,realistic,3,x0y0,utah,10.727,13.1,Aa,saline,205.77367868812448,13.1,,b,-1,0.08,soma,76.986932166,218.91052153752446,-34.644721443621165,-87.11973707181778,,219.0,-35.05495905288848,-87.55586620774159,none,0.0,success,105.0,0.005,"(219, 323, 654)",219.0,323.0,654.0,,,,
1682,realistic,3,x0y0,utah,14.642000000000001,17.6,Aa,saline,-5.838027720743178,17.6,,b,-1,0.08,soma,89.500935186,-1506.162734536524,-268.39343519886415,1130.201071297868,,-1506.0,-268.3856225542081,1130.4357651615164,none,0.0,success,105.0,0.005,"(-1506, -184, 305)",-1506.0,-184.0,305.0,,,,
1683,realistic,3,x0y0,utah,12.988999999999999,15.7,Aa,saline,47.34845897137949,15.7,,b,-1,0.08,soma,84.217245022,732.3707492700403,937.1399079868984,937.2385714451964,,732.0,937.3383918568408,937.3660917512027,central,5.315000000000131,success,90.07415771484375,0.005,"(732, 329, 377)",732.0,329.0,377.0,732.0,,329.0,377.0
1684,realistic,3,x0y0,utah,11.075,13.5,Aa,saline,13.99604105669787,13.5,,b,-1,0.08,soma,78.09928799,1068.431679045684,365.12934013363287,1152.8558902794784,,1068.0,365.33760888239055,1152.5753695683488,none,0.0,success,105.0,0.005,"(1068, 166, 353)",1068.0,166.0,353.0,,,,
1685,realistic,3,x0y0,utah,15.338,18.4,Aa,saline,202.1488711620369,18.4,,b,-1,0.08,soma,91.725646834,-1051.7539778731032,-647.9350115372545,-1158.3506314483482,,-1052.0,-648.2352844282091,-1158.5451470488256,none,0.0,success,105.0,0.005,"(-1052, -335, -389)",-1052.0,-335.0,-389.0,,,,
1686,realistic,3,x0y0,utah,10.988,13.4,Aa,saline,-22.420050346121826,13.4,,b,-1,0.08,soma,77.821199034,1291.2738844178791,-555.5278499793121,1124.333383100382,,1291.0,-555.2395026557839,1124.622958193515,none,0.0,success,105.0,0.005,"(1291, -241, 363)",1291.0,-241.0,363.0,,,,
1687,realistic,3,x0y0,utah,12.728,15.4,Aa,saline,155.49056392538571,15.4,,b,-1,0.08,soma,83.382978154,1621.7820983072575,465.42163240161835,-978.0808684501736,,1622.0,464.9116296691397,-978.2065859111626,none,0.0,success,105.0,0.005,"(1622, 122, -226)",1622.0,122.0,-226.0,,,,
1688,realistic,3,x0y0,utah,10.901,13.3,Aa,saline,94.84191725587222,13.3,,b,-1,0.08,soma,77.54311007800001,-1691.3893274918914,1119.3622332876084,-188.79481315514198,,-1691.0,1119.8059774408598,-188.52631924529163,periphery,5.270000000000124,success,63.8916015625,0.005,"(-1691, 299, -119)",-1691.0,299.0,-119.0,-1691.0,,299.0,-119.0
1689,realistic,3,x0y0,utah,10.205,12.5,Aa,saline,156.9793147656915,12.5,,b,-1,0.08,soma,75.31839843,968.4820442449134,549.9884589742223,-1281.2776534504687,,968.0,549.7420128129866,-1281.175526957486,none,0.0,success,105.0,0.005,"(968, 228, -524)",968.0,228.0,-524.0,,,,
1690,realistic,3,x0y0,utah,12.38,15.0,Aa,saline,-31.531102428560967,15.0,,b,-1,0.08,soma,82.27062233000002,965.3983778897084,-629.8214835419452,1142.3811922776829,,965.0,-630.0687677392953,1142.1977392370463,none,0.0,success,105.0,0.005,"(965, -198, 438)",965.0,-198.0,438.0,,,,
1691,realistic,3,x0y0,utah,13.076,15.8,Aa,saline,47.393257250729675,15.8,,b,-1,0.08,soma,84.495333978,549.8566095063586,881.8796392317427,1058.238457777291,,550.0,881.8542829039042,1058.0466705515532,none,0.0,success,105.0,0.005,"(550, 273, 498)",550.0,273.0,498.0,,,,
1692,realistic,3,x0y0,utah,12.728,15.4,Aa,saline,54.890060423549,15.4,,b,-1,0.08,soma,83.382978154,-419.86978678452004,915.3615877590504,799.18897509819,,-420.0,915.2336380649862,799.4302753681827,none,0.0,success,105.0,0.005,"(-420, 239, 324)",-420.0,239.0,324.0,,,,
1693,realistic,3,x0y0,utah,12.641,15.3,Aa,saline,-7.1303321634271475,15.3,,b,-1,0.08,soma,83.104889198,202.95291750209546,-48.71160705144075,1447.1953399545966,,203.0,-48.575158374735935,1447.1879907755879,none,0.0,success,105.0,0.005,"(203, 54, 627)",203.0,54.0,627.0,,,,
1694,realistic,3,x0y0,utah,11.075,13.5,Aa,saline,45.397464426960894,13.5,,b,-1,0.08,soma,78.09928799,130.71002726538893,426.1767068909494,432.34219278927185,,131.0,425.7233465244401,432.64766001328917,none,0.0,success,105.0,0.005,"(131, -161, -146)",131.0,-161.0,-146.0,,,,
1695,realistic,3,x0y0,utah,11.945,14.5,Aa,saline,10.57144515105118,14.5,,b,-1,0.08,soma,80.88017755,-216.26695806947362,193.35950049625941,1423.2436118513995,,-216.0,193.46825629021254,1423.4076072658252,none,0.0,success,105.0,0.005,"(-216, 42, 612)",-216.0,42.0,612.0,,,,
1696,realistic,3,x0y0,utah,12.467,15.1,Aa,saline,209.52886618288483,15.1,,b,-1,0.08,soma,82.548711286,-1560.913869758262,-472.73845696790016,-1002.2125671185477,,-1561.0,-472.2706298964348,-1001.9413168449744,none,0.0,success,105.0,0.005,"(-1561, -65, -283)",-1561.0,-65.0,-283.0,,,,
1697,realistic,3,x0y0,utah,10.292,12.6,Aa,saline,118.33213259344923,12.6,,b,-1,0.08,soma,75.596487386,-153.1920919523859,1131.402597028945,-670.2837950680596,,-153.0,1131.2270140985788,-670.5000464566979,tjn,5.185000000000111,success,55.3955078125,0.005,"(-153, 407, -280)",-153.0,407.0,-280.0,-153.0,,407.0,-280.0
1698,realistic,3,x0y0,utah,11.51,14.0,Aa,saline,195.4334972664326,14.0,,b,-1,0.08,soma,79.48973277,-1753.6591756880184,-442.2229179066912,-1061.9336369470227,,-1754.0,-442.46460894504855,-1061.9715767085017,none,0.0,success,105.0,0.005,"(-1754, -223, -267)",-1754.0,-223.0,-267.0,,,,
1699,realistic,3,x0y0,utah,14.293999999999999,17.2,Aa,saline,59.00434613623026,17.2,,b,-1,0.08,soma,88.388579362,662.5505229531301,623.7952465518048,388.0940714055514,,663.0,623.7853451145534,388.0350591857151,none,0.0,success,105.0,0.005,"(663, -87, -39)",663.0,-87.0,-39.0,,,,
1700,realistic,3,x0y0,utah,11.771,14.3,Aa,saline,-21.943037502914237,14.3,,b,-1,0.08,soma,80.323999638,-1330.3165075043296,-474.54746322317436,1253.7705165917966,,-1330.0,-474.36303933236036,1253.4202710321047,none,0.0,success,105.0,0.005,"(-1330, -166, 488)",-1330.0,-166.0,488.0,,,,
1701,realistic,3,x0y0,utah,12.38,15.0,Aa,saline,81.78308243384805,15.0,,b,-1,0.08,soma,82.27062233000002,116.59241119371245,1451.2447865564902,100.68140178851988,,117.0,1451.6261174600008,101.05473596547854,tjn,5.075000000000093,success,4.77447509765625,0.005,"(117, 634, -17)",117.0,634.0,-17.0,117.0,,634.0,-17.0
1702,realistic,3,x0y0,utah,11.248999999999999,13.7,Aa,saline,-20.082077778730987,13.7,,b,-1,0.08,soma,78.655465902,747.6166517945703,-509.7125755140296,1170.3315401623695,,748.0,-510.07414349537345,1170.2086067875794,none,0.0,success,105.0,0.005,"(748, -227, 396)",748.0,-227.0,396.0,,,,
1703,realistic,3,x0y0,utah,12.641,15.3,Aa,saline,100.094095976028,15.3,,b,-1,0.08,soma,83.104889198,-164.60680400168638,1342.3440100441212,-164.185519471283,,-165.0,1342.7408817077157,-163.89464353820478,tjn,5.110000000000099,success,10.173797607421875,0.005,"(-165, 529, -19)",-165.0,529.0,-19.0,-165.0,,529.0,-19.0
1704,realistic,3,x0y0,utah,14.902999999999999,17.9,Aa,saline,171.55868420100148,17.9,,b,-1,0.08,soma,90.33520205399999,-1422.6166114262064,213.5614550940604,-1160.4788783473864,,-1423.0,213.86860383076362,-1160.2017909359085,none,0.0,success,105.0,0.005,"(-1423, 92, -339)",-1423.0,92.0,-339.0,,,,
1705,realistic,3,x0y0,utah,11.336,13.8,Aa,saline,164.03531176653019,13.8,,b,-1,0.08,soma,78.93355485800001,203.36042704936185,286.73725711148967,-1347.4390756905166,,203.0,286.7283637929751,-1347.642359820241,none,0.0,success,105.0,0.005,"(203, 60, -555)",203.0,60.0,-555.0,,,,
1706,realistic,3,x0y0,utah,14.467999999999998,17.4,Aa,saline,1.769019674270396,17.4,,b,-1,0.08,soma,88.944757274,443.45285714228265,18.21099486982939,1444.3516502710434,,443.0,18.630696499883307,1444.0576424476817,none,0.0,success,105.0,0.005,"(443, -7, 615)",443.0,-7.0,615.0,,,,
1707,realistic,3,x0y0,utah,11.336,13.8,Aa,saline,134.5493597035663,13.8,,b,-1,0.08,soma,78.93355485800001,117.97721808930572,1085.8461044208752,-916.1998728635699,,118.0,1085.5150255959056,-916.3634443664437,periphery,5.175000000000109,success,50.927734375,0.005,"(118, 498, -338)",118.0,498.0,-338.0,118.0,,498.0,-338.0
1708,realistic,3,x0y0,utah,13.424,16.2,Aa,saline,117.13742750636528,16.2,,b,-1,0.08,soma,85.607689802,-911.424682489884,1114.8683139996738,-588.8361804344439,,-911.0,1114.6626415774,-588.5613336593462,periphery,5.255000000000122,success,51.708984375,0.005,"(-911, 378, -211)",-911.0,378.0,-211.0,-911.0,,378.0,-211.0
1709,realistic,3,x0y0,utah,14.293999999999999,17.2,Aa,saline,45.09124369739675,17.2,,b,-1,0.08,soma,88.388579362,527.3711922803335,882.5756372494252,826.3688127305403,,527.0,882.2353959520844,826.4111685147861,central,5.290000000000127,success,71.8017578125,0.005,"(527, 295, 241)",527.0,295.0,241.0,527.0,,295.0,241.0
1710,realistic,3,x0y0,utah,12.988999999999999,15.7,Aa,saline,73.83101931813981,15.7,,b,-1,0.08,soma,84.217245022,-517.3122048272156,1316.8006957236612,378.1739908522068,,-517.0,1316.3551210595647,378.3497513693136,periphery,5.170000000000108,success,23.40087890625,0.005,"(-517, 522, 148)",-517.0,522.0,148.0,-517.0,,522.0,148.0
1711,realistic,3,x0y0,utah,10.118,12.4,Aa,saline,187.8410729983226,12.4,,b,-1,0.08,soma,75.040309474,1390.118737581212,-145.13437757378549,-1304.4264138704034,,1390.0,-145.19174910612682,-1304.8707172979462,none,0.0,success,105.0,0.005,"(1390, -33, -490)",1390.0,-33.0,-490.0,,,,
1712,realistic,3,x0y0,utah,9.161000000000001,11.3,Aa,saline,205.42889795927692,11.3,,b,-1,0.08,soma,71.981330958,-580.5182818027242,-635.2739056893643,-1207.0371366156094,,-581.0,-635.5333917566827,-1207.4366699940852,none,0.0,success,105.0,0.005,"(-581, -283, -466)",-581.0,-283.0,-466.0,,,,
1713,realistic,3,x0y0,utah,11.597,14.1,Aa,saline,195.05402600025693,14.1,,b,-1,0.08,soma,79.76782172600001,86.64174774483268,-378.2780551595738,-1169.4938227943471,,87.0,-378.22235165112113,-1169.5903927203994,none,0.0,success,105.0,0.005,"(87, -164, -373)",87.0,-164.0,-373.0,,,,
1714,realistic,3,x0y0,utah,16.208,19.4,Aa,saline,105.73635762074647,19.4,,b,-1,0.08,soma,94.506536394,-643.2744471671268,939.5986018678012,-303.01249822249883,,-643.0,940.0437706396127,-302.7070863350265,central,5.270000000000124,success,105.0,0.005,"(-643, 139, -77)",-643.0,139.0,-77.0,-643.0,,139.0,-77.0
1715,realistic,3,x0y0,utah,13.597999999999999,16.4,Aa,saline,151.034667396436,16.4,,b,-1,0.08,soma,86.16386771399998,1721.5019773469296,688.5477712304048,-1021.8702287322008,,1722.0,689.0400805669452,-1021.4888839314895,central,5.330000000000133,success,79.046630859375,0.005,"(1722, 288, -297)",1722.0,288.0,-297.0,1722.0,,288.0,-297.0
1716,realistic,3,x0y0,utah,12.815,15.5,Aa,saline,91.738439503487,15.5,,b,-1,0.08,soma,83.66106711,-768.1525542412111,1340.5316172975215,73.20709983283268,,-768.0,1340.4171182882228,72.9470348332835,periphery,5.170000000000108,success,22.611236572265625,0.005,"(-768, 514, 98)",-768.0,514.0,98.0,-768.0,,514.0,98.0
1717,realistic,3,x0y0,utah,13.946,16.8,Aa,saline,108.49072064351877,16.8,,b,-1,0.08,soma,87.27622353800001,1308.483579174535,1192.7323101589736,-276.94809979931097,,1308.0,1192.88038520172,-276.84400905312685,central,5.220000000000116,success,27.532958984375,0.005,"(1308, 407, -14)",1308.0,407.0,-14.0,1308.0,,407.0,-14.0
1718,realistic,3,x0y0,utah,15.424999999999999,18.5,Aa,saline,-12.232575826611422,18.5,,b,-1,0.08,soma,92.00373579,1860.8645928802705,-319.86834968236013,1095.5845217370597,,1861.0,-320.08929580695053,1095.1381254937837,none,0.0,success,105.0,0.005,"(1861, -144, 283)",1861.0,-144.0,283.0,,,,
1719,realistic,3,x0y0,utah,12.206000000000001,14.8,Aa,saline,151.5104931724486,14.8,,b,-1,0.08,soma,81.714444418,-220.11147645375263,596.6186079239948,-1302.2799126370098,,-220.0,596.933894993693,-1301.8459125994902,none,0.0,success,105.0,0.005,"(-220, 203, -576)",-220.0,203.0,-576.0,,,,
1720,realistic,3,x0y0,utah,14.729,17.7,Aa,saline,43.850156619140975,17.7,,b,-1,0.08,soma,89.77902414200001,1796.1701131159589,660.4637272461969,589.0614556619857,,1796.0,660.9474539627889,589.5163161056054,none,0.0,success,105.0,0.005,"(1796, 86, -9)",1796.0,86.0,-9.0,,,,
1721,realistic,3,x0y0,utah,9.508999999999999,11.7,Aa,saline,158.6035597788669,11.7,,b,-1,0.08,soma,73.09368678199999,-1928.6377933445945,484.4332536762254,-1012.471536017641,,-1929.0,484.7002884690369,-1012.9422658813603,periphery,5.305000000000129,success,94.775390625,0.005,"(-1929, 185, -248)",-1929.0,185.0,-248.0,-1929.0,,185.0,-248.0
1722,realistic,3,x0y0,utah,13.772000000000002,16.6,Aa,saline,199.56535846868832,16.6,,b,-1,0.08,soma,86.720045626,115.9893533780696,-515.8898084461575,-1198.9883165077688,,116.0,-515.4177716400737,-1198.5636494966902,none,0.0,success,105.0,0.005,"(116, -238, -418)",116.0,-238.0,-418.0,,,,
1723,realistic,3,x0y0,utah,15.424999999999999,18.5,Aa,saline,194.74093439289,18.5,,b,-1,0.08,soma,92.00373579,1132.5014044346028,-350.18161541370773,-1108.678081909212,,1133.0,-350.4068751924881,-1108.6619064412546,none,0.0,success,105.0,0.005,"(1133, -139, -305)",1133.0,-139.0,-305.0,,,,
1724,realistic,3,x0y0,utah,13.076,15.8,Aa,saline,117.885267634908,15.8,,b,-1,0.08,soma,84.495333978,-1835.7124344406589,799.3515535814317,-605.3108678929492,,-1836.0,799.2042128515773,-604.9037338507554,none,0.0,success,105.0,0.005,"(-1836, 68, -218)",-1836.0,68.0,-218.0,,,,
1725,realistic,3,x0y0,utah,10.988,13.4,Aa,saline,-15.862814893746776,13.4,,b,-1,0.08,soma,77.821199034,1577.1962537399972,-469.20057957937485,987.7426108228206,,1577.0,-469.1747668479961,987.5196056754024,none,0.0,success,105.0,0.005,"(1577, -244, 195)",1577.0,-244.0,195.0,,,,
1726,realistic,3,x0y0,utah,11.248999999999999,13.7,Aa,saline,196.24381063833482,13.7,,b,-1,0.08,soma,78.655465902,103.02466054710035,-254.2909157933477,-1360.1757708930145,,103.0,-254.56446690639478,-1360.4370564062554,none,0.0,success,105.0,0.005,"(103, -24, -569)",103.0,-24.0,-569.0,,,,
1727,realistic,3,x0y0,utah,12.554,15.2,Aa,saline,120.0190945767399,15.2,,b,-1,0.08,soma,82.82680024199999,764.0450506611189,1244.7723455617681,-669.2408263372437,,764.0,1244.591363164774,-669.4546240805364,central,5.2800000000001255,success,42.791748046875,0.005,"(764, 529, -256)",764.0,529.0,-256.0,764.0,,529.0,-256.0
1728,realistic,3,x0y0,utah,15.077000000000002,18.1,Aa,saline,-5.85570560854698,18.1,,b,-1,0.08,soma,90.891379966,-1078.4361698059622,-338.64239230579824,1346.7396708825336,,-1078.0,-338.705460378266,1347.1273723950887,none,0.0,success,105.0,0.005,"(-1078, -254, 521)",-1078.0,-254.0,521.0,,,,
1729,realistic,3,x0y0,utah,11.945,14.5,Aa,saline,-29.3718396082513,14.5,,b,-1,0.08,soma,80.88017755,-1975.210758215423,-528.2356366396007,926.532429221124,,-1975.0,-527.8783635441375,926.3710373674127,none,0.0,success,105.0,0.005,"(-1975, -123, 207)",-1975.0,-123.0,207.0,,,,
1730,realistic,3,x0y0,utah,13.772000000000002,16.6,Aa,saline,121.89236412079521,16.6,,b,-1,0.08,soma,86.720045626,-820.0869101270845,1064.0430503762632,-781.2750868285648,,-820.0,1064.2776593682372,-781.622600052108,periphery,5.270000000000124,success,78.11279296875,0.005,"(-820, 361, -344)",-820.0,361.0,-344.0,-820.0,,361.0,-344.0
1731,realistic,3,x0y0,utah,11.075,13.5,Aa,saline,184.9779220644485,13.5,,b,-1,0.08,soma,78.09928799,717.7375905177954,-188.9178561928861,-1195.7519545597959,,718.0,-188.52750909876602,-1195.9182553478192,none,0.0,success,105.0,0.005,"(718, -117, -375)",718.0,-117.0,-375.0,,,,
1732,realistic,3,x0y0,utah,11.51,14.0,Aa,saline,1.4394116144010791,14.0,,b,-1,0.08,soma,79.48973277,-1274.2448894988333,189.2078492212636,1123.368433219881,,-1274.0,188.7010961462635,1123.4974429250847,periphery,5.195000000000112,success,105.0,0.005,"(-1274, 168, 299)",-1274.0,168.0,299.0,-1274.0,,168.0,299.0
1733,realistic,3,x0y0,utah,12.293000000000001,14.9,Aa,saline,104.11961581655741,14.9,,b,-1,0.08,soma,81.99253337399999,-1737.3534158890625,973.4222012574,-310.1001891187684,,-1737.0,973.0511794330528,-310.46048944495936,periphery,5.270000000000124,success,92.9443359375,0.005,"(-1737, 172, -109)",-1737.0,172.0,-109.0,-1737.0,,172.0,-109.0
1734,realistic,3,x0y0,utah,10.727,13.1,Aa,saline,39.37084216791389,13.1,,b,-1,0.08,soma,76.986932166,-1094.9171517057296,546.2118775493727,794.0642633602301,,-1095.0,546.341905536447,793.6427986287674,none,0.0,success,105.0,0.005,"(-1095, 24, 157)",-1095.0,24.0,157.0,,,,
1735,realistic,3,x0y0,utah,10.292,12.6,Aa,saline,91.58879766422912,12.6,,b,-1,0.08,soma,75.596487386,1664.0556341297918,653.3224317877457,-40.86025590657255,,1664.0,653.4691243955231,-40.791511350296105,none,0.0,success,105.0,0.005,"(1664, -169, -18)",1664.0,-169.0,-18.0,,,,
1736,realistic,3,x0y0,utah,14.729,17.7,Aa,saline,206.86511722039842,17.7,,b,-1,0.08,soma,89.77902414200001,1915.7120272161233,-515.7631926595159,-921.0019307993688,,1916.0,-516.027070504885,-921.3444337185393,none,0.0,success,105.0,0.005,"(1916, -141, -181)",1916.0,-141.0,-181.0,,,,
1737,realistic,3,x0y0,utah,11.945,14.5,Aa,saline,191.9632630483626,14.5,,b,-1,0.08,soma,80.88017755,183.25872666654064,-409.23436617904235,-1253.1358706928254,,183.0,-409.1137304030575,-1253.5280388485826,none,0.0,success,105.0,0.005,"(183, -238, -446)",183.0,-238.0,-446.0,,,,
1738,realistic,3,x0y0,utah,12.38,15.0,Aa,saline,87.82553552195274,15.0,,b,-1,0.08,soma,82.27062233000002,222.57707314795482,1406.091513041505,34.66625672690361,,223.0,1406.5570164471847,34.31052829315351,central,5.1150000000001,success,6.33544921875,0.005,"(223, 581, 3)",223.0,581.0,3.0,223.0,,581.0,3.0
1739,realistic,3,x0y0,utah,11.945,14.5,Aa,saline,19.911365866724697,14.5,,b,-1,0.08,soma,80.88017755,-814.3946298274034,433.06449635843546,1253.9762445764745,,-814.0,433.1448942367651,1254.0787714662551,none,0.0,success,105.0,0.005,"(-814, 152, 478)",-814.0,152.0,478.0,,,,
1740,realistic,3,x0y0,utah,14.381,17.3,Aa,saline,205.15636836301132,17.3,,b,-1,0.08,soma,88.66666831799999,663.9246422743133,-694.2736761219031,-1232.7123828430924,,664.0,-694.549600350991,-1232.712534080727,none,0.0,success,105.0,0.005,"(664, -342, -482)",664.0,-342.0,-482.0,,,,
1741,realistic,3,x0y0,utah,12.728,15.4,Aa,saline,119.88254510076963,15.4,,b,-1,0.08,soma,83.382978154,-360.3090553782608,1045.8227012131133,-599.3407927564995,,-360.0,1045.7415210297593,-598.8576998581615,periphery,5.18000000000011,success,58.19091796875,0.005,"(-360, 329, -187)",-360.0,329.0,-187.0,-360.0,,329.0,-187.0
1742,realistic,3,x0y0,utah,14.207,17.1,Aa,saline,109.42064462454823,17.1,,b,-1,0.08,soma,88.110490406,-510.11093241622183,937.7323011352536,-361.26668511915705,,-510.0,937.8820017509496,-361.6608690299976,central,5.31000000000013,success,90.07415771484375,0.005,"(-510, 156, -86)",-510.0,156.0,-86.0,-510.0,,156.0,-86.0
1743,realistic,3,x0y0,utah,14.293999999999999,17.2,Aa,saline,341.61144510676684,17.2,,b,-1,0.08,soma,88.388579362,-792.886897001678,-105.48693007730162,302.0402966908386,,-793.0,-105.61079839435558,301.8224614783011,none,0.0,success,105.0,0.005,"(-793, 156, -485)",-793.0,156.0,-485.0,,,,
1744,realistic,3,x0y0,utah,10.466000000000001,12.8,Aa,saline,72.58664004769707,12.8,,b,-1,0.08,soma,76.152665298,-1937.2395422089007,891.6479187636055,270.4360371669973,,-1937.0,891.379436613676,270.34674636184576,periphery,5.37500000000014,success,105.0,0.005,"(-1937, 106, 24)",-1937.0,106.0,24.0,-10047.897084952157,,106.0,24.0
1745,realistic,3,x0y0,utah,10.379,12.7,Aa,saline,-4.384570387793308,12.7,,b,-1,0.08,soma,75.874576342,785.2716246482408,-53.44365871170157,1281.8817133461764,,785.0,-53.95470254508152,1281.5507700353041,none,0.0,success,105.0,0.005,"(785, 9, 461)",785.0,9.0,461.0,,,,
1746,realistic,3,x0y0,utah,14.12,17.0,Aa,saline,6.785324043855496,17.0,,b,-1,0.08,soma,87.83240144999998,1197.5897879518266,8.232833756850141,1324.3548938505485,,1198.0,7.895003305622538,1324.1137873199254,none,0.0,success,105.0,0.005,"(1198, -90, 501)",1198.0,-90.0,501.0,,,,
1747,realistic,3,x0y0,utah,12.554,15.2,Aa,saline,88.9984599778364,15.2,,b,-1,0.08,soma,82.82680024199999,-957.4884958653834,657.8025853937312,-25.175261432709704,,-957.0,658.248117440976,-25.537765497882496,none,0.0,success,105.0,0.005,"(-957, -168, -40)",-957.0,-168.0,-40.0,,,,
1748,realistic,3,x0y0,utah,10.466000000000001,12.8,Aa,saline,124.06074278754114,12.8,,b,-1,0.08,soma,76.152665298,-281.7005204690339,1210.8819844219706,-739.7677138740243,,-282.0,1210.8364339664317,-740.005053916705,periphery,5.170000000000108,success,41.2994384765625,0.005,"(-282, 529, -279)",-282.0,529.0,-279.0,-282.0,,529.0,-279.0
1749,realistic,3,x0y0,utah,13.772000000000002,16.6,Aa,saline,58.24710066183668,16.6,,b,-1,0.08,soma,86.720045626,1276.7297793499029,799.1668530866051,566.5285801138383,,1277.0,799.354527397894,566.9658800064819,none,0.0,success,105.0,0.005,"(1277, 95, 131)",1277.0,95.0,131.0,,,,
1750,realistic,3,x0y0,utah,9.857,12.1,Aa,saline,173.1259343358179,12.1,,b,-1,0.08,soma,74.206042606,738.1200839109327,-24.90682946655943,-1411.3374002843811,,738.0,-24.594268350030873,-1411.1838795496187,none,0.0,success,105.0,0.005,"(738, -123, -595)",738.0,-123.0,-595.0,,,,
1751,realistic,3,x0y0,utah,11.075,13.5,Aa,saline,58.8913477030211,13.5,,b,-1,0.08,soma,78.09928799,1671.540646207657,469.49771070608085,309.161591609628,,1672.0,469.5513051885191,308.78645105221665,none,0.0,success,105.0,0.005,"(1672, -236, -117)",1672.0,-236.0,-117.0,,,,
1752,realistic,3,x0y0,utah,12.554,15.2,Aa,saline,138.12331287208679,15.2,,b,-1,0.08,soma,82.82680024199999,-57.02061518559476,992.2757994719948,-986.9405792740787,,-57.0,992.6309445807676,-987.3474177300968,periphery,5.175000000000109,success,62.40234375,0.005,"(-57, 441, -372)",-57.0,441.0,-372.0,-57.0,,441.0,-372.0
1753,realistic,3,x0y0,utah,15.077000000000002,18.1,Aa,saline,32.740988855735154,18.1,,b,-1,0.08,soma,90.891379966,347.27823442487994,570.1638852819151,1119.4002364613507,,347.0,570.1050291428065,1119.4878698447014,none,0.0,success,105.0,0.005,"(347, 121, 421)",347.0,121.0,421.0,,,,
1754,realistic,3,x0y0,utah,11.597,14.1,Aa,saline,1.7841043412153488,14.1,,b,-1,0.08,soma,79.76782172600001,965.4073271921504,-31.447414222828684,1381.0543484190512,,965.0,-31.346110372160695,1381.4714689075688,none,0.0,success,105.0,0.005,"(965, -57, 557)",965.0,-57.0,557.0,,,,
1755,realistic,3,x0y0,utah,14.033,16.9,Aa,saline,17.745381099053592,16.9,,b,-1,0.08,soma,87.55431249399997,335.8472706727518,248.69745204670468,1423.8429431252844,,336.0,248.61127722408568,1423.327363609643,none,0.0,success,105.0,0.005,"(336, -4, 634)",336.0,-4.0,634.0,,,,
1756,realistic,3,x0y0,utah,12.728,15.4,Aa,saline,13.735426170442992,15.4,,b,-1,0.08,soma,83.382978154,-1730.9827996136235,224.31315767822707,1044.1943289764022,,-1731.0,224.25655950687985,1044.0481124893981,none,0.0,success,105.0,0.005,"(-1731, 28, 241)",-1731.0,28.0,241.0,,,,
1757,realistic,3,x0y0,utah,15.598999999999998,18.7,Aa,saline,55.900491983621706,18.7,,b,-1,0.08,soma,92.559913702,-416.1423283444937,334.78638596713836,271.7581217777124,,-416.0,334.3829322683133,272.01554381067075,none,0.0,success,105.0,0.005,"(-416, -354, -194)",-416.0,-354.0,-194.0,,,,
1758,realistic,3,x0y0,utah,14.99,18.0,Aa,saline,343.90796049866316,18.0,,b,-1,0.08,soma,90.61329101,424.8424533787722,-223.09687928523275,896.7116117897375,,425.0,-223.16100213398607,896.7586250012042,none,0.0,success,105.0,0.005,"(425, 7, 99)",425.0,7.0,99.0,,,,
1759,realistic,3,x0y0,utah,13.511000000000001,16.3,Aa,saline,170.80918972266417,16.3,,b,-1,0.08,soma,85.885778758,-1502.1112358194644,141.31583418266658,-1139.908121759485,,-1502.0,141.22247943382635,-1140.3452203949491,none,0.0,success,105.0,0.005,"(-1502, 9, -323)",-1502.0,9.0,-323.0,,,,
1760,realistic,3,x0y0,utah,9.248000000000001,11.4,Aa,saline,108.83294215116777,11.4,,b,-1,0.08,soma,72.25941991399999,1059.9552162312123,1142.9688365929305,-195.6511481937241,,1060.0,1143.1992704743006,-196.06067037411964,central,5.230000000000118,success,39.276123046875,0.005,"(1060, 366, 69)",1060.0,366.0,69.0,1060.0,,366.0,69.0
1761,realistic,3,x0y0,utah,10.553,12.9,Aa,saline,91.62158265776476,12.9,,b,-1,0.08,soma,76.430754254,10.343984420719154,1413.8086913677123,59.73051680760682,,10.0,1413.8860909761495,59.70300482730589,tjn,5.105000000000098,success,8.05511474609375,0.005,"(10, 591, 83)",10.0,591.0,83.0,10.0,,591.0,83.0
1762,realistic,3,x0y0,utah,13.511000000000001,16.3,Aa,saline,12.797520315119426,16.3,,b,-1,0.08,soma,85.885778758,-352.8018527406513,403.7790398921775,1387.0190730065424,,-353.0,403.38934999744856,1387.409905722401,none,0.0,success,105.0,0.005,"(-353, 220, 580)",-353.0,220.0,580.0,,,,
1763,realistic,3,x0y0,utah,13.424,16.2,Aa,saline,174.8389255605376,16.2,,b,-1,0.08,soma,85.607689802,-1745.2320367437308,-8.152839846950426,-1154.6877446440194,,-1745.0,-8.497653958909993,-1154.409849136906,none,0.0,success,105.0,0.005,"(-1745, -83, -330)",-1745.0,-83.0,-330.0,,,,
1764,realistic,3,x0y0,utah,12.988999999999999,15.7,Aa,saline,51.76730281365267,15.7,,b,-1,0.08,soma,84.217245022,533.0830912470044,1111.148195366989,741.5377245357138,,533.0,1110.6938229823907,741.8975264720581,central,5.205000000000114,success,42.791748046875,0.005,"(533, 461, 230)",533.0,461.0,230.0,533.0,,461.0,230.0
1765,realistic,3,x0y0,utah,9.77,12.0,Aa,saline,91.84540107488294,12.0,,b,-1,0.08,soma,73.92795365,-822.6532972042149,1087.2505672562518,-119.49283737230098,,-823.0,1087.552994836588,-119.46724005376501,periphery,5.295000000000128,success,83.4228515625,0.005,"(-823, 266, -93)",-823.0,266.0,-93.0,-823.0,,266.0,-93.0
1766,realistic,3,x0y0,utah,11.771,14.3,Aa,saline,-12.909466063518753,14.3,,b,-1,0.08,soma,80.323999638,-1757.8051009661074,-273.1137460658606,1023.1990435654253,,-1758.0,-273.34119075956465,1023.2854012235796,none,0.0,success,105.0,0.005,"(-1758, -89, 219)",-1758.0,-89.0,219.0,,,,
1767,realistic,3,x0y0,utah,12.467,15.1,Aa,saline,60.32661859068028,15.1,,b,-1,0.08,soma,82.548711286,513.8563179570536,821.460959239545,637.9950337335628,,514.0,821.9497876182029,638.0884334788493,none,0.0,success,105.0,0.005,"(514, 104, 229)",514.0,104.0,229.0,,,,
1768,realistic,3,x0y0,utah,12.38,15.0,Aa,saline,107.21823185388136,15.0,,b,-1,0.08,soma,82.27062233000002,1973.5982797074607,822.6154928652768,-306.1698088978537,,1974.0,823.1244492248084,-306.5360521048401,none,0.0,success,105.0,0.005,"(1974, 34, -62)",1974.0,34.0,-62.0,,,,
1769,realistic,3,x0y0,utah,12.032,14.6,Aa,saline,200.52927888359002,14.6,,b,-1,0.08,soma,81.15826650599999,-362.77418908323057,-641.4270749739449,-1165.5732555279324,,-363.0,-641.5306020318271,-1165.1548582914347,none,0.0,success,105.0,0.005,"(-363, -352, -392)",-363.0,-352.0,-392.0,,,,
1770,realistic,3,x0y0,utah,11.858,14.4,Aa,saline,102.54635828808948,14.4,,b,-1,0.08,soma,80.60208859400001,-841.1186624577382,1332.8806659402535,-147.6269039534341,,-841.0,1332.576349338302,-147.25538682130843,periphery,5.170000000000108,success,16.5130615234375,0.005,"(-841, 527, 32)",-841.0,527.0,32.0,-841.0,,527.0,32.0
1771,realistic,3,x0y0,utah,12.902,15.6,Aa,saline,-18.275748945525244,15.6,,b,-1,0.08,soma,83.93915606600001,1740.8851318399911,-593.1241639703185,1130.2339856931376,,1741.0,-593.3376596711489,1130.290311300137,none,0.0,success,105.0,0.005,"(1741, -334, 345)",1741.0,-334.0,345.0,,,,
1772,realistic,3,x0y0,utah,14.99,18.0,Aa,saline,-26.638257389581856,18.0,,b,-1,0.08,soma,90.61329101,1910.7094945249842,-470.4221616658037,928.133989831761,,1911.0,-470.30949984444214,928.2111104169197,none,0.0,success,105.0,0.005,"(1911, -98, 186)",1911.0,-98.0,186.0,,,,
1773,realistic,3,x0y0,utah,9.508999999999999,11.7,Aa,saline,108.4275794762248,11.7,,b,-1,0.08,soma,73.09368678199999,-499.264939001411,1349.1620542845822,-499.1852695186876,,-499.0,1349.4014903250418,-498.6909571958951,periphery,5.18000000000011,success,36.083984375,0.005,"(-499, 570, -239)",-499.0,570.0,-239.0,-499.0,,570.0,-239.0
1774,realistic,3,x0y0,utah,11.684,14.2,Aa,saline,-5.640742018645244,14.2,,b,-1,0.08,soma,80.045910682,1641.9084433618232,-116.6477324072248,1100.2094515212393,,1642.0,-117.09975651002031,1100.0628451553634,none,0.0,success,105.0,0.005,"(1642, -36, 279)",1642.0,-36.0,279.0,,,,
1775,realistic,3,x0y0,utah,11.597,14.1,Aa,saline,-24.791872593821818,14.1,,b,-1,0.08,soma,79.76782172600001,1813.4129784262275,-512.3759243321301,964.8175216680593,,1813.0,-511.873823824856,964.8296142814316,none,0.0,success,105.0,0.005,"(1813, -166, 216)",1813.0,-166.0,216.0,,,,
1776,realistic,3,x0y0,utah,9.77,12.0,Aa,saline,66.81862503330497,12.0,,b,-1,0.08,soma,73.92795365,7.170826886919057,1359.9429096936292,535.9427466393901,,7.0,1359.6314838952226,535.5250212783201,tjn,5.140000000000104,success,25.09765625,0.005,"(7, 604, 212)",7.0,604.0,212.0,7.0,,604.0,212.0
1777,realistic,3,x0y0,utah,15.512000000000002,18.6,Aa,saline,203.1000418778373,18.6,,b,-1,0.08,soma,92.281824746,-542.6897515612377,-588.3869781552747,-1301.779876358556,,-543.0,-588.056579923928,-1301.4834112006856,none,0.0,success,105.0,0.005,"(-543, -262, -537)",-543.0,-262.0,-537.0,,,,
1778,realistic,3,x0y0,utah,10.727,13.1,Aa,saline,206.0647948469648,13.1,,b,-1,0.08,soma,76.986932166,-642.1956592821372,-680.9251579860465,-1219.1278377879867,,-642.0,-680.8430289968703,-1218.7441805823591,none,0.0,success,105.0,0.005,"(-642, -319, -479)",-642.0,-319.0,-479.0,,,,
1779,realistic,3,x0y0,utah,9.857,12.1,Aa,saline,82.28235347733445,12.1,,b,-1,0.08,soma,74.206042606,1065.3375296556103,1255.3678764232257,278.8439681167183,,1065.0,1255.621883809143,278.4084357609929,central,5.230000000000118,success,33.978271484375,0.005,"(1065, 441, 168)",1065.0,441.0,168.0,1065.0,,441.0,168.0
1780,realistic,3,x0y0,utah,14.99,18.0,Aa,saline,99.65477752025228,18.0,,b,-1,0.08,soma,90.61329101,-487.51784321468455,1381.2680597079316,-396.1292779178898,,-488.0,1381.5162911388293,-396.2424244511885,periphery,5.185000000000111,success,38.470458984375,0.005,"(-488, 563, -257)",-488.0,563.0,-257.0,-488.0,,563.0,-257.0
1781,realistic,3,x0y0,utah,12.119,14.7,Aa,saline,-19.94011234851714,14.7,,b,-1,0.08,soma,81.436355462,1684.1155325417328,-565.2600807375376,1026.3069690118432,,1684.0,-565.5698986062711,1026.17508706714,none,0.0,success,105.0,0.005,"(1684, -284, 250)",1684.0,-284.0,250.0,,,,
1782,realistic,3,x0y0,utah,11.075,13.5,Aa,saline,151.49771542982901,13.5,,b,-1,0.08,soma,78.09928799,-1954.0867788718567,357.2395647907337,-565.2762521336152,,-1954.0,357.2364901144141,-565.1748271428062,none,0.0,success,105.0,0.005,"(-1954, -36, 159)",-1954.0,-36.0,159.0,,,,
1783,realistic,3,x0y0,utah,15.077000000000002,18.1,Aa,saline,357.4722567039113,18.1,,b,-1,0.08,soma,90.891379966,1976.9472789076733,-42.49128921895181,634.7241067276948,,1977.0,-42.62265492825031,634.6152442930173,none,0.0,success,105.0,0.005,"(1977, -6, -195)",1977.0,-6.0,-195.0,,,,
1784,realistic,3,x0y0,utah,12.815,15.5,Aa,saline,157.16439674855837,15.5,,b,-1,0.08,soma,83.66106711,-194.12640891520041,451.0431206630801,-1213.555864771934,,-194.0,450.8929300726956,-1214.007019724288,none,0.0,success,105.0,0.005,"(-194, 130, -452)",-194.0,130.0,-452.0,,,,
1785,realistic,3,x0y0,utah,11.51,14.0,Aa,saline,189.43323059777416,14.0,,b,-1,0.08,soma,79.48973277,1594.5123719581825,-109.44733032480049,-1139.0989109734626,,1595.0,-109.17568360050154,-1139.6108106888028,none,0.0,success,105.0,0.005,"(1595, 26, -326)",1595.0,26.0,-326.0,,,,
1786,realistic,3,x0y0,utah,13.772000000000002,16.6,Aa,saline,37.27508337811517,16.6,,b,-1,0.08,soma,86.720045626,338.71458516099875,818.4412696089937,1155.213920502615,,339.0,818.654829815553,1155.1260701523042,none,0.0,success,105.0,0.005,"(339, 317, 496)",339.0,317.0,496.0,,,,
1787,realistic,3,x0y0,utah,10.814,13.2,Aa,saline,26.54599506813572,13.2,,b,-1,0.08,soma,77.26502112200002,-1966.3417513804109,296.70417974101974,835.7902574374443,,-1966.0,297.08136896971104,835.8216439478707,none,0.0,success,105.0,0.005,"(-1966, -71, 99)",-1966.0,-71.0,99.0,,,,
1788,realistic,3,x0y0,utah,14.642000000000001,17.6,Aa,saline,29.108800684981308,17.6,,b,-1,0.08,soma,89.500935186,43.36364302071516,608.1900292544568,1038.3669265319504,,43.0,608.6736024839945,1037.9529835360042,periphery,5.205000000000114,success,92.9443359375,0.005,"(43, 205, 313)",43.0,205.0,313.0,43.0,,205.0,313.0
1789,realistic,3,x0y0,utah,11.161999999999999,13.6,Aa,saline,43.77250700540348,13.6,,b,-1,0.08,soma,78.377376946,1922.882838030971,891.1983049952199,822.2506035601207,,1923.0,891.1737346856215,822.1466519463535,central,5.300000000000129,success,63.8916015625,0.005,"(1923, 321, 227)",1923.0,321.0,227.0,1923.0,,321.0,227.0
1790,realistic,3,x0y0,utah,9.857,12.1,Aa,saline,195.00382211666675,12.1,,b,-1,0.08,soma,74.206042606,-170.18418310528767,-247.2817671082076,-913.2558262232789,,-170.0,-246.84247221534676,-913.0693082765679,none,0.0,success,105.0,0.005,"(-170, -34, -119)",-170.0,-34.0,-119.0,,,,
1791,realistic,3,x0y0,utah,13.076,15.8,Aa,saline,153.0485122825625,15.8,,b,-1,0.08,soma,84.495333978,557.6063731036844,652.0464144848403,-1244.1658364999087,,558.0,651.9086426794149,-1244.4085703539947,none,0.0,success,105.0,0.005,"(558, 277, -507)",558.0,277.0,-507.0,,,,
1792,realistic,3,x0y0,utah,11.336,13.8,Aa,saline,-11.733003610732794,13.8,,b,-1,0.08,soma,78.93355485800001,-126.77626027670708,-137.60636168053495,1438.7739190729749,,-127.0,-137.69654252905863,1439.2354217807342,none,0.0,success,105.0,0.005,"(-127, 30, 632)",-127.0,30.0,632.0,,,,
1793,realistic,3,x0y0,utah,12.032,14.6,Aa,saline,5.193562994757139,14.6,,b,-1,0.08,soma,81.15826650599999,1749.5013404802987,127.20103671629204,1225.688489702653,,1750.0,126.71491155939651,1225.194258806663,none,0.0,success,105.0,0.005,"(1750, 52, 403)",1750.0,52.0,403.0,,,,
1794,realistic,3,x0y0,utah,14.033,16.9,Aa,saline,-15.071079799351173,16.9,,b,-1,0.08,soma,87.55431249399997,-275.6537036545346,-516.1984601636368,1222.7818842356428,,-276.0,-516.48206062422,1223.2672220721033,none,0.0,success,105.0,0.005,"(-276, -301, 423)",-276.0,-301.0,423.0,,,,
1795,realistic,3,x0y0,utah,13.163,15.9,Aa,saline,192.5680520253096,15.9,,b,-1,0.08,soma,84.773422934,863.4193278742488,-364.11445489380463,-1122.610642519555,,863.0,-364.03934841521925,-1122.5294303917922,none,0.0,success,105.0,0.005,"(863, -184, -315)",863.0,-184.0,-315.0,,,,
1796,realistic,3,x0y0,utah,12.38,15.0,Aa,saline,-22.077178533126226,15.0,,b,-1,0.08,soma,82.27062233000002,1743.9732049873,-516.2844624398822,1053.809648472839,,1744.0,-516.5442634669237,1053.5795928566058,none,0.0,success,105.0,0.005,"(1744, -206, 288)",1744.0,-206.0,288.0,,,,
1797,realistic,3,x0y0,utah,9.422,11.6,Aa,saline,152.35859175996876,11.6,,b,-1,0.08,soma,72.815597826,178.71061171370445,558.9789492679729,-876.010103852176,,179.0,559.0510779157408,-875.685169057027,periphery,5.255000000000122,success,91.845703125,0.005,"(179, 178, -148)",179.0,178.0,-148.0,179.0,,178.0,-148.0
1798,realistic,3,x0y0,utah,14.12,17.0,Aa,saline,-7.238343225057414,17.0,,b,-1,0.08,soma,87.83240144999998,1130.5880716826414,-353.43011759815454,1287.9805374615753,,1131.0,-353.44344129135004,1288.2848711192003,none,0.0,success,105.0,0.005,"(1131, -249, 466)",1131.0,-249.0,466.0,,,,
1799,realistic,3,x0y0,utah,10.292,12.6,Aa,saline,33.7430376229777,12.6,,b,-1,0.08,soma,75.596487386,1696.345071790637,324.33141660012143,671.8637469010773,,1696.0,324.06442437146166,672.1567396307297,none,0.0,success,105.0,0.005,"(1696, -133, -12)",1696.0,-133.0,-12.0,,,,
1800,realistic,3,x0y0,utah,11.161999999999999,13.6,Aa,saline,63.31662252326481,13.6,,b,-1,0.08,soma,78.377376946,-1454.9092026016488,1080.6443626421242,787.2974852985402,,-1455.0,1080.4125931506258,787.1431399932244,periphery,5.170000000000108,success,105.0,0.005,"(-1455, 344, 417)",-1455.0,344.0,417.0,-1455.0,,344.0,417.0
1801,realistic,3,x0y0,utah,13.597999999999999,16.4,Aa,saline,-22.69683698747248,16.4,,b,-1,0.08,soma,86.16386771399998,-819.9665981447873,-361.71826815201683,1284.970847684216,,-820.0,-361.5568182754164,1284.9883921764683,none,0.0,success,105.0,0.005,"(-820, -42, 521)",-820.0,-42.0,521.0,,,,
1802,realistic,3,x0y0,utah,11.684,14.2,Aa,saline,-0.42444493348926704,14.2,,b,-1,0.08,soma,80.045910682,-160.76177703504956,-29.864134872094393,1405.132327735274,,-161.0,-30.1051698695234,1405.0229553410002,none,0.0,success,105.0,0.005,"(-161, -24, 580)",-161.0,-24.0,580.0,,,,
1803,realistic,3,x0y0,utah,11.161999999999999,13.6,Aa,saline,127.73093624817119,13.6,,b,-1,0.08,soma,78.377376946,-600.8619508716203,1034.1331698985114,-652.9282047960904,,-601.0,1033.850833713296,-653.4034773454762,periphery,5.205000000000114,success,45.037078857421875,0.005,"(-601, 382, -149)",-601.0,382.0,-149.0,-601.0,,382.0,-149.0
1804,realistic,3,x0y0,utah,10.205,12.5,Aa,saline,210.08022709131689,12.5,,b,-1,0.08,soma,75.31839843,763.5583199713341,-386.3520132915605,-613.0273806014475,,764.0,-386.31679064655805,-612.8470050807396,none,0.0,success,105.0,0.005,"(764, 26, 99)",764.0,26.0,99.0,,,,
1805,realistic,3,x0y0,utah,11.771,14.3,Aa,saline,156.57090816812013,14.3,,b,-1,0.08,soma,80.323999638,1276.1347858837191,582.8084780297845,-1237.2599721565061,,1276.0,583.0844111280345,-1237.1686510339146,none,0.0,success,105.0,0.005,"(1276, 255, -480)",1276.0,255.0,-480.0,,,,
1806,realistic,3,x0y0,utah,14.816,17.8,Aa,saline,102.68731960381837,17.8,,b,-1,0.08,soma,90.05711309799999,102.79706578355196,1378.1070867217184,-136.71423711529224,,103.0,1377.7758597692045,-136.27427101816045,tjn,5.100000000000097,success,6.78253173828125,0.005,"(103, 568, 46)",103.0,568.0,46.0,103.0,,568.0,46.0
1807,realistic,3,x0y0,utah,12.293000000000001,14.9,Aa,saline,64.66271477284498,14.9,,b,-1,0.08,soma,81.99253337399999,1493.723596475123,345.40497507753616,210.6560106137513,,1494.0,345.5354258317109,210.4438025153674,none,0.0,success,105.0,0.005,"(1494, -401, -143)",1494.0,-401.0,-143.0,,,,
1808,realistic,3,x0y0,utah,9.857,12.1,Aa,saline,197.64718176212727,12.1,,b,-1,0.08,soma,74.206042606,-1218.7191806697392,-537.4552279990498,-1218.2932508224187,,-1219.0,-537.2616360590697,-1218.381968999629,none,0.0,success,105.0,0.005,"(-1219, -288, -435)",-1219.0,-288.0,-435.0,,,,
1809,realistic,3,x0y0,utah,12.902,15.6,Aa,saline,-4.260765198873334,15.6,,b,-1,0.08,soma,83.93915606600001,627.0645774374375,121.79679781824457,1410.3588393298705,,627.0,121.55616035214808,1410.654063214508,none,0.0,success,105.0,0.005,"(627, 183, 586)",627.0,183.0,586.0,,,,
1810,realistic,3,x0y0,utah,13.946,16.8,Aa,saline,-17.356824520081428,16.8,,b,-1,0.08,soma,87.27622353800001,1241.7165922819142,-399.3832659350765,1176.5447711441593,,1242.0,-399.1827487406928,1176.9350776835108,none,0.0,success,105.0,0.005,"(1242, -152, 386)",1242.0,-152.0,386.0,,,,
1811,realistic,3,x0y0,utah,14.642000000000001,17.6,Aa,saline,43.867836383518245,17.6,,b,-1,0.08,soma,89.500935186,-680.8724074448196,842.0612540570733,1144.4949972033346,,-681.0,842.0170740419491,1144.1671120877938,none,0.0,success,105.0,0.005,"(-681, 267, 546)",-681.0,267.0,546.0,,,,
1812,realistic,3,x0y0,utah,11.945,14.5,Aa,saline,188.9966438816369,14.5,,b,-1,0.08,soma,80.88017755,1902.4560193296804,-231.07154973170694,-1006.2183521973227,,1902.0,-231.09882988441004,-1006.2871756830676,none,0.0,success,105.0,0.005,"(1902, -102, -191)",1902.0,-102.0,-191.0,,,,
1813,realistic,3,x0y0,utah,12.641,15.3,Aa,saline,115.96715932802816,15.3,,b,-1,0.08,soma,83.104889198,-1968.447742640761,1146.1515957022384,-410.00926113447264,,-1968.0,1146.0706476945013,-409.9473154899022,periphery,5.2100000000001145,success,29.26025390625,0.005,"(-1968, 403, -48)",-1968.0,403.0,-48.0,-1968.0,,403.0,-48.0
1814,realistic,3,x0y0,utah,13.076,15.8,Aa,saline,-22.264245482978588,15.8,,b,-1,0.08,soma,84.495333978,-451.7324868056003,-538.9617526872388,1232.3793013937648,,-452.0,-539.4441410221323,1232.5349910316208,none,0.0,success,105.0,0.005,"(-452, -226, 467)",-452.0,-226.0,467.0,,,,
1815,realistic,3,x0y0,utah,10.901,13.3,Aa,saline,60.24619134346776,13.3,,b,-1,0.08,soma,77.54311007800001,-725.9974694038265,1158.7550153946029,801.6746122415508,,-726.0,1159.19846408486,801.8378227658559,periphery,5.265000000000123,success,79.541015625,0.005,"(-726, 444, 393)",-726.0,444.0,393.0,-726.0,,444.0,393.0
1816,realistic,3,x0y0,utah,15.512000000000002,18.6,Aa,saline,176.9804887655819,18.6,,b,-1,0.08,soma,92.281824746,-1806.8583020344367,-16.77546516506527,-1048.6690013654156,,-1807.0,-17.19887391794289,-1048.977315095678,none,0.0,success,105.0,0.005,"(-1807, -61, -219)",-1807.0,-61.0,-219.0,,,,
1817,realistic,3,x0y0,utah,11.51,14.0,Aa,saline,34.08729645067144,14.0,,b,-1,0.08,soma,79.48973277,1126.65288483982,907.7840308984828,946.059134223654,,1127.0,908.2694976087926,946.0536983400573,central,5.250000000000121,success,46.47216796875,0.005,"(1127, 446, 263)",1127.0,446.0,263.0,1127.0,,446.0,263.0
1818,realistic,3,x0y0,utah,11.684,14.2,Aa,saline,126.39227454176843,14.2,,b,-1,0.08,soma,80.045910682,1576.236138542596,972.2639647961246,-550.2264544535756,,1576.0,972.1434790495052,-550.4861194038155,central,5.255000000000122,success,57.38525390625,0.005,"(1576, 308, -61)",1576.0,308.0,-61.0,1576.0,,308.0,-61.0
1819,realistic,3,x0y0,utah,12.467,15.1,Aa,saline,132.80722958844402,15.1,,b,-1,0.08,soma,82.548711286,-1404.3733257719198,853.6364989115355,-806.6457870771567,,-1404.0,853.154867299705,-806.4534246594186,periphery,5.300000000000129,success,83.4228515625,0.005,"(-1404, 247, -245)",-1404.0,247.0,-245.0,-1404.0,,247.0,-245.0
1820,realistic,3,x0y0,utah,14.467999999999998,17.4,Aa,saline,123.36691659473564,17.4,,b,-1,0.08,soma,88.944757274,754.3711764726268,1150.1487125064232,-705.1514866294983,,754.0,1149.7753306376226,-705.2098082503502,central,5.300000000000129,success,47.3876953125,0.005,"(754, 457, -249)",754.0,457.0,-249.0,754.0,,457.0,-249.0
1821,realistic,3,x0y0,utah,12.467,15.1,Aa,saline,195.92791570770552,15.1,,b,-1,0.08,soma,82.548711286,1859.5412017778006,-321.03255712584087,-1022.4344962222522,,1860.0,-320.72968318843925,-1022.5454203863089,none,0.0,success,105.0,0.005,"(1860, -94, -228)",1860.0,-94.0,-228.0,,,,
1822,realistic,3,x0y0,utah,13.772000000000002,16.6,Aa,saline,170.5983273594778,16.6,,b,-1,0.08,soma,86.720045626,1476.4327667241696,344.72468992045884,-1253.2502018397713,,1476.0,344.3540277276442,-1253.2599985073061,none,0.0,success,105.0,0.005,"(1476, 209, -436)",1476.0,209.0,-436.0,,,,
1823,realistic,3,x0y0,utah,13.685,16.5,Aa,saline,110.73107536798916,16.5,,b,-1,0.08,soma,86.44195667,130.94133669494568,1281.1688315421907,-602.3402081987942,,131.0,1281.6350810367258,-602.1902263305901,periphery,5.170000000000108,success,46.8017578125,0.005,"(131, 507, -309)",131.0,507.0,-309.0,131.0,,507.0,-309.0
1824,realistic,3,x0y0,utah,12.815,15.5,Aa,saline,151.75534766248376,15.5,,b,-1,0.08,soma,83.66106711,312.8349067648917,578.126575641395,-1065.3379725076006,,313.0,578.2562084782261,-1065.3550170085996,central,5.255000000000122,success,105.0,0.005,"(313, 187, -337)",313.0,187.0,-337.0,313.0,,187.0,-337.0
1825,realistic,3,x0y0,utah,9.508999999999999,11.7,Aa,saline,92.7043122395618,11.7,,b,-1,0.08,soma,73.09368678199999,909.4406473687322,155.6959750348797,-21.780816433851207,,909.0,155.6431418632701,-21.777011008055204,none,0.0,success,105.0,0.005,"(909, -665, 17)",909.0,-665.0,17.0,,,,
1826,realistic,3,x0y0,utah,12.206000000000001,14.8,Aa,saline,182.2495799710266,14.8,,b,-1,0.08,soma,81.714444418,1749.5870011321267,96.08174580480043,-1088.2576862772733,,1750.0,95.54381116718629,-1088.196536431233,none,0.0,success,105.0,0.005,"(1750, 128, -263)",1750.0,128.0,-263.0,,,,
1827,realistic,3,x0y0,utah,11.945,14.5,Aa,saline,49.01881306278437,14.5,,b,-1,0.08,soma,80.88017755,-1523.496907599357,1084.0573714423826,736.1365828840244,,-1523.0,1084.1247230162476,736.3236102186452,periphery,5.215000000000115,success,41.2994384765625,0.005,"(-1523, 461, 195)",-1523.0,461.0,195.0,-1523.0,,461.0,195.0
1828,realistic,3,x0y0,utah,11.423,13.9,Aa,saline,-11.405032763445394,13.9,,b,-1,0.08,soma,79.211643814,-386.504671762792,-148.16045545847462,1332.0211217033338,,-387.0,-148.02457099101395,1332.3610872154322,none,0.0,success,105.0,0.005,"(-387, 15, 524)",-387.0,15.0,524.0,,,,
1829,realistic,3,x0y0,utah,11.684,14.2,Aa,saline,168.31553958063515,14.2,,b,-1,0.08,soma,80.045910682,836.0634650114205,367.4464206184367,-1281.0040414042758,,836.0,367.06714845655256,-1280.9449801654414,none,0.0,success,105.0,0.005,"(836, 200, -473)",836.0,200.0,-473.0,,,,
1830,realistic,3,x0y0,utah,11.858,14.4,Aa,saline,115.6162695954917,14.4,,b,-1,0.08,soma,80.60208859400001,1338.069464840868,1150.717272976537,-589.9716569048624,,1338.0,1151.173951642605,-589.7776414495931,central,5.250000000000121,success,49.1455078125,0.005,"(1338, 407, -233)",1338.0,407.0,-233.0,1338.0,,407.0,-233.0
1831,realistic,3,x0y0,utah,15.686000000000002,18.8,Aa,saline,247.475636313231,18.8,,b,-1,0.08,soma,92.838002658,-1206.3785403376626,-169.3089552734118,-72.39188423004406,,-1206.0,-168.9817315275975,-72.51661940913999,periphery,5.215000000000115,success,35.296630859375,0.005,"(-1206, 599, 246)",-1206.0,599.0,246.0,-1206.0,,599.0,246.0
1832,realistic,3,x0y0,utah,12.902,15.6,Aa,saline,27.93422638541251,15.6,,b,-1,0.08,soma,83.93915606600001,1485.1295664896436,524.4191251081514,1198.4019853938025,,1485.0,524.4352473084607,1198.6276221921557,none,0.0,success,105.0,0.005,"(1485, 137, 468)",1485.0,137.0,468.0,,,,
1833,realistic,3,x0y0,utah,10.988,13.4,Aa,saline,198.02076255186748,13.4,,b,-1,0.08,soma,77.821199034,-164.10092516132391,-485.2779116708825,-1332.406554332492,,-164.0,-484.9179394905599,-1332.4565890807153,none,0.0,success,105.0,0.005,"(-164, -230, -549)",-164.0,-230.0,-549.0,,,,
1834,realistic,3,x0y0,utah,15.772999999999998,18.9,Aa,saline,-24.889460133822972,18.9,,b,-1,0.08,soma,93.116091614,1466.4432338481092,-535.1876590894685,998.608197098716,,1466.0,-535.0027814801664,998.3063033515299,none,0.0,success,105.0,0.005,"(1466, -185, 244)",1466.0,-185.0,244.0,,,,
1835,realistic,3,x0y0,utah,10.727,13.1,Aa,saline,24.0958481301895,13.1,,b,-1,0.08,soma,76.986932166,-1961.9777707473456,488.8369075695723,996.6189274808588,,-1962.0,489.23238220168895,996.7671851871709,periphery,5.2800000000001255,success,97.6318359375,0.005,"(-1962, 153, 245)",-1962.0,153.0,245.0,-1962.0,,153.0,245.0
1836,realistic,3,x0y0,utah,14.381,17.3,Aa,saline,-21.165099338774407,17.3,,b,-1,0.08,soma,88.66666831799999,-169.33533530138868,-448.0833459885203,1215.034557316896,,-169.0,-448.472266964815,1215.3533341032678,none,0.0,success,105.0,0.005,"(-169, -149, 442)",-169.0,-149.0,442.0,,,,
1837,realistic,3,x0y0,utah,12.467,15.1,Aa,saline,107.58003446277685,15.1,,b,-1,0.08,soma,82.548711286,-1332.08704412848,1256.4250072728985,-255.4918916729066,,-1332.0,1256.687343234472,-255.53485540418603,periphery,5.1650000000001075,success,19.00634765625,0.005,"(-1332, 469, -6)",-1332.0,469.0,-6.0,-1332.0,,469.0,-6.0
1838,realistic,3,x0y0,utah,12.641,15.3,Aa,saline,57.309995689609096,15.3,,b,-1,0.08,soma,83.104889198,605.4036630931213,1267.271883036181,585.5712200135258,,605.0,1267.6265373745186,585.4209753279201,central,5.190000000000111,success,22.96142578125,0.005,"(605, 572, 139)",605.0,572.0,139.0,605.0,,572.0,139.0
1839,realistic,3,x0y0,utah,10.118,12.4,Aa,saline,93.68341733061722,12.4,,b,-1,0.08,soma,75.040309474,-909.6540249761464,578.7976977721332,-31.393598664336878,,-910.0,578.7928624120525,-31.805793934115407,none,0.0,success,105.0,0.005,"(-910, -242, 21)",-910.0,-242.0,21.0,,,,
1840,realistic,3,x0y0,utah,13.946,16.8,Aa,saline,-12.565412209246912,16.8,,b,-1,0.08,soma,87.27622353800001,1525.5089630376553,-299.27427326073257,1060.647299432851,,1526.0,-299.31165312093447,1060.7507970865443,none,0.0,success,105.0,0.005,"(1526, -119, 252)",1526.0,-119.0,252.0,,,,
1841,realistic,3,x0y0,utah,12.902,15.6,Aa,saline,70.24321996115218,15.6,,b,-1,0.08,soma,83.93915606600001,649.4734077123281,1266.8823803007836,495.6805218930294,,649.0,1267.2610698868566,495.5157173751541,central,5.250000000000121,success,40.6951904296875,0.005,"(649, 489, 216)",649.0,489.0,216.0,649.0,,489.0,216.0
1842,realistic,3,x0y0,utah,16.208,19.4,Aa,saline,-4.560107219137807,19.4,,b,-1,0.08,soma,94.506536394,-255.39352050023513,21.316611933659264,1401.709697313223,,-255.0,20.83586517833848,1401.5900577387697,none,0.0,success,105.0,0.005,"(-255, 87, 572)",-255.0,87.0,572.0,,,,
1843,realistic,3,x0y0,utah,13.163,15.9,Aa,saline,110.40440819168448,15.9,,b,-1,0.08,soma,84.773422934,-435.5198102928846,1269.3474078346244,-683.3415342126245,,-436.0,1269.5095646580194,-683.4270076173963,periphery,5.215000000000115,success,70.9228515625,0.005,"(-436, 494, -395)",-436.0,494.0,-395.0,-436.0,,494.0,-395.0
1844,realistic,3,x0y0,utah,11.597,14.1,Aa,saline,-21.386123712132388,14.1,,b,-1,0.08,soma,79.76782172600001,1659.8658611401795,-566.5639555955704,1152.8308147358694,,1660.0,-566.8351622917362,1153.0494094045396,none,0.0,success,105.0,0.005,"(1660, -266, 385)",1660.0,-266.0,385.0,,,,
1845,realistic,3,x0y0,utah,13.511000000000001,16.3,Aa,saline,18.75107265919989,16.3,,b,-1,0.08,soma,85.885778758,-1501.7914985250256,342.088251954674,1143.9926145899715,,-1502.0,342.1836389353486,1143.9791219529752,none,0.0,success,105.0,0.005,"(-1502, 76, 360)",-1502.0,76.0,360.0,,,,
1846,realistic,3,x0y0,utah,11.161999999999999,13.6,Aa,saline,139.39604490985016,13.6,,b,-1,0.08,soma,78.377376946,-380.71375633275335,866.3117696991037,-1144.33473394565,,-381.0,866.3819984582286,-1144.7240522887018,none,0.0,success,105.0,0.005,"(-381, 330, -519)",-381.0,330.0,-519.0,,,,
1847,realistic,3,x0y0,utah,11.075,13.5,Aa,saline,189.6646137525145,13.5,,b,-1,0.08,soma,78.09928799,398.92742499021637,-384.4373336905396,-1373.6897396051118,,399.0,-384.35793522676056,-1373.3481390502711,none,0.0,success,105.0,0.005,"(399, -246, -561)",399.0,-246.0,-561.0,,,,
1848,realistic,3,x0y0,utah,10.727,13.1,Aa,saline,163.0902165108334,13.1,,b,-1,0.08,soma,76.986932166,-117.62558952205481,307.90606912510015,-1262.2191058921064,,-118.0,307.5542492835448,-1261.9185483482147,none,0.0,success,105.0,0.005,"(-118, 68, -474)",-118.0,68.0,-474.0,,,,
1849,realistic,3,x0y0,utah,13.511000000000001,16.3,Aa,saline,62.26261232296797,16.3,,b,-1,0.08,soma,85.885778758,498.35985058335785,1238.3378635985334,448.6007003882655,,498.0,1238.8122513893532,448.3246207169867,central,5.190000000000111,success,16.851806640625,0.005,"(498, 506, 63)",498.0,506.0,63.0,498.0,,506.0,63.0
1850,realistic,3,x0y0,utah,10.292,12.6,Aa,saline,69.31803507900479,12.6,,b,-1,0.08,soma,75.596487386,184.59954693906934,1381.1169856840659,378.3944881630932,,185.0,1380.810036799171,378.6123396723677,tjn,5.110000000000099,success,10.759735107421875,0.005,"(185, 611, 88)",185.0,611.0,88.0,185.0,,611.0,88.0
1851,realistic,3,x0y0,utah,11.858,14.4,Aa,saline,118.28450419445913,14.4,,b,-1,0.08,soma,80.60208859400001,1914.434128890594,1084.5889627630922,-509.1557092540492,,1914.0,1084.7600996079384,-509.1101648923484,central,5.275000000000125,success,45.22247314453125,0.005,"(1914, 358, -118)",1914.0,358.0,-118.0,1914.0,,358.0,-118.0
1852,realistic,3,x0y0,utah,14.12,17.0,Aa,saline,11.440981850338867,17.0,,b,-1,0.08,soma,87.83240144999998,102.76807777630847,414.6496793401337,1371.5598206589711,,103.0,414.45697422384006,1371.4207683305726,none,0.0,success,105.0,0.005,"(103, 250, 559)",103.0,250.0,559.0,,,,
1853,realistic,3,x0y0,utah,11.945,14.5,Aa,saline,-23.83269959769677,14.5,,b,-1,0.08,soma,80.88017755,934.0707808718147,-525.1898832978459,1269.9944798585236,,934.0,-525.5603398739776,1270.0300492024926,none,0.0,success,105.0,0.005,"(934, -192, 515)",934.0,-192.0,515.0,,,,
1854,realistic,3,x0y0,utah,14.816,17.8,Aa,saline,104.86420927669884,17.8,,b,-1,0.08,soma,90.05711309799999,1289.8747034342316,1224.646363003374,-174.1855555966754,,1290.0,1224.2225999046086,-173.90232475481855,central,5.220000000000116,success,25.341796875,0.005,"(1290, 422, 39)",1290.0,422.0,39.0,1290.0,,422.0,39.0
1855,realistic,3,x0y0,utah,11.423,13.9,Aa,saline,204.49043917110333,13.9,,b,-1,0.08,soma,79.211643814,1442.7472260980442,-428.53434232564086,-1252.2094925372214,,1443.0,-428.7991131804516,-1252.3912979353704,none,0.0,success,105.0,0.005,"(1443, -87, -502)",1443.0,-87.0,-502.0,,,,
1856,realistic,3,x0y0,utah,11.336,13.8,Aa,saline,22.64397945044641,13.8,,b,-1,0.08,soma,78.93355485800001,-873.2950089181703,528.7835405772847,1189.4895528524105,,-873.0,528.4197093101651,1189.9003888892244,none,0.0,success,105.0,0.005,"(-873, 211, 429)",-873.0,211.0,429.0,,,,
1857,realistic,3,x0y0,utah,9.943999999999999,12.2,Aa,saline,39.24726480022522,12.2,,b,-1,0.08,soma,74.484131562,-875.4889477646617,596.6383119902058,874.2801100330516,,-875.0,596.2325550196389,874.7442557408066,none,0.0,success,105.0,0.005,"(-875, 76, 238)",-875.0,76.0,238.0,,,,
1858,realistic,3,x0y0,utah,12.815,15.5,Aa,saline,223.7182310981546,15.5,,b,-1,0.08,soma,83.66106711,599.9893890627528,-699.9787082861823,-737.1793339874192,,600.0,-700.4225817398607,-737.5504266001986,none,0.0,success,105.0,0.005,"(600, -129, -140)",600.0,-129.0,-140.0,,,,
1859,realistic,3,x0y0,utah,12.119,14.7,Aa,saline,159.01618202825472,14.7,,b,-1,0.08,soma,81.436355462,378.6893748258413,652.0327609839652,-1209.6763556095634,,379.0,651.6896794454711,-1209.973062547435,central,5.2100000000001145,success,87.286376953125,0.005,"(379, 356, -439)",379.0,356.0,-439.0,379.0,,356.0,-439.0
1860,realistic,3,x0y0,utah,12.641,15.3,Aa,saline,-19.367042708390567,15.3,,b,-1,0.08,soma,83.104889198,-1570.8618642548306,-472.4799274021443,983.9171158494304,,-1571.0,-472.0847906290285,983.7695762346968,none,0.0,success,105.0,0.005,"(-1571, -198, 204)",-1571.0,-198.0,204.0,,,,
1861,realistic,3,x0y0,utah,10.64,13.0,Aa,saline,-14.030201556586142,13.0,,b,-1,0.08,soma,76.70884321,-1590.2562036478168,-196.5958108204932,1068.6497348328385,,-1590.0,-196.58111179705205,1068.8184598411713,none,0.0,success,105.0,0.005,"(-1590, 3, 270)",-1590.0,3.0,270.0,,,,
1862,realistic,3,x0y0,utah,13.25,16.0,Aa,saline,108.46432924788931,16.0,,b,-1,0.08,soma,85.05151189,-675.5754639581563,1231.4836824182455,-347.7347130553908,,-676.0,1231.9081795138327,-348.07740690778155,periphery,5.190000000000111,success,28.52783203125,0.005,"(-676, 447, -86)",-676.0,447.0,-86.0,-676.0,,447.0,-86.0
1863,realistic,3,x0y0,utah,15.077000000000002,18.1,Aa,saline,-1.8622131523778744,18.1,,b,-1,0.08,soma,90.891379966,1109.2495441648698,86.3179836627014,1320.4319795480271,,1109.0,86.01051507555249,1320.0304671380088,none,0.0,success,105.0,0.005,"(1109, 113, 490)",1109.0,113.0,490.0,,,,
1864,realistic,3,x0y0,utah,9.857,12.1,Aa,saline,194.1130870789473,12.1,,b,-1,0.08,soma,74.206042606,-1099.5400739170007,-407.62202853075536,-1075.4807229669316,,-1100.0,-407.4287165936714,-1075.2755100596496,none,0.0,success,105.0,0.005,"(-1100, -207, -278)",-1100.0,-207.0,-278.0,,,,
1865,realistic,3,x0y0,utah,11.161999999999999,13.6,Aa,saline,20.11969647616085,13.6,,b,-1,0.08,soma,78.377376946,-429.1907839103012,345.92502517228513,863.0509443439678,,-429.0,345.5209088347121,862.9131784761472,none,0.0,success,105.0,0.005,"(-429, 62, 89)",-429.0,62.0,89.0,,,,
1866,realistic,3,x0y0,utah,10.901,13.3,Aa,saline,180.593717840234,13.3,,b,-1,0.08,soma,77.54311007800001,-327.3228419574958,54.97850353527018,-1452.520068112103,,-327.0,55.4327758275944,-1452.6891778834965,none,0.0,success,105.0,0.005,"(-327, 64, -629)",-327.0,64.0,-629.0,,,,
1867,realistic,3,x0y0,utah,10.814,13.2,Aa,saline,128.25580698994372,13.2,,b,-1,0.08,soma,77.26502112200002,1144.3186724901766,843.4785926036874,-812.5207042574075,,1144.0,843.7986105435535,-812.9932505393713,none,0.0,success,105.0,0.005,"(1144, 197, -303)",1144.0,197.0,-303.0,,,,
1868,realistic,3,x0y0,utah,13.424,16.2,Aa,saline,141.61174105008143,16.2,,b,-1,0.08,soma,85.607689802,-118.73651010451636,869.7896985670585,-920.4917446954036,,-119.0,870.0661876835211,-920.832653633404,periphery,5.185000000000111,success,56.396484375,0.005,"(-119, 356, -272)",-119.0,356.0,-272.0,-119.0,,356.0,-272.0
1869,realistic,3,x0y0,utah,15.772999999999998,18.9,Aa,saline,156.84954655467166,18.9,,b,-1,0.08,soma,93.116091614,-241.90416710307773,397.29701393858016,-1368.227002164047,,-242.0,396.8854678067318,-1368.6176231195368,none,0.0,success,105.0,0.005,"(-242, 70, -604)",-242.0,70.0,-604.0,,,,
1870,realistic,3,x0y0,utah,11.597,14.1,Aa,saline,-15.234776744485902,14.1,,b,-1,0.08,soma,79.76782172600001,-760.12177224917,-285.41082032517085,1385.9379047633704,,-760.0,-285.77949177479644,1385.930485591709,none,0.0,success,105.0,0.005,"(-760, -69, 590)",-760.0,-69.0,590.0,,,,
1871,realistic,3,x0y0,utah,13.076,15.8,Aa,saline,82.24177168684214,15.8,,b,-1,0.08,soma,84.495333978,134.46071647460258,1417.2302915548898,178.3968817642235,,134.0,1417.6369884527014,178.67843504351504,central,5.100000000000097,success,8.05511474609375,0.005,"(134, 598, 67)",134.0,598.0,67.0,134.0,,598.0,67.0
1872,realistic,3,x0y0,utah,14.642000000000001,17.6,Aa,saline,117.0809687762406,17.6,,b,-1,0.08,soma,89.500935186,414.4032832941584,1191.9391110454915,-812.8253433839183,,414.0,1191.8098163448074,-812.7024128483337,central,5.265000000000123,success,81.77490234375,0.005,"(414, 453, -435)",414.0,453.0,-435.0,414.0,,453.0,-435.0
1873,realistic,3,x0y0,utah,16.294999999999998,19.5,Aa,saline,104.4285608489845,19.5,,b,-1,0.08,soma,94.78462535,399.37676644337495,1182.8322571004273,-373.4275054506261,,399.0,1183.1719548257379,-373.43216431861003,periphery,5.175000000000109,success,44.5220947265625,0.005,"(399, 377, -166)",399.0,377.0,-166.0,399.0,,377.0,-166.0
1874,realistic,3,x0y0,utah,13.076,15.8,Aa,saline,196.1401375729627,15.8,,b,-1,0.08,soma,84.495333978,760.3026198017778,-278.69105187545256,-1350.4690426987634,,760.0,-278.97485142294204,-1350.6541089096336,none,0.0,success,105.0,0.005,"(760, -49, -556)",760.0,-49.0,-556.0,,,,
1875,realistic,3,x0y0,utah,15.947000000000001,19.1,Aa,saline,200.69479556408626,19.1,,b,-1,0.08,soma,93.67226952600001,749.9458397298172,-597.7831866771779,-1110.995598358,,750.0,-597.9708900252442,-1111.1827040707867,none,0.0,success,105.0,0.005,"(750, -304, -333)",750.0,-304.0,-333.0,,,,
1876,realistic,3,x0y0,utah,12.815,15.5,Aa,saline,106.4903899930845,15.5,,b,-1,0.08,soma,83.66106711,-252.7833410342919,1414.4029435502966,-287.0830850930333,,-253.0,1414.8477986258897,-286.7371884762646,periphery,5.110000000000099,success,9.81903076171875,0.005,"(-253, 622, -52)",-253.0,622.0,-52.0,-253.0,,622.0,-52.0
1877,realistic,3,x0y0,utah,11.075,13.5,Aa,saline,146.30028090689925,13.5,,b,-1,0.08,soma,78.09928799,1591.7516330044634,670.2002683638792,-925.8392520416763,,1592.0,670.1827424884261,-925.6093038038401,central,5.335000000000134,success,94.04296875,0.005,"(1592, 213, -240)",1592.0,213.0,-240.0,1592.0,,213.0,-240.0
1878,realistic,3,x0y0,utah,13.076,15.8,Aa,saline,154.77332167340074,15.8,,b,-1,0.08,soma,84.495333978,-1773.0068220706264,468.4065367508202,-1120.464184685562,,-1773.0,468.5729556707119,-1120.3282395582496,none,0.0,success,105.0,0.005,"(-1773, 116, -372)",-1773.0,116.0,-372.0,,,,
1879,realistic,3,x0y0,utah,12.467,15.1,Aa,saline,50.281337431898955,15.1,,b,-1,0.08,soma,82.548711286,970.8839435881723,1061.9617521504706,917.3452904690967,,971.0,1061.5702343605958,916.989313255877,central,5.305000000000129,success,76.025390625,0.005,"(971, 426, 389)",971.0,426.0,389.0,971.0,,426.0,389.0
1880,realistic,3,x0y0,utah,12.554,15.2,Aa,saline,45.07809963464956,15.2,,b,-1,0.08,soma,82.82680024199999,-126.44364592636336,1131.346608418362,918.8162864958156,,-126.0,1131.1833286256801,918.5305018254383,periphery,5.160000000000107,success,47.3876953125,0.005,"(-126, 546, 335)",-126.0,546.0,335.0,-126.0,,546.0,335.0
1881,realistic,3,x0y0,utah,15.947000000000001,19.1,Aa,saline,-6.893007889689339,19.1,,b,-1,0.08,soma,93.67226952600001,1773.902745975868,-167.05279072431998,1052.2545334770516,,1774.0,-166.82033617156003,1051.8469145927065,none,0.0,success,105.0,0.005,"(1774, -67, 226)",1774.0,-67.0,226.0,,,,
1882,realistic,3,x0y0,utah,13.163,15.9,Aa,saline,144.72009243294082,15.9,,b,-1,0.08,soma,84.773422934,-1902.9481990648208,464.3399522676714,-728.7950093155529,,-1903.0,463.8985645433393,-728.3957725705122,none,0.0,success,105.0,0.005,"(-1903, -14, -53)",-1903.0,-14.0,-53.0,,,,
1883,realistic,3,x0y0,utah,13.25,16.0,Aa,saline,73.69716810784813,16.0,,b,-1,0.08,soma,85.05151189,-313.84460234615534,1357.6616185227367,424.6133598516581,,-314.0,1357.2592205560113,424.2864796937616,periphery,5.155000000000106,success,26.18408203125,0.005,"(-314, 563, 192)",-314.0,563.0,192.0,-314.0,,563.0,192.0
1884,realistic,3,x0y0,utah,12.902,15.6,Aa,saline,54.00089195879876,15.6,,b,-1,0.08,soma,83.93915606600001,697.2024430762835,964.2896373120532,816.1602710162582,,697.0,964.0183886286973,816.0927179677976,central,5.330000000000133,success,91.845703125,0.005,"(697, 295, 330)",697.0,295.0,330.0,697.0,,295.0,330.0
1885,realistic,3,x0y0,utah,12.641,15.3,Aa,saline,140.5793369570564,15.3,,b,-1,0.08,soma,83.104889198,1461.1453888947742,486.3521658557916,-791.0651090271302,,1461.0,485.8608023203652,-791.5117634527277,none,0.0,success,105.0,0.005,"(1461, -39, -153)",1461.0,-39.0,-153.0,,,,
1886,realistic,3,x0y0,utah,11.945,14.5,Aa,saline,112.4551962046585,14.5,,b,-1,0.08,soma,80.88017755,-1547.3315003785856,927.1959072648317,-342.06885035300775,,-1547.0,926.8717300458552,-342.3181139120501,periphery,5.1650000000001075,success,105.0,0.005,"(-1547, 164, -27)",-1547.0,164.0,-27.0,-1547.0,,164.0,-27.0
1887,realistic,3,x0y0,utah,11.161999999999999,13.6,Aa,saline,-12.424176450494482,13.6,,b,-1,0.08,soma,78.377376946,-20.91508862479085,-444.2074727558079,1139.4619337174609,,-21.0,-444.28298689054236,1139.902673162732,none,0.0,success,105.0,0.005,"(-21, -267, 335)",-21.0,-267.0,335.0,,,,
1888,realistic,3,x0y0,utah,13.859,16.7,Aa,saline,197.21559923403416,16.7,,b,-1,0.08,soma,86.998134582,1633.874658115984,-54.20189636644864,-252.9957980505073,,1634.0,-54.235723918136074,-253.38230907636353,none,0.0,success,105.0,0.005,"(1634, 191, 538)",1634.0,191.0,538.0,,,,
1889,realistic,3,x0y0,utah,10.727,13.1,Aa,saline,63.832452443544724,13.1,,b,-1,0.08,soma,76.986932166,1112.6819415051655,834.8067306250978,474.16689308090736,,1113.0,835.0853858094927,474.16061854260306,none,0.0,success,105.0,0.005,"(1113, 96, 111)",1113.0,96.0,111.0,,,,
1890,realistic,3,x0y0,utah,14.99,18.0,Aa,saline,-24.290610645185065,18.0,,b,-1,0.08,soma,90.61329101,-843.9840255496523,-651.6498234912208,1224.9389844822972,,-844.0,-651.5881539607572,1224.8245073778075,none,0.0,success,105.0,0.005,"(-844, -310, 468)",-844.0,-310.0,468.0,,,,
1891,realistic,3,x0y0,utah,13.946,16.8,Aa,saline,205.10099604456883,16.8,,b,-1,0.08,soma,87.27622353800001,-1720.3331604744394,-556.0449665668953,-987.110043366942,,-1720.0,-556.5082870124099,-987.4146740180066,none,0.0,success,105.0,0.005,"(-1720, -205, -237)",-1720.0,-205.0,-237.0,,,,
1892,realistic,3,x0y0,utah,14.555,17.5,Aa,saline,126.49538679798124,17.5,,b,-1,0.08,soma,89.22284623,1094.067405188479,1081.224237056862,-801.3013412403157,,1094.0,1080.9246230421486,-801.4528744688021,central,5.315000000000131,success,58.19091796875,0.005,"(1094, 414, -308)",1094.0,414.0,-308.0,1094.0,,414.0,-308.0
1893,realistic,3,x0y0,utah,15.598999999999998,18.7,Aa,saline,112.01488331351848,18.7,,b,-1,0.08,soma,92.559913702,93.63194338375449,1372.6553002925712,-416.9310224330516,,94.0,1372.6796479965624,-416.5637278277549,periphery,5.110000000000099,success,11.130523681640625,0.005,"(94, 602, -105)",94.0,602.0,-105.0,94.0,,602.0,-105.0
1894,realistic,3,x0y0,utah,12.728,15.4,Aa,saline,164.48725524885168,15.4,,b,-1,0.08,soma,83.382978154,119.15360579511969,416.7232218182676,-1166.9850731414306,,119.0,417.13997332809754,-1166.5999188745975,periphery,5.220000000000116,success,99.90234375,0.005,"(119, 196, -370)",119.0,196.0,-370.0,119.0,,196.0,-370.0
1895,realistic,3,x0y0,utah,12.988999999999999,15.7,Aa,saline,114.15241455386469,15.7,,b,-1,0.08,soma,84.217245022,171.9966295927644,1220.3301370713125,-700.9754464161763,,172.0,1220.7366180412878,-701.4528483315013,periphery,5.185000000000111,success,62.40234375,0.005,"(172, 466, -363)",172.0,466.0,-363.0,172.0,,466.0,-363.0
1896,realistic,3,x0y0,utah,12.902,15.6,Aa,saline,173.41088189974715,15.6,,b,-1,0.08,soma,83.93915606600001,-838.8096854736932,78.38376373137771,-827.983067676132,,-839.0,77.85341060038513,-827.5115788179825,none,0.0,success,105.0,0.005,"(-839, -17, -6)",-839.0,-17.0,-6.0,,,,
1897,realistic,3,x0y0,utah,13.337000000000002,16.1,Aa,saline,197.4467551810349,16.1,,b,-1,0.08,soma,85.329600846,-526.1606085676449,-395.2590401546813,-1321.1005011484465,,-526.0,-395.13390716681545,-1321.5922196035422,none,0.0,success,105.0,0.005,"(-526, -147, -532)",-526.0,-147.0,-532.0,,,,
1898,realistic,3,x0y0,utah,10.988,13.4,Aa,saline,204.64743102345932,13.4,,b,-1,0.08,soma,77.821199034,-1081.8616655571363,-595.8951589031867,-1229.1766506825475,,-1082.0,-595.5707199985891,-1228.8523439010014,none,0.0,success,105.0,0.005,"(-1082, -252, -480)",-1082.0,-252.0,-480.0,,,,
1899,realistic,3,x0y0,utah,13.337000000000002,16.1,Aa,saline,151.30715604246882,16.1,,b,-1,0.08,soma,85.329600846,1759.8387306197824,558.7487180836788,-870.926694747538,,1760.0,558.3618706830824,-871.0275629310557,central,5.3250000000001325,success,90.07415771484375,0.005,"(1760, 161, -145)",1760.0,161.0,-145.0,1760.0,,161.0,-145.0
1900,realistic,3,x0y0,utah,12.554,15.2,Aa,saline,87.85079474228742,15.2,,b,-1,0.08,soma,82.82680024199999,-314.4826091991473,1449.7267967437024,-95.08875020875077,,-314.0,1449.8349107409153,-95.0094974954625,periphery,5.140000000000104,success,16.5130615234375,0.005,"(-314, 624, -126)",-314.0,624.0,-126.0,-314.0,,624.0,-126.0
1901,realistic,3,x0y0,utah,12.815,15.5,Aa,saline,124.53554514104022,15.5,,b,-1,0.08,soma,83.66106711,1457.5280636373718,836.1648811371186,-708.8563775513862,,1458.0,836.1429935426091,-708.7302294723296,none,0.0,success,105.0,0.005,"(1458, 155, -240)",1458.0,155.0,-240.0,,,,
1902,realistic,3,x0y0,utah,11.336,13.8,Aa,saline,187.99104355933983,13.8,,b,-1,0.08,soma,78.93355485800001,-0.1630730740986852,-101.08012900512176,-1415.5144796135348,,0.0,-100.60088206263104,-1415.4694496879388,none,0.0,success,105.0,0.005,"(0, 14, -599)",0.0,14.0,-599.0,,,,
1903,realistic,3,x0y0,utah,12.119,14.7,Aa,saline,137.52220010304612,14.7,,b,-1,0.08,soma,81.436355462,984.1098402659233,663.0246583693565,-788.8102283673297,,984.0,662.6074854217444,-788.9671560766127,none,0.0,success,105.0,0.005,"(984, 105, -180)",984.0,105.0,-180.0,,,,
1904,realistic,3,x0y0,utah,14.555,17.5,Aa,saline,41.239932054035954,17.5,,b,-1,0.08,soma,89.22284623,-1071.221350426014,634.908594971931,801.9123311750686,,-1071.0,634.8798501174082,801.8677901824801,none,0.0,success,105.0,0.005,"(-1071, 88, 178)",-1071.0,88.0,178.0,,,,
1905,realistic,3,x0y0,utah,12.206000000000001,14.8,Aa,saline,67.73429799696052,14.8,,b,-1,0.08,soma,81.714444418,-192.45543932274185,1184.0144704478726,639.7980205987501,,-192.0,1184.2482734322089,639.9173014949902,periphery,5.215000000000115,success,62.79296875,0.005,"(-192, 420, 327)",-192.0,420.0,327.0,-192.0,,420.0,327.0
1906,realistic,3,x0y0,utah,12.38,15.0,Aa,saline,-22.231930567332935,15.0,,b,-1,0.08,soma,82.27062233000002,-366.39519915126726,-679.7274331114007,1277.8264956883258,,-366.0,-679.6096017448361,1277.7534575454406,none,0.0,success,105.0,0.005,"(-366, -367, 513)",-366.0,-367.0,513.0,,,,
1907,realistic,3,x0y0,utah,9.943999999999999,12.2,Aa,saline,126.14349359704066,12.2,,b,-1,0.08,soma,74.484131562,-1326.1297203503764,980.9915307813608,-737.9593304110525,,-1326.0,980.9604681181577,-737.958370397634,periphery,5.2350000000001184,success,71.47216796875,0.005,"(-1326, 317, -253)",-1326.0,317.0,-253.0,-1326.0,,317.0,-253.0
1908,realistic,3,x0y0,utah,10.292,12.6,Aa,saline,54.22411450672668,12.6,,b,-1,0.08,soma,75.596487386,1948.4294433390728,867.8975155830476,597.1802012838534,,1948.0,867.5362151081312,597.0078532629279,central,5.305000000000129,success,82.598876953125,0.005,"(1948, 200, 116)",1948.0,200.0,116.0,1948.0,,200.0,116.0
1909,realistic,3,x0y0,utah,14.467999999999998,17.4,Aa,saline,98.21612638064845,17.4,,b,-1,0.08,soma,88.944757274,-913.5517019033076,351.41813762752554,-65.6993302948299,,-914.0,350.9288131370391,-65.53160290722734,none,0.0,success,105.0,0.005,"(-914, -470, 53)",-914.0,-470.0,53.0,,,,
1910,realistic,3,x0y0,utah,12.032,14.6,Aa,saline,83.9299937109327,14.6,,b,-1,0.08,soma,81.15826650599999,540.7341732010598,1410.7565678694186,301.300863965168,,541.0,1410.9558901067835,301.26371438484216,central,5.195000000000112,success,32.53173828125,0.005,"(541, 590, 214)",541.0,590.0,214.0,541.0,,590.0,214.0
1911,realistic,3,x0y0,utah,13.597999999999999,16.4,Aa,saline,131.48502547103692,16.4,,b,-1,0.08,soma,86.16386771399998,-987.9507662548824,1085.8411983343158,-754.7744680309825,,-988.0,1086.316176652279,-754.5214729868769,periphery,5.215000000000115,success,35.736083984375,0.005,"(-988, 466, -206)",-988.0,466.0,-206.0,-988.0,,466.0,-206.0
1912,realistic,3,x0y0,utah,9.161000000000001,11.3,Aa,saline,77.69490214734417,11.3,,b,-1,0.08,soma,71.981330958,566.288107510031,996.300896660714,174.09893481653216,,566.0,996.1078801729832,173.95311081357497,periphery,5.240000000000119,success,56.7626953125,0.005,"(566, 194, -1)",566.0,194.0,-1.0,566.0,,194.0,-1.0
1913,realistic,3,x0y0,utah,13.859,16.7,Aa,saline,169.9060085545851,16.7,,b,-1,0.08,soma,86.998134582,91.29998234971336,253.36839712612618,-1369.0429111434407,,91.0,253.23588649611236,-1368.6573317479897,none,0.0,success,105.0,0.005,"(91, 108, -553)",91.0,108.0,-553.0,,,,
1914,realistic,3,x0y0,utah,11.771,14.3,Aa,saline,37.80282899820463,14.3,,b,-1,0.08,soma,80.323999638,1444.9296339013254,681.7943002910579,781.9188559939998,,1445.0,681.7417896890652,781.9604960569922,central,5.2800000000001255,success,91.845703125,0.005,"(1445, 176, 130)",1445.0,176.0,130.0,1445.0,,176.0,130.0
1915,realistic,3,x0y0,utah,15.860000000000001,19.0,Aa,saline,67.74041719324103,19.0,,b,-1,0.08,soma,93.39418057,-771.4463155496253,492.4006864102448,227.1041299490298,,-771.0,492.73565705876774,227.0468577999581,none,0.0,success,105.0,0.005,"(-771, -277, -88)",-771.0,-277.0,-88.0,,,,
1916,realistic,3,x0y0,utah,12.467,15.1,Aa,saline,25.458127984388426,15.1,,b,-1,0.08,soma,82.548711286,1046.8991072860954,636.3962852024179,1214.156635794653,,1047.0,636.2153454909258,1214.0431157100647,none,0.0,success,105.0,0.005,"(1047, 281, 468)",1047.0,281.0,468.0,,,,
1917,realistic,3,x0y0,utah,13.424,16.2,Aa,saline,57.76501959503863,16.2,,b,-1,0.08,soma,85.607689802,1160.0427134142114,1212.828422208896,659.4343268113621,,1160.0,1213.239272401756,659.5505708701935,central,5.24500000000012,success,31.7626953125,0.005,"(1160, 513, 218)",1160.0,513.0,218.0,1160.0,,513.0,218.0
1918,realistic,3,x0y0,utah,11.771,14.3,Aa,saline,152.55267562203298,14.3,,b,-1,0.08,soma,80.323999638,-951.8812924942059,743.5476917115732,-1039.7545184134583,,-952.0,743.3171657165772,-1039.2487586393809,periphery,5.290000000000127,success,66.05224609375,0.005,"(-952, 363, -307)",-952.0,363.0,-307.0,-952.0,,363.0,-307.0
1919,realistic,3,x0y0,utah,11.075,13.5,Aa,saline,96.22062164326374,13.5,,b,-1,0.08,soma,78.09928799,-1155.0209376025743,203.9467273187479,-13.641595636733198,,-1155.0,204.1877510954297,-13.326981409058021,none,0.0,success,105.0,0.005,"(-1155, -615, 76)",-1155.0,-615.0,76.0,,,,
1920,realistic,3,x0y0,utah,13.424,16.2,Aa,saline,146.6685767294523,16.2,,b,-1,0.08,soma,85.607689802,1566.3240043493265,759.625022892807,-919.2789936262268,,1566.0,759.8782127730996,-919.6301124147857,central,5.285000000000126,success,67.95654296875,0.005,"(1566, 305, -228)",1566.0,305.0,-228.0,1566.0,,305.0,-228.0
1921,realistic,3,x0y0,utah,12.206000000000001,14.8,Aa,saline,108.64674006551519,14.8,,b,-1,0.08,soma,81.714444418,-1184.1988832709935,283.6136315359336,-104.6330810726804,,-1184.0,283.49971804302766,-105.02655394021735,none,0.0,success,105.0,0.005,"(-1184, -499, 159)",-1184.0,-499.0,159.0,,,,
1922,realistic,3,x0y0,utah,12.206000000000001,14.8,Aa,saline,49.62023038139754,14.8,,b,-1,0.08,soma,81.714444418,771.1889162819307,1124.5992891365104,841.6583575030336,,771.0,1124.1380318788165,842.0728942692112,central,5.305000000000129,success,53.9306640625,0.005,"(771, 495, 307)",771.0,495.0,307.0,771.0,,495.0,307.0
1923,realistic,3,x0y0,utah,10.292,12.6,Aa,saline,93.12283307202728,12.6,,b,-1,0.08,soma,75.596487386,887.3177605296428,1281.259763167267,-144.01545288698662,,887.0,1281.5640463274608,-143.8425042812685,central,5.2350000000001184,success,27.25830078125,0.005,"(887, 460, -99)",887.0,460.0,-99.0,887.0,,460.0,-99.0
1924,realistic,3,x0y0,utah,15.772999999999998,18.9,Aa,saline,50.967181295756205,18.9,,b,-1,0.08,soma,93.116091614,-378.35849184155165,973.8732118189218,1037.2527922188165,,-378.0,973.9542899828778,1037.7152572492487,none,0.0,success,105.0,0.005,"(-378, 328, 514)",-378.0,328.0,514.0,,,,
1925,realistic,3,x0y0,utah,11.075,13.5,Aa,saline,177.60618846416688,13.5,,b,-1,0.08,soma,78.09928799,-1967.8158743281203,-47.42159604165636,-1019.2364989183334,,-1968.0,-47.554724881008994,-1019.3079993154047,none,0.0,success,105.0,0.005,"(-1968, -82, -196)",-1968.0,-82.0,-196.0,,,,
1926,realistic,3,x0y0,utah,9.683,11.9,Aa,saline,196.56064507854322,11.9,,b,-1,0.08,soma,73.649864694,1856.316206331722,-436.40507216375323,-973.9827722938415,,1856.0,-436.22010571889507,-973.7191976545998,none,0.0,success,105.0,0.005,"(1856, -202, -186)",1856.0,-202.0,-186.0,,,,
1927,realistic,3,x0y0,utah,12.032,14.6,Aa,saline,82.73298099916757,14.6,,b,-1,0.08,soma,81.15826650599999,568.5925430042615,1428.539625404279,-57.90631991368582,,569.0,1428.9745001869762,-57.56423964349547,central,5.185000000000111,success,24.86572265625,0.005,"(569, 610, -162)",569.0,610.0,-162.0,569.0,,610.0,-162.0
1928,realistic,3,x0y0,utah,12.293000000000001,14.9,Aa,saline,120.97595832419891,14.9,,b,-1,0.08,soma,81.99253337399999,1741.0792966893002,1000.9939996092572,-601.7080136410614,,1741.0,1001.209199057434,-602.1402784637991,central,5.330000000000133,success,67.95654296875,0.005,"(1741, 293, -177)",1741.0,293.0,-177.0,1741.0,,293.0,-177.0
1929,realistic,3,x0y0,utah,10.379,12.7,Aa,saline,150.79486556476834,12.7,,b,-1,0.08,soma,75.874576342,331.34632270101287,661.7246260646361,-1022.136091184454,,331.0,661.511102898631,-1022.341958844466,central,5.2100000000001145,success,84.5947265625,0.005,"(331, 260, -304)",331.0,260.0,-304.0,331.0,,260.0,-304.0
1930,realistic,3,x0y0,utah,13.511000000000001,16.3,Aa,saline,-20.512642923605426,16.3,,b,-1,0.08,soma,85.885778758,-1208.187429059524,-573.9438108508839,1097.8163706774485,,-1208.0,-574.1111884384017,1097.4513101923717,none,0.0,success,105.0,0.005,"(-1208, -284, 322)",-1208.0,-284.0,322.0,,,,
1931,realistic,3,x0y0,utah,12.902,15.6,Aa,saline,160.3453832290272,15.6,,b,-1,0.08,soma,83.93915606600001,292.1516472621348,281.0445370446355,-1424.9199520168268,,292.0,281.109869092498,-1424.7572516336763,none,0.0,success,105.0,0.005,"(292, 3, -646)",292.0,3.0,-646.0,,,,
1932,realistic,3,x0y0,utah,10.727,13.1,Aa,saline,108.61836713526944,13.1,,b,-1,0.08,soma,76.986932166,705.9173695518541,1297.8778441458714,-397.4472346161247,,706.0,1297.4247578068594,-397.94146372030195,central,5.220000000000116,success,28.82080078125,0.005,"(706, 517, -135)",706.0,517.0,-135.0,706.0,,517.0,-135.0
1933,realistic,3,x0y0,utah,13.772000000000002,16.6,Aa,saline,173.04302214905547,16.6,,b,-1,0.08,soma,86.720045626,-945.8527146100903,103.70939779101221,-1345.730067970069,,-946.0,103.31439876265432,-1345.230158644184,none,0.0,success,105.0,0.005,"(-946, 3, -523)",-946.0,3.0,-523.0,,,,
1934,realistic,3,x0y0,utah,11.161999999999999,13.6,Aa,saline,152.71696013453675,13.6,,b,-1,0.08,soma,78.377376946,-1881.991285523268,385.7217986794944,-1038.9089118428594,,-1882.0,385.80809479602334,-1038.5389063148027,none,0.0,success,105.0,0.005,"(-1882, 8, -306)",-1882.0,8.0,-306.0,,,,
1935,realistic,3,x0y0,utah,11.248999999999999,13.7,Aa,saline,139.08798263812164,13.7,,b,-1,0.08,soma,78.655465902,468.1189005802555,970.5769814081883,-1067.5937102851326,,468.0,970.8522323096101,-1067.944467791071,central,5.215000000000115,success,85.58349609375,0.005,"(468, 431, -445)",468.0,431.0,-445.0,468.0,,431.0,-445.0
1936,realistic,3,x0y0,utah,8.465,10.5,Aa,saline,102.338479729063,10.5,,b,-1,0.08,soma,69.75661931,1474.9414269208623,508.57949847402506,-89.93331449812193,,1475.0,508.9391207019697,-90.20799477327355,none,0.0,success,105.0,0.005,"(1475, -292, 85)",1475.0,-292.0,85.0,,,,
1937,realistic,3,x0y0,utah,12.467,15.1,Aa,saline,-20.421320772330944,15.1,,b,-1,0.08,soma,82.548711286,-106.9678217723475,-526.7637754125943,1333.4736454071844,,-107.0,-526.2871226838428,1333.38432610862,none,0.0,success,105.0,0.005,"(-107, -238, 559)",-107.0,-238.0,559.0,,,,
1938,realistic,3,x0y0,utah,15.947000000000001,19.1,Aa,saline,-12.151652266844854,19.1,,b,-1,0.08,soma,93.67226952600001,1422.0743911991171,-394.78448344359634,1079.7694144453126,,1422.0,-395.10150636761153,1080.203005344309,none,0.0,success,105.0,0.005,"(1422, -220, 267)",1422.0,-220.0,267.0,,,,
1939,realistic,3,x0y0,utah,10.988,13.4,Aa,saline,-1.7063401379030765,13.4,,b,-1,0.08,soma,77.821199034,-1846.2498943114347,-28.353015245597817,1061.1579644329554,,-1846.0,-28.552535865606604,1061.5810352771932,none,0.0,success,105.0,0.005,"(-1846, -4, 238)",-1846.0,-4.0,238.0,,,,
1940,realistic,3,x0y0,utah,11.771,14.3,Aa,saline,157.42940910971706,14.3,,b,-1,0.08,soma,80.323999638,-1701.5236371487479,381.85184561980316,-1006.2774049125768,,-1702.0,381.69717553053226,-1005.9545906328648,none,0.0,success,105.0,0.005,"(-1702, 65, -244)",-1702.0,65.0,-244.0,,,,
1941,realistic,3,x0y0,utah,13.946,16.8,Aa,saline,67.06610997325853,16.8,,b,-1,0.08,soma,87.27622353800001,436.42626574291603,1402.7663111314623,349.7095496194384,,436.0,1403.1757009392493,349.9202721563794,tjn,5.18000000000011,success,5.513763427734375,0.005,"(436, 640, 27)",436.0,640.0,27.0,436.0,,640.0,27.0
1942,realistic,3,x0y0,utah,16.034,19.2,Aa,saline,-8.64646995176075,19.2,,b,-1,0.08,soma,93.95035848200001,1745.5606364940893,-340.41678860075166,1031.148824768008,,1746.0,-340.04586943992234,1031.490662197653,none,0.0,success,105.0,0.005,"(1746, -215, 209)",1746.0,-215.0,209.0,,,,
1943,realistic,3,x0y0,utah,13.772000000000002,16.6,Aa,saline,82.97956260164052,16.6,,b,-1,0.08,soma,86.720045626,-345.2290699512146,1443.1650492536999,126.45356632084257,,-345.0,1443.1473226419027,126.22559478774863,periphery,5.140000000000104,success,5.80902099609375,0.005,"(-345, 621, 25)",-345.0,621.0,25.0,-345.0,,621.0,25.0
1944,realistic,3,x0y0,utah,12.728,15.4,Aa,saline,195.2695819487172,15.4,,b,-1,0.08,soma,83.382978154,-131.8316919274933,-162.0165621048177,-1412.8146139366104,,-132.0,-161.7505382228819,-1412.509279512582,none,0.0,success,105.0,0.005,"(-132, 56, -615)",-132.0,56.0,-615.0,,,,
1945,realistic,3,x0y0,utah,11.248999999999999,13.7,Aa,saline,66.78758689140213,13.7,,b,-1,0.08,soma,78.655465902,1926.0235601972076,980.2537659643599,338.07622993530015,,1926.0,980.5571865819693,337.8675595559892,central,5.305000000000129,success,70.9228515625,0.005,"(1926, 223, 13)",1926.0,223.0,13.0,1926.0,,223.0,13.0
1946,realistic,3,x0y0,utah,13.163,15.9,Aa,saline,14.253433601178145,15.9,,b,-1,0.08,soma,84.773422934,-61.40223198408057,305.6657846875569,1396.8834632216706,,-61.0,305.70260836317544,1396.9032007538167,none,0.0,success,105.0,0.005,"(-61, 102, 595)",-61.0,102.0,595.0,,,,
1947,realistic,3,x0y0,utah,14.555,17.5,Aa,saline,102.42053380485287,17.5,,b,-1,0.08,soma,89.22284623,1347.9704839754274,645.4231068632776,-46.48200357952328,,1348.0,645.1985158141092,-46.44941711203654,none,0.0,success,105.0,0.005,"(1348, -165, 132)",1348.0,-165.0,132.0,,,,
1948,realistic,3,x0y0,utah,11.161999999999999,13.6,Aa,saline,147.95390240908242,13.6,,b,-1,0.08,soma,78.377376946,-1004.8702460515044,660.5546044787347,-1234.773100234851,,-1005.0,660.3145181037739,-1234.5823323497152,none,0.0,success,105.0,0.005,"(-1005, 223, -536)",-1005.0,223.0,-536.0,,,,
1949,realistic,3,x0y0,utah,15.424999999999999,18.5,Aa,saline,73.56549274621628,18.5,,b,-1,0.08,soma,92.00373579,-1794.6223628740847,1240.507419293629,244.94156037919856,,-1795.0,1240.0138914980946,245.09042842749554,periphery,5.230000000000118,success,29.8187255859375,0.005,"(-1795, 443, 10)",-1795.0,443.0,10.0,-1795.0,,443.0,10.0
1950,realistic,3,x0y0,utah,12.815,15.5,Aa,saline,109.86375017301941,15.5,,b,-1,0.08,soma,83.66106711,-1072.5066742532995,1123.958877732257,-388.2151089543204,,-1073.0,1123.6341168084778,-387.9570153019891,periphery,5.24500000000012,success,44.72808837890625,0.005,"(-1073, 346, -107)",-1073.0,346.0,-107.0,-1073.0,,346.0,-107.0
1951,realistic,3,x0y0,utah,15.772999999999998,18.9,Aa,saline,127.62296173992088,18.9,,b,-1,0.08,soma,93.116091614,998.7237639736487,1071.4405449830792,-637.2549692701564,,999.0,1071.593972279144,-637.6661869651737,central,5.2800000000001255,success,32.806396484375,0.005,"(999, 413, -130)",999.0,413.0,-130.0,999.0,,413.0,-130.0
1952,realistic,3,x0y0,utah,10.727,13.1,Aa,saline,97.45230890388382,13.1,,b,-1,0.08,soma,76.986932166,-571.1306708650997,1197.7259177901194,-177.9005777330608,,-571.0,1197.576120967903,-177.8071025509651,periphery,5.18000000000011,success,39.056396484375,0.005,"(-571, 381, -71)",-571.0,381.0,-71.0,-571.0,,381.0,-71.0
1953,realistic,3,x0y0,utah,13.163,15.9,Aa,saline,187.26254227515201,15.9,,b,-1,0.08,soma,84.773422934,643.6799459079455,-91.55021852991013,-1309.9916983553655,,644.0,-91.58168032942883,-1309.7676177752642,none,0.0,success,105.0,0.005,"(644, 13, -489)",644.0,13.0,-489.0,,,,
1954,realistic,3,x0y0,utah,14.207,17.1,Aa,saline,116.56310732580505,17.1,,b,-1,0.08,soma,88.110490406,313.13914258438683,1059.8410864326192,-505.3855932068486,,313.0,1059.5070113095635,-505.7535056547817,periphery,5.170000000000108,success,50.68359375,0.005,"(313, 318, -135)",313.0,318.0,-135.0,313.0,,318.0,-135.0
1955,realistic,3,x0y0,utah,9.857,12.1,Aa,saline,-24.8933613854503,12.1,,b,-1,0.08,soma,74.206042606,-577.1631865668908,-372.1817960373619,1375.4148449146494,,-577.0,-372.02316166643277,1375.7296506239516,none,0.0,success,105.0,0.005,"(-577, -26, 630)",-577.0,-26.0,630.0,,,,
1956,realistic,3,x0y0,utah,15.598999999999998,18.7,Aa,saline,67.32097621485666,18.7,,b,-1,0.08,soma,92.559913702,-1081.506723051867,679.9723588794502,429.8027745665004,,-1082.0,680.0220161864179,429.5415513617457,none,0.0,success,105.0,0.005,"(-1082, -87, 109)",-1082.0,-87.0,109.0,,,,
1957,realistic,3,x0y0,utah,13.163,15.9,Aa,saline,140.8000217352429,15.9,,b,-1,0.08,soma,84.773422934,-1636.13819957699,652.1636070181478,-806.1242579780368,,-1636.0,651.9084016471442,-806.1419627157785,periphery,5.215000000000115,success,105.0,0.005,"(-1636, 129, -165)",-1636.0,129.0,-165.0,-1636.0,,129.0,-165.0
1958,realistic,3,x0y0,utah,15.164,18.2,Aa,saline,48.682808327971706,18.2,,b,-1,0.08,soma,91.16946892200001,-1788.6722680643902,602.4951364747958,720.2049653367458,,-1789.0,602.8521940536572,720.3520416911523,none,0.0,success,105.0,0.005,"(-1789, -21, 172)",-1789.0,-21.0,172.0,,,,
1959,realistic,3,x0y0,utah,12.119,14.7,Aa,saline,81.61463789903401,14.7,,b,-1,0.08,soma,81.436355462,474.7219195726802,1412.6431321337686,49.539500746862366,,475.0,1412.8829932292783,49.38971031317983,central,5.170000000000108,success,9.942626953125,0.005,"(475, 596, -71)",475.0,596.0,-71.0,475.0,,596.0,-71.0
1960,realistic,3,x0y0,utah,15.251000000000001,18.3,Aa,saline,185.9820925488187,18.3,,b,-1,0.08,soma,91.447557878,-1524.9545912188944,-290.4689175024205,-1082.877146400034,,-1525.0,-290.5614177654438,-1083.2378705327296,none,0.0,success,105.0,0.005,"(-1525, -204, -257)",-1525.0,-204.0,-257.0,,,,
1961,realistic,3,x0y0,utah,13.511000000000001,16.3,Aa,saline,94.69979100868643,16.3,,b,-1,0.08,soma,85.885778758,590.4988686643082,787.2706549018733,9.051470136742864,,590.0,787.1278835551117,9.191477359859874,periphery,5.365000000000139,success,53.6376953125,0.005,"(590, -38, 77)",590.0,-38.0,77.0,590.0,,-38.0,77.0
1962,realistic,3,x0y0,utah,12.728,15.4,Aa,saline,146.94236171516673,15.4,,b,-1,0.08,soma,83.382978154,14.582845602279404,506.51936087471535,-875.5853666294971,,15.0,506.96020729150365,-875.8501369954339,none,0.0,success,105.0,0.005,"(15, 56, -183)",15.0,56.0,-183.0,,,,
1963,realistic,3,x0y0,utah,11.075,13.5,Aa,saline,341.5662229422894,13.5,,b,-1,0.08,soma,78.09928799,-1205.7135237211287,-447.16965554956636,1241.1943337373775,,-1206.0,-447.5644974312191,1240.7758972580568,none,0.0,success,105.0,0.005,"(-1206, -187, 459)",-1206.0,-187.0,459.0,,,,
1964,realistic,3,x0y0,utah,14.207,17.1,Aa,saline,0.8737651724274509,17.1,,b,-1,0.08,soma,88.110490406,1258.4817143370567,99.75972569184887,1262.8671899660167,,1258.0,99.6016397270856,1262.97233967848,none,0.0,success,105.0,0.005,"(1258, 87, 434)",1258.0,87.0,434.0,,,,
1965,realistic,3,x0y0,utah,14.293999999999999,17.2,Aa,saline,88.6559685114999,17.2,,b,-1,0.08,soma,88.388579362,-1528.3421347989188,416.85371703508275,16.578919445074007,,-1528.0,416.94553139409595,16.486065807503504,none,0.0,success,105.0,0.005,"(-1528, -412, -3)",-1528.0,-412.0,-3.0,,,,
1966,realistic,3,x0y0,utah,13.597999999999999,16.4,Aa,saline,191.00256196227485,16.4,,b,-1,0.08,soma,86.16386771399998,-135.413836230174,-312.66539979821215,-1304.0947493532535,,-135.0,-313.08084117330134,-1303.8452262740316,none,0.0,success,105.0,0.005,"(-135, -155, -491)",-135.0,-155.0,-491.0,,,,
1967,realistic,3,x0y0,utah,12.467,15.1,Aa,saline,144.9663498637826,15.1,,b,-1,0.08,soma,82.548711286,1446.1959619601353,654.2923285279949,-948.7299899877677,,1446.0,654.3641075746464,-948.5534424004885,central,5.24500000000012,success,105.0,0.005,"(1446, 180, -272)",1446.0,180.0,-272.0,1446.0,,180.0,-272.0
1968,realistic,3,x0y0,utah,11.075,13.5,Aa,saline,179.3196443797701,13.5,,b,-1,0.08,soma,78.09928799,1734.2214738595974,-33.637795417244426,-1081.1592822162117,,1734.0,-33.1938092364595,-1080.9672390306007,none,0.0,success,105.0,0.005,"(1734, -43, -257)",1734.0,-43.0,-257.0,,,,
1969,realistic,3,x0y0,utah,12.119,14.7,Aa,saline,191.10285489216514,14.7,,b,-1,0.08,soma,81.436355462,597.391384261633,-268.3126251458475,-1380.6752048679737,,597.0,-268.03332103099063,-1380.2772478074303,none,0.0,success,105.0,0.005,"(597, -109, -570)",597.0,-109.0,-570.0,,,,
1970,realistic,3,x0y0,utah,11.597,14.1,Aa,saline,129.88500921851409,14.1,,b,-1,0.08,soma,79.76782172600001,1769.3057933298935,964.3517125221472,-787.3430223496898,,1769.0,963.93342480518,-786.9155636453557,central,5.31000000000013,success,70.9228515625,0.005,"(1769, 331, -258)",1769.0,331.0,-258.0,1769.0,,331.0,-258.0
1971,realistic,3,x0y0,utah,11.771,14.3,Aa,saline,126.91242481498604,14.3,,b,-1,0.08,soma,80.323999638,1343.260036182371,731.3874408157621,-603.7606917180643,,1343.0,731.7995350552726,-603.5922970912916,none,0.0,success,105.0,0.005,"(1343, 72, -108)",1343.0,72.0,-108.0,,,,
1972,realistic,3,x0y0,utah,11.161999999999999,13.6,Aa,saline,21.399033930862647,13.6,,b,-1,0.08,soma,78.377376946,564.7102724838273,595.9723678811793,1112.593225729718,,565.0,595.7464524237978,1112.4020878372107,central,5.250000000000121,success,84.3017578125,0.005,"(565, 295, 345)",565.0,295.0,345.0,565.0,,295.0,345.0
1973,realistic,3,x0y0,utah,14.816,17.8,Aa,saline,25.492542532540394,17.8,,b,-1,0.08,soma,90.05711309799999,462.75288162907333,609.5459126382648,1249.9344073421014,,463.0,609.2442907386896,1250.1837751411276,none,0.0,success,105.0,0.005,"(463, 252, 501)",463.0,252.0,501.0,,,,
1974,realistic,3,x0y0,utah,11.248999999999999,13.7,Aa,saline,117.4034091284754,13.7,,b,-1,0.08,soma,78.655465902,912.5650249049132,1221.1348439913506,-452.5879562055334,,913.0,1220.8381613138981,-452.4380554773454,central,5.215000000000115,success,19.976806640625,0.005,"(913, 489, -73)",913.0,489.0,-73.0,913.0,,489.0,-73.0
1975,realistic,3,x0y0,utah,12.988999999999999,15.7,Aa,saline,21.53257354397573,15.7,,b,-1,0.08,soma,84.217245022,544.6103795944235,554.9192487319433,1201.145484237085,,545.0,554.548864461537,1201.3764406597325,none,0.0,success,105.0,0.005,"(545, 251, 432)",545.0,251.0,432.0,,,,
1976,realistic,3,x0y0,utah,15.598999999999998,18.7,Aa,saline,108.96181832178478,18.7,,b,-1,0.08,soma,92.559913702,-414.03671091475263,1259.6404067380208,-458.2863002351679,,-414.0,1259.141455193991,-458.08285798089,periphery,5.185000000000111,success,33.2733154296875,0.005,"(-414, 473, -188)",-414.0,473.0,-188.0,-414.0,,473.0,-188.0
1977,realistic,3,x0y0,utah,13.163,15.9,Aa,saline,330.27740013514784,15.9,,b,-1,0.08,soma,84.773422934,-18.72430888901322,-94.73086288875493,160.5617886607979,,-19.0,-95.21833154533869,160.5026202379429,none,0.0,success,105.0,0.005,"(-19, 315, -558)",-19.0,315.0,-558.0,,,,
1978,realistic,3,x0y0,utah,13.076,15.8,Aa,saline,106.70181398639376,15.8,,b,-1,0.08,soma,84.495333978,75.40536284149924,968.8757404551428,-447.8662439606974,,75.0,969.3378154420644,-447.75097949263863,periphery,5.295000000000128,success,92.9443359375,0.005,"(75, 177, -210)",75.0,177.0,-210.0,75.0,,177.0,-210.0
1979,realistic,3,x0y0,utah,12.467,15.1,Aa,saline,192.70513063519886,15.1,,b,-1,0.08,soma,82.548711286,257.71856829612494,-451.281784050936,-1231.7637435796526,,258.0,-451.69773080589573,-1232.0306339297467,none,0.0,success,105.0,0.005,"(258, -270, -426)",258.0,-270.0,-426.0,,,,
1980,realistic,3,x0y0,utah,14.207,17.1,Aa,saline,-14.014832149997725,17.1,,b,-1,0.08,soma,88.110490406,-1973.5016952019198,-349.0584362778218,1004.4225459419058,,-1974.0,-348.7971803881667,1004.3493988959508,none,0.0,success,105.0,0.005,"(-1974, -148, 200)",-1974.0,-148.0,200.0,,,,
1981,realistic,3,x0y0,utah,11.597,14.1,Aa,saline,342.00110631352345,14.1,,b,-1,0.08,soma,79.76782172600001,-1856.3122314849247,-232.5090632045203,779.7324695419466,,-1856.0,-232.88912845666707,779.5470876217995,none,0.0,success,105.0,0.005,"(-1856, 22, -5)",-1856.0,22.0,-5.0,,,,
1982,realistic,3,x0y0,utah,11.684,14.2,Aa,saline,164.56962187306254,14.2,,b,-1,0.08,soma,80.045910682,-436.876623500271,230.7592380029755,-1427.90651131944,,-437.0,230.53860841624015,-1428.3221289487242,none,0.0,success,105.0,0.005,"(-437, 11, -633)",-437.0,11.0,-633.0,,,,
1983,realistic,3,x0y0,utah,12.554,15.2,Aa,saline,123.07146588507463,15.2,,b,-1,0.08,soma,82.82680024199999,-67.21237427502881,465.6683640876941,-419.1351663175296,,-67.0,465.5344293013982,-418.9737924460298,none,0.0,success,105.0,0.005,"(-67, -227, 32)",-67.0,-227.0,32.0,,,,
1984,realistic,3,x0y0,utah,12.641,15.3,Aa,saline,69.21783970112068,15.3,,b,-1,0.08,soma,83.104889198,132.3397084623934,1313.4557445753799,576.081244500263,,132.0,1313.7438804556054,576.2608073437253,central,5.150000000000105,success,39.7705078125,0.005,"(132, 541, 283)",132.0,541.0,283.0,132.0,,541.0,283.0
1985,realistic,3,x0y0,utah,12.902,15.6,Aa,saline,199.9583616355888,15.6,,b,-1,0.08,soma,83.93915606600001,-434.0279838534629,-613.9171763151808,-1303.8923483284766,,-434.0,-614.244716982663,-1304.268706393217,none,0.0,success,105.0,0.005,"(-434, -332, -527)",-434.0,-332.0,-527.0,,,,
1986,realistic,3,x0y0,utah,11.771,14.3,Aa,saline,158.44486497305772,14.3,,b,-1,0.08,soma,80.323999638,839.1575659786639,208.86106031793,-784.079759439504,,839.0,209.1645187335007,-784.4831760316522,none,0.0,success,105.0,0.005,"(839, -94, -17)",839.0,-94.0,-17.0,,,,
1987,realistic,3,x0y0,utah,13.25,16.0,Aa,saline,174.01594659555352,16.0,,b,-1,0.08,soma,85.05151189,33.37665979668314,30.966163711697845,-1456.6300021708264,,33.0,31.310936345063524,-1457.0571168628971,none,0.0,success,105.0,0.005,"(33, -55, -634)",33.0,-55.0,-634.0,,,,
1988,realistic,3,x0y0,utah,10.64,13.0,Aa,saline,141.50913814621504,13.0,,b,-1,0.08,soma,76.70884321,-732.8938989880362,800.3627037424321,-1120.1070032489226,,-733.0,800.455792006952,-1120.4395057902336,none,0.0,success,105.0,0.005,"(-733, 288, -476)",-733.0,288.0,-476.0,,,,
1989,realistic,3,x0y0,utah,11.423,13.9,Aa,saline,178.48375225210486,13.9,,b,-1,0.08,soma,79.211643814,463.99299388168197,-154.22272794995934,-1436.51192190985,,464.0,-154.1479457194645,-1436.2759795782376,none,0.0,success,105.0,0.005,"(464, -176, -612)",464.0,-176.0,-612.0,,,,
1990,realistic,3,x0y0,utah,11.945,14.5,Aa,saline,211.50442152732273,14.5,,b,-1,0.08,soma,80.88017755,-837.2675026255953,-521.8627520733685,-613.8574108068143,,-837.0,-522.3749903938151,-613.7702196895651,none,0.0,success,105.0,0.005,"(-837, -91, 90)",-837.0,-91.0,90.0,,,,
1991,realistic,3,x0y0,utah,11.858,14.4,Aa,saline,171.5611515167258,14.4,,b,-1,0.08,soma,80.60208859400001,-1431.2128935085232,92.24840271105722,-1338.2929122219466,,-1431.0,92.15419330279964,-1338.3877930185927,none,0.0,success,105.0,0.005,"(-1431, -29, -522)",-1431.0,-29.0,-522.0,,,,
1992,realistic,3,x0y0,utah,9.857,12.1,Aa,saline,232.50010427563905,12.1,,b,-1,0.08,soma,74.206042606,-1466.9152617405814,-36.19642701762359,-29.77136800691688,,-1467.0,-36.256537101800404,-29.49631936926653,none,0.0,success,105.0,0.005,"(-1467, 616, 471)",-1467.0,616.0,471.0,,,,
1993,realistic,3,x0y0,utah,14.99,18.0,Aa,saline,66.46786756779059,18.0,,b,-1,0.08,soma,90.61329101,-1849.4779925104244,832.2659592714735,395.8438215459755,,-1849.0,832.2251325989841,395.5414435501466,none,0.0,success,105.0,0.005,"(-1849, 71, 64)",-1849.0,71.0,64.0,,,,
1994,realistic,3,x0y0,utah,12.293000000000001,14.9,Aa,saline,6.478866823998972,14.9,,b,-1,0.08,soma,81.99253337399999,502.58737875647455,140.96903169069583,1339.7548577438456,,503.0,141.17237888229363,1339.7098905802036,none,0.0,success,105.0,0.005,"(503, 48, 519)",503.0,48.0,519.0,,,,
1995,realistic,3,x0y0,utah,13.859,16.7,Aa,saline,86.9426381320517,16.7,,b,-1,0.08,soma,86.998134582,575.5898702696418,1432.3384707804635,83.12051205918988,,576.0,1432.339168596793,83.15900028661031,periphery,5.185000000000111,success,11.02752685546875,0.005,"(576, 605, 39)",576.0,605.0,39.0,576.0,,605.0,39.0
1996,realistic,3,x0y0,utah,12.467,15.1,Aa,saline,135.61275546216228,15.1,,b,-1,0.08,soma,82.548711286,105.13907827843471,814.174274664751,-783.9334771853569,,105.0,813.9789117722786,-783.4556545424879,periphery,5.190000000000111,success,78.55224609375,0.005,"(105, 236, -193)",105.0,236.0,-193.0,105.0,,236.0,-193.0
1997,realistic,3,x0y0,utah,10.814,13.2,Aa,saline,142.47154947156102,13.2,,b,-1,0.08,soma,77.26502112200002,1713.2306509578268,529.6387378548819,-808.8581968785237,,1713.0,529.7569254337614,-809.2229441259293,none,0.0,success,105.0,0.005,"(1713, 28, -156)",1713.0,28.0,-156.0,,,,
1998,realistic,3,x0y0,utah,12.641,15.3,Aa,saline,182.88515599848137,15.3,,b,-1,0.08,soma,83.104889198,426.07569290356764,-85.53198887815552,-1339.2129918535586,,426.0,-85.57558796332971,-1339.4779264210215,none,0.0,success,105.0,0.005,"(426, -44, -514)",426.0,-44.0,-514.0,,,,
1999,realistic,3,x0y0,utah,10.901,13.3,Aa,saline,67.10285465620792,13.3,,b,-1,0.08,soma,77.54311007800001,414.0157875810568,1086.6514561688937,516.884663152166,,414.0,1086.8583565019271,516.529512065675,periphery,5.195000000000112,success,62.79296875,0.005,"(414, 328, 196)",414.0,328.0,196.0,414.0,,328.0,196.0
2000,realistic,3,x0y0,utah,11.858,14.4,Aa,saline,109.98225434208099,14.4,,b,-1,0.08,soma,80.60208859400001,-1127.3600934275084,1064.935558849574,-506.2627347018183,,-1127.0,1064.6179214303206,-506.00536683628496,periphery,5.265000000000123,success,74.51171875,0.005,"(-1127, 289, -224)",-1127.0,289.0,-224.0,-1127.0,,289.0,-224.0
2001,realistic,3,x0y0,utah,10.988,13.4,Aa,saline,55.708496695870274,13.4,,b,-1,0.08,soma,77.821199034,570.6726513501427,1017.946097620074,721.3082383870948,,571.0,1017.7149373209455,721.1912317678779,central,5.265000000000123,success,71.8017578125,0.005,"(571, 337, 257)",571.0,337.0,257.0,571.0,,337.0,257.0
2002,realistic,3,x0y0,utah,14.381,17.3,Aa,saline,148.94277947899468,17.3,,b,-1,0.08,soma,88.66666831799999,1312.6348413423998,503.5315077529343,-1015.1347175386768,,1313.0,503.8530670926283,-1015.4898673740156,none,0.0,success,105.0,0.005,"(1313, 76, -305)",1313.0,76.0,-305.0,,,,
2003,realistic,3,x0y0,utah,11.075,13.5,Aa,saline,35.895001753331115,13.5,,b,-1,0.08,soma,78.09928799,-601.7133372399186,878.7977408722694,1103.2314390399433,,-602.0,879.1403062742686,1103.5626166003499,periphery,5.225000000000117,success,89.044189453125,0.005,"(-602, 396, 436)",-602.0,396.0,436.0,-602.0,,396.0,436.0
2004,realistic,3,x0y0,utah,11.161999999999999,13.6,Aa,saline,67.89748601881446,13.6,,b,-1,0.08,soma,78.377376946,1010.2487309717444,1267.3145290098134,593.4832443361453,,1010.0,1267.6108198702348,593.1422034723901,central,5.265000000000123,success,46.8017578125,0.005,"(1010, 504, 283)",1010.0,504.0,283.0,1010.0,,504.0,283.0
2005,realistic,3,x0y0,utah,13.424,16.2,Aa,saline,92.26893609080534,16.2,,b,-1,0.08,soma,85.607689802,-874.040753707491,1376.9812137821045,-215.97191115043825,,-874.0,1377.1416018250793,-215.78103225807962,periphery,5.200000000000113,success,28.38134765625,0.005,"(-874, 550, -183)",-874.0,550.0,-183.0,-874.0,,550.0,-183.0
2006,realistic,3,x0y0,utah,14.642000000000001,17.6,Aa,saline,189.65378872788347,17.6,,b,-1,0.08,soma,89.500935186,-1097.860169018305,-126.73675237604994,-636.8689338182863,,-1098.0,-127.14915341534612,-636.9680109531796,none,0.0,success,105.0,0.005,"(-1098, 12, 181)",-1098.0,12.0,181.0,,,,
2007,realistic,3,x0y0,utah,14.12,17.0,Aa,saline,177.10170984656398,17.0,,b,-1,0.08,soma,87.83240144999998,-87.14684374850813,-64.65968742210953,-1442.32444837125,,-87.0,-65.05684024331498,-1441.838609664058,none,0.0,success,105.0,0.005,"(-87, -107, -614)",-87.0,-107.0,-614.0,,,,
2008,realistic,3,x0y0,utah,11.336,13.8,Aa,saline,70.06179309512162,13.8,,b,-1,0.08,soma,78.93355485800001,-1228.181089974051,265.62883668825043,99.41828402386636,,-1228.0,266.0812174610031,99.14317110328909,none,0.0,success,105.0,0.005,"(-1228, -509, -182)",-1228.0,-509.0,-182.0,,,,
2009,realistic,3,x0y0,utah,11.075,13.5,Aa,saline,12.663695706192124,13.5,,b,-1,0.08,soma,78.09928799,256.1004301890031,142.08050576787082,1449.6266055571268,,256.0,141.63168196370407,1450.0252376459216,none,0.0,success,105.0,0.005,"(256, -39, 646)",256.0,-39.0,646.0,,,,
2010,realistic,3,x0y0,utah,14.99,18.0,Aa,saline,-10.877158930253069,18.0,,b,-1,0.08,soma,90.61329101,-1252.7384362825735,-258.74939760929647,1105.363483455499,,-1253.0,-258.67886400679356,1105.3611258859103,none,0.0,success,105.0,0.005,"(-1253, -102, 290)",-1253.0,-102.0,290.0,,,,
2011,realistic,3,x0y0,utah,12.293000000000001,14.9,Aa,saline,13.42760030432001,14.9,,b,-1,0.08,soma,81.99253337399999,-1693.9584555895694,280.86950205692534,1154.9639521906156,,-1694.0,280.79633312472146,1155.446568606445,none,0.0,success,105.0,0.005,"(-1694, 89, 352)",-1694.0,89.0,352.0,,,,
2012,realistic,3,x0y0,utah,15.860000000000001,19.0,Aa,saline,215.2004697072797,19.0,,b,-1,0.08,soma,93.39418057,-1003.0077635568505,-489.5486920835101,-554.5793275971087,,-1003.0,-489.3902028402742,-554.5796924718737,none,0.0,success,105.0,0.005,"(-1003, -10, 125)",-1003.0,-10.0,125.0,,,,
2013,realistic,3,x0y0,utah,10.379,12.7,Aa,saline,131.23129368331436,12.7,,b,-1,0.08,soma,75.874576342,960.457595464782,767.7587666151179,-906.5326629398764,,960.0,767.9311344334093,-906.3979666335063,none,0.0,success,105.0,0.005,"(960, 149, -364)",960.0,149.0,-364.0,,,,
2014,realistic,3,x0y0,utah,15.164,18.2,Aa,saline,127.7821523684667,18.2,,b,-1,0.08,soma,91.16946892200001,-864.4076715279912,1123.8411486306668,-847.5531067520967,,-864.0,1123.4111156445283,-847.8992668042548,periphery,5.255000000000122,success,59.36279296875,0.005,"(-864, 467, -339)",-864.0,467.0,-339.0,-864.0,,467.0,-339.0
2015,realistic,3,x0y0,utah,12.988999999999999,15.7,Aa,saline,180.32757892520308,15.7,,b,-1,0.08,soma,84.217245022,1347.0998538091685,71.3973252876408,-1332.828127336699,,1347.0,71.2854808516873,-1333.1086225110002,none,0.0,success,105.0,0.005,"(1347, 76, -506)",1347.0,76.0,-506.0,,,,
2016,realistic,3,x0y0,utah,12.119,14.7,Aa,saline,191.36362584976138,14.7,,b,-1,0.08,soma,81.436355462,1884.4359825226065,-193.33846865739952,-1137.8797076841079,,1884.0,-193.66648101300706,-1137.5341014474725,none,0.0,success,105.0,0.005,"(1884, -31, -328)",1884.0,-31.0,-328.0,,,,
2017,realistic,3,x0y0,utah,8.378,10.4,Aa,saline,150.97678343020547,10.4,,b,-1,0.08,soma,69.478530354,1133.4560290698655,490.95303715415184,-1070.435820549802,,1133.0,490.73749146388053,-1070.780013470769,none,0.0,success,105.0,0.005,"(1133, 93, -354)",1133.0,93.0,-354.0,,,,
2018,realistic,3,x0y0,utah,14.555,17.5,Aa,saline,149.83487656291274,17.5,,b,-1,0.08,soma,89.22284623,149.43238771992702,891.5433138085164,-1097.3459791865857,,149.0,891.8797401152876,-1097.2820364252293,periphery,5.185000000000111,success,58.5205078125,0.005,"(149, 475, -380)",149.0,475.0,-380.0,149.0,,475.0,-380.0
2019,realistic,3,x0y0,utah,12.206000000000001,14.8,Aa,saline,-17.591818474605876,14.8,,b,-1,0.08,soma,81.714444418,-1708.893474387274,-360.26559162003684,1024.1690491744594,,-1709.0,-360.5740525515599,1024.207104209619,none,0.0,success,105.0,0.005,"(-1709, -111, 237)",-1709.0,-111.0,237.0,,,,
2020,realistic,3,x0y0,utah,12.641,15.3,Aa,saline,60.14783708695328,15.3,,b,-1,0.08,soma,83.104889198,-289.0449916056337,1172.3485256775741,662.259051809066,,-289.0,1171.868935200713,662.4578069213824,periphery,5.175000000000109,success,43.231201171875,0.005,"(-289, 455, 251)",-289.0,455.0,251.0,-289.0,,455.0,251.0
2021,realistic,3,x0y0,utah,13.859,16.7,Aa,saline,156.7563074007831,16.7,,b,-1,0.08,soma,86.998134582,-513.683129289062,332.9227537828233,-1376.998368536933,,-514.0,332.92573195302873,-1377.224943026971,none,0.0,success,105.0,0.005,"(-514, 6, -616)",-514.0,6.0,-616.0,,,,
2022,realistic,3,x0y0,utah,16.121,19.3,Aa,saline,93.79347673294953,19.3,,b,-1,0.08,soma,94.22844743799999,-119.72567250120548,1418.5362289445693,-144.16601768689225,,-120.0,1418.2835724268184,-144.0859616101978,periphery,5.110000000000099,success,10.22186279296875,0.005,"(-120, 588, -89)",-120.0,588.0,-89.0,-120.0,,588.0,-89.0
2023,realistic,3,x0y0,utah,12.988999999999999,15.7,Aa,saline,60.336843711933824,15.7,,b,-1,0.08,soma,84.217245022,-1776.6296201079097,1113.4227780926828,583.8083807862126,,-1777.0,1113.6746820998083,583.336057280694,periphery,5.2800000000001255,success,45.9228515625,0.005,"(-1777, 395, 174)",-1777.0,395.0,174.0,-1777.0,,395.0,174.0
2024,realistic,3,x0y0,utah,11.771,14.3,Aa,saline,15.550040256298704,14.3,,b,-1,0.08,soma,80.323999638,-336.17351778408647,10.950787295459575,51.85188961639096,,-336.0,11.225932151473955,51.96107062562487,none,0.0,success,105.0,0.005,"(-336, -210, -743)",-336.0,-210.0,-743.0,,,,
2025,realistic,3,x0y0,utah,12.641,15.3,Aa,saline,135.8141455008352,15.3,,b,-1,0.08,soma,83.104889198,-43.09494446426853,987.6752324138353,-855.4672389089587,,-43.0,988.1070538855032,-855.7207580219431,periphery,5.170000000000108,success,46.8017578125,0.005,"(-43, 412, -263)",-43.0,412.0,-263.0,-43.0,,412.0,-263.0
2026,realistic,3,x0y0,utah,8.378,10.4,Aa,saline,127.17711388179087,10.4,,b,-1,0.08,soma,69.478530354,1291.709053895979,877.7099561531895,-627.0461898822488,,1292.0,878.1682464930337,-627.3684379464612,central,5.250000000000121,success,85.58349609375,0.005,"(1292, 225, -132)",1292.0,225.0,-132.0,1292.0,,225.0,-132.0
2027,realistic,3,x0y0,utah,14.12,17.0,Aa,saline,198.56303820924893,17.0,,b,-1,0.08,soma,87.83240144999998,-1939.0377254906189,-446.714486192192,-1059.7119896952408,,-1939.0,-446.84402669076763,-1059.8125582873004,none,0.0,success,105.0,0.005,"(-1939, -183, -274)",-1939.0,-183.0,-274.0,,,,
2028,realistic,3,x0y0,utah,12.641,15.3,Aa,saline,56.77164630878927,15.3,,b,-1,0.08,soma,83.104889198,-1726.5923536408686,935.6703153021073,670.0476045366528,,-1727.0,935.4111199070637,669.9507396402522,periphery,5.2800000000001255,success,79.541015625,0.005,"(-1727, 244, 217)",-1727.0,244.0,217.0,-1727.0,,244.0,217.0
2029,realistic,3,x0y0,utah,13.424,16.2,Aa,saline,111.83837748877464,16.2,,b,-1,0.08,soma,85.607689802,878.0438212990451,1264.1523202013761,-538.7796100711154,,878.0,1264.3675288371082,-538.943030303172,central,5.285000000000126,success,39.276123046875,0.005,"(878, 496, -231)",878.0,496.0,-231.0,878.0,,496.0,-231.0
2030,realistic,3,x0y0,utah,10.292,12.6,Aa,saline,103.97622845218359,12.6,,b,-1,0.08,soma,75.596487386,610.0244733827358,1350.1146934914616,-431.423557591987,,610.0,1350.4434156796874,-431.7057758518596,central,5.205000000000114,success,39.276123046875,0.005,"(610, 552, -233)",610.0,552.0,-233.0,610.0,,552.0,-233.0
2031,realistic,3,x0y0,utah,10.118,12.4,Aa,saline,115.2950620551722,12.4,,b,-1,0.08,soma,75.040309474,-1412.2683500840985,1202.297644015126,-376.3834829375597,,-1412.0,1202.640471897722,-376.4628621191202,periphery,5.170000000000108,success,23.236083984375,0.005,"(-1412, 459, -25)",-1412.0,459.0,-25.0,-1412.0,,459.0,-25.0
2032,realistic,3,x0y0,utah,13.597999999999999,16.4,Aa,saline,27.71383417829415,16.4,,b,-1,0.08,soma,86.16386771399998,-301.7543354830028,748.4049860773108,1211.976297752677,,-302.0,748.1409074368908,1212.1009360436024,periphery,5.200000000000113,success,93.603515625,0.005,"(-302, 363, 479)",-302.0,363.0,479.0,-302.0,,363.0,479.0
2033,realistic,3,x0y0,utah,12.032,14.6,Aa,saline,-16.860423213057434,14.6,,b,-1,0.08,soma,81.15826650599999,261.4894756576505,-294.7270909415802,1331.030596827104,,261.0,-294.41794864337004,1331.0792305231212,none,0.0,success,105.0,0.005,"(261, -55, 541)",261.0,-55.0,541.0,,,,
2034,realistic,3,x0y0,utah,12.902,15.6,Aa,saline,-28.52781576546151,15.6,,b,-1,0.08,soma,83.93915606600001,-1691.2523351133136,-438.7201577361817,979.7788158532477,,-1691.0,-438.960670468561,979.5754712597941,none,0.0,success,105.0,0.005,"(-1691, -44, 253)",-1691.0,-44.0,253.0,,,,
2035,realistic,3,x0y0,utah,11.684,14.2,Aa,saline,197.4076751662349,14.2,,b,-1,0.08,soma,80.045910682,-484.2483997896946,-427.9461798454709,-1189.9495111594515,,-484.0,-427.84686823802724,-1190.2369039863825,none,0.0,success,105.0,0.005,"(-484, -181, -403)",-484.0,-181.0,-403.0,,,,
2036,realistic,3,x0y0,utah,14.902999999999999,17.9,Aa,saline,191.09334091061,17.9,,b,-1,0.08,soma,90.33520205399999,1957.019036737312,-423.47688251524636,-1115.6461695545281,,1957.0,-423.72424643759484,-1115.643466887795,none,0.0,success,105.0,0.005,"(1957, -264, -301)",1957.0,-264.0,-301.0,,,,
2037,realistic,3,x0y0,utah,11.771,14.3,Aa,saline,194.96240030080898,14.3,,b,-1,0.08,soma,80.323999638,486.36977143578133,-375.152133796586,-1358.3903154595191,,486.0,-375.0568283532658,-1358.189008025136,none,0.0,success,105.0,0.005,"(486, -162, -561)",486.0,-162.0,-561.0,,,,
2038,realistic,3,x0y0,utah,10.466000000000001,12.8,Aa,saline,28.797779317699966,12.8,,b,-1,0.08,soma,76.152665298,-285.5291004391975,513.7676791625381,1358.5742625259918,,-286.0,513.4758694370234,1358.2617903003188,none,0.0,success,105.0,0.005,"(-286, 117, 637)",-286.0,117.0,637.0,,,,
2039,realistic,3,x0y0,utah,11.075,13.5,Aa,saline,211.88275467593155,13.5,,b,-1,0.08,soma,78.09928799,217.5265319629678,-588.4060845496651,-1331.9660286950086,,218.0,-588.2630219581591,-1331.7005527161546,none,0.0,success,105.0,0.005,"(218, -153, -632)",218.0,-153.0,-632.0,,,,
2040,realistic,3,x0y0,utah,12.554,15.2,Aa,saline,-24.887400935311824,15.2,,b,-1,0.08,soma,82.82680024199999,491.7231580328079,-556.4972927613417,1097.423751885537,,492.0,-556.7547587709169,1097.6395952497592,none,0.0,success,105.0,0.005,"(492, -209, 348)",492.0,-209.0,348.0,,,,
2041,realistic,3,x0y0,utah,15.598999999999998,18.7,Aa,saline,58.9311317222684,18.7,,b,-1,0.08,soma,92.559913702,536.1134637976353,1273.0142291519833,652.780822884245,,536.0,1272.9912830428818,653.0235857308012,central,5.205000000000114,success,33.70361328125,0.005,"(536, 561, 224)",536.0,561.0,224.0,536.0,,561.0,224.0
2042,realistic,3,x0y0,utah,13.772000000000002,16.6,Aa,saline,41.868142542979996,16.6,,b,-1,0.08,soma,86.720045626,885.6982013711665,898.1493518509022,1057.0075406214855,,886.0,897.8474792253963,1056.8797089888412,central,5.365000000000139,success,96.533203125,0.005,"(886, 345, 440)",886.0,345.0,440.0,886.0,,345.0,440.0
2043,realistic,3,x0y0,utah,15.077000000000002,18.1,Aa,saline,102.13817243808823,18.1,,b,-1,0.08,soma,90.891379966,873.3845945970154,1335.669470446157,-334.7280852481422,,873.0,1335.843706527381,-334.642728603425,central,5.270000000000124,success,26.81884765625,0.005,"(873, 524, -160)",873.0,524.0,-160.0,873.0,,524.0,-160.0
2044,realistic,3,x0y0,utah,11.161999999999999,13.6,Aa,saline,200.55413804582557,13.6,,b,-1,0.08,soma,78.377376946,-609.2136969327735,-428.4905202164428,-1051.8376879635284,,-609.0,-428.3726485228704,-1051.6878690172703,none,0.0,success,105.0,0.005,"(-609, -139, -280)",-609.0,-139.0,-280.0,,,,
2045,realistic,3,x0y0,utah,12.206000000000001,14.8,Aa,saline,36.72777534368065,14.8,,b,-1,0.08,soma,81.714444418,444.0637861482665,803.8268852424197,986.0109894474472,,444.0,803.8626188809822,985.9245636005136,central,5.2350000000001184,success,78.55224609375,0.005,"(444, 310, 324)",444.0,310.0,324.0,444.0,,310.0,324.0
2046,realistic,3,x0y0,utah,10.031,12.3,Aa,saline,105.24544003683279,12.3,,b,-1,0.08,soma,74.76222051799998,-163.00522117068562,1375.0792447380707,-344.51806019541345,,-163.0,1375.4332951778833,-344.28623199811705,tjn,5.1200000000001005,success,15.49072265625,0.005,"(-163, 582, -128)",-163.0,582.0,-128.0,-163.0,,582.0,-128.0
2047,realistic,3,x0y0,utah,12.988999999999999,15.7,Aa,saline,41.89202838439944,15.7,,b,-1,0.08,soma,84.217245022,150.9268914221196,1107.6400304424787,911.7702381217073,,151.0,1107.2604272505948,911.6996585971885,central,5.1650000000001075,success,39.276123046875,0.005,"(151, 555, 296)",151.0,555.0,296.0,151.0,,555.0,296.0
2048,realistic,3,x0y0,utah,11.858,14.4,Aa,saline,-28.064252217082657,14.4,,b,-1,0.08,soma,80.60208859400001,1237.5874437111888,-526.8178827835527,1255.3612929976891,,1238.0,-527.3041413417386,1255.2456414876729,none,0.0,success,105.0,0.005,"(1238, -139, 527)",1238.0,-139.0,527.0,,,,
2049,realistic,3,x0y0,utah,16.294999999999998,19.5,Aa,saline,-12.03239625368499,19.5,,b,-1,0.08,soma,94.78462535,-618.4938006131,-480.9522755273729,1211.3441277783859,,-618.0,-480.55379719273753,1211.0796817961502,none,0.0,success,105.0,0.005,"(-618, -307, 397)",-618.0,-307.0,397.0,,,,
2050,realistic,3,x0y0,utah,11.336,13.8,Aa,saline,125.25989767198004,13.8,,b,-1,0.08,soma,78.93355485800001,44.30669214475303,987.5148984939052,-822.8603931915262,,44.0,987.1771237707787,-822.9646706097619,periphery,5.215000000000115,success,85.14404296875,0.005,"(44, 314, -347)",44.0,314.0,-347.0,44.0,,314.0,-347.0
2051,realistic,3,x0y0,utah,15.164,18.2,Aa,saline,70.59306622719309,18.2,,b,-1,0.08,soma,91.16946892200001,899.0129313016652,1295.3839027053834,263.45083824015,,899.0,1295.4075215436155,263.0033072613903,central,5.225000000000117,success,15.012359619140625,0.005,"(899, 512, -13)",899.0,512.0,-13.0,899.0,,512.0,-13.0
2052,realistic,3,x0y0,utah,9.074,11.2,Aa,saline,179.6192601518399,11.2,,b,-1,0.08,soma,71.703242002,-1175.4448809116682,37.62387954570296,-1174.0999750026485,,-1175.0,37.4176206986066,-1173.8516210010002,none,0.0,success,105.0,0.005,"(-1175, 32, -353)",-1175.0,32.0,-353.0,,,,
2053,realistic,3,x0y0,utah,12.38,15.0,Aa,saline,201.4828520046356,15.0,,b,-1,0.08,soma,82.27062233000002,-1800.0979744340827,-574.1975588858803,-1010.7505128126767,,-1800.0,-574.5307509486231,-1010.7189070390327,none,0.0,success,105.0,0.005,"(-1800, -272, -242)",-1800.0,-272.0,-242.0,,,,
2054,realistic,3,x0y0,utah,12.293000000000001,14.9,Aa,saline,35.83550027983729,14.9,,b,-1,0.08,soma,81.99253337399999,1137.6764518243135,640.6742952699698,959.3559372605173,,1138.0,640.6208141452387,959.635173403151,none,0.0,success,105.0,0.005,"(1138, 157, 290)",1138.0,157.0,290.0,,,,
2055,realistic,3,x0y0,utah,12.119,14.7,Aa,saline,129.2160892058933,14.7,,b,-1,0.08,soma,81.436355462,-360.6129616581552,1111.4970057800037,-693.2016577797162,,-361.0,1111.766444105979,-693.0190319615383,periphery,5.160000000000107,success,30.3955078125,0.005,"(-361, 472, -171)",-361.0,472.0,-171.0,-361.0,,472.0,-171.0
2056,realistic,3,x0y0,utah,13.946,16.8,Aa,saline,193.09168739809985,16.8,,b,-1,0.08,soma,87.27622353800001,1537.628254351854,-204.38899235471214,-1280.5174999849628,,1538.0,-204.68653231567856,-1280.0935208630062,none,0.0,success,105.0,0.005,"(1538, -17, -473)",1538.0,-17.0,-473.0,,,,
2057,realistic,3,x0y0,utah,15.686000000000002,18.8,Aa,saline,138.0948827645053,18.8,,b,-1,0.08,soma,92.838002658,-519.7420418158528,825.8750882481751,-1173.7563843514672,,-520.0,826.3047509876393,-1173.8251626891747,none,0.0,success,105.0,0.005,"(-520, 271, -555)",-520.0,271.0,-555.0,,,,
2058,realistic,3,x0y0,utah,12.815,15.5,Aa,saline,111.53493619806879,15.5,,b,-1,0.08,soma,83.66106711,-738.3135103043277,1143.0873169336,-659.1499009249424,,-738.0,1143.1177623128613,-659.5294888680405,periphery,5.275000000000125,success,83.4228515625,0.005,"(-738, 374, -356)",-738.0,374.0,-356.0,-738.0,,374.0,-356.0
2059,realistic,3,x0y0,utah,13.859,16.7,Aa,saline,195.4904205085694,16.7,,b,-1,0.08,soma,86.998134582,1542.226649676217,-305.6106391650578,-1086.8278793999696,,1542.0,-305.2921008734262,-1086.4245511483368,none,0.0,success,105.0,0.005,"(1542, -84, -288)",1542.0,-84.0,-288.0,,,,
2060,realistic,3,x0y0,utah,9.943999999999999,12.2,Aa,saline,81.42474235140753,12.2,,b,-1,0.08,soma,74.484131562,-752.4119827840027,253.77815779632192,70.61807884574182,,-752.0,254.0329546442531,70.59629200794716,none,0.0,success,105.0,0.005,"(-752, -559, -52)",-752.0,-559.0,-52.0,,,,
2061,realistic,3,x0y0,utah,12.728,15.4,Aa,saline,71.13474546429168,15.4,,b,-1,0.08,soma,83.382978154,-1691.7170950551929,1137.8279944550336,518.9069599524273,,-1692.0,1138.2981561135653,519.2693584185942,periphery,5.290000000000127,success,64.44091796875,0.005,"(-1692, 356, 252)",-1692.0,356.0,252.0,-1692.0,,356.0,252.0
2062,realistic,3,x0y0,utah,11.248999999999999,13.7,Aa,saline,-28.963046923623143,13.7,,b,-1,0.08,soma,78.655465902,-538.5847059367162,-683.9231992821901,1246.9936363808865,,-539.0,-684.1394882948744,1247.20433355883,none,0.0,success,105.0,0.005,"(-539, -285, 526)",-539.0,-285.0,526.0,,,,
2063,realistic,3,x0y0,utah,13.772000000000002,16.6,Aa,saline,-8.143724227083629,16.6,,b,-1,0.08,soma,86.720045626,-113.79581188326249,-374.3010494207515,1392.7867611661734,,-114.0,-374.3786152326021,1392.993586582589,none,0.0,success,105.0,0.005,"(-114, -257, 573)",-114.0,-257.0,573.0,,,,
2064,realistic,3,x0y0,utah,16.294999999999998,19.5,Aa,saline,164.66354691855838,19.5,,b,-1,0.08,soma,94.78462535,1755.5823026374594,372.33416770302847,-1069.362121819508,,1756.0,372.16776670253756,-1069.7591463437702,central,5.37500000000014,success,95.361328125,0.005,"(1756, 152, -267)",1756.0,152.0,-267.0,1756.0,,152.0,-267.0
2065,realistic,3,x0y0,utah,12.293000000000001,14.9,Aa,saline,-25.24268672792029,14.9,,b,-1,0.08,soma,81.99253337399999,-814.3908809334372,-567.1214425065104,1048.900398724315,,-814.0,-567.2874077420056,1049.1136232183917,none,0.0,success,105.0,0.005,"(-814, -215, 302)",-814.0,-215.0,302.0,,,,
2066,realistic,3,x0y0,utah,13.597999999999999,16.4,Aa,saline,-11.156965169910157,16.4,,b,-1,0.08,soma,86.16386771399998,-1652.0174461395636,-395.41465682079206,1224.351142596326,,-1652.0,-395.23385420132956,1224.4311853071029,none,0.0,success,105.0,0.005,"(-1652, -235, 412)",-1652.0,-235.0,412.0,,,,
2067,realistic,3,x0y0,utah,11.423,13.9,Aa,saline,109.85754613857901,13.9,,b,-1,0.08,soma,79.211643814,1244.2065868682696,1001.195985453217,-339.3869624030981,,1244.0,1001.5417755035338,-339.118597701808,central,5.285000000000126,success,76.025390625,0.005,"(1244, 226, -59)",1244.0,226.0,-59.0,1244.0,,226.0,-59.0
2068,realistic,3,x0y0,utah,13.946,16.8,Aa,saline,201.0118486889341,16.8,,b,-1,0.08,soma,87.27622353800001,840.2848145480435,-568.8438159336133,-1100.7455462531657,,840.0,-569.1496268803635,-1100.5336773363617,none,0.0,success,105.0,0.005,"(840, -272, -327)",840.0,-272.0,-327.0,,,,
2069,realistic,3,x0y0,utah,14.207,17.1,Aa,saline,128.9498172585767,17.1,,b,-1,0.08,soma,88.110490406,484.81599124782286,969.3413322423974,-937.6743865933169,,485.0,969.7562641943732,-937.144127134606,central,5.250000000000121,success,97.6318359375,0.005,"(485, 325, -416)",485.0,325.0,-416.0,485.0,,325.0,-416.0
2070,realistic,3,x0y0,utah,10.379,12.7,Aa,saline,122.57250126400551,12.7,,b,-1,0.08,soma,75.874576342,-1302.6642480458524,774.3897732579892,-615.809741252463,,-1303.0,774.4892527417019,-616.0694359512665,none,0.0,success,105.0,0.005,"(-1303, 81, -173)",-1303.0,81.0,-173.0,,,,
2071,realistic,3,x0y0,utah,12.554,15.2,Aa,saline,72.87526294437563,15.2,,b,-1,0.08,soma,82.82680024199999,-109.02381965400896,1308.9950423735381,358.4148973133615,,-109.0,1308.80328649564,358.37874633563456,tjn,5.125000000000101,success,16.63665771484375,0.005,"(-109, 519, 115)",-109.0,519.0,115.0,-109.0,,519.0,115.0
2072,realistic,3,x0y0,utah,14.12,17.0,Aa,saline,150.91605505744386,17.0,,b,-1,0.08,soma,87.83240144999998,-1770.3367200445289,607.2042815752279,-1060.074803708029,,-1770.0,606.9361651724226,-1060.389867813578,periphery,5.355000000000137,success,96.533203125,0.005,"(-1770, 204, -336)",-1770.0,204.0,-336.0,-10834.827890155702,,204.0,-336.0
2073,realistic,3,x0y0,utah,11.336,13.8,Aa,saline,81.79500493295025,13.8,,b,-1,0.08,soma,78.93355485800001,-864.2965343588503,1350.6709214422447,204.1319402150566,,-864.0,1351.0572162992244,203.65140913911833,periphery,5.175000000000109,success,18.22509765625,0.005,"(-864, 535, 86)",-864.0,535.0,86.0,-864.0,,535.0,86.0
2074,realistic,3,x0y0,utah,12.554,15.2,Aa,saline,127.61532525614372,15.2,,b,-1,0.08,soma,82.82680024199999,1386.6829571576404,956.9331628631976,-949.978360208362,,1387.0,956.6020542358443,-950.4427394338586,none,0.0,success,105.0,0.005,"(1387, 302, -446)",1387.0,302.0,-446.0,,,,
2075,realistic,3,x0y0,utah,11.423,13.9,Aa,saline,169.63791121948915,13.9,,b,-1,0.08,soma,79.211643814,-239.96777876972453,279.95910170636347,-1303.0686550453975,,-240.0,280.3465873610694,-1303.1647470099163,none,0.0,success,105.0,0.005,"(-240, 132, -492)",-240.0,132.0,-492.0,,,,
2076,realistic,3,x0y0,utah,13.076,15.8,Aa,saline,129.6213334178639,15.8,,b,-1,0.08,soma,84.495333978,1866.6857424692926,746.7521191435549,-472.5074637805433,,1867.0,747.2288778816269,-472.5358372388855,central,5.275000000000125,success,105.0,0.005,"(1867, 110, 55)",1867.0,110.0,55.0,1867.0,,110.0,55.0
2077,realistic,3,x0y0,utah,14.816,17.8,Aa,saline,94.66714610348585,17.8,,b,-1,0.08,soma,90.05711309799999,341.1134230910946,1403.4870501523208,-84.67891555728102,,341.0,1403.2894623123884,-84.56432450308861,central,5.4850000000001575,success,98.291015625,0.005,"(341, 576, -17)",341.0,576.0,-17.0,341.0,,576.0,-17.0
2078,realistic,3,x0y0,utah,14.033,16.9,Aa,saline,132.7390260809373,16.9,,b,-1,0.08,soma,87.55431249399997,-1609.4553645371093,606.6371965373353,-679.020764627397,,-1609.0,606.7368212634217,-679.491055944839,none,0.0,success,105.0,0.005,"(-1609, -2, -117)",-1609.0,-2.0,-117.0,,,,
2079,realistic,3,x0y0,utah,14.381,17.3,Aa,saline,195.43339951972547,17.3,,b,-1,0.08,soma,88.66666831799999,270.05452321512297,-306.13281287586824,-1417.7806499362293,,270.0,-305.68560021970995,-1417.3944007958603,none,0.0,success,105.0,0.005,"(270, -85, -618)",270.0,-85.0,-618.0,,,,
2080,realistic,3,x0y0,utah,12.032,14.6,Aa,saline,363.35504324858994,14.6,,b,-1,0.08,soma,81.15826650599999,247.31325127069192,-24.698491622572874,856.7117193422156,,247.0,-24.703620704699482,857.1756487264701,none,0.0,success,105.0,0.005,"(247, -73, 33)",247.0,-73.0,33.0,,,,
2081,realistic,3,x0y0,utah,9.943999999999999,12.2,Aa,saline,-21.03509044240993,12.2,,b,-1,0.08,soma,74.484131562,-1028.6149132269152,-652.0864375473025,1171.594406867397,,-1029.0,-652.102677408801,1171.4807441999856,none,0.0,success,105.0,0.005,"(-1029, -357, 404)",-1029.0,-357.0,404.0,,,,
2082,realistic,3,x0y0,utah,12.902,15.6,Aa,saline,80.24179743909126,15.6,,b,-1,0.08,soma,83.93915606600001,-1558.8488685421512,1211.3656853076718,291.37016561779086,,-1559.0,1210.9785191515218,291.17134347659356,periphery,5.2100000000001145,success,46.47216796875,0.005,"(-1559, 396, 151)",-1559.0,396.0,151.0,-1559.0,,396.0,151.0
2083,realistic,3,x0y0,utah,12.467,15.1,Aa,saline,168.84896450575803,15.1,,b,-1,0.08,soma,82.548711286,-1922.5266005247809,374.600427296185,-1109.9161863401016,,-1923.0,374.8014603813562,-1109.6577703213475,periphery,5.3250000000001325,success,86.46240234375,0.005,"(-1923, 215, -299)",-1923.0,215.0,-299.0,-1923.0,,215.0,-299.0
2084,realistic,3,x0y0,utah,14.381,17.3,Aa,saline,201.94671644450054,17.3,,b,-1,0.08,soma,88.66666831799999,1029.7132268372677,-673.7002866864946,-1191.342762806256,,1030.0,-673.9218669752183,-1191.2066674324728,none,0.0,success,105.0,0.005,"(1030, -364, -422)",1030.0,-364.0,-422.0,,,,
2085,realistic,3,x0y0,utah,12.728,15.4,Aa,saline,172.14048494003373,15.4,,b,-1,0.08,soma,83.382978154,-1117.6175937767366,266.8721418064761,-1344.6655738215984,,-1118.0,267.00872655682593,-1344.9205890796766,none,0.0,success,105.0,0.005,"(-1118, 154, -526)",-1118.0,154.0,-526.0,,,,
2086,realistic,3,x0y0,utah,12.815,15.5,Aa,saline,53.81820320099251,15.5,,b,-1,0.08,soma,83.66106711,703.8902984001712,940.7451293397687,612.5057643611382,,704.0,940.3349236322407,612.0780639575166,central,5.290000000000127,success,72.900390625,0.005,"(704, 273, 124)",704.0,273.0,124.0,704.0,,273.0,124.0
2087,realistic,3,x0y0,utah,10.553,12.9,Aa,saline,85.1504156616595,12.9,,b,-1,0.08,soma,76.430754254,29.683062085888785,1095.990285093636,-86.5949753106852,,30.0,1096.251801769343,-86.43830063276847,tjn,5.185000000000111,success,22.518539428710938,0.005,"(30, 276, -156)",30.0,276.0,-156.0,30.0,,604.1007207077373,-128.17532025310737
2088,realistic,3,x0y0,utah,11.248999999999999,13.7,Aa,saline,42.260672064385155,13.7,,b,-1,0.08,soma,78.655465902,-415.33468823983833,1087.580419460069,958.6131855748832,,-415.0,1087.3604004095478,959.0849551570353,periphery,5.185000000000111,success,55.06591796875,0.005,"(-415, 533, 349)",-415.0,533.0,349.0,-415.0,,533.0,349.0
2089,realistic,3,x0y0,utah,13.424,16.2,Aa,saline,41.36065162678121,16.2,,b,-1,0.08,soma,85.607689802,-1621.5632753234408,494.9387928446472,777.2821511158836,,-1622.0,495.01278071058096,777.3495659826907,none,0.0,success,105.0,0.005,"(-1622, -52, 156)",-1622.0,-52.0,156.0,,,,
2090,realistic,3,x0y0,utah,14.381,17.3,Aa,saline,201.58034725346425,17.3,,b,-1,0.08,soma,88.66666831799999,-730.9789636733464,-674.889917358988,-1252.4910687986762,,-731.0,-675.0288003036803,-1252.1970674344543,none,0.0,success,105.0,0.005,"(-731, -370, -481)",-731.0,-370.0,-481.0,,,,
2091,realistic,3,x0y0,utah,11.51,14.0,Aa,saline,62.48653814110829,14.0,,b,-1,0.08,soma,79.48973277,245.13856212852986,1111.7360360319874,708.3405889329806,,245.0,1111.4662219968568,708.0321282698701,periphery,5.195000000000112,success,70.098876953125,0.005,"(245, 380, 327)",245.0,380.0,327.0,245.0,,380.0,327.0
2092,realistic,3,x0y0,utah,12.032,14.6,Aa,saline,25.37503338318007,14.6,,b,-1,0.08,soma,81.15826650599999,-803.9041752612828,413.8929975986239,1102.7955129812108,,-804.0,413.7606585989106,1102.9107468940856,none,0.0,success,105.0,0.005,"(-804, 60, 357)",-804.0,60.0,357.0,,,,
2093,realistic,3,x0y0,utah,11.771,14.3,Aa,saline,115.88697797814604,14.3,,b,-1,0.08,soma,80.323999638,61.876360933256656,1269.0163514037426,-710.1136108280493,,62.0,1269.3982512371545,-710.2657291209755,periphery,5.170000000000108,success,53.02734375,0.005,"(62, 527, -350)",62.0,527.0,-350.0,62.0,,527.0,-350.0
2094,realistic,3,x0y0,utah,10.814,13.2,Aa,saline,-19.2304636800496,13.2,,b,-1,0.08,soma,77.26502112200002,183.82599699176282,-471.7658350682241,1366.3460253800522,,184.0,-471.3045489787935,1366.6738164716965,none,0.0,success,105.0,0.005,"(184, -200, 589)",184.0,-200.0,589.0,,,,
2095,realistic,3,x0y0,utah,12.554,15.2,Aa,saline,184.90094765552655,15.2,,b,-1,0.08,soma,82.82680024199999,178.67112066211922,-113.90859949766629,-1445.6532333013754,,179.0,-113.57570437033343,-1445.3556705405526,none,0.0,success,105.0,0.005,"(179, -43, -622)",179.0,-43.0,-622.0,,,,
2096,realistic,3,x0y0,utah,11.161999999999999,13.6,Aa,saline,103.17258826632856,13.6,,b,-1,0.08,soma,78.377376946,1059.6415547936163,964.0626253976712,-143.24118066801933,,1060.0,964.5125259661604,-142.83260210299676,none,0.0,success,105.0,0.005,"(1060, 162, 45)",1060.0,162.0,45.0,,,,
2097,realistic,3,x0y0,utah,15.164,18.2,Aa,saline,177.76502977864018,18.2,,b,-1,0.08,soma,91.16946892200001,676.1974431820076,78.71036347661311,-1354.9300362699091,,676.0,78.392804643979,-1354.9202666734313,none,0.0,success,105.0,0.005,"(676, 46, -525)",676.0,46.0,-525.0,,,,
2098,realistic,3,x0y0,utah,12.902,15.6,Aa,saline,116.4237170732433,15.6,,b,-1,0.08,soma,83.93915606600001,-719.0122872317044,1155.6191589681212,-515.3003929442966,,-719.0,1155.5512571285517,-515.0014622246852,periphery,5.240000000000119,success,39.276123046875,0.005,"(-719, 415, -147)",-719.0,415.0,-147.0,-719.0,,415.0,-147.0
2099,realistic,3,x0y0,utah,11.771,14.3,Aa,saline,1.9032418074452817,14.3,,b,-1,0.08,soma,80.323999638,-497.5540088891586,-1.3203062190309538,1216.9939427149366,,-498.0,-1.604621606009193,1216.666902619109,none,0.0,success,105.0,0.005,"(-498, -29, 392)",-498.0,-29.0,392.0,,,,
2100,realistic,3,x0y0,utah,12.293000000000001,14.9,Aa,saline,29.38481084936728,14.9,,b,-1,0.08,soma,81.99253337399999,-217.6344857844141,706.2479367827827,1237.7098723970755,,-218.0,706.3163680633111,1237.6905471643831,none,0.0,success,105.0,0.005,"(-218, 301, 518)",-218.0,301.0,518.0,,,,
2101,realistic,3,x0y0,utah,12.988999999999999,15.7,Aa,saline,64.44361746562006,15.7,,b,-1,0.08,soma,84.217245022,-1615.8360889300907,1106.6190432542644,646.893772222189,,-1616.0,1106.2173992294245,646.8146597512455,periphery,5.305000000000129,success,69.27490234375,0.005,"(-1616, 360, 290)",-1616.0,360.0,290.0,-1616.0,,360.0,290.0
2102,realistic,3,x0y0,utah,12.988999999999999,15.7,Aa,saline,53.54270111706336,15.7,,b,-1,0.08,soma,84.217245022,-1465.6929451717608,272.22970957501406,215.96144648141944,,-1466.0,272.24346508559756,215.4679434960363,none,0.0,success,105.0,0.005,"(-1466, -393, -276)",-1466.0,-393.0,-276.0,,,,
2103,realistic,3,x0y0,utah,13.076,15.8,Aa,saline,-6.441011464516847,15.8,,b,-1,0.08,soma,84.495333978,-1122.3691042483163,14.318829579426165,1361.7596075996626,,-1122.0,14.18281176383418,1362.0360066869696,none,0.0,success,105.0,0.005,"(-1122, 107, 540)",-1122.0,107.0,540.0,,,,
2104,realistic,3,x0y0,utah,12.467,15.1,Aa,saline,107.3930263936152,15.1,,b,-1,0.08,soma,82.548711286,-838.3351822551573,1102.0554267016305,-351.4711102402598,,-838.0,1102.513617590115,-350.97340490169273,periphery,5.260000000000122,success,59.36279296875,0.005,"(-838, 314, -104)",-838.0,314.0,-104.0,-838.0,,314.0,-104.0
2105,realistic,3,x0y0,utah,12.38,15.0,Aa,saline,38.68949804274009,15.0,,b,-1,0.08,soma,82.27062233000002,610.4912281354023,779.2249030318762,1042.3126199939406,,610.0,779.4171830092416,1041.7986103642827,central,5.50000000000016,success,105.0,0.005,"(610, 263, 397)",610.0,263.0,397.0,610.0,,263.0,397.0
2106,realistic,3,x0y0,utah,15.164,18.2,Aa,saline,-21.85113946716692,18.2,,b,-1,0.08,soma,91.16946892200001,290.319201272669,-654.4634087854811,1141.1796697910484,,290.0,-654.1436381663842,1140.9487505267002,none,0.0,success,105.0,0.005,"(290, -345, 370)",290.0,-345.0,370.0,,,,
2107,realistic,3,x0y0,utah,12.815,15.5,Aa,saline,48.173347975941105,15.5,,b,-1,0.08,soma,83.66106711,162.1759099932669,885.9009730614004,802.3791196930732,,162.0,886.1541136051861,802.4132828278297,periphery,5.215000000000115,success,76.3916015625,0.005,"(162, 270, 251)",162.0,270.0,251.0,162.0,,270.0,251.0
2108,realistic,3,x0y0,utah,12.641,15.3,Aa,saline,185.6769503882369,15.3,,b,-1,0.08,soma,83.104889198,-1303.5856568972893,-190.3359919748196,-1212.3262457292474,,-1304.0,-190.74603677084113,-1212.5023376204651,none,0.0,success,105.0,0.005,"(-1304, -109, -390)",-1304.0,-109.0,-390.0,,,,
2109,realistic,3,x0y0,utah,12.293000000000001,14.9,Aa,saline,9.586953365780348,14.9,,b,-1,0.08,soma,81.99253337399999,351.4516886485308,333.3166173193599,1388.0008849896842,,351.0,333.52837840338555,1388.4323189533823,none,0.0,success,105.0,0.005,"(351, 196, 574)",351.0,196.0,574.0,,,,
2110,realistic,3,x0y0,utah,13.25,16.0,Aa,saline,196.25193216734212,16.0,,b,-1,0.08,soma,85.05151189,586.5305142764232,-407.298537113013,-894.5619883839786,,587.0,-407.62445908900554,-894.4247257072002,none,0.0,success,105.0,0.005,"(587, -176, -100)",587.0,-176.0,-100.0,,,,
2111,realistic,3,x0y0,utah,14.033,16.9,Aa,saline,172.13878160586862,16.9,,b,-1,0.08,soma,87.55431249399997,-1134.8046364840966,341.7301657246498,-1305.8203654658025,,-1135.0,341.3767149745896,-1305.9866509782785,none,0.0,success,105.0,0.005,"(-1135, 228, -485)",-1135.0,228.0,-485.0,,,,
2112,realistic,3,x0y0,utah,12.728,15.4,Aa,saline,62.79012918427321,15.4,,b,-1,0.08,soma,83.382978154,467.13130254245215,1166.6912474194478,803.8377111118269,,467.0,1166.1767412361764,804.0460179549123,central,5.255000000000122,success,85.58349609375,0.005,"(467, 431, 426)",467.0,431.0,426.0,467.0,,431.0,426.0
2113,realistic,3,x0y0,utah,12.467,15.1,Aa,saline,126.32952581049692,15.1,,b,-1,0.08,soma,82.548711286,1070.6608062321436,944.070195426494,-660.0444886473388,,1071.0,943.6466209060009,-660.4849282829133,central,5.2800000000001255,success,66.05224609375,0.005,"(1071, 278, -171)",1071.0,278.0,-171.0,1071.0,,278.0,-171.0
2114,realistic,3,x0y0,utah,13.597999999999999,16.4,Aa,saline,129.3293113847107,16.4,,b,-1,0.08,soma,86.16386771399998,-305.61279317450334,814.7144696640158,-942.8514354011072,,-306.0,814.5213758383896,-942.8383296785668,none,0.0,success,105.0,0.005,"(-306, 174, -418)",-306.0,174.0,-418.0,,,,
2115,realistic,3,x0y0,utah,13.163,15.9,Aa,saline,-1.4220704698592703,15.9,,b,-1,0.08,soma,84.773422934,1091.5405953043344,-26.399420649765034,1289.90396970429,,1092.0,-26.519190444381604,1290.1384954535602,none,0.0,success,105.0,0.005,"(1092, -6, 463)",1092.0,-6.0,463.0,,,,
2116,realistic,3,x0y0,utah,13.424,16.2,Aa,saline,71.51854684257685,16.2,,b,-1,0.08,soma,85.607689802,-1690.1137042685245,1255.5471553850764,196.96841631236748,,-1690.0,1255.0891665041086,197.41381883361703,periphery,5.2100000000001145,success,32.53173828125,0.005,"(-1690, 470, -65)",-1690.0,470.0,-65.0,-1690.0,,470.0,-65.0
2117,realistic,3,x0y0,utah,13.772000000000002,16.6,Aa,saline,100.07380126860387,16.6,,b,-1,0.08,soma,86.720045626,-104.78833387196971,1445.416300872721,-49.895334627834025,,-105.0,1445.60327846168,-49.88016798999374,periphery,5.110000000000099,success,10.49652099609375,0.005,"(-105, 630, 95)",-105.0,630.0,95.0,-105.0,,630.0,95.0
2118,realistic,3,x0y0,utah,8.116999999999999,10.1,Aa,saline,-9.225229959938693,10.1,,b,-1,0.08,soma,68.644263486,-129.02325500492796,-228.1528436417807,1281.9159949285586,,-129.0,-228.33733771840292,1281.7528762435154,none,0.0,success,105.0,0.005,"(-129, -97, 473)",-129.0,-97.0,473.0,,,,
2119,realistic,3,x0y0,utah,12.206000000000001,14.8,Aa,saline,204.2849858934541,14.8,,b,-1,0.08,soma,81.714444418,-1965.9751325165887,-467.03846569272247,-942.8778335062123,,-1966.0,-466.6750754945618,-942.7688580435037,none,0.0,success,105.0,0.005,"(-1966, -127, -190)",-1966.0,-127.0,-190.0,,,,
2120,realistic,3,x0y0,utah,11.945,14.5,Aa,saline,103.81394992523457,14.5,,b,-1,0.08,soma,80.88017755,705.8366225499448,1031.814947496468,-300.07202493239487,,706.0,1031.5848702094027,-300.11509319947004,periphery,5.290000000000127,success,88.22021484375,0.005,"(706, 230, -103)",706.0,230.0,-103.0,706.0,,230.0,-103.0
2121,realistic,3,x0y0,utah,11.423,13.9,Aa,saline,-2.6350956417117333,13.9,,b,-1,0.08,soma,79.211643814,-735.4154006626047,-19.604021021265908,1393.9431176411167,,-735.0,-19.931867807722014,1393.6987555029027,none,0.0,success,105.0,0.005,"(-735, 18, 570)",-735.0,18.0,570.0,,,,
2122,realistic,3,x0y0,utah,12.032,14.6,Aa,saline,41.778389865246304,14.6,,b,-1,0.08,soma,81.15826650599999,869.682894055806,1004.6526187393872,996.6615442296844,,870.0,1005.0833764864741,996.6343596667623,central,5.300000000000129,success,70.9228515625,0.005,"(870, 455, 381)",870.0,455.0,381.0,870.0,,455.0,381.0
2123,realistic,3,x0y0,utah,13.685,16.5,Aa,saline,176.6208429893292,16.5,,b,-1,0.08,soma,86.44195667,507.8640904394336,180.1084114003752,-1422.310036513314,,508.0,179.7822156239315,-1422.8130026718306,none,0.0,success,105.0,0.005,"(508, 131, -596)",508.0,131.0,-596.0,,,,
2124,realistic,3,x0y0,utah,9.683,11.9,Aa,saline,168.17415175519403,11.9,,b,-1,0.08,soma,73.649864694,1317.2748814599545,241.87800962358008,-1151.3443459595858,,1317.0,241.39192863790035,-1151.402243781244,none,0.0,success,105.0,0.005,"(1317, 73, -347)",1317.0,73.0,-347.0,,,,
2125,realistic,3,x0y0,utah,13.25,16.0,Aa,saline,98.56039168286092,16.0,,b,-1,0.08,soma,85.05151189,-1050.6167030485783,1373.67644747961,-159.61741461330075,,-1051.0,1373.3402200540108,-159.21858506021056,periphery,5.140000000000104,success,7.1319580078125,0.005,"(-1051, 555, -36)",-1051.0,555.0,-36.0,-1051.0,,555.0,-36.0
2126,realistic,3,x0y0,utah,13.859,16.7,Aa,saline,61.501021866219006,16.7,,b,-1,0.08,soma,86.998134582,467.0805478531452,463.03524414288535,241.82490528426703,,467.0,463.0849803353311,242.27690500453627,none,0.0,success,105.0,0.005,"(467, -265, -153)",467.0,-265.0,-153.0,,,,
2127,realistic,3,x0y0,utah,10.901,13.3,Aa,saline,-3.2897603735416845,13.3,,b,-1,0.08,soma,77.54311007800001,-962.5008388856244,-285.43266247623706,1355.0630957906305,,-963.0,-285.28448725923863,1355.4535205509378,none,0.0,success,105.0,0.005,"(-963, -238, 533)",-963.0,-238.0,533.0,,,,
2128,realistic,3,x0y0,utah,13.076,15.8,Aa,saline,202.157934184252,15.8,,b,-1,0.08,soma,84.495333978,1266.2643415478185,-544.0103188269703,-1160.5963153593455,,1266.0,-544.0378199882509,-1160.1140643985132,none,0.0,success,105.0,0.005,"(1266, -232, -394)",1266.0,-232.0,-394.0,,,,
2129,realistic,3,x0y0,utah,12.467,15.1,Aa,saline,-9.567011875049177,15.1,,b,-1,0.08,soma,82.548711286,1989.9063188908115,-231.28308019788483,1018.1463167065835,,1990.0,-231.32679790786662,1017.7891420995625,none,0.0,success,105.0,0.005,"(1990, -94, 203)",1990.0,-94.0,203.0,,,,
2130,realistic,3,x0y0,utah,13.25,16.0,Aa,saline,-3.6024287197598186,16.0,,b,-1,0.08,soma,85.05151189,-1896.300229951067,-230.23329143586992,1010.9596372861242,,-1896.0,-229.968617473346,1010.8707044331103,none,0.0,success,105.0,0.005,"(-1896, -178, 185)",-1896.0,-178.0,185.0,,,,
2131,realistic,3,x0y0,utah,10.553,12.9,Aa,saline,132.88001265068834,12.9,,b,-1,0.08,soma,76.430754254,937.1591126371844,775.9139273011909,-791.6387246889476,,937.0,776.2522283586658,-791.1980641349237,none,0.0,success,105.0,0.005,"(937, 173, -231)",937.0,173.0,-231.0,,,,
2132,realistic,3,x0y0,utah,13.685,16.5,Aa,saline,192.13913491342566,16.5,,b,-1,0.08,soma,86.44195667,899.3654111106794,-489.6214853651204,-1241.316772819067,,899.0,-489.17487174385053,-1241.6688284202962,none,0.0,success,105.0,0.005,"(899, -315, -432)",899.0,-315.0,-432.0,,,,
2133,realistic,3,x0y0,utah,12.467,15.1,Aa,saline,182.75733320166245,15.1,,b,-1,0.08,soma,82.548711286,-3.4594716771443323,113.55400111936159,-1368.1090062591766,,-3.0,113.25620349357169,-1368.2828264162285,none,0.0,success,105.0,0.005,"(-3, 153, -543)",-3.0,153.0,-543.0,,,,
2134,realistic,3,x0y0,utah,14.99,18.0,Aa,saline,161.40206734882938,18.0,,b,-1,0.08,soma,90.61329101,182.22511317079326,477.3617362050759,-1343.1113494732438,,182.0,477.78478925154457,-1342.9646386096392,none,0.0,success,105.0,0.005,"(182, 213, -556)",182.0,213.0,-556.0,,,,
2135,realistic,3,x0y0,utah,12.554,15.2,Aa,saline,-22.725923056864602,15.2,,b,-1,0.08,soma,82.82680024199999,1261.0859585403234,-491.76001607872877,1178.3654790523387,,1261.0,-491.2434964667424,1178.2837202716105,none,0.0,success,105.0,0.005,"(1261, -172, 416)",1261.0,-172.0,416.0,,,,
2136,realistic,3,x0y0,utah,14.816,17.8,Aa,saline,13.926144038769053,17.8,,b,-1,0.08,soma,90.05711309799999,-601.4077473444959,191.9105958353648,1400.6421349262334,,-601.0,191.78787356134436,1400.6257169864596,none,0.0,success,105.0,0.005,"(-601, -8, 595)",-601.0,-8.0,595.0,,,,
2137,realistic,3,x0y0,utah,12.206000000000001,14.8,Aa,saline,106.65541844191635,14.8,,b,-1,0.08,soma,81.714444418,1522.0081898046192,1156.3517850468788,-327.8221905344722,,1522.0,1156.1712188762222,-327.6906798850995,central,5.2350000000001184,success,45.22247314453125,0.005,"(1522, 365, -91)",1522.0,365.0,-91.0,1522.0,,365.0,-91.0
2138,realistic,3,x0y0,utah,14.816,17.8,Aa,saline,128.22794289298642,17.8,,b,-1,0.08,soma,90.05711309799999,1324.3149820286744,656.5355569609906,-684.6673918723045,,1324.0,657.0704340248946,-684.6216707925213,none,0.0,success,105.0,0.005,"(1324, 5, -171)",1324.0,5.0,-171.0,,,,
2139,realistic,3,x0y0,utah,8.116999999999999,10.1,Aa,saline,151.34713169879987,10.1,,b,-1,0.08,soma,68.644263486,806.6920114215501,685.6440387383823,-1221.3199696586548,,807.0,685.8649621707686,-1220.9551706044826,none,0.0,success,105.0,0.005,"(807, 293, -502)",807.0,293.0,-502.0,,,,
2140,realistic,3,x0y0,utah,13.076,15.8,Aa,saline,201.03522326899292,15.8,,b,-1,0.08,soma,84.495333978,401.9681126471286,-691.8469811792908,-1237.5747692483228,,402.0,-691.8991876823522,-1237.1529723675328,none,0.0,success,105.0,0.005,"(402, -395, -465)",402.0,-395.0,-465.0,,,,
2141,realistic,3,x0y0,utah,13.946,16.8,Aa,saline,217.86974575042458,16.8,,b,-1,0.08,soma,87.27622353800001,1909.347432447948,-564.3749550374722,-809.2971698108313,,1909.0,-564.7009368149893,-809.1269254304488,none,0.0,success,105.0,0.005,"(1909, -56, -155)",1909.0,-56.0,-155.0,,,,
2142,realistic,3,x0y0,utah,12.815,15.5,Aa,saline,194.61140419864319,15.5,,b,-1,0.08,soma,83.66106711,-5.326746422874561,-591.3710786950443,-1316.233687086171,,-5.0,-591.6093436159266,-1316.1239073211736,none,0.0,success,105.0,0.005,"(-5, -383, -516)",-5.0,-383.0,-516.0,,,,
2143,realistic,3,x0y0,utah,11.336,13.8,Aa,saline,121.73097742850962,13.8,,b,-1,0.08,soma,78.93355485800001,-53.09124876306481,1269.8590393134034,-705.5836951629248,,-53.0,1270.2089942033647,-705.5870782499112,periphery,5.160000000000107,success,35.46142578125,0.005,"(-53, 569, -272)",-53.0,569.0,-272.0,-53.0,,569.0,-272.0
2144,realistic,3,x0y0,utah,12.554,15.2,Aa,saline,172.3441260627705,15.2,,b,-1,0.08,soma,82.82680024199999,-1775.2978461773864,160.61002165236505,-1069.345082234241,,-1775.0,161.07826489611725,-1069.0583208599232,none,0.0,success,105.0,0.005,"(-1775, 51, -250)",-1775.0,51.0,-250.0,,,,
2145,realistic,3,x0y0,utah,11.423,13.9,Aa,saline,5.964998389127426,13.9,,b,-1,0.08,soma,79.211643814,1090.7891677818443,108.45235801552737,1207.261405139304,,1091.0,108.67654489613733,1207.1529504687026,none,0.0,success,105.0,0.005,"(1091, 23, 387)",1091.0,23.0,387.0,,,,
2146,realistic,3,x0y0,utah,12.032,14.6,Aa,saline,121.57286521998795,14.6,,b,-1,0.08,soma,81.15826650599999,-569.7249396760913,1136.6354456909885,-568.7733159613981,,-570.0,1136.3934215315562,-569.2732341712708,periphery,5.205000000000114,success,33.70361328125,0.005,"(-570, 433, -137)",-570.0,433.0,-137.0,-570.0,,433.0,-137.0
2147,realistic,3,x0y0,utah,11.161999999999999,13.6,Aa,saline,28.592701277580844,13.6,,b,-1,0.08,soma,78.377376946,-76.53866098832363,657.2946372735687,1017.8260993430343,,-77.0,657.456706303178,1017.6376684792942,periphery,5.185000000000111,success,78.55224609375,0.005,"(-77, 263, 294)",-77.0,263.0,294.0,-77.0,,263.0,294.0
2148,realistic,3,x0y0,utah,8.987,11.1,Aa,saline,145.5641115240684,11.1,,b,-1,0.08,soma,71.42515304599999,-293.6011022636542,654.6063174536022,-1264.1479385877851,,-294.0,655.1129620237566,-1263.9237331161708,none,0.0,success,105.0,0.005,"(-294, 191, -587)",-294.0,191.0,-587.0,,,,
2149,realistic,3,x0y0,utah,11.597,14.1,Aa,saline,198.94467803090492,14.1,,b,-1,0.08,soma,79.76782172600001,-172.6577177733879,-599.7255143649622,-1274.6871082492391,,-173.0,-599.8398058572161,-1274.1752028942255,none,0.0,success,105.0,0.005,"(-173, -332, -494)",-173.0,-332.0,-494.0,,,,
2150,realistic,3,x0y0,utah,11.161999999999999,13.6,Aa,saline,160.4973680456878,13.6,,b,-1,0.08,soma,78.377376946,-1856.493882830672,52.77964551116111,-218.0792460231464,,-1856.0,53.196603081134754,-217.88025775465007,none,0.0,success,105.0,0.005,"(-1856, -222, 559)",-1856.0,-222.0,559.0,,,,
2151,realistic,3,x0y0,utah,12.293000000000001,14.9,Aa,saline,153.13227653046576,14.9,,b,-1,0.08,soma,81.99253337399999,-13.433080700660405,493.2969859019863,-1350.3617879475587,,-13.0,493.26771291585544,-1350.8712695114727,none,0.0,success,105.0,0.005,"(-13, 120, -614)",-13.0,120.0,-614.0,,,,
2152,realistic,3,x0y0,utah,14.816,17.8,Aa,saline,10.105320178698133,17.8,,b,-1,0.08,soma,90.05711309799999,1676.6271081863442,310.2171365583704,1242.4025527588265,,1677.0,310.67001167434955,1242.1631139224908,none,0.0,success,105.0,0.005,"(1677, 165, 425)",1677.0,165.0,425.0,,,,
2153,realistic,3,x0y0,utah,12.641,15.3,Aa,saline,125.41782543661505,15.3,,b,-1,0.08,soma,83.104889198,423.9521340504793,1251.5728400992814,-707.0091242323442,,424.0,1251.5575871037254,-706.9871416451207,central,5.1650000000001075,success,31.7626953125,0.005,"(424, 578, -228)",424.0,578.0,-228.0,424.0,,578.0,-228.0
2154,realistic,3,x0y0,utah,10.727,13.1,Aa,saline,135.09164781734572,13.1,,b,-1,0.08,soma,76.986932166,-1164.0569133924216,968.4400515117786,-970.453926590356,,-1164.0,968.3863870545981,-970.1980726799808,periphery,5.24500000000012,success,82.598876953125,0.005,"(-1164, 387, -387)",-1164.0,387.0,-387.0,-1164.0,,387.0,-387.0
2155,realistic,3,x0y0,utah,11.161999999999999,13.6,Aa,saline,185.72367596488488,13.6,,b,-1,0.08,soma,78.377376946,-663.0572410757795,-105.2883550303718,-847.5747107580164,,-663.0,-105.17161224075812,-847.0677450306353,none,0.0,success,105.0,0.005,"(-663, -23, -27)",-663.0,-23.0,-27.0,,,,
2156,realistic,3,x0y0,utah,10.292,12.6,Aa,saline,-10.9847315906385,12.6,,b,-1,0.08,soma,75.596487386,-506.07829243604607,-469.6758557235338,1323.5813529599673,,-506.0,-469.74306542351655,1323.7410358334182,none,0.0,success,105.0,0.005,"(-506, -313, 516)",-506.0,-313.0,516.0,,,,
2157,realistic,3,x0y0,utah,14.99,18.0,Aa,saline,192.83140797471813,18.0,,b,-1,0.08,soma,90.61329101,-1422.422192610137,-416.6694155757728,-1144.0513278258388,,-1422.0,-416.41110596666056,-1143.548979367375,none,0.0,success,105.0,0.005,"(-1422, -232, -334)",-1422.0,-232.0,-334.0,,,,
2158,realistic,3,x0y0,utah,12.554,15.2,Aa,saline,73.09296928863543,15.2,,b,-1,0.08,soma,82.82680024199999,1407.7164470995654,1291.6723822020786,243.34676293815568,,1408.0,1291.712341235773,243.32101675518686,central,5.190000000000111,success,16.851806640625,0.005,"(1408, 501, 3)",1408.0,501.0,3.0,1408.0,,501.0,3.0
2159,realistic,3,x0y0,utah,12.815,15.5,Aa,saline,54.07194737529346,15.5,,b,-1,0.08,soma,83.66106711,-1443.0413400334396,663.4439687248222,666.7763988930101,,-1443.0,663.5673660728391,667.1841570900741,none,0.0,success,105.0,0.005,"(-1443, -6, 182)",-1443.0,-6.0,182.0,,,,
2160,realistic,3,x0y0,utah,11.858,14.4,Aa,saline,180.64515282367475,14.4,,b,-1,0.08,soma,80.60208859400001,-546.9612542315525,21.023946406738105,-1422.7458683090406,,-547.0,20.674098199443897,-1422.2185141925706,none,0.0,success,105.0,0.005,"(-547, 30, -597)",-547.0,30.0,-597.0,,,,
2161,realistic,3,x0y0,utah,13.163,15.9,Aa,saline,185.61556732509456,15.9,,b,-1,0.08,soma,84.773422934,-1982.213971760487,-238.7693246900849,-990.0685192206464,,-1982.0,-239.0011590526193,-990.4152552519586,none,0.0,success,105.0,0.005,"(-1982, -158, -167)",-1982.0,-158.0,-167.0,,,,
2162,realistic,3,x0y0,utah,12.902,15.6,Aa,saline,193.56676328036326,15.6,,b,-1,0.08,soma,83.93915606600001,-488.7511214749108,-257.4033250553384,-1395.5344995334353,,-489.0,-257.0070630065419,-1395.8971268058795,none,0.0,success,105.0,0.005,"(-489, -63, -592)",-489.0,-63.0,-592.0,,,,
2163,realistic,3,x0y0,utah,11.075,13.5,Aa,saline,201.7397166718405,13.5,,b,-1,0.08,soma,78.09928799,372.24465415334816,-501.48250786102113,-1266.7333535128696,,372.0,-501.2279881357481,-1266.4597143069557,none,0.0,success,105.0,0.005,"(372, -196, -501)",372.0,-196.0,-501.0,,,,
2164,realistic,3,x0y0,utah,10.292,12.6,Aa,saline,111.09767762771385,12.6,,b,-1,0.08,soma,75.596487386,207.326432975554,1105.0235240531708,-357.7379678979037,,207.0,1104.6707613655694,-358.2073677294801,tjn,5.1650000000001075,success,28.38134765625,0.005,"(207, 337, -62)",207.0,337.0,-62.0,207.0,,337.0,-62.0
2165,realistic,3,x0y0,utah,12.641,15.3,Aa,saline,141.12403568792342,15.3,,b,-1,0.08,soma,83.104889198,-1346.617814362719,766.4234487798549,-953.9270246945737,,-1347.0,766.7443142303326,-953.4710781203217,periphery,5.295000000000128,success,91.1865234375,0.005,"(-1347, 248, -310)",-1347.0,248.0,-310.0,-1347.0,,248.0,-310.0
2166,realistic,3,x0y0,utah,13.25,16.0,Aa,saline,21.931889486696768,16.0,,b,-1,0.08,soma,85.05151189,-1615.5136001680053,342.275563976832,1069.053932191512,,-1616.0,342.0808698454576,1068.6128912145823,none,0.0,success,105.0,0.005,"(-1616, 33, 301)",-1616.0,33.0,301.0,,,,
2167,realistic,3,x0y0,utah,12.988999999999999,15.7,Aa,saline,55.868393224415634,15.7,,b,-1,0.08,soma,84.217245022,940.3318466185012,1124.764453422671,603.0564761539854,,940.0,1124.6805177146061,603.0906480909223,central,5.260000000000122,success,31.201171875,0.005,"(940, 440, 139)",940.0,440.0,139.0,940.0,,440.0,139.0
2168,realistic,3,x0y0,utah,13.076,15.8,Aa,saline,144.09866841960198,15.8,,b,-1,0.08,soma,84.495333978,-366.94733406262236,942.8895530209093,-1047.9270341362646,,-367.0,943.0980319223497,-1048.0706102610902,periphery,5.205000000000114,success,63.525390625,0.005,"(-367, 458, -378)",-367.0,458.0,-378.0,-367.0,,458.0,-378.0
2169,realistic,3,x0y0,utah,14.293999999999999,17.2,Aa,saline,201.5740925703577,17.2,,b,-1,0.08,soma,88.388579362,-1891.6457161657763,-559.7898515226839,-977.3061689944324,,-1892.0,-559.8947403157038,-977.067769974362,none,0.0,success,105.0,0.005,"(-1892, -255, -206)",-1892.0,-255.0,-206.0,,,,
2170,realistic,3,x0y0,utah,12.728,15.4,Aa,saline,-15.07235774120286,15.4,,b,-1,0.08,soma,83.382978154,1979.663082804007,-303.1272069308638,1123.210090040975,,1980.0,-302.93978716002005,1123.2533018527515,none,0.0,success,105.0,0.005,"(1980, -88, 325)",1980.0,-88.0,325.0,,,,
2171,realistic,3,x0y0,utah,9.335,11.5,Aa,saline,139.96014251518108,11.5,,b,-1,0.08,soma,72.53750887,1088.2856617515035,1010.6929498901117,-930.8910945151927,,1088.0,1010.3221897280356,-930.7633583954362,central,5.260000000000122,success,52.3681640625,0.005,"(1088, 482, -302)",1088.0,482.0,-302.0,1088.0,,482.0,-302.0
2172,realistic,3,x0y0,utah,11.771,14.3,Aa,saline,103.95467946721978,14.3,,b,-1,0.08,soma,80.323999638,-1997.7608831261316,1038.0631360830316,-163.03992785757418,,-1998.0,1037.8197208243398,-163.02907435634285,periphery,5.24500000000012,success,61.23046875,0.005,"(-1998, 237, 36)",-1998.0,237.0,36.0,-1998.0,,237.0,36.0
2173,realistic,3,x0y0,utah,13.424,16.2,Aa,saline,359.8850685032296,16.2,,b,-1,0.08,soma,85.607689802,-19.206213889165987,-4.776651869022771,970.8058863560582,,-19.0,-4.655607689802,970.8038449010002,none,0.0,success,105.0,0.005,"(-19, -3, 143)",-19.0,-3.0,143.0,,,,
2174,realistic,3,x0y0,utah,10.901,13.3,Aa,saline,73.23040487176185,13.3,,b,-1,0.08,soma,77.54311007800001,-1995.185338505153,1075.3903531303713,535.891830620244,,-1995.0,1075.761263949843,535.6580936287515,periphery,5.2800000000001255,success,76.94091796875,0.005,"(-1995, 287, 298)",-1995.0,287.0,298.0,-1995.0,,287.0,298.0
2175,realistic,3,x0y0,utah,11.248999999999999,13.7,Aa,saline,213.52778758012303,13.7,,b,-1,0.08,soma,78.655465902,80.56105231677634,-723.6110337011355,-1265.8064335092868,,81.0,-723.2762069088375,-1266.1595981879539,none,0.0,success,105.0,0.005,"(81, -268, -579)",81.0,-268.0,-579.0,,,,
2176,realistic,3,x0y0,utah,13.424,16.2,Aa,saline,-6.064722434794263,16.2,,b,-1,0.08,soma,85.607689802,-1833.983420897092,-285.26545392188063,1080.771909020491,,-1834.0,-285.49886640603575,1081.1681433695544,none,0.0,success,105.0,0.005,"(-1834, -198, 258)",-1834.0,-198.0,258.0,,,,
2177,realistic,3,x0y0,utah,12.38,15.0,Aa,saline,90.72707569590752,15.0,,b,-1,0.08,soma,82.27062233000002,1041.527552580977,1312.6988147846325,-50.952053856727616,,1042.0,1313.0526976338838,-50.491918451795506,central,5.195000000000112,success,14.8406982421875,0.005,"(1042, 487, -40)",1042.0,487.0,-40.0,1042.0,,487.0,-40.0
2178,realistic,3,x0y0,utah,10.727,13.1,Aa,saline,127.45535386481943,13.1,,b,-1,0.08,soma,76.986932166,202.35684684966503,1066.3105029747155,-851.8866317669838,,202.0,1066.6891133766853,-851.7663767250724,periphery,5.190000000000111,success,66.05224609375,0.005,"(202, 413, -351)",202.0,413.0,-351.0,202.0,,413.0,-351.0
2179,realistic,3,x0y0,utah,14.381,17.3,Aa,saline,47.270511371035106,17.3,,b,-1,0.08,soma,88.66666831799999,1910.1784680941128,360.969270298021,468.09524927848094,,1910.0,361.2282672732016,467.70266722688166,none,0.0,success,105.0,0.005,"(1910, -248, -95)",1910.0,-248.0,-95.0,,,,
2180,realistic,3,x0y0,utah,11.771,14.3,Aa,saline,-13.70056277846169,14.3,,b,-1,0.08,soma,80.323999638,-567.9348184820577,-522.6711208154837,1334.0935402813463,,-568.0,-522.3983615571392,1333.6448828241587,none,0.0,success,105.0,0.005,"(-568, -327, 532)",-568.0,-327.0,532.0,,,,
2181,realistic,3,x0y0,utah,11.684,14.2,Aa,saline,51.78748006575481,14.2,,b,-1,0.08,soma,80.045910682,1386.3613765202524,823.1751983174463,892.8432490510422,,1386.0,823.2205360114237,893.3592001739428,none,0.0,success,105.0,0.005,"(1386, 175, 383)",1386.0,175.0,383.0,,,,
2182,realistic,3,x0y0,utah,13.859,16.7,Aa,saline,140.5615151706435,16.7,,b,-1,0.08,soma,86.998134582,-307.3475381579593,817.7856428420278,-1181.1147832463955,,-307.0,817.2626075432433,-1180.8498296688394,none,0.0,success,105.0,0.005,"(-307, 291, -541)",-307.0,291.0,-541.0,,,,
2183,realistic,3,x0y0,utah,12.119,14.7,Aa,saline,84.05844886213183,14.7,,b,-1,0.08,soma,81.436355462,-1259.3157203879998,1258.9851123437186,199.54796455717087,,-1259.0,1259.259299571253,199.46183139515853,periphery,5.190000000000111,success,27.8076171875,0.005,"(-1259, 438, 114)",-1259.0,438.0,114.0,-1259.0,,438.0,114.0
2184,realistic,3,x0y0,utah,13.337000000000002,16.1,Aa,saline,86.11800146621164,16.1,,b,-1,0.08,soma,85.329600846,-562.8729571086868,1431.024747061706,54.80268820758784,,-563.0,1430.7611713820274,55.03290698863711,periphery,5.635000000000181,success,105.0,0.005,"(-563, 605, -1)",-563.0,605.0,-1.0,-563.0,,605.0,-1.0
2185,realistic,3,x0y0,utah,12.902,15.6,Aa,saline,102.08073178683644,15.6,,b,-1,0.08,soma,83.93915606600001,435.2951012924593,1345.0743052553246,-259.13073552850847,,435.0,1344.693550358471,-259.08473268230694,central,5.18000000000011,success,14.410400390625,0.005,"(435, 536, -86)",435.0,536.0,-86.0,435.0,,536.0,-86.0
2186,realistic,3,x0y0,utah,12.815,15.5,Aa,saline,62.70570039116849,15.5,,b,-1,0.08,soma,83.66106711,1029.7719684788656,796.795296245657,580.8721835623612,,1030.0,796.8042951703287,581.1844826883231,none,0.0,success,105.0,0.005,"(1030, 62, 202)",1030.0,62.0,202.0,,,,
2187,realistic,3,x0y0,utah,11.771,14.3,Aa,saline,-18.84576661380425,14.3,,b,-1,0.08,soma,80.323999638,-143.8948677135541,-608.923733035524,1277.7858516994738,,-144.0,-608.5273259415371,1277.933316628702,none,0.0,success,105.0,0.005,"(-144, -342, 497)",-144.0,-342.0,497.0,,,,
2188,realistic,3,x0y0,utah,10.988,13.4,Aa,saline,125.3579601652458,13.4,,b,-1,0.08,soma,77.821199034,77.96168761108203,1135.2497746481167,-761.8778209533618,,78.0,1134.9814849660652,-761.797063940488,tjn,5.160000000000107,success,45.9228515625,0.005,"(78, 463, -285)",78.0,463.0,-285.0,78.0,,463.0,-285.0
2189,realistic,3,x0y0,utah,13.511000000000001,16.3,Aa,saline,38.80797695487793,16.3,,b,-1,0.08,soma,85.885778758,-1765.9698822724008,945.0625822371668,845.8063490883751,,-1766.0,944.8718087738195,846.2158936930549,periphery,5.250000000000121,success,45.037078857421875,0.005,"(-1766, 426, 201)",-1766.0,426.0,201.0,-1766.0,,426.0,201.0
2190,realistic,3,x0y0,utah,9.683,11.9,Aa,saline,62.180361270228566,11.9,,b,-1,0.08,soma,73.649864694,-638.0760424316272,1219.4789374769646,757.8906025335733,,-638.0,1219.8219701676871,757.545695926345,periphery,5.240000000000119,success,71.47216796875,0.005,"(-638, 493, 374)",-638.0,493.0,374.0,-638.0,,493.0,374.0
2191,realistic,3,x0y0,utah,14.293999999999999,17.2,Aa,saline,27.796211279949212,17.2,,b,-1,0.08,soma,88.388579362,788.3528707072777,599.0359850981522,1278.2066812232788,,788.0,598.6532972782504,1278.505268651813,none,0.0,success,105.0,0.005,"(788, 212, 545)",788.0,212.0,545.0,,,,
2192,realistic,3,x0y0,utah,11.336,13.8,Aa,saline,55.24565952308647,13.8,,b,-1,0.08,soma,78.93355485800001,1675.91981788694,645.4385424748239,491.98279722230745,,1676.0,645.3819043356666,492.02850981227306,none,0.0,success,105.0,0.005,"(1676, -32, 22)",1676.0,-32.0,22.0,,,,
2193,realistic,3,x0y0,utah,11.597,14.1,Aa,saline,-9.523698070471516,14.1,,b,-1,0.08,soma,79.76782172600001,-628.4634103296376,-292.0007652162499,1357.0417847162691,,-628.0,-292.51828724782655,1357.5005128930907,none,0.0,success,105.0,0.005,"(-628, -156, 544)",-628.0,-156.0,544.0,,,,
2194,realistic,3,x0y0,utah,13.424,16.2,Aa,saline,163.21189172153163,16.2,,b,-1,0.08,soma,85.607689802,1896.6754621577472,319.8278986007976,-1027.3435847817457,,1897.0,320.06975040740883,-1027.5394011082176,none,0.0,success,105.0,0.005,"(1897, 81, -235)",1897.0,81.0,-235.0,,,,
2195,realistic,3,x0y0,utah,12.988999999999999,15.7,Aa,saline,70.23621698374204,15.7,,b,-1,0.08,soma,84.217245022,931.7020430947504,1352.026299717778,379.72263330063925,,932.0,1352.3919246451023,379.6454252709692,central,5.2100000000001145,success,14.8406982421875,0.005,"(932, 574, 100)",932.0,574.0,100.0,932.0,,574.0,100.0
2196,realistic,3,x0y0,utah,12.206000000000001,14.8,Aa,saline,195.21789432019642,14.8,,b,-1,0.08,soma,81.714444418,1411.837765006292,-463.23882593555936,-1047.2923289480334,,1412.0,-462.78752082986256,-1046.8696337094643,none,0.0,success,105.0,0.005,"(1412, -246, -250)",1412.0,-246.0,-250.0,,,,
2197,realistic,3,x0y0,utah,10.292,12.6,Aa,saline,122.24083576012087,12.6,,b,-1,0.08,soma,75.596487386,1118.1746457700883,108.79517953871573,-81.11713864692821,,1118.0,108.92275451553962,-80.96286301021559,none,0.0,success,105.0,0.005,"(1118, -587, 358)",1118.0,-587.0,358.0,,,,
2198,realistic,3,x0y0,utah,10.901,13.3,Aa,saline,188.71079052535785,13.3,,b,-1,0.08,soma,77.54311007800001,-552.3588368446962,-198.67128641466843,-1392.049461758802,,-552.0,-198.71901343290466,-1392.298182156052,none,0.0,success,105.0,0.005,"(-552, -74, -578)",-552.0,-74.0,-578.0,,,,
2199,realistic,3,x0y0,utah,12.467,15.1,Aa,saline,109.13786451900869,15.1,,b,-1,0.08,soma,82.548711286,-721.0030591465727,1308.2906438383088,-481.0774855270679,,-721.0,1308.5813837759422,-480.8527337797754,periphery,5.215000000000115,success,34.637451171875,0.005,"(-721, 528, -210)",-721.0,528.0,-210.0,-721.0,,528.0,-210.0
2200,realistic,3,x0y0,utah,12.988999999999999,15.7,Aa,saline,185.6811617551947,15.7,,b,-1,0.08,soma,84.217245022,276.1546457939412,-167.43652548720638,-1412.6465054201853,,276.0,-167.88375362858903,-1413.0557902606963,none,0.0,success,105.0,0.005,"(276, -86, -590)",276.0,-86.0,-590.0,,,,
2201,realistic,3,x0y0,utah,13.772000000000002,16.6,Aa,saline,124.63950686112983,16.6,,b,-1,0.08,soma,86.720045626,-1552.5567378330322,725.446989110515,-562.3226539956904,,-1553.0,725.4917907682553,-561.8398369669094,none,0.0,success,105.0,0.005,"(-1553, 44, -91)",-1553.0,44.0,-91.0,,,,
2202,realistic,3,x0y0,utah,12.293000000000001,14.9,Aa,saline,69.31147394148381,14.9,,b,-1,0.08,soma,81.99253337399999,1410.655706887334,136.93129191946534,61.396882338220166,,1411.0,136.71950748568872,61.82448102051717,none,0.0,success,105.0,0.005,"(1411, -636, -230)",1411.0,-636.0,-230.0,,,,
2203,realistic,3,x0y0,utah,12.902,15.6,Aa,saline,50.6608053224276,15.6,,b,-1,0.08,soma,83.93915606600001,874.2120363418042,1107.616228845135,830.639498075273,,874.0,1107.5782716507224,830.2160155151189,central,5.300000000000129,success,54.5166015625,0.005,"(874, 468, 306)",874.0,468.0,306.0,874.0,,468.0,306.0
2204,realistic,3,x0y0,utah,11.684,14.2,Aa,saline,184.9077931792554,14.2,,b,-1,0.08,soma,80.045910682,-1556.3134013843915,6.428693738071615,-1153.8869430939055,,-1556.0,6.378035022810394,-1153.9703704062385,none,0.0,success,105.0,0.005,"(-1556, 77, -332)",-1556.0,77.0,-332.0,,,,
2205,realistic,3,x0y0,utah,12.119,14.7,Aa,saline,74.42563392361235,14.7,,b,-1,0.08,soma,81.436355462,-1150.2647048643305,1322.148562116499,354.24454432957964,,-1150.0,1322.4143206082726,354.70533072077353,periphery,5.170000000000108,success,18.6279296875,0.005,"(-1150, 527, 133)",-1150.0,527.0,133.0,-1150.0,,527.0,133.0
2206,realistic,3,x0y0,utah,12.554,15.2,Aa,saline,93.89521888865694,15.2,,b,-1,0.08,soma,82.82680024199999,917.016914471948,1182.074159413325,-274.4810150840472,,917.0,1182.512649300722,-274.11346986821593,central,5.315000000000131,success,61.23046875,0.005,"(917, 358, -218)",917.0,358.0,-218.0,917.0,,358.0,-218.0
2207,realistic,3,x0y0,utah,11.161999999999999,13.6,Aa,saline,4.533460992431513,13.6,,b,-1,0.08,soma,78.377376946,-1800.1085750898428,50.05118397786372,1190.4971989331898,,-1800.0,50.11090638936703,1190.6337035387342,none,0.0,success,105.0,0.005,"(-1800, -15, 369)",-1800.0,-15.0,369.0,,,,
2208,realistic,3,x0y0,utah,12.032,14.6,Aa,saline,175.99523272454442,14.6,,b,-1,0.08,soma,81.15826650599999,-19.60941616894707,155.14964748945613,-1448.2745650146815,,-20.0,154.6254235010594,-1448.5977433331932,none,0.0,success,105.0,0.005,"(-20, 97, -625)",-20.0,97.0,-625.0,,,,
2209,realistic,3,x0y0,utah,13.511000000000001,16.3,Aa,saline,153.84972525955226,16.3,,b,-1,0.08,soma,85.885778758,-232.83275462194686,605.1758018366099,-1200.297854754682,,-233.0,604.8744313493254,-1200.1615375065905,none,0.0,success,105.0,0.005,"(-233, 240, -457)",-233.0,240.0,-457.0,,,,
2210,realistic,3,x0y0,utah,12.988999999999999,15.7,Aa,saline,21.660060683958488,15.7,,b,-1,0.08,soma,84.217245022,1.9602540813252745,685.1576617444466,1227.5791889860654,,2.0,685.2857925688102,1227.7147537617236,periphery,5.195000000000112,success,83.97216796875,0.005,"(2, 380, 459)",2.0,380.0,459.0,2.0,,380.0,459.0
2211,realistic,3,x0y0,utah,12.641,15.3,Aa,saline,131.83731607785163,15.3,,b,-1,0.08,soma,83.104889198,-772.413953756347,320.41979479874414,-286.352245633836,,-772.0,320.7815712262552,-286.3104805475332,none,0.0,success,105.0,0.005,"(-772, -295, 265)",-772.0,-295.0,265.0,,,,
2212,realistic,3,x0y0,utah,11.771,14.3,Aa,saline,4.586316588812536,14.3,,b,-1,0.08,soma,80.323999638,-535.8690551296726,46.31087045449704,1303.8182954479707,,-536.0,46.01295998552003,1303.5214814195795,none,0.0,success,105.0,0.005,"(-536, -20, 481)",-536.0,-20.0,481.0,,,,
2213,realistic,3,x0y0,utah,12.641,15.3,Aa,saline,26.352400322460518,15.3,,b,-1,0.08,soma,83.104889198,-31.882010094020696,480.499738055149,1296.9874797589734,,-32.0,480.90663015749624,1296.6736456051642,none,0.0,success,105.0,0.005,"(-32, 114, 556)",-32.0,114.0,556.0,,,,
2214,realistic,3,x0y0,utah,13.772000000000002,16.6,Aa,saline,183.52548379875458,16.6,,b,-1,0.08,soma,86.720045626,-9.17739153048025,-73.40887937035768,-1274.7486244953673,,-9.0,-72.94414140299952,-1274.7861387696555,none,0.0,success,105.0,0.005,"(-9, -22, -448)",-9.0,-22.0,-448.0,,,,
2215,realistic,3,x0y0,utah,14.381,17.3,Aa,saline,157.96067247694575,17.3,,b,-1,0.08,soma,88.66666831799999,-1908.2589986917608,12.276080955028648,-28.654751068005233,,-1908.0,12.165866976456869,-28.70906743197736,none,0.0,success,105.0,0.005,"(-1908, -299, 740)",-1908.0,-299.0,740.0,,,,
2216,realistic,3,x0y0,utah,11.423,13.9,Aa,saline,74.65611572444767,13.9,,b,-1,0.08,soma,79.211643814,-981.5752561995292,1353.827218736098,347.99348593806417,,-982.0,1354.249854647111,348.19070047659227,periphery,5.170000000000108,success,17.950439453125,0.005,"(-982, 559, 130)",-982.0,559.0,130.0,-982.0,,559.0,130.0
2217,realistic,3,x0y0,utah,12.467,15.1,Aa,saline,14.931591372682574,15.1,,b,-1,0.08,soma,82.548711286,1177.2429889536008,232.44103432614062,1337.0813202914148,,1177.0,232.93090144920112,1337.3462824222665,none,0.0,success,105.0,0.005,"(1177, 20, 539)",1177.0,20.0,539.0,,,,
2218,realistic,3,x0y0,utah,12.467,15.1,Aa,saline,-13.010707060163968,15.1,,b,-1,0.08,soma,82.548711286,-219.2285146163076,-97.91623175749555,1441.6236858136178,,-219.0,-97.99435745523934,1442.0391047029752,none,0.0,success,105.0,0.005,"(-219, 88, 637)",-219.0,88.0,637.0,,,,
2219,realistic,3,x0y0,utah,11.336,13.8,Aa,saline,106.2847209750093,13.8,,b,-1,0.08,soma,78.93355485800001,-1256.9271719544067,1063.2029557113215,-162.3026796821241,,-1257.0,1063.4056596540972,-162.18048439109165,periphery,5.255000000000122,success,65.61279296875,0.005,"(-1257, 272, 69)",-1257.0,272.0,69.0,-1257.0,,272.0,69.0
2220,realistic,3,x0y0,utah,11.597,14.1,Aa,saline,184.14393913808186,14.1,,b,-1,0.08,soma,79.76782172600001,-1564.7630302522105,-65.78354300070305,-1210.354021739094,,-1565.0,-65.63910675539492,-1210.7392126947564,none,0.0,success,105.0,0.005,"(-1565, -6, -388)",-1565.0,-6.0,-388.0,,,,
2221,realistic,3,x0y0,utah,10.727,13.1,Aa,saline,202.40245966524242,13.1,,b,-1,0.08,soma,76.986932166,281.13064937759253,-620.6508283036272,-1292.3541756317709,,281.0,-620.8333599242313,-1292.3197093937338,none,0.0,success,105.0,0.005,"(281, -307, -531)",281.0,-307.0,-531.0,,,,
2222,realistic,3,x0y0,utah,12.728,15.4,Aa,saline,1.9301291884089264,15.4,,b,-1,0.08,soma,83.382978154,351.68273983214317,-116.78778741616634,1444.3760213668293,,352.0,-117.14049681810509,1444.1954741835539,none,0.0,success,105.0,0.005,"(352, -145, 618)",352.0,-145.0,618.0,,,,
2223,realistic,3,x0y0,utah,13.337000000000002,16.1,Aa,saline,163.9731497910969,16.1,,b,-1,0.08,soma,85.329600846,296.8078695975609,576.555635846682,-1293.9401089723551,,297.0,576.5182513967903,-1293.4686396865454,central,5.240000000000119,success,97.6318359375,0.005,"(297, 348, -498)",297.0,348.0,-498.0,297.0,,348.0,-498.0
2224,realistic,3,x0y0,utah,9.77,12.0,Aa,saline,190.76052732888198,12.0,,b,-1,0.08,soma,73.92795365,823.7340330952294,-189.82907584388482,-1156.1102935246056,,824.0,-189.46067447322756,-1156.4974108328802,none,0.0,success,105.0,0.005,"(824, -36, -349)",824.0,-36.0,-349.0,,,,
2225,realistic,3,x0y0,utah,10.988,13.4,Aa,saline,209.92099109415489,13.4,,b,-1,0.08,soma,77.821199034,298.2799993614085,-609.7830186117008,-930.7195802920488,,298.0,-609.9666070390797,-931.083316601384,none,0.0,success,105.0,0.005,"(298, -199, -217)",298.0,-199.0,-217.0,,,,
2226,realistic,3,x0y0,utah,12.554,15.2,Aa,saline,170.49455632036933,15.2,,b,-1,0.08,soma,82.82680024199999,184.9308394244005,300.0951979970705,-1211.5292737156572,,185.0,300.44085235997716,-1211.0915365393425,none,0.0,success,105.0,0.005,"(185, 164, -396)",185.0,164.0,-396.0,,,,
2227,realistic,3,x0y0,utah,13.859,16.7,Aa,saline,186.10731468448841,16.7,,b,-1,0.08,soma,86.998134582,-959.4727119825383,-219.9343585678916,-1367.8054878411494,,-959.0,-220.15230075976243,-1367.7766226074416,none,0.0,success,105.0,0.005,"(-959, -132, -544)",-959.0,-132.0,-544.0,,,,
2228,realistic,3,x0y0,utah,11.858,14.4,Aa,saline,207.32584413721776,14.4,,b,-1,0.08,soma,80.60208859400001,-518.5407416682428,-662.6027424175818,-1150.1750780586674,,-519.0,-662.8957094367528,-1150.197447753455,none,0.0,success,105.0,0.005,"(-519, -284, -417)",-519.0,-284.0,-417.0,,,,
2229,realistic,3,x0y0,utah,12.467,15.1,Aa,saline,13.834821169497163,15.1,,b,-1,0.08,soma,82.548711286,822.4924807592047,268.5542175264696,1299.8797947921773,,822.0,268.56219843424134,1300.312399329353,none,0.0,success,105.0,0.005,"(822, 71, 498)",822.0,71.0,498.0,,,,
2230,realistic,3,x0y0,utah,9.77,12.0,Aa,saline,1.9082372924458388,12.0,,b,-1,0.08,soma,73.92795365,-1181.5379226945654,260.8396639627564,1333.043913613743,,-1182.0,260.3714004282725,1333.4707984389051,none,0.0,success,105.0,0.005,"(-1182, 233, 512)",-1182.0,233.0,512.0,,,,
2231,realistic,3,x0y0,utah,10.64,13.0,Aa,saline,195.45583840052845,13.0,,b,-1,0.08,soma,76.70884321,1076.6057505730616,-572.7184121610503,-1235.720627057873,,1077.0,-572.4239533577326,-1235.5489915428993,none,0.0,success,105.0,0.005,"(1077, -353, -442)",1077.0,-353.0,-442.0,,,,
2232,realistic,3,x0y0,utah,12.554,15.2,Aa,saline,91.48075184335052,15.2,,b,-1,0.08,soma,82.82680024199999,-1433.0763884579862,1032.6998983886324,-16.626518232400027,,-1433.0,1033.165476100964,-16.321465723121804,periphery,5.330000000000133,success,86.46240234375,0.005,"(-1433, 207, 5)",-1433.0,207.0,5.0,-1433.0,,207.0,5.0
2233,realistic,3,x0y0,utah,10.64,13.0,Aa,saline,-21.519404940501822,13.0,,b,-1,0.08,soma,76.70884321,-1315.6205418081267,-323.32288282611626,1074.2348003022998,,-1316.0,-323.0064018447141,1073.9666184191317,none,0.0,success,105.0,0.005,"(-1316, -21, 308)",-1316.0,-21.0,308.0,,,,
2234,realistic,3,x0y0,utah,12.641,15.3,Aa,saline,34.82993957967042,15.3,,b,-1,0.08,soma,83.104889198,636.6996740827036,654.2094766170203,1163.4852077466255,,637.0,654.0441011104891,1163.5169017713192,none,0.0,success,105.0,0.005,"(637, 182, 485)",637.0,182.0,485.0,,,,
2235,realistic,3,x0y0,utah,12.467,15.1,Aa,saline,-8.863696440928564,15.1,,b,-1,0.08,soma,82.548711286,-1970.0507795002688,-199.87962597431758,1093.2002277843803,,-1970.0,-200.32887820458632,1093.4416908108483,none,0.0,success,105.0,0.005,"(-1970, -73, 277)",-1970.0,-73.0,277.0,,,,
2236,realistic,3,x0y0,utah,14.381,17.3,Aa,saline,191.5397699811936,17.3,,b,-1,0.08,soma,88.66666831799999,1120.9483708078362,-435.01406427810525,-1164.023769567928,,1121.0,-434.8666668318001,-1163.5808008089884,none,0.0,success,105.0,0.005,"(1121, -269, -351)",1121.0,-269.0,-351.0,,,,
2237,realistic,3,x0y0,utah,11.423,13.9,Aa,saline,166.13751345818287,13.9,,b,-1,0.08,soma,79.211643814,-967.2449530884668,315.34251235666443,-1265.081820928478,,-967.0,315.5755549289173,-1264.6097924895066,none,0.0,success,105.0,0.005,"(-967, 118, -464)",-967.0,118.0,-464.0,,,,
2238,realistic,3,x0y0,utah,14.293999999999999,17.2,Aa,saline,199.71164959625614,17.2,,b,-1,0.08,soma,88.388579362,1178.0377603954407,-593.7028398488787,-1147.0987762756708,,1178.0,-593.6872339094014,-1146.6035043056936,none,0.0,success,105.0,0.005,"(1178, -314, -366)",1178.0,-314.0,-366.0,,,,
2239,realistic,3,x0y0,utah,14.033,16.9,Aa,saline,22.68826853778113,16.9,,b,-1,0.08,soma,87.55431249399997,-79.29255050937843,57.61132257753616,147.57642644248654,,-79.0,57.65934916446798,147.62980435348243,none,0.0,success,105.0,0.005,"(-79, -262, -617)",-79.0,-262.0,-617.0,,,,
2240,realistic,3,x0y0,utah,12.554,15.2,Aa,saline,61.177423804759854,15.2,,b,-1,0.08,soma,82.82680024199999,-1993.331286965624,786.3786598673378,411.07299580184235,,-1993.0,786.0207798460083,411.4139001983342,none,0.0,success,105.0,0.005,"(-1993, 62, 13)",-1993.0,62.0,13.0,,,,
2241,realistic,3,x0y0,utah,11.945,14.5,Aa,saline,57.10947520470378,14.5,,b,-1,0.08,soma,80.88017755,-1067.6835695608654,1050.4578784676278,569.9415521258787,,-1068.0,1050.1220425443676,570.213968204825,periphery,5.225000000000117,success,42.791748046875,0.005,"(-1068, 357, 122)",-1068.0,357.0,122.0,-1068.0,,357.0,122.0
2242,realistic,3,x0y0,utah,12.554,15.2,Aa,saline,22.83680126067413,15.2,,b,-1,0.08,soma,82.82680024199999,-620.6454578958262,558.1676905265232,1128.611856391306,,-621.0,557.7310405869603,1128.6225895515138,periphery,5.255000000000122,success,98.73046875,0.005,"(-621, 237, 367)",-621.0,237.0,367.0,-621.0,,237.0,367.0
2243,realistic,3,x0y0,utah,14.293999999999999,17.2,Aa,saline,361.74088387072084,17.2,,b,-1,0.08,soma,88.388579362,-220.34836645790557,-1.4147185377250937,18.054979549086056,,-220.0,-1.7924935936975928,17.779692536159814,none,0.0,success,105.0,0.005,"(-220, -27, -811)",-220.0,-27.0,-811.0,,,,
2244,realistic,3,x0y0,utah,12.119,14.7,Aa,saline,-12.834666714971714,14.7,,b,-1,0.08,soma,81.436355462,-150.7065774660612,-354.5272343066858,1155.463551006953,,-151.0,-354.3920072740551,1155.0752232877253,none,0.0,success,105.0,0.005,"(-151, -171, 350)",-151.0,-171.0,350.0,,,,
2245,realistic,3,x0y0,utah,8.987,11.1,Aa,saline,153.50962793534137,11.1,,b,-1,0.08,soma,71.42515304599999,-217.47423384879627,468.3003397953817,-1117.6378707367066,,-217.0,468.0378091292581,-1117.5377559880853,none,0.0,success,105.0,0.005,"(-217, 102, -383)",-217.0,102.0,-383.0,,,,
2246,realistic,3,x0y0,utah,12.728,15.4,Aa,saline,185.5971608328297,15.4,,b,-1,0.08,soma,83.382978154,-148.38524666669932,4.24123069903044,-1437.144015679637,,-148.0,4.3975798149924685,-1436.7233699294306,none,0.0,success,105.0,0.005,"(-148, 85, -614)",-148.0,85.0,-614.0,,,,
2247,realistic,3,x0y0,utah,9.596,11.8,Aa,saline,91.32669955927372,11.8,,b,-1,0.08,soma,73.371775738,47.10985086459375,1332.4468817944614,-220.40016388926185,,47.0,1332.4393821026397,-220.0631125985608,tjn,5.145000000000104,success,29.095458984375,0.005,"(47, 511, -201)",47.0,511.0,-201.0,47.0,,511.0,-201.0
2248,realistic,3,x0y0,utah,8.726,10.8,Aa,saline,214.09968459995088,10.8,,b,-1,0.08,soma,70.590886178,-1843.177446708508,-619.1155941200623,-732.1120975277945,,-1843.0,-618.8576253956935,-732.286656422001,none,0.0,success,105.0,0.005,"(-1843, -159, -53)",-1843.0,-159.0,-53.0,,,,
2249,realistic,3,x0y0,utah,11.858,14.4,Aa,saline,202.37396818105026,14.4,,b,-1,0.08,soma,80.60208859400001,-1398.7274931021775,-571.9704368790885,-1100.2508041195767,,-1399.0,-572.1921075638679,-1100.155875661436,none,0.0,success,105.0,0.005,"(-1399, -258, -337)",-1399.0,-258.0,-337.0,,,,
2250,realistic,3,x0y0,utah,13.772000000000002,16.6,Aa,saline,74.98972442921097,16.6,,b,-1,0.08,soma,86.720045626,-973.8725652916406,1313.2750503436646,262.1353542199076,,-974.0,1313.112946035077,262.54524590856704,periphery,5.1650000000001075,success,13.848876953125,0.005,"(-974, 513, 48)",-974.0,513.0,48.0,-974.0,,513.0,48.0
2251,realistic,3,x0y0,utah,11.858,14.4,Aa,saline,121.66141238950412,14.4,,b,-1,0.08,soma,80.60208859400001,-572.7020507931593,1207.8987159408737,-718.9444511662172,,-573.0,1207.4962489056065,-719.2005181514954,periphery,5.205000000000114,success,48.01025390625,0.005,"(-573, 505, -286)",-573.0,505.0,-286.0,-573.0,,505.0,-286.0
2252,realistic,3,x0y0,utah,15.947000000000001,19.1,Aa,saline,43.27055723486789,19.1,,b,-1,0.08,soma,93.67226952600001,120.67081417529812,1034.517608238108,1002.2469253353393,,121.0,1034.1404867665603,1002.6598897209404,central,5.18000000000011,success,63.8916015625,0.005,"(121, 464, 397)",121.0,464.0,397.0,121.0,,464.0,397.0
2253,realistic,3,x0y0,utah,10.031,12.3,Aa,saline,150.81447656233723,12.3,,b,-1,0.08,soma,74.76222051799998,1727.0758925673435,478.9737603221048,-753.0510122531005,,1727.0,478.99302936228844,-752.9387092561071,none,0.0,success,105.0,0.005,"(1727, 78, -35)",1727.0,78.0,-35.0,,,,
2254,realistic,3,x0y0,utah,12.467,15.1,Aa,saline,101.56658186220986,15.1,,b,-1,0.08,soma,82.548711286,-431.2063996764586,1378.8379675034448,-329.474024927702,,-431.0,1378.5009862234474,-329.66800830642154,periphery,5.160000000000107,success,22.364044189453125,0.005,"(-431, 569, -164)",-431.0,569.0,-164.0,-431.0,,569.0,-164.0
2255,realistic,3,x0y0,utah,11.945,14.5,Aa,saline,138.972270902415,14.5,,b,-1,0.08,soma,80.88017755,346.47794033096716,972.8195579509006,-856.8656545234586,,346.0,972.8188742719101,-856.7120029718601,central,5.170000000000108,success,42.791748046875,0.005,"(346, 431, -234)",346.0,431.0,-234.0,346.0,,431.0,-234.0
2256,realistic,3,x0y0,utah,13.597999999999999,16.4,Aa,saline,-15.824615301223616,16.4,,b,-1,0.08,soma,86.16386771399998,-892.3015448542122,-530.0458750500734,1171.5061544354658,,-892.0,-529.8179433628039,1171.6976285638198,none,0.0,success,105.0,0.005,"(-892, -304, 375)",-892.0,-304.0,375.0,,,,
2257,realistic,3,x0y0,utah,11.858,14.4,Aa,saline,111.70847295362292,14.4,,b,-1,0.08,soma,80.60208859400001,-167.9523087579029,1162.3757585123058,-377.9559918170152,,-168.0,1162.7872002563429,-378.2788562854604,tjn,5.145000000000104,success,24.6826171875,0.005,"(-168, 396, -73)",-168.0,396.0,-73.0,-168.0,,396.0,-73.0
2258,realistic,3,x0y0,utah,12.641,15.3,Aa,saline,-17.62045586412683,15.3,,b,-1,0.08,soma,83.104889198,-642.4195412227925,-582.5813641557842,1252.4804180732299,,-642.0,-582.1974249801174,1252.787134947307,none,0.0,success,105.0,0.005,"(-642, -332, 465)",-642.0,-332.0,465.0,,,,
2259,realistic,3,x0y0,utah,12.032,14.6,Aa,saline,26.616073417888234,14.6,,b,-1,0.08,soma,81.15826650599999,1543.8637660442175,595.1049639233161,1173.9471835071672,,1544.0,594.8594516973442,1174.0677451281822,none,0.0,success,105.0,0.005,"(1544, 225, 436)",1544.0,225.0,436.0,,,,
2260,realistic,3,x0y0,utah,12.815,15.5,Aa,saline,21.057884397902168,15.5,,b,-1,0.08,soma,83.66106711,311.69082437169203,742.3409954441178,1236.629773849917,,312.0,742.0802107063116,1236.5982539135262,central,5.200000000000113,success,80.45654296875,0.005,"(312, 445, 465)",312.0,445.0,465.0,312.0,,445.0,465.0
2261,realistic,3,x0y0,utah,9.596,11.8,Aa,saline,126.53553784391157,11.8,,b,-1,0.08,soma,73.371775738,-452.43302390696624,892.0364256620601,-729.7625438179292,,-452.0,892.2246109027417,-730.1496090484159,periphery,5.155000000000106,success,105.0,0.005,"(-452, 232, -241)",-452.0,232.0,-241.0,-452.0,,232.0,-241.0
2262,realistic,3,x0y0,utah,13.337000000000002,16.1,Aa,saline,11.694124591909366,16.1,,b,-1,0.08,soma,85.329600846,-596.1128235522633,52.88672627870392,1434.7417927613405,,-596.0,52.767655045742146,1434.4493725742018,none,0.0,success,105.0,0.005,"(-596, -115, 624)",-596.0,-115.0,624.0,,,,
2263,realistic,3,x0y0,utah,11.945,14.5,Aa,saline,81.33166399080119,14.5,,b,-1,0.08,soma,80.88017755,-2.36652559338646,1113.01765520319,125.9865250253647,,-2.0,1113.0300717629652,126.39382137839253,tjn,5.150000000000105,success,11.480712890625,0.005,"(-2, 297, 2)",-2.0,297.0,2.0,-2.0,,623.4120287051861,51.75752855135701
2264,realistic,3,x0y0,utah,12.641,15.3,Aa,saline,112.8151587746248,15.3,,b,-1,0.08,soma,83.104889198,1198.230709982572,1242.57021902241,-571.1850162254533,,1198.0,1242.9160434313585,-571.5370380154923,central,5.255000000000122,success,40.6951904296875,0.005,"(1198, 481, -251)",1198.0,481.0,-251.0,1198.0,,481.0,-251.0
2265,realistic,3,x0y0,utah,11.771,14.3,Aa,saline,55.90618641567849,14.3,,b,-1,0.08,soma,80.323999638,-1828.499498176812,1023.7711136248532,608.1520214322195,,-1828.0,1023.316652050114,608.5033008985497,periphery,5.250000000000121,success,50.927734375,0.005,"(-1828, 340, 146)",-1828.0,340.0,146.0,-1828.0,,340.0,146.0
2266,realistic,3,x0y0,utah,11.858,14.4,Aa,saline,337.6629231924765,14.4,,b,-1,0.08,soma,80.60208859400001,-388.40598109894967,-519.0008632642312,893.0686698154286,,-388.0,-518.6969269372898,893.4034659747252,none,0.0,success,105.0,0.005,"(-388, -205, 130)",-388.0,-205.0,130.0,,,,
2267,realistic,3,x0y0,utah,9.161000000000001,11.3,Aa,saline,96.84257642306083,11.3,,b,-1,0.08,soma,71.981330958,-1674.1704875579276,1300.9961280051148,-0.11749826894447325,,-1674.0,1301.1616317540993,0.22001174145107427,periphery,5.220000000000116,success,35.736083984375,0.005,"(-1674, 486, 98)",-1674.0,486.0,98.0,-1674.0,,486.0,98.0
2268,realistic,3,x0y0,utah,11.945,14.5,Aa,saline,9.891506506311586,14.5,,b,-1,0.08,soma,80.88017755,-297.9890516663721,272.5473757293885,1178.6392816264845,,-298.0,272.81060725154504,1178.1410314522527,none,0.0,success,105.0,0.005,"(-298, 131, 365)",-298.0,131.0,365.0,,,,
2269,realistic,3,x0y0,utah,12.641,15.3,Aa,saline,170.26333351531827,15.3,,b,-1,0.08,soma,83.104889198,-57.99694538430079,69.24461331839802,-1440.8046448108935,,-58.0,68.77001838169096,-1440.6500893967748,none,0.0,success,105.0,0.005,"(-58, -71, -626)",-58.0,-71.0,-626.0,,,,
2270,realistic,3,x0y0,utah,12.032,14.6,Aa,saline,85.85224630479847,14.6,,b,-1,0.08,soma,81.15826650599999,-489.9212353816591,1417.1698601107028,-94.18005087002257,,-490.0,1417.4326275065423,-94.31062866580808,periphery,5.160000000000107,success,20.34759521484375,0.005,"(-490, 594, -154)",-490.0,594.0,-154.0,-490.0,,594.0,-154.0
2271,realistic,3,x0y0,utah,12.38,15.0,Aa,saline,-17.93421120853705,15.0,,b,-1,0.08,soma,82.27062233000002,-681.9450941727845,-358.1299698839812,1331.7680083030666,,-682.0,-358.3670623077036,1331.9851350423814,none,0.0,success,105.0,0.005,"(-682, -104, 546)",-682.0,-104.0,546.0,,,,
2272,realistic,3,x0y0,utah,13.076,15.8,Aa,saline,1.2731168549285805,15.8,,b,-1,0.08,soma,84.495333978,-1205.1735588506735,62.08946734600249,1301.1633098630991,,-1205.0,62.364898207155804,1301.0822174556024,none,0.0,success,105.0,0.005,"(-1205, 44, 474)",-1205.0,44.0,474.0,,,,
2273,realistic,3,x0y0,utah,12.206000000000001,14.8,Aa,saline,80.06226880335514,14.8,,b,-1,0.08,soma,81.714444418,-1340.099708869429,1104.638187924288,193.08749673472443,,-1340.0,1104.4693638758652,193.54295655327343,periphery,5.2350000000001184,success,57.6416015625,0.005,"(-1340, 291, 51)",-1340.0,291.0,51.0,-1340.0,,291.0,51.0
2274,realistic,3,x0y0,utah,12.641,15.3,Aa,saline,-15.22260964308866,15.3,,b,-1,0.08,soma,83.104889198,-751.2096441852922,-498.3102274686312,1091.5845943507488,,-751.0,-498.05267195169745,1091.5404537935754,none,0.0,success,105.0,0.005,"(-751, -281, 294)",-751.0,-281.0,294.0,,,,
2275,realistic,3,x0y0,utah,10.031,12.3,Aa,saline,163.7721867592364,12.3,,b,-1,0.08,soma,74.76222051799998,-895.9182550693033,431.3592177537448,-1300.017803205542,,-896.0,431.8555203173905,-1299.650342070692,none,0.0,success,105.0,0.005,"(-896, 202, -510)",-896.0,202.0,-510.0,,,,
2276,realistic,3,x0y0,utah,10.814,13.2,Aa,saline,105.61937966941645,13.2,,b,-1,0.08,soma,77.26502112200002,1301.7211536222067,428.41757557638635,-93.30351463220629,,1302.0,428.24047092129933,-93.72187184302126,none,0.0,success,105.0,0.005,"(1302, -365, 128)",1302.0,-365.0,128.0,,,,
2277,realistic,3,x0y0,utah,9.335,11.5,Aa,saline,346.9414536009404,11.5,,b,-1,0.08,soma,72.53750887,-618.475100266223,-312.2323151533496,948.9013613912402,,-618.0,-312.52461162686654,948.9978936951337,none,0.0,success,105.0,0.005,"(-618, -127, 149)",-618.0,-127.0,149.0,,,,
2278,realistic,3,x0y0,utah,13.946,16.8,Aa,saline,51.80859970366816,16.8,,b,-1,0.08,soma,87.27622353800001,359.72161274063376,1256.810306480862,704.7427003990292,,360.0,1257.2266920392574,704.3469445067728,central,5.155000000000106,success,24.57275390625,0.005,"(360, 606, 192)",360.0,606.0,192.0,360.0,,606.0,192.0
2279,realistic,3,x0y0,utah,8.291,10.3,Aa,saline,87.92166093062154,10.3,,b,-1,0.08,soma,69.20044139800001,1778.8212013880084,993.5769186744568,114.25224603554622,,1779.0,994.0265005445109,114.75148801137371,none,0.0,success,105.0,0.005,"(1779, 175, 85)",1779.0,175.0,85.0,,,,
2280,realistic,3,x0y0,utah,11.423,13.9,Aa,saline,21.592941042600074,13.9,,b,-1,0.08,soma,79.211643814,1847.8308389971844,316.33603861212936,1000.0027008768508,,1848.0,316.4549424617761,999.7184932091288,none,0.0,success,105.0,0.005,"(1848, 13, 233)",1848.0,13.0,233.0,,,,
2281,realistic,3,x0y0,utah,11.51,14.0,Aa,saline,-12.151930631947167,14.0,,b,-1,0.08,soma,79.48973277,-210.63487217471908,-59.930097335865405,1254.2944880543519,,-211.0,-59.60879437404256,1254.2705813779762,none,0.0,success,105.0,0.005,"(-211, 114, 448)",-211.0,114.0,448.0,,,,
2282,realistic,3,x0y0,utah,9.596,11.8,Aa,saline,84.84003775515656,11.8,,b,-1,0.08,soma,73.371775738,832.0737689391518,1219.6725341696992,-24.06734389928124,,832.0,1219.3169757287374,-24.130438680576887,central,5.260000000000122,success,40.6951904296875,0.005,"(832, 401, -98)",832.0,401.0,-98.0,832.0,,401.0,-98.0
2283,realistic,3,x0y0,utah,13.597999999999999,16.4,Aa,saline,-11.606910859969759,16.4,,b,-1,0.08,soma,86.16386771399998,-363.1330602674989,-138.33777842727613,1410.7519039596787,,-363.0,-138.61008509202844,1411.1890624063174,none,0.0,success,105.0,0.005,"(-363, 28, 600)",-363.0,28.0,600.0,,,,
2284,realistic,3,x0y0,utah,13.25,16.0,Aa,saline,155.82732317262233,16.0,,b,-1,0.08,soma,85.05151189,108.222066947933,739.1093023925769,-1213.8290852622747,,108.0,738.8717970594776,-1213.9517471486238,periphery,5.230000000000118,success,81.77490234375,0.005,"(108, 400, -459)",108.0,400.0,-459.0,108.0,,400.0,-459.0
2285,realistic,3,x0y0,utah,12.032,14.6,Aa,saline,-20.887752505227372,14.6,,b,-1,0.08,soma,81.15826650599999,-1076.3206531659869,-355.84952900249573,1182.4635045177326,,-1076.0,-355.3189610046946,1182.338584198278,none,0.0,success,105.0,0.005,"(-1076, -61, 411)",-1076.0,-61.0,411.0,,,,
2286,realistic,3,x0y0,utah,13.511000000000001,16.3,Aa,saline,-25.742969162141552,16.3,,b,-1,0.08,soma,85.885778758,231.5250819331416,-641.2339063021427,1301.9456394200733,,232.0,-641.5755968572998,1301.8109547526035,none,0.0,success,105.0,0.005,"(232, -282, 556)",232.0,-282.0,556.0,,,,
2287,realistic,3,x0y0,utah,10.379,12.7,Aa,saline,97.08359137511464,12.7,,b,-1,0.08,soma,75.874576342,-1261.590224150869,1242.4228853202146,-201.69274024356673,,-1262.0,1242.6829647809004,-201.46816763148433,periphery,5.185000000000111,success,28.82080078125,0.005,"(-1262, 426, -100)",-1262.0,426.0,-100.0,-1262.0,,426.0,-100.0
2288,realistic,3,x0y0,utah,12.554,15.2,Aa,saline,-10.687417549188016,15.2,,b,-1,0.08,soma,82.82680024199999,1246.0519080524691,-168.35572579856125,1162.1545325726802,,1246.0,-168.29968572244553,1162.116448298907,none,0.0,success,105.0,0.005,"(1246, -15, 350)",1246.0,-15.0,350.0,,,,
2289,realistic,3,x0y0,utah,10.901,13.3,Aa,saline,164.796395003692,13.3,,b,-1,0.08,soma,77.54311007800001,1865.7539562641825,230.2632488929512,-1085.6162741060639,,1866.0,229.99290173122586,-1085.9395506126352,none,0.0,success,105.0,0.005,"(1866, 14, -291)",1866.0,14.0,-291.0,,,,
2290,realistic,3,x0y0,utah,11.075,13.5,Aa,saline,14.456870012165446,13.5,,b,-1,0.08,soma,78.09928799,-1769.998618542283,324.65964806214106,1013.181127394294,,-1770.0,324.7651961055516,1012.9272702803588,periphery,5.69500000000019,success,105.0,0.005,"(-1770, 119, 215)",-1770.0,119.0,215.0,-11497.886515217531,,119.0,215.0
2291,realistic,3,x0y0,utah,11.858,14.4,Aa,saline,132.16358886003394,14.4,,b,-1,0.08,soma,80.60208859400001,-124.6865340176604,1156.3053802891263,-869.1162025310341,,-125.0,1156.7131340329365,-868.9420609321465,periphery,5.170000000000108,success,43.890380859375,0.005,"(-125, 545, -315)",-125.0,545.0,-315.0,-125.0,,545.0,-315.0
2292,realistic,3,x0y0,utah,10.466000000000001,12.8,Aa,saline,74.7689959988112,12.8,,b,-1,0.08,soma,76.152665298,152.57684219619102,1258.4760395378214,358.0466751135473,,153.0,1258.1863533730202,358.2221525868923,tjn,5.140000000000104,success,25.8544921875,0.005,"(153, 464, 142)",153.0,464.0,142.0,153.0,,464.0,142.0
2293,realistic,3,x0y0,utah,11.597,14.1,Aa,saline,126.38179828571388,14.1,,b,-1,0.08,soma,79.76782172600001,-1004.158434918788,822.0902273956763,-663.6106836124068,,-1004.0,822.1140366358015,-663.3211359239317,none,0.0,success,105.0,0.005,"(-1004, 158, -174)",-1004.0,158.0,-174.0,,,,
2294,realistic,3,x0y0,utah,13.163,15.9,Aa,saline,335.60689967815466,15.9,,b,-1,0.08,soma,84.773422934,280.22706910611697,-392.3635243377639,662.2048337288743,,280.0,-392.71071183587105,662.501078132997,none,0.0,success,105.0,0.005,"(280, -51, -91)",280.0,-51.0,-91.0,,,,
2295,realistic,3,x0y0,utah,14.729,17.7,Aa,saline,17.477379346815546,17.7,,b,-1,0.08,soma,89.77902414200001,1765.5670075680484,255.32422230288643,1042.273655526693,,1766.0,255.21582047492137,1042.54861661332,none,0.0,success,105.0,0.005,"(1766, 6, 251)",1766.0,6.0,251.0,,,,
2296,realistic,3,x0y0,utah,16.121,19.3,Aa,saline,-19.786680767871253,19.3,,b,-1,0.08,soma,94.22844743799999,-402.05864287825625,-584.8329694049518,1070.1218270293048,,-402.0,-584.6706647288815,1070.0194845195792,none,0.0,success,105.0,0.005,"(-402, -303, 287)",-402.0,-303.0,287.0,,,,
2297,realistic,3,x0y0,utah,14.816,17.8,Aa,saline,57.42088716579792,17.8,,b,-1,0.08,soma,90.05711309799999,-1096.9159201226564,789.8636150616612,541.2447573311679,,-1097.0,789.3820617481875,540.9703777016366,none,0.0,success,105.0,0.005,"(-1097, 90, 94)",-1097.0,90.0,94.0,,,,
2298,realistic,3,x0y0,utah,10.292,12.6,Aa,saline,155.69422927663098,12.6,,b,-1,0.08,soma,75.596487386,-453.4835678504947,567.6805337596123,-1078.382236529032,,-453.0,567.663757104039,-1078.8983193018003,periphery,5.290000000000127,success,96.533203125,0.005,"(-453, 229, -329)",-453.0,229.0,-329.0,-453.0,,229.0,-329.0
2299,realistic,3,x0y0,utah,13.597999999999999,16.4,Aa,saline,152.11835088958136,16.4,,b,-1,0.08,soma,86.16386771399998,-355.87160899587155,466.4520426799122,-1364.0355666523112,,-356.0,466.2111122715333,-1363.9416213362024,none,0.0,success,105.0,0.005,"(-356, 79, -632)",-356.0,79.0,-632.0,,,,
2300,realistic,3,x0y0,utah,14.293999999999999,17.2,Aa,saline,47.49920384912709,17.2,,b,-1,0.08,soma,88.388579362,-83.78736312254429,1188.0667803147373,835.8299002547948,,-84.0,1188.3649497818014,836.2036621084837,periphery,5.155000000000106,success,35.0494384765625,0.005,"(-84, 577, 276)",-84.0,577.0,276.0,-84.0,,577.0,276.0
2301,realistic,3,x0y0,utah,11.945,14.5,Aa,saline,14.226588500738288,14.5,,b,-1,0.08,soma,80.88017755,-81.02864032176817,397.29813614331437,1200.971876830603,,-81.0,396.8931738208951,1201.0990780496077,none,0.0,success,105.0,0.005,"(-81, 194, 401)",-81.0,194.0,401.0,,,,
2302,realistic,3,x0y0,utah,11.336,13.8,Aa,saline,143.12582044960106,13.8,,b,-1,0.08,soma,78.93355485800001,1749.3000351485955,699.3186360238496,-784.3317105311072,,1749.0,699.7625131351431,-784.5734219432002,central,5.335000000000134,success,83.97216796875,0.005,"(1749, 205, -125)",1749.0,205.0,-125.0,1749.0,,205.0,-125.0
2303,realistic,3,x0y0,utah,9.596,11.8,Aa,saline,113.60101839614576,11.8,,b,-1,0.08,soma,73.371775738,713.344285865029,1106.2331149970132,-339.57592441790797,,713.0,1105.9929476431516,-340.00302950274767,central,5.240000000000119,success,50.68359375,0.005,"(713, 353, -11)",713.0,353.0,-11.0,713.0,,353.0,-11.0
2304,realistic,3,x0y0,utah,10.205,12.5,Aa,saline,-6.836608412326907,12.5,,b,-1,0.08,soma,75.31839843,-450.2595659031545,-212.44146092714885,1375.0936975709699,,-450.0,-212.89644470658502,1374.8183189005736,none,0.0,success,105.0,0.005,"(-450, -115, 558)",-450.0,-115.0,558.0,,,,
2305,realistic,3,x0y0,utah,11.248999999999999,13.7,Aa,saline,71.47146589723178,13.7,,b,-1,0.08,soma,78.655465902,-1562.1909703200886,1050.197457979355,533.4183130214278,,-1562.0,1050.6275563841386,532.9713535318278,periphery,5.305000000000129,success,89.4561767578125,0.005,"(-1562, 269, 271)",-1562.0,269.0,271.0,-1562.0,,269.0,271.0
2306,realistic,3,x0y0,utah,12.032,14.6,Aa,saline,115.86208978357321,14.6,,b,-1,0.08,soma,81.15826650599999,-942.6935603745694,1212.5518544618944,-487.51903600340347,,-943.0,1212.8561041010496,-487.11761792495867,periphery,5.200000000000113,success,26.18408203125,0.005,"(-943, 470, -127)",-943.0,470.0,-127.0,-943.0,,470.0,-127.0
2307,realistic,3,x0y0,utah,12.38,15.0,Aa,saline,50.8140932684711,15.0,,b,-1,0.08,soma,82.27062233000002,1358.2600664550455,1070.350072078772,775.5593469095784,,1358.0,1070.3374796839917,775.9522895940472,central,5.255000000000122,success,48.81591796875,0.005,"(1358, 430, 254)",1358.0,430.0,254.0,1358.0,,430.0,254.0
2308,realistic,3,x0y0,utah,13.597999999999999,16.4,Aa,saline,131.65808875736784,16.4,,b,-1,0.08,soma,86.16386771399998,-214.2402065719611,208.85116290747882,-173.5240588283555,,-214.0,208.66001278456486,-173.42606143474802,none,0.0,success,105.0,0.005,"(-214, -410, 377)",-214.0,-410.0,377.0,,,,
2309,realistic,3,x0y0,utah,13.597999999999999,16.4,Aa,saline,34.6857452532551,16.4,,b,-1,0.08,soma,86.16386771399998,-1827.3786604350366,511.7824601921111,761.9208196165573,,-1827.0,512.2614285580189,761.9317742106113,none,0.0,success,105.0,0.005,"(-1827, 41, 81)",-1827.0,41.0,81.0,,,,
2310,realistic,3,x0y0,utah,10.118,12.4,Aa,saline,76.15021634675766,12.4,,b,-1,0.08,soma,75.040309474,1105.2645472468823,1169.0325949669514,361.56675009535775,,1105.0,1168.5848182341535,361.9113250440379,central,5.255000000000122,success,45.9228515625,0.005,"(1105, 370, 165)",1105.0,370.0,165.0,1105.0,,370.0,165.0
2311,realistic,3,x0y0,utah,12.38,15.0,Aa,saline,91.45296351063844,15.0,,b,-1,0.08,soma,82.27062233000002,-596.7598727366284,1420.3212594601566,158.01119623843667,,-597.0,1419.8874705716507,158.016163096409,periphery,5.175000000000109,success,25.7568359375,0.005,"(-597, 594, 179)",-597.0,594.0,179.0,-597.0,,594.0,179.0
2312,realistic,3,x0y0,utah,11.423,13.9,Aa,saline,67.83294546031297,13.9,,b,-1,0.08,soma,79.211643814,-383.99478038025865,1310.906466944286,523.2950323767236,,-384.0,1310.667451668073,523.1237766055112,periphery,5.160000000000107,success,30.615234375,0.005,"(-384, 547, 212)",-384.0,547.0,212.0,-384.0,,547.0,212.0
2313,realistic,3,x0y0,utah,11.075,13.5,Aa,saline,162.9872414658897,13.5,,b,-1,0.08,soma,78.09928799,-73.65250807333013,579.2255679126306,-1336.1930523629599,,-74.0,579.1169258329371,-1335.9562695880193,none,0.0,success,105.0,0.005,"(-74, 338, -548)",-74.0,338.0,-548.0,,,,
2314,realistic,3,x0y0,utah,12.206000000000001,14.8,Aa,saline,110.07084408400783,14.8,,b,-1,0.08,soma,81.714444418,-316.48613646078115,1343.7383031913378,-375.2471868074681,,-316.0,1343.727688820914,-375.43419866212884,periphery,5.135000000000103,success,13.409423828125,0.005,"(-316, 568, -92)",-316.0,568.0,-92.0,-316.0,,568.0,-92.0
2315,realistic,3,x0y0,utah,11.858,14.4,Aa,saline,186.72402415617404,14.4,,b,-1,0.08,soma,80.60208859400001,1929.1162893359347,-262.55661423781794,-1161.5979747641265,,1929.0,-262.6427522871787,-1161.6064670913509,none,0.0,success,105.0,0.005,"(1929, -166, -342)",1929.0,-166.0,-342.0,,,,
2316,realistic,3,x0y0,utah,11.51,14.0,Aa,saline,175.16372510865205,14.0,,b,-1,0.08,soma,79.48973277,-1333.3083983916201,24.024540559920748,-1148.3946036384575,,-1333.0,23.52599223625552,-1148.7757848660142,none,0.0,success,105.0,0.005,"(-1333, -46, -327)",-1333.0,-46.0,-327.0,,,,
2317,realistic,3,x0y0,utah,12.467,15.1,Aa,saline,135.2919952136037,15.1,,b,-1,0.08,soma,82.548711286,1167.6785247941498,633.5437059329206,-748.292508763037,,1168.0,633.2840091948506,-748.2331845554802,none,0.0,success,105.0,0.005,"(1168, 52, -161)",1168.0,52.0,-161.0,,,,
2318,realistic,3,x0y0,utah,12.554,15.2,Aa,saline,330.96301552076403,15.2,,b,-1,0.08,soma,82.82680024199999,-1548.141854726716,-30.878950362712203,53.96033792766957,,-1548.0,-31.141064418733492,53.53323572579052,none,0.0,success,105.0,0.005,"(-1548, 370, -669)",-1548.0,370.0,-669.0,,,,
2319,realistic,3,x0y0,utah,15.424999999999999,18.5,Aa,saline,199.5479159520972,18.5,,b,-1,0.08,soma,92.00373579,-188.11934754313262,-611.2480680040908,-1102.140795886742,,-188.0,-611.053224997667,-1102.1361603042483,none,0.0,success,105.0,0.005,"(-188, -333, -319)",-188.0,-333.0,-319.0,,,,
2320,realistic,3,x0y0,utah,11.423,13.9,Aa,saline,-0.8745114016218716,13.9,,b,-1,0.08,soma,79.211643814,-1603.382314781687,-23.526670656711758,1119.1272457459472,,-1603.0,-23.616469075177104,1119.5233613248097,none,0.0,success,105.0,0.005,"(-1603, -11, 295)",-1603.0,-11.0,295.0,,,,
2321,realistic,3,x0y0,utah,15.424999999999999,18.5,Aa,saline,58.99238850279573,18.5,,b,-1,0.08,soma,92.00373579,-1833.2165811721286,679.9010773730797,546.0493499083958,,-1833.0,680.2517009728047,546.132162339504,none,0.0,success,105.0,0.005,"(-1833, -32, 118)",-1833.0,-32.0,118.0,,,,
2322,realistic,3,x0y0,utah,10.814,13.2,Aa,saline,-12.954330947972386,13.2,,b,-1,0.08,soma,77.26502112200002,-107.61118304286501,-268.7806366566365,1419.933990770909,,-108.0,-268.6584088677763,1419.6298815416949,none,0.0,success,105.0,0.005,"(-108, -84, 617)",-108.0,-84.0,617.0,,,,
2323,realistic,3,x0y0,utah,13.163,15.9,Aa,saline,166.68328904908026,15.9,,b,-1,0.08,soma,84.773422934,517.1346042811431,287.33192796635063,-1372.034681768922,,517.0,287.5471596508502,-1372.1300089285378,none,0.0,success,105.0,0.005,"(517, 97, -567)",517.0,97.0,-567.0,,,,
2324,realistic,3,x0y0,utah,9.683,11.9,Aa,saline,188.18142691048905,11.9,,b,-1,0.08,soma,73.649864694,-1900.2392912175146,-164.71589136164175,-1021.9240517601552,,-1900.0,-164.94568787297817,-1021.4423180370609,none,0.0,success,105.0,0.005,"(-1900, -48, -208)",-1900.0,-48.0,-208.0,,,,
2325,realistic,3,x0y0,utah,11.075,13.5,Aa,saline,79.39362641775381,13.5,,b,-1,0.08,soma,78.09928799,1871.6621282834005,1134.139757299043,191.95532272063926,,1872.0,1133.9583950826857,191.70753945947956,central,5.275000000000125,success,50.68359375,0.005,"(1872, 324, 40)",1872.0,324.0,40.0,1872.0,,324.0,40.0
2326,realistic,3,x0y0,utah,10.553,12.9,Aa,saline,184.81154702469783,12.9,,b,-1,0.08,soma,76.430754254,-1863.346040209263,-111.98656674320046,-725.0490058515035,,-1863.0,-112.06777014095532,-725.3341233070557,none,0.0,success,105.0,0.005,"(-1863, -43, 95)",-1863.0,-43.0,95.0,,,,
2327,realistic,3,x0y0,utah,11.945,14.5,Aa,saline,197.29367931489068,14.5,,b,-1,0.08,soma,80.88017755,-1888.3548542030414,-357.8672927526013,-1042.8924743294867,,-1888.0,-357.40333839280754,-1043.1301967623701,none,0.0,success,105.0,0.005,"(-1888, -112, -255)",-1888.0,-112.0,-255.0,,,,
2328,realistic,3,x0y0,utah,11.945,14.5,Aa,saline,208.4690628059276,14.5,,b,-1,0.08,soma,80.88017755,770.6800891172226,-688.1804816238646,-1201.8101251544108,,771.0,-688.4872903190426,-1201.6443820421027,none,0.0,success,105.0,0.005,"(771, -295, -476)",771.0,-295.0,-476.0,,,,
2329,realistic,3,x0y0,utah,12.815,15.5,Aa,saline,184.5772915543152,15.5,,b,-1,0.08,soma,83.66106711,382.3492894459546,-24.955784493699866,-808.6388465998883,,382.0,-24.98107657768901,-808.1846758476242,none,0.0,success,105.0,0.005,"(382, 41, 16)",382.0,41.0,16.0,,,,
2330,realistic,3,x0y0,utah,11.597,14.1,Aa,saline,158.39981621410058,14.1,,b,-1,0.08,soma,79.76782172600001,-715.594000644931,562.4158220494555,-1308.8573006447996,,-716.0,562.6397675886703,-1308.9770603204174,none,0.0,success,105.0,0.005,"(-716, 259, -542)",-716.0,259.0,-542.0,,,,
2331,realistic,3,x0y0,utah,11.771,14.3,Aa,saline,-22.086998008191838,14.3,,b,-1,0.08,soma,80.323999638,402.99830085680435,-641.8019051793831,1190.0608456689051,,403.0,-642.2609119319441,1189.5951090322856,none,0.0,success,105.0,0.005,"(403, -332, 425)",403.0,-332.0,425.0,,,,
2332,realistic,3,x0y0,utah,10.205,12.5,Aa,saline,352.2121975628968,12.5,,b,-1,0.08,soma,75.31839843,942.8269275047467,-66.61044513609022,708.6789200699809,,943.0,-66.47032149363253,709.0907345822221,none,0.0,success,105.0,0.005,"(943, 45, -106)",943.0,45.0,-106.0,,,,
2333,realistic,3,x0y0,utah,12.641,15.3,Aa,saline,63.84058055711335,15.3,,b,-1,0.08,soma,83.104889198,-1239.6104699026105,1255.9176002372044,525.8223277014158,,-1240.0,1255.9134742720626,525.4269728236993,periphery,5.18000000000011,success,24.13330078125,0.005,"(-1240, 514, 161)",-1240.0,514.0,161.0,-1240.0,,514.0,161.0
2334,realistic,3,x0y0,utah,14.381,17.3,Aa,saline,40.88436658273862,17.3,,b,-1,0.08,soma,88.66666831799999,1904.381448227903,773.2928044245357,908.0309258907636,,1904.0,772.7986672070657,907.9760006242042,central,5.330000000000133,success,83.4228515625,0.005,"(1904, 230, 281)",1904.0,230.0,281.0,1904.0,,230.0,281.0
2335,realistic,3,x0y0,utah,10.64,13.0,Aa,saline,71.82736743578651,13.0,,b,-1,0.08,soma,76.70884321,-19.47180454163133,1395.6946907922886,432.94704269757483,,-19.0,1395.2690359669107,432.80424409859955,periphery,5.130000000000102,success,19.6380615234375,0.005,"(-19, 613, 176)",-19.0,613.0,176.0,-19.0,,613.0,176.0
2336,realistic,3,x0y0,utah,11.858,14.4,Aa,saline,108.72521510625963,14.4,,b,-1,0.08,soma,80.60208859400001,1655.8223562380474,394.68161354605485,-157.49712927761718,,1656.0,394.6426190536889,-157.92163521933708,none,0.0,success,105.0,0.005,"(1656, -387, 107)",1656.0,-387.0,107.0,,,,
2337,realistic,3,x0y0,utah,11.51,14.0,Aa,saline,148.62751293482088,14.0,,b,-1,0.08,soma,79.48973277,-724.6294807871069,620.0835350017493,-889.070434185051,,-725.0,620.362177440031,-889.1671669195132,periphery,5.295000000000128,success,93.603515625,0.005,"(-725, 191, -185)",-725.0,191.0,-185.0,-725.0,,191.0,-185.0
2338,realistic,3,x0y0,utah,10.64,13.0,Aa,saline,-4.810649523458376,13.0,,b,-1,0.08,soma,76.70884321,823.6701138269988,-311.4797888437488,1198.4330292221648,,824.0,-311.07943597265955,1198.4726811293826,none,0.0,success,105.0,0.005,"(824, -242, 378)",824.0,-242.0,378.0,,,,
2339,realistic,3,x0y0,utah,12.988999999999999,15.7,Aa,saline,141.29426552659936,15.7,,b,-1,0.08,soma,84.217245022,825.4162864171246,549.3503815848027,-841.1933006494603,,825.0,549.1910216561284,-841.4755690075846,none,0.0,success,105.0,0.005,"(825, 32, -196)",825.0,32.0,-196.0,,,,
2340,realistic,3,x0y0,utah,12.728,15.4,Aa,saline,195.0425880088073,15.4,,b,-1,0.08,soma,83.382978154,-420.9885394788642,-422.3097837171282,-1384.6807511284867,,-421.0,-422.5264414154816,-1384.3359710016591,none,0.0,success,105.0,0.005,"(-421, -208, -586)",-421.0,-208.0,-586.0,,,,
2341,realistic,3,x0y0,utah,11.161999999999999,13.6,Aa,saline,194.7444266244441,13.6,,b,-1,0.08,soma,78.377376946,968.9673715320596,-190.11937670691398,-1220.9756218597256,,969.0,-189.75602121637857,-1221.0728806222387,none,0.0,success,105.0,0.005,"(969, 20, -424)",969.0,20.0,-424.0,,,,
2342,realistic,3,x0y0,utah,12.119,14.7,Aa,saline,291.46998247440536,14.7,,b,-1,0.08,soma,81.436355462,1232.9623840364175,-36.612140067768905,13.009142806359707,,1233.0,-36.41333619646878,13.212853049546084,central,5.260000000000122,success,52.3681640625,0.005,"(1233, 732, -289)",1233.0,732.0,-289.0,1233.0,,732.0,-289.0
2343,realistic,3,x0y0,utah,12.641,15.3,Aa,saline,-22.681893549514168,15.3,,b,-1,0.08,soma,83.104889198,-1140.1244526743146,-557.7841350309504,996.1798122357576,,-1140.0,-557.7186226373744,996.6599406314975,none,0.0,success,105.0,0.005,"(-1140, -239, 234)",-1140.0,-239.0,234.0,,,,
2344,realistic,3,x0y0,utah,13.076,15.8,Aa,saline,106.4427215121544,15.8,,b,-1,0.08,soma,84.495333978,1739.595340511101,434.95101366928117,-146.8531630741645,,1740.0,435.41323740915004,-147.19381452458597,none,0.0,success,105.0,0.005,"(1740, -358, 87)",1740.0,-358.0,87.0,,,,
2345,realistic,3,x0y0,utah,12.902,15.6,Aa,saline,121.08375341979092,15.6,,b,-1,0.08,soma,83.93915606600001,-406.8970339639901,1128.1793678338565,-901.2757276528647,,-407.0,1128.2167466274614,-900.964393138438,periphery,5.270000000000124,success,96.533203125,0.005,"(-407, 420, -474)",-407.0,420.0,-474.0,-407.0,,420.0,-474.0
2346,realistic,3,x0y0,utah,14.381,17.3,Aa,saline,146.293348034751,17.3,,b,-1,0.08,soma,88.66666831799999,319.5235840791844,631.0013750788285,-1134.4999598474813,,320.0,631.1970671248292,-1134.9224006868722,none,0.0,success,105.0,0.005,"(320, 171, -445)",320.0,171.0,-445.0,,,,
2347,realistic,3,x0y0,utah,11.423,13.9,Aa,saline,159.73134752889789,13.9,,b,-1,0.08,soma,79.211643814,-839.2980291362338,547.4950627101707,-1156.8897227597106,,-839.0,547.6434567085848,-1156.5627215309569,periphery,5.300000000000129,success,98.73046875,0.005,"(-839, 262, -383)",-839.0,262.0,-383.0,-839.0,,262.0,-383.0
2348,realistic,3,x0y0,utah,10.379,12.7,Aa,saline,145.26787640131772,12.7,,b,-1,0.08,soma,75.874576342,-987.0197794617442,747.612619584449,-944.7306522095096,,-987.0,747.8273730710189,-944.2898634189279,periphery,5.265000000000123,success,79.541015625,0.005,"(-987, 279, -268)",-987.0,279.0,-268.0,-987.0,,279.0,-268.0
2349,realistic,3,x0y0,utah,12.641,15.3,Aa,saline,17.928314257408505,15.3,,b,-1,0.08,soma,83.104889198,25.60693480777987,518.1449400987767,1357.710179844178,,26.0,518.4128424475723,1357.3819957914889,none,0.0,success,105.0,0.005,"(26, 264, 571)",26.0,264.0,571.0,,,,
2350,realistic,3,x0y0,utah,12.38,15.0,Aa,saline,29.114618500259752,15.0,,b,-1,0.08,soma,82.27062233000002,-1208.2164281682892,517.6374555373321,1050.0199834052232,,-1208.0,517.9974424128891,1049.7118078337444,none,0.0,success,105.0,0.005,"(-1208, 116, 328)",-1208.0,116.0,328.0,,,,
2351,realistic,3,x0y0,utah,14.642000000000001,17.6,Aa,saline,59.8377772689069,17.6,,b,-1,0.08,soma,89.500935186,1997.8078664978248,722.4052557673085,579.6548992720467,,1998.0,722.402254280908,579.8666349187233,none,0.0,success,105.0,0.005,"(1998, 5, 163)",1998.0,5.0,163.0,,,,
2352,realistic,3,x0y0,utah,12.902,15.6,Aa,saline,-9.576037787205216,15.6,,b,-1,0.08,soma,83.93915606600001,653.3149097634788,-222.27601759458733,1407.1318532489165,,653.0,-222.60773778469124,1407.4747008983416,none,0.0,success,105.0,0.005,"(653, -85, 592)",653.0,-85.0,592.0,,,,
2353,realistic,3,x0y0,utah,9.77,12.0,Aa,saline,113.7242570499152,12.0,,b,-1,0.08,soma,73.92795365,648.8692604258999,1260.1780244652082,-594.9865437723138,,649.0,1260.5080207832877,-594.6761078766976,central,5.2350000000001184,success,48.81591796875,0.005,"(649, 508, -264)",649.0,508.0,-264.0,649.0,,508.0,-264.0
2354,realistic,3,x0y0,utah,9.161000000000001,11.3,Aa,saline,199.67018953487133,11.3,,b,-1,0.08,soma,71.981330958,269.06010031842186,-681.563197123166,-1201.3181014690847,,269.0,-681.3454580002315,-1201.0448106150266,none,0.0,success,105.0,0.005,"(269, -405, -428)",269.0,-405.0,-428.0,,,,
2355,realistic,3,x0y0,utah,10.379,12.7,Aa,saline,29.250172529358593,12.7,,b,-1,0.08,soma,75.874576342,1935.2630662035763,697.8497387869803,993.5885303156799,,1935.0,698.0871590003508,994.0127839291977,central,5.330000000000133,success,77.5634765625,0.005,"(1935, 296, 276)",1935.0,296.0,276.0,1935.0,,296.0,276.0
2356,realistic,3,x0y0,utah,10.466000000000001,12.8,Aa,saline,152.97881700355163,12.8,,b,-1,0.08,soma,76.152665298,-1990.6018161806567,390.7532077427918,-958.0190375883657,,-1991.0,390.92357792244076,-958.1963971237294,none,0.0,success,105.0,0.005,"(-1991, 17, -225)",-1991.0,17.0,-225.0,,,,
2357,realistic,3,x0y0,utah,11.075,13.5,Aa,saline,25.631572207975875,13.5,,b,-1,0.08,soma,78.09928799,1124.4256288452968,690.6498283769479,1172.3547841031525,,1124.0,690.483875992237,1171.9631590258923,central,5.305000000000129,success,97.6318359375,0.005,"(1124, 334, 429)",1124.0,334.0,429.0,1124.0,,334.0,429.0
2358,realistic,3,x0y0,utah,12.032,14.6,Aa,saline,61.77523639773512,14.6,,b,-1,0.08,soma,81.15826650599999,-970.6535854710684,1108.7229506361894,398.5697518661873,,-971.0,1108.4177743092187,398.4163721153438,periphery,5.215000000000115,success,33.978271484375,0.005,"(-971, 381, 8)",-971.0,381.0,8.0,-971.0,,381.0,8.0
2359,realistic,3,x0y0,utah,11.248999999999999,13.7,Aa,saline,148.83821210378738,13.7,,b,-1,0.08,soma,78.655465902,-682.2675734238785,870.9926921930362,-1100.6589672853895,,-682.0,870.5896018021426,-1100.377241086171,periphery,5.250000000000121,success,73.81591796875,0.005,"(-682, 444, -395)",-682.0,444.0,-395.0,-682.0,,444.0,-395.0
2360,realistic,3,x0y0,utah,12.467,15.1,Aa,saline,135.41872623650505,15.1,,b,-1,0.08,soma,82.548711286,1949.366011995274,523.2400603607775,-606.3161964646879,,1949.0,522.9619702258218,-606.5552235245091,none,0.0,success,105.0,0.005,"(1949, -57, -18)",1949.0,-57.0,-18.0,,,,
2361,realistic,3,x0y0,utah,12.032,14.6,Aa,saline,3.2972955143995994,14.6,,b,-1,0.08,soma,81.15826650599999,450.1622486306082,184.40415179241157,1274.136716335789,,450.0,184.4708001620475,1274.1756487264702,none,0.0,success,105.0,0.005,"(450, 137, 450)",450.0,137.0,450.0,,,,
2362,realistic,3,x0y0,utah,12.815,15.5,Aa,saline,44.63770481458148,15.5,,b,-1,0.08,soma,83.66106711,220.9085319124456,606.7043407641631,796.4512043450786,,221.0,606.9311328757432,796.3726076777382,none,0.0,success,105.0,0.005,"(221, 26, 208)",221.0,26.0,208.0,,,,
2363,realistic,3,x0y0,utah,11.945,14.5,Aa,saline,39.265165774106,14.5,,b,-1,0.08,soma,80.88017755,-412.2956263274034,897.313860036772,1012.9533919551308,,-412.0,897.4210321856976,1013.0557167296051,periphery,5.2350000000001184,success,75.29296875,0.005,"(-412, 375, 374)",-412.0,375.0,374.0,-412.0,,375.0,374.0
2364,realistic,3,x0y0,utah,11.336,13.8,Aa,saline,196.24881698162585,13.8,,b,-1,0.08,soma,78.93355485800001,93.91069095378457,-627.3335871996605,-1302.3191121656262,,94.0,-627.6858043246343,-1302.570553009583,none,0.0,success,105.0,0.005,"(94, -397, -511)",94.0,-397.0,-511.0,,,,
2365,realistic,3,x0y0,utah,8.987,11.1,Aa,saline,-33.97555903718077,11.1,,b,-1,0.08,soma,71.42515304599999,939.1085654040759,-604.6964227214535,1256.9409415070775,,939.0,-604.6141877610526,1256.616939710524,none,0.0,success,105.0,0.005,"(939, -146, 576)",939.0,-146.0,576.0,,,,
2366,realistic,3,x0y0,utah,12.38,15.0,Aa,saline,158.47742459707422,15.0,,b,-1,0.08,soma,82.27062233000002,1372.5356059440269,390.8117850905032,-1155.2052073656391,,1373.0,391.1090456664386,-1155.5536799767997,none,0.0,success,105.0,0.005,"(1373, 88, -387)",1373.0,88.0,-387.0,,,,
2367,realistic,3,x0y0,utah,14.12,17.0,Aa,saline,65.34187440677772,17.0,,b,-1,0.08,soma,87.83240144999998,-770.8999137581227,1265.9187586096032,592.5913181308715,,-771.0,1266.3190432188803,592.8238389424702,periphery,5.215000000000115,success,40.887451171875,0.005,"(-771, 513, 247)",-771.0,513.0,247.0,-771.0,,513.0,247.0
2368,realistic,3,x0y0,utah,11.945,14.5,Aa,saline,65.53801719482564,14.5,,b,-1,0.08,soma,80.88017755,271.1353911712817,1280.4655330701446,599.5934745967387,,271.0,1280.3155688030051,599.8147407617275,central,5.160000000000107,success,37.255859375,0.005,"(271, 529, 258)",271.0,529.0,258.0,271.0,,529.0,258.0
2369,realistic,3,x0y0,utah,12.554,15.2,Aa,saline,-17.404449088890413,15.2,,b,-1,0.08,soma,82.82680024199999,92.12643894277716,-625.4340353857277,1243.007475608214,,92.0,-625.1802479761911,1242.5636663954583,none,0.0,success,105.0,0.005,"(92, -378, 454)",92.0,-378.0,454.0,,,,
2370,realistic,3,x0y0,utah,13.597999999999999,16.4,Aa,saline,351.4960951533457,16.4,,b,-1,0.08,soma,86.16386771399998,653.4511216186121,-44.680194646767646,169.56974935478684,,653.0,-44.47331801745034,169.97303258457316,none,0.0,success,105.0,0.005,"(653, 78, -649)",653.0,78.0,-649.0,,,,
2371,realistic,3,x0y0,utah,12.206000000000001,14.8,Aa,saline,-24.046844139754853,14.8,,b,-1,0.08,soma,81.714444418,-652.7532588258775,-609.5922010306895,1105.4705615535213,,-653.0,-609.5368180501675,1105.172815321259,none,0.0,success,105.0,0.005,"(-653, -273, 351)",-653.0,-273.0,351.0,,,,
2372,realistic,3,x0y0,utah,11.423,13.9,Aa,saline,208.44410779846456,13.9,,b,-1,0.08,soma,79.211643814,-698.8104482173222,-641.8600508085383,-1117.9467945014883,,-699.0,-641.7597529743043,-1118.0758992028254,none,0.0,success,105.0,0.005,"(-699, -249, -393)",-699.0,-249.0,-393.0,,,,
2373,realistic,3,x0y0,utah,11.423,13.9,Aa,saline,71.58310006471942,13.9,,b,-1,0.08,soma,79.211643814,571.5007374533965,1293.516151423319,395.6700164311114,,572.0,1293.386003825362,395.4929791404214,central,5.190000000000111,success,25.8544921875,0.005,"(572, 511, 135)",572.0,511.0,135.0,572.0,,511.0,135.0
2374,realistic,3,x0y0,utah,11.075,13.5,Aa,saline,215.89707205282588,13.5,,b,-1,0.08,soma,78.09928799,-887.5884233901469,-93.58762020664652,-97.31233931570705,,-888.0,-93.14030627426865,-97.56261660034977,none,0.0,success,105.0,0.005,"(-888, 390, 570)",-888.0,390.0,570.0,,,,
2375,realistic,3,x0y0,utah,12.119,14.7,Aa,saline,91.71230007364115,14.7,,b,-1,0.08,soma,81.436355462,-1707.9105026741306,1264.1948877301077,-64.5089512523059,,-1708.0,1264.3878904599078,-64.68897351415691,periphery,5.2350000000001184,success,35.0494384765625,0.005,"(-1708, 439, -40)",-1708.0,439.0,-40.0,-1708.0,,439.0,-40.0
2376,realistic,3,x0y0,utah,13.946,16.8,Aa,saline,1.7671320036872151,16.8,,b,-1,0.08,soma,87.27622353800001,-1134.5899251706205,-50.25153131082652,1210.120709795754,,-1135.0,-50.47794615751479,1210.223792713116,none,0.0,success,105.0,0.005,"(-1135, -76, 382)",-1135.0,-76.0,382.0,,,,
2377,realistic,3,x0y0,utah,13.25,16.0,Aa,saline,60.19365271120239,16.0,,b,-1,0.08,soma,85.05151189,1497.3848886784876,1124.760694497274,548.3043903455491,,1497.0,1125.0440984334768,548.3630532802597,central,5.2350000000001184,success,39.95361328125,0.005,"(1497, 407, 137)",1497.0,407.0,137.0,1497.0,,407.0,137.0
2378,realistic,3,x0y0,utah,10.118,12.4,Aa,saline,50.889483011469174,12.4,,b,-1,0.08,soma,75.040309474,-50.59726265643549,1111.371962652291,929.2322610623546,,-51.0,1111.1933880604383,928.8457136080998,periphery,5.185000000000111,success,70.59326171875,0.005,"(-51, 473, 410)",-51.0,473.0,410.0,-51.0,,473.0,410.0
2379,realistic,3,x0y0,utah,11.423,13.9,Aa,saline,67.8104555757069,13.9,,b,-1,0.08,soma,79.211643814,-938.4590063581088,1262.9675866800162,415.39247180334905,,-938.0,1262.5025305036916,415.453618934274,periphery,5.18000000000011,success,20.64971923828125,0.005,"(-938, 499, 104)",-938.0,499.0,104.0,-938.0,,499.0,104.0
2380,realistic,3,x0y0,utah,13.163,15.9,Aa,saline,194.65307222481601,15.9,,b,-1,0.08,soma,84.773422934,653.2832354863402,-412.89911449305777,-1260.4796846976885,,653.0,-413.32883800115104,-1260.4966433443228,none,0.0,success,105.0,0.005,"(653, -204, -460)",653.0,-204.0,-460.0,,,,
2381,realistic,3,x0y0,utah,11.161999999999999,13.6,Aa,saline,124.00027935863196,13.6,,b,-1,0.08,soma,78.377376946,641.4585446930281,747.6837024175966,-424.37722881587797,,641.0,747.2524227441172,-423.8863145941018,none,0.0,success,105.0,0.005,"(641, 64, 37)",641.0,64.0,37.0,,,,
2382,realistic,3,x0y0,utah,11.336,13.8,Aa,saline,153.88380000725618,13.8,,b,-1,0.08,soma,78.93355485800001,634.2405542676938,591.4754852589949,-1310.2543626305335,,634.0,591.9302754242459,-1310.2887194534992,none,0.0,success,105.0,0.005,"(634, 229, -570)",634.0,229.0,-570.0,,,,
2383,realistic,3,x0y0,utah,11.684,14.2,Aa,saline,93.77708649300062,14.2,,b,-1,0.08,soma,80.045910682,-1795.281664069359,1002.5433465373208,-15.742869501229961,,-1795.0,1002.20790483925,-15.369012756971912,periphery,5.300000000000129,success,86.46240234375,0.005,"(-1795, 179, 39)",-1795.0,179.0,39.0,-1795.0,,179.0,39.0
2384,realistic,3,x0y0,utah,11.945,14.5,Aa,saline,129.45433598719458,14.5,,b,-1,0.08,soma,80.88017755,-253.70608884402543,1146.4271586892246,-889.8039515124158,,-254.0,1146.3222925431776,-889.5671764165126,periphery,5.175000000000109,success,57.6416015625,0.005,"(-254, 509, -365)",-254.0,509.0,-365.0,-254.0,,509.0,-365.0
2385,realistic,3,x0y0,utah,10.118,12.4,Aa,saline,11.451296359387493,12.4,,b,-1,0.08,soma,75.040309474,974.250863582201,242.14834845356518,1338.7733753000364,,974.0,242.27025071529454,1339.152003657734,none,0.0,success,105.0,0.005,"(974, 79, 533)",974.0,79.0,533.0,,,,
2386,realistic,3,x0y0,utah,12.641,15.3,Aa,saline,-21.00200760415029,15.3,,b,-1,0.08,soma,83.104889198,-1283.312425057155,-647.7314334814073,1191.4159700037344,,-1283.0,-647.2363961442817,1191.6693622776265,none,0.0,success,105.0,0.005,"(-1283, -351, 420)",-1283.0,-351.0,420.0,,,,
2387,realistic,3,x0y0,utah,10.553,12.9,Aa,saline,79.99605144746637,12.9,,b,-1,0.08,soma,76.430754254,-1518.3192822050812,1237.942531657378,430.3616663593712,,-1518.0,1237.7025033946697,429.99251100695994,periphery,5.230000000000118,success,63.525390625,0.005,"(-1518, 427, 287)",-1518.0,427.0,287.0,-1518.0,,427.0,287.0
2388,realistic,3,x0y0,utah,13.511000000000001,16.3,Aa,saline,45.90108454703051,16.3,,b,-1,0.08,soma,85.885778758,1957.3797603285584,698.6281147425157,854.4424394737616,,1957.0,698.54578886306,854.1654567188463,none,0.0,success,105.0,0.005,"(1957, 104, 278)",1957.0,104.0,278.0,,,,
2389,realistic,3,x0y0,utah,8.987,11.1,Aa,saline,122.27298432822205,11.1,,b,-1,0.08,soma,71.42515304599999,-112.3771781277476,1037.0362841885972,-703.6016058348662,,-112.0,1036.9124834501968,-703.2605158632822,tjn,5.175000000000109,success,67.041015625,0.005,"(-112, 343, -265)",-112.0,343.0,-265.0,-112.0,,343.0,-265.0
2390,realistic,3,x0y0,utah,11.945,14.5,Aa,saline,12.627944001120198,14.5,,b,-1,0.08,soma,80.88017755,-1787.143936820018,119.60278977481676,930.9677661283048,,-1787.0,119.44120340621504,930.4644386266451,none,0.0,success,105.0,0.005,"(-1787, -61, 125)",-1787.0,-61.0,125.0,,,,
2391,realistic,3,x0y0,utah,13.511000000000001,16.3,Aa,saline,-17.386954904905895,16.3,,b,-1,0.08,soma,85.885778758,-1813.878169440441,-483.60370305458395,1085.379407453261,,-1814.0,-483.38933534644525,1085.10589933438,none,0.0,success,105.0,0.005,"(-1814, -236, 295)",-1814.0,-236.0,295.0,,,,
2392,realistic,3,x0y0,utah,16.208,19.4,Aa,saline,104.30792315383007,19.4,,b,-1,0.08,soma,94.506536394,-166.40780114122092,330.0413068111484,-83.67774959097096,,-166.0,330.4534168828932,-83.64978257147874,tjn,5.525000000000164,success,94.04296875,0.005,"(-166, -476, 122)",-166.0,-476.0,122.0,-166.0,,-476.0,122.0
2393,realistic,3,x0y0,utah,14.381,17.3,Aa,saline,126.16863985688104,17.3,,b,-1,0.08,soma,88.66666831799999,-1982.331152297392,609.1996063699867,-598.3146459614154,,-1982.0,609.520800666561,-598.472533820642,none,0.0,success,105.0,0.005,"(-1982, -60, -109)",-1982.0,-60.0,-109.0,,,,
2394,realistic,3,x0y0,utah,12.988999999999999,15.7,Aa,saline,-24.74773886516833,15.7,,b,-1,0.08,soma,84.217245022,1989.1396403191807,-423.2873034201612,949.676536130274,,1989.0,-423.22766938310474,950.1800509644904,none,0.0,success,105.0,0.005,"(1989, -77, 199)",1989.0,-77.0,199.0,,,,
2395,realistic,3,x0y0,utah,10.64,13.0,Aa,saline,205.17519943205542,13.0,,b,-1,0.08,soma,76.70884321,-908.2537570539176,-660.5733453156031,-1153.5894779632395,,-908.0,-660.2549709507671,-1153.135751552525,none,0.0,success,105.0,0.005,"(-908, -310, -408)",-908.0,-310.0,-408.0,,,,
2396,realistic,3,x0y0,utah,13.597999999999999,16.4,Aa,saline,48.82431969196293,16.4,,b,-1,0.08,soma,86.16386771399998,9.26486197964449,360.49963336853403,321.91684966585626,,9.0,360.29727161416406,322.20914525144894,none,0.0,success,105.0,0.005,"(9, -263, -223)",9.0,-263.0,-223.0,,,,
2397,realistic,3,x0y0,utah,11.51,14.0,Aa,saline,113.37088405724701,14.0,,b,-1,0.08,soma,79.48973277,1561.7663666565882,548.1053307489883,-238.49527462162723,,1562.0,548.1157873414303,-238.17628849492962,none,0.0,success,105.0,0.005,"(1562, -209, 89)",1562.0,-209.0,89.0,,,,
2398,realistic,3,x0y0,utah,12.554,15.2,Aa,saline,-26.35236476261576,15.2,,b,-1,0.08,soma,82.82680024199999,-17.65727955720231,-697.2591793221095,1223.2995103979356,,-18.0,-696.844908313712,1223.5490478484285,none,0.0,success,105.0,0.005,"(-18, -330, 483)",-18.0,-330.0,483.0,,,,
2399,realistic,3,x0y0,utah,10.988,13.4,Aa,saline,82.62375895215597,13.4,,b,-1,0.08,soma,77.821199034,-340.79716452939584,1414.1803734061925,334.4963640440678,,-341.0,1414.072141541009,334.79012097798284,periphery,5.160000000000107,success,31.94580078125,0.005,"(-341, 597, 229)",-341.0,597.0,229.0,-341.0,,597.0,229.0
2400,realistic,3,x0y0,utah,12.032,14.6,Aa,saline,117.18481036820091,14.6,,b,-1,0.08,soma,81.15826650599999,-1082.784702429898,913.349289151065,-541.0443141629817,,-1083.0,913.3526390285436,-541.2071059832958,none,0.0,success,105.0,0.005,"(-1083, 179, -164)",-1083.0,179.0,-164.0,,,,
2401,realistic,3,x0y0,utah,12.902,15.6,Aa,saline,31.5830042843803,15.6,,b,-1,0.08,soma,83.93915606600001,25.17177884096311,940.2939850236313,1100.3084792630307,,25.0,940.0839680158823,1100.495383526313,periphery,5.18000000000011,success,59.637451171875,0.005,"(25, 507, 396)",25.0,507.0,396.0,25.0,,507.0,396.0
2402,realistic,3,x0y0,utah,9.335,11.5,Aa,saline,116.74334456278156,11.5,,b,-1,0.08,soma,72.53750887,-742.2670004368795,1028.201204448571,-454.9533353934794,,-742.0,1028.3929977104553,-454.5709394957501,periphery,5.270000000000124,success,68.39599609375,0.005,"(-742, 295, -85)",-742.0,295.0,-85.0,-742.0,,295.0,-85.0
2403,realistic,3,x0y0,utah,9.074,11.2,Aa,saline,82.44904356121963,11.2,,b,-1,0.08,soma,71.703242002,73.6450597792786,1267.89445190069,52.83756184958384,,74.0,1267.7102118982916,52.85990299953143,none,0.0,success,105.0,0.005,"(74, 454, -55)",74.0,454.0,-55.0,,,,
2404,realistic,3,x0y0,utah,14.207,17.1,Aa,saline,105.52506551082114,17.1,,b,-1,0.08,soma,88.110490406,-1423.0662975955265,392.87610845031264,-115.55092224060765,,-1423.0,392.7947287530908,-115.93808914084318,none,0.0,success,105.0,0.005,"(-1423, -406, 106)",-1423.0,-406.0,106.0,,,,
2405,realistic,3,x0y0,utah,11.858,14.4,Aa,saline,42.845246716268846,14.4,,b,-1,0.08,soma,80.60208859400001,-277.78240208293226,914.9999016834801,1127.7875813721594,,-278.0,915.2047101219601,1128.1107256785604,none,0.0,success,105.0,0.005,"(-278, 354, 523)",-278.0,354.0,523.0,,,,
2406,realistic,3,x0y0,utah,10.553,12.9,Aa,saline,41.01995628273863,12.9,,b,-1,0.08,soma,76.430754254,-1408.1970289345172,954.0495875127548,916.1734452702756,,-1408.0,954.2762520084502,916.1160020423216,periphery,5.2350000000001184,success,61.23046875,0.005,"(-1408, 414, 295)",-1408.0,414.0,295.0,-1408.0,,414.0,295.0
2407,realistic,3,x0y0,utah,11.684,14.2,Aa,saline,68.8202771746266,14.2,,b,-1,0.08,soma,80.045910682,1513.5519911299136,852.1736751363751,416.9889950506749,,1514.0,852.3339058554826,417.08079376470334,none,0.0,success,105.0,0.005,"(1514, 83, 119)",1514.0,83.0,119.0,,,,
2408,realistic,3,x0y0,utah,12.988999999999999,15.7,Aa,saline,-21.829290532859336,15.7,,b,-1,0.08,soma,84.217245022,-1994.4345590869686,-546.7038097397335,1042.8768887332185,,-1994.0,-546.5189858495899,1042.8049342769614,none,0.0,success,105.0,0.005,"(-1994, -239, 275)",-1994.0,-239.0,275.0,,,,
2409,realistic,3,x0y0,utah,11.161999999999999,13.6,Aa,saline,28.611871260469645,13.6,,b,-1,0.08,soma,78.377376946,-1051.8188511485343,653.3174156803352,1172.414040957553,,-1052.0,653.7039629097198,1172.555249610447,none,0.0,success,105.0,0.005,"(-1052, 259, 449)",-1052.0,259.0,449.0,,,,
2410,realistic,3,x0y0,utah,10.292,12.6,Aa,saline,182.9140165782317,12.6,,b,-1,0.08,soma,75.596487386,975.5846789648152,-259.74094969637963,-1365.1041554483086,,976.0,-259.7981507796044,-1364.7286059761993,none,0.0,success,105.0,0.005,"(976, -218, -543)",976.0,-218.0,-543.0,,,,
2411,realistic,3,x0y0,utah,12.554,15.2,Aa,saline,83.9464152122477,15.2,,b,-1,0.08,soma,82.82680024199999,-1710.8211673837302,1160.057972450123,158.7429156742728,,-1711.0,1159.7854850803226,159.1866137127655,periphery,5.285000000000126,success,50.1953125,0.005,"(-1711, 338, 72)",-1711.0,338.0,72.0,-1711.0,,338.0,72.0
2412,realistic,3,x0y0,utah,9.335,11.5,Aa,saline,36.06064549062264,11.5,,b,-1,0.08,soma,72.53750887,1715.0437551361413,692.3940098381728,754.2783985243207,,1715.0,692.3987888604411,753.9136610852541,central,5.335000000000134,success,90.07415771484375,0.005,"(1715, 209, 90)",1715.0,209.0,90.0,1715.0,,209.0,90.0
2413,realistic,3,x0y0,utah,10.814,13.2,Aa,saline,51.31781578721218,13.2,,b,-1,0.08,soma,77.26502112200002,-545.1193649349411,959.9051679449676,1076.4085491859678,,-545.0,959.9275377439168,1076.770319100625,none,0.0,success,105.0,0.005,"(-545, 317, 562)",-545.0,317.0,562.0,,,,
2414,realistic,3,x0y0,utah,10.292,12.6,Aa,saline,20.563880560909066,12.6,,b,-1,0.08,soma,75.596487386,-461.9325033068245,332.8741657662408,1408.910275255782,,-462.0,333.049023009351,1409.3859955697562,none,0.0,success,105.0,0.005,"(-462, 44, 639)",-462.0,44.0,639.0,,,,
2415,realistic,3,x0y0,utah,11.771,14.3,Aa,saline,51.519250612511215,14.3,,b,-1,0.08,soma,80.323999638,463.9394794891956,791.6362015881267,735.9338416216824,,464.0,791.9368134583134,735.4983124873638,none,0.0,success,105.0,0.005,"(464, 146, 222)",464.0,146.0,222.0,,,,
2416,realistic,3,x0y0,utah,12.554,15.2,Aa,saline,330.5245123028125,15.2,,b,-1,0.08,soma,82.82680024199999,1848.145594003624,-538.6673381690543,852.3366979104018,,1848.0,-538.6780341995442,852.4755061453428,none,0.0,success,105.0,0.005,"(1848, -132, 133)",1848.0,-132.0,133.0,,,,
2417,realistic,3,x0y0,utah,11.684,14.2,Aa,saline,164.07350595438137,14.2,,b,-1,0.08,soma,80.045910682,-125.09207800967005,512.8567559460807,-1312.652736854825,,-125.0,512.3862989455704,-1312.3420738559057,none,0.0,success,105.0,0.005,"(-125, 286, -519)",-125.0,286.0,-519.0,,,,
2418,realistic,3,x0y0,utah,12.728,15.4,Aa,saline,190.2467853254332,15.4,,b,-1,0.08,soma,83.382978154,239.53683900928382,-239.57720354501544,-969.4268158672836,,240.0,-240.06841590679835,-969.547094400676,none,0.0,success,105.0,0.005,"(240, -93, -156)",240.0,-93.0,-156.0,,,,
2419,realistic,3,x0y0,utah,11.51,14.0,Aa,saline,150.07232318744948,14.0,,b,-1,0.08,soma,79.48973277,648.2132456468765,477.36426691559785,-1118.5667431499194,,648.0,477.46521383947663,-1118.8063756958798,none,0.0,success,105.0,0.005,"(648, 66, -404)",648.0,66.0,-404.0,,,,
2420,realistic,3,x0y0,utah,10.727,13.1,Aa,saline,94.31988232952403,13.1,,b,-1,0.08,soma,76.986932166,381.61238049821236,1134.79111887595,66.25556543509629,,382.0,1135.1876843779678,65.99094200395008,tjn,5.1650000000001075,success,32.806396484375,0.005,"(382, 314, 128)",382.0,314.0,128.0,382.0,,314.0,128.0
2421,realistic,3,x0y0,utah,12.38,15.0,Aa,saline,-22.94626559083683,15.0,,b,-1,0.08,soma,82.27062233000002,1522.1831462758594,-370.0627852678076,1125.084785017525,,1522.0,-370.11015782323364,1124.788008051849,none,0.0,success,105.0,0.005,"(1522, -48, 364)",1522.0,-48.0,364.0,,,,
2422,realistic,3,x0y0,utah,13.337000000000002,16.1,Aa,saline,54.84395936449791,16.1,,b,-1,0.08,soma,85.329600846,1819.1175330784092,1030.2443891812309,691.4425890785457,,1819.0,1030.698740825845,691.5693920835636,central,5.305000000000129,success,57.6416015625,0.005,"(1819, 354, 215)",1819.0,354.0,215.0,1819.0,,354.0,215.0
2423,realistic,3,x0y0,utah,12.728,15.4,Aa,saline,57.074569254901284,15.4,,b,-1,0.08,soma,83.382978154,966.5317144236154,310.30860839108163,236.67303979493863,,967.0,309.92483593123404,236.30682431334964,none,0.0,success,105.0,0.005,"(967, -384, -213)",967.0,-384.0,-213.0,,,,
2424,realistic,3,x0y0,utah,12.032,14.6,Aa,saline,-13.519876025399446,14.6,,b,-1,0.08,soma,81.15826650599999,1333.3539232159073,-439.5112974088638,1248.7698013571753,,1333.0,-440.0204013545515,1248.7105912618922,none,0.0,success,105.0,0.005,"(1333, -247, 446)",1333.0,-247.0,446.0,,,,
2425,realistic,3,x0y0,utah,12.032,14.6,Aa,saline,188.10100165561286,14.6,,b,-1,0.08,soma,81.15826650599999,171.4127721147174,-251.70581564940403,-1238.6512452500262,,171.0,-251.3240998753477,-1238.3233419204703,none,0.0,success,105.0,0.005,"(171, -135, -421)",171.0,-135.0,-421.0,,,,
2426,realistic,3,x0y0,utah,11.597,14.1,Aa,saline,101.97740341198704,14.1,,b,-1,0.08,soma,79.76782172600001,187.7347055790644,1433.0776967729398,-207.17258016725742,,188.0,1432.9014416061868,-207.16341150407254,central,5.095000000000097,success,7.27386474609375,0.005,"(188, 626, -36)",188.0,626.0,-36.0,188.0,,626.0,-36.0
2427,realistic,3,x0y0,utah,11.51,14.0,Aa,saline,193.85970138266026,14.0,,b,-1,0.08,soma,79.48973277,19.46077219317721,-274.9562399042661,-1245.134878452831,,19.0,-274.5263954992075,-1244.7447907731967,none,0.0,success,105.0,0.005,"(19, -77, -444)",19.0,-77.0,-444.0,,,,
2428,realistic,3,x0y0,utah,12.38,15.0,Aa,saline,186.7723889926269,15.0,,b,-1,0.08,soma,82.27062233000002,107.2066789484396,-358.39452846121503,-1412.4463719642035,,107.0,-358.40135318635356,-1412.3523639868454,none,0.0,success,105.0,0.005,"(107, -261, -592)",107.0,-261.0,-592.0,,,,
2429,realistic,3,x0y0,utah,10.466000000000001,12.8,Aa,saline,196.63375019921344,12.8,,b,-1,0.08,soma,76.152665298,151.35080726842088,-206.4264787405673,-1430.163379105739,,151.0,-206.64675403740875,-1430.671741944272,none,0.0,success,105.0,0.005,"(151, 29, -642)",151.0,29.0,-642.0,,,,
2430,realistic,3,x0y0,utah,10.814,13.2,Aa,saline,137.71115580218057,13.2,,b,-1,0.08,soma,77.26502112200002,-641.3090371154913,767.9183397233072,-1090.686640609464,,-641.0,768.2223163564971,-1090.3233313130281,none,0.0,success,105.0,0.005,"(-641, 214, -481)",-641.0,214.0,-481.0,,,,
2431,realistic,3,x0y0,utah,12.38,15.0,Aa,saline,185.9500154777986,15.0,,b,-1,0.08,soma,82.27062233000002,-250.24734086621186,-227.91313064619771,-1400.855908498869,,-250.0,-227.67023176781055,-1400.6741804847093,none,0.0,success,105.0,0.005,"(-250, -142, -579)",-250.0,-142.0,-579.0,,,,
2432,realistic,3,x0y0,utah,12.554,15.2,Aa,saline,179.45191867407368,15.2,,b,-1,0.08,soma,82.82680024199999,-203.4797737123597,174.41054676932438,-1436.1244691826926,,-203.0,174.9335686411616,-1436.4134001210002,none,0.0,success,105.0,0.005,"(-203, 167, -610)",-203.0,167.0,-610.0,,,,
2433,realistic,3,x0y0,utah,11.684,14.2,Aa,saline,43.49940276666856,14.2,,b,-1,0.08,soma,80.045910682,1174.0559587403611,605.1391886406109,748.8937370271332,,1174.0,604.8633001612104,748.4716518043616,none,0.0,success,105.0,0.005,"(1174, 37, 150)",1174.0,37.0,150.0,,,,
2434,realistic,3,x0y0,utah,12.38,15.0,Aa,saline,66.63827556604461,15.0,,b,-1,0.08,soma,82.27062233000002,-719.7157112430052,1319.891212956336,501.8480655201274,,-720.0,1319.3922156494705,501.56265087692265,periphery,5.18000000000011,success,27.532958984375,0.005,"(-720, 561, 174)",-720.0,561.0,174.0,-720.0,,561.0,174.0
2435,realistic,3,x0y0,utah,12.641,15.3,Aa,saline,329.0884759557418,15.3,,b,-1,0.08,soma,83.104889198,-517.7597067210387,-68.45895662513703,125.0941980583566,,-518.0,-68.59999079050647,125.18199746594223,none,0.0,success,105.0,0.005,"(-518, 356, -584)",-518.0,356.0,-584.0,,,,
2436,realistic,3,x0y0,utah,13.076,15.8,Aa,saline,124.5798870616144,15.8,,b,-1,0.08,soma,84.495333978,-525.4782425487491,1074.49432555236,-628.2493411798664,,-525.0,1074.0730042320438,-628.5457757829565,periphery,5.200000000000113,success,42.572021484375,0.005,"(-525, 393, -159)",-525.0,393.0,-159.0,-525.0,,393.0,-159.0
2437,realistic,3,x0y0,utah,10.553,12.9,Aa,saline,195.22598872212208,12.9,,b,-1,0.08,soma,76.430754254,1642.0993716447376,-449.5489082112558,-977.5896481344853,,1642.0,-449.1763580335503,-977.3205173898425,none,0.0,success,105.0,0.005,"(1642, -233, -183)",1642.0,-233.0,-183.0,,,,
2438,realistic,3,x0y0,utah,12.815,15.5,Aa,saline,-8.14280411104118,15.5,,b,-1,0.08,soma,83.66106711,-1731.0920468958545,-297.10093532871537,1105.3126624197375,,-1731.0,-297.07920355138805,1105.4795451660948,none,0.0,success,105.0,0.005,"(-1731, -180, 287)",-1731.0,-180.0,287.0,,,,
2439,realistic,3,x0y0,utah,13.337000000000002,16.1,Aa,saline,181.75086673542546,16.1,,b,-1,0.08,soma,85.329600846,219.40466744400825,191.73195373221782,-1423.1622338675022,,219.0,191.6734571070562,-1423.2509680227886,none,0.0,success,105.0,0.005,"(219, 217, -596)",219.0,217.0,-596.0,,,,
2440,realistic,3,x0y0,utah,10.814,13.2,Aa,saline,224.3720692996495,13.2,,b,-1,0.08,soma,77.26502112200002,-1623.004867751145,-655.9662871386381,-571.0844512567232,,-1623.0,-655.9662146353074,-570.732518549003,none,0.0,success,105.0,0.005,"(-1623, -80, 18)",-1623.0,-80.0,18.0,,,,
2441,realistic,3,x0y0,utah,11.075,13.5,Aa,saline,219.19385736260864,13.5,,b,-1,0.08,soma,78.09928799,-905.6191206285685,-625.2032294102419,-643.7035501617411,,-906.0,-624.7169700404406,-643.6384740961252,none,0.0,success,105.0,0.005,"(-906, -104, -5)",-906.0,-104.0,-5.0,,,,
2442,realistic,3,x0y0,utah,12.38,15.0,Aa,saline,201.46107320490768,15.0,,b,-1,0.08,soma,82.27062233000002,1242.9283787274335,-469.14768961594734,-1240.0208313935582,,1243.0,-469.2829103552736,-1239.8841341012658,none,0.0,success,105.0,0.005,"(1243, -167, -471)",1243.0,-167.0,-471.0,,,,
2443,realistic,3,x0y0,utah,12.641,15.3,Aa,saline,31.270513651572827,15.3,,b,-1,0.08,soma,83.104889198,1624.5358029514762,59.88019707762079,100.63599610128769,,1625.0,60.06337399134105,100.4543743987656,none,0.0,success,105.0,0.005,"(1625, -369, -606)",1625.0,-369.0,-606.0,,,,
2444,realistic,3,x0y0,utah,10.553,12.9,Aa,saline,27.39209223342869,12.9,,b,-1,0.08,soma,76.430754254,-711.9664665103649,672.193681295028,1262.615170662908,,-712.0,671.7613950161328,1262.9329333510636,none,0.0,success,105.0,0.005,"(-712, 293, 532)",-712.0,293.0,532.0,,,,
2445,realistic,3,x0y0,utah,12.206000000000001,14.8,Aa,saline,26.043629312177128,14.8,,b,-1,0.08,soma,81.714444418,570.9732672441314,503.8292696054637,862.8974391572187,,571.0,503.63390627197197,863.0327141547866,central,5.625000000000179,success,105.0,0.005,"(571, 141, 121)",571.0,141.0,121.0,571.0,,141.0,121.0
2446,realistic,3,x0y0,utah,14.293999999999999,17.2,Aa,saline,178.28260769551346,17.2,,b,-1,0.08,soma,88.388579362,627.8312503518572,28.71994480191369,-1182.429195412254,,628.0,28.875828690430005,-1182.8626119651278,none,0.0,success,105.0,0.005,"(628, 4, -354)",628.0,4.0,-354.0,,,,
2447,realistic,3,x0y0,utah,11.51,14.0,Aa,saline,-24.36697509300497,14.0,,b,-1,0.08,soma,79.48973277,-1090.7085404516395,-469.6764512092768,1054.0041652240643,,-1091.0,-469.28973187045113,1054.260098790097,none,0.0,success,105.0,0.005,"(-1091, -129, 303)",-1091.0,-129.0,303.0,,,,
2448,realistic,3,x0y0,utah,12.554,15.2,Aa,saline,191.28470848088597,15.2,,b,-1,0.08,soma,82.82680024199999,1654.8345931310605,-400.2200121443052,-1083.4883563818394,,1655.0,-400.72910240367975,-1083.463621498665,none,0.0,success,105.0,0.005,"(1655, -239, -273)",1655.0,-239.0,-273.0,,,,
2449,realistic,3,x0y0,utah,11.858,14.4,Aa,saline,146.3467144104986,14.4,,b,-1,0.08,soma,80.60208859400001,577.5838144037758,564.7638105709866,-977.8253544066124,,578.0,564.3818387493975,-977.980589272823,none,0.0,success,105.0,0.005,"(578, 107, -291)",578.0,107.0,-291.0,,,,
2450,realistic,3,x0y0,utah,15.338,18.4,Aa,saline,100.2512127791505,18.4,,b,-1,0.08,soma,91.725646834,-1130.4374708724024,475.65075427268494,-87.61544189850201,,-1130.0,475.5690182423283,-87.89358256822604,none,0.0,success,105.0,0.005,"(-1130, -342, 60)",-1130.0,-342.0,60.0,,,,
2451,realistic,3,x0y0,utah,11.597,14.1,Aa,saline,197.1274887371727,14.1,,b,-1,0.08,soma,79.76782172600001,-34.083877573767516,-319.64600014590724,-1176.6212830185962,,-34.0,-319.9283117491535,-1176.3415536117693,none,0.0,success,105.0,0.005,"(-34, -77, -388)",-34.0,-77.0,-388.0,,,,
2452,realistic,3,x0y0,utah,11.858,14.4,Aa,saline,8.10805839461511,14.4,,b,-1,0.08,soma,80.60208859400001,-1059.934905356274,178.12202708791847,1138.6538618958748,,-1060.0,178.36744724587703,1139.04803385403,none,0.0,success,105.0,0.005,"(-1060, 62, 322)",-1060.0,62.0,322.0,,,,
2453,realistic,3,x0y0,utah,11.248999999999999,13.7,Aa,saline,121.24683720302751,13.7,,b,-1,0.08,soma,78.655465902,-670.3840797454178,1221.4178701381725,-668.9166024668266,,-670.0,1221.7177788998101,-668.5787950816839,periphery,5.215000000000115,success,39.95361328125,0.005,"(-670, 517, -241)",-670.0,517.0,-241.0,-670.0,,517.0,-241.0
2454,realistic,3,x0y0,utah,13.597999999999999,16.4,Aa,saline,-0.7642844230576659,16.4,,b,-1,0.08,soma,86.16386771399998,-1419.8158018700244,-17.424562749308734,1341.084468983866,,-1420.0,-17.013489720298104,1340.9991256636144,none,0.0,success,105.0,0.005,"(-1420, -6, 513)",-1420.0,-6.0,513.0,,,,
2455,realistic,3,x0y0,utah,12.467,15.1,Aa,saline,190.64192676683567,15.1,,b,-1,0.08,soma,82.548711286,1132.6211858241766,-379.800860841774,-1271.3865458336695,,1133.0,-379.61287348726216,-1271.0624367259406,none,0.0,success,105.0,0.005,"(1133, -227, -459)",1133.0,-227.0,-459.0,,,,
2456,realistic,3,x0y0,utah,13.772000000000002,16.6,Aa,saline,199.139677336534,16.6,,b,-1,0.08,soma,86.720045626,1966.0639496895096,-513.7971899689951,-1005.572364316924,,1966.0,-513.6192514803828,-1005.5517135514413,none,0.0,success,105.0,0.005,"(1966, -242, -223)",1966.0,-242.0,-223.0,,,,
2457,realistic,3,x0y0,utah,11.684,14.2,Aa,saline,-28.150063698675602,14.2,,b,-1,0.08,soma,80.045910682,-340.46950046920375,-580.9781622463092,1206.5754403774845,,-340.0,-581.2458303298838,1206.4227397241598,none,0.0,success,105.0,0.005,"(-340, -192, 479)",-340.0,-192.0,479.0,,,,
2458,realistic,3,x0y0,utah,13.511000000000001,16.3,Aa,saline,140.38628316016087,16.3,,b,-1,0.08,soma,85.885778758,928.1023645901668,922.2271967900681,-1044.530866228555,,928.0,921.8963862680505,-1044.8472019775818,central,5.335000000000134,success,81.77490234375,0.005,"(928, 394, -407)",928.0,394.0,-407.0,928.0,,394.0,-407.0
2459,realistic,3,x0y0,utah,11.771,14.3,Aa,saline,159.28222552480713,14.3,,b,-1,0.08,soma,80.323999638,1087.8826217156277,518.8879365562393,-1240.7273863195378,,1088.0,518.9423155359623,-1240.7740184307108,none,0.0,success,105.0,0.005,"(1088, 227, -469)",1088.0,227.0,-469.0,,,,
2460,realistic,3,x0y0,utah,13.685,16.5,Aa,saline,-20.1663274090337,16.5,,b,-1,0.08,soma,86.44195667,-420.1794191808938,-609.1658110091894,1158.7437632462088,,-420.0,-609.4877712320746,1158.4510323630648,none,0.0,success,105.0,0.005,"(-420, -324, 381)",-420.0,-324.0,381.0,,,,
2461,realistic,3,x0y0,utah,12.467,15.1,Aa,saline,211.6654299589915,15.1,,b,-1,0.08,soma,82.548711286,884.2411733914627,-569.2279276379712,-1026.7282089438338,,884.0,-568.7940367125751,-1026.2421040877575,none,0.0,success,105.0,0.005,"(884, -135, -323)",884.0,-135.0,-323.0,,,,
2462,realistic,3,x0y0,utah,13.685,16.5,Aa,saline,200.5882027335404,16.5,,b,-1,0.08,soma,86.44195667,-852.2643106361353,-675.5533224237051,-1212.9523694158945,,-852.0,-675.202495982586,-1213.2976578193936,none,0.0,success,105.0,0.005,"(-852, -384, -438)",-852.0,-384.0,-438.0,,,,
2463,realistic,3,x0y0,utah,13.163,15.9,Aa,saline,44.69751900309072,15.9,,b,-1,0.08,soma,84.773422934,-1914.818136434482,522.3368044823096,697.4630335437946,,-1915.0,521.9838128458879,697.1064745107437,none,0.0,success,105.0,0.005,"(-1915, -60, 109)",-1915.0,-60.0,109.0,,,,
2464,realistic,3,x0y0,utah,11.51,14.0,Aa,saline,-27.68310212975361,14.0,,b,-1,0.08,soma,79.48973277,-1670.6119607041055,-538.8965952789204,963.4077864569913,,-1671.0,-539.1764649224712,963.3115791839177,none,0.0,success,105.0,0.005,"(-1671, -156, 233)",-1671.0,-156.0,233.0,,,,
2465,realistic,3,x0y0,utah,14.467999999999998,17.4,Aa,saline,82.72489554974246,17.4,,b,-1,0.08,soma,88.944757274,-381.1037130265997,1428.7080831396304,215.26411377041268,,-381.0,1428.7536523700405,215.01120313544422,periphery,5.150000000000105,success,13.90380859375,0.005,"(-381, 606, 110)",-381.0,606.0,110.0,-381.0,,606.0,110.0
2466,realistic,3,x0y0,utah,13.511000000000001,16.3,Aa,saline,-4.263859251305287,16.3,,b,-1,0.08,soma,85.885778758,-6.205540215084902,-336.2184955166222,1404.3419501695646,,-6.0,-336.5161566808597,1404.624649288739,none,0.0,success,105.0,0.005,"(-6, -275, 579)",-6.0,-275.0,579.0,,,,
2467,realistic,3,x0y0,utah,10.64,13.0,Aa,saline,213.46505380700881,13.0,,b,-1,0.08,soma,76.70884321,916.485083450438,-560.1804369918145,-813.6929274183102,,916.0,-559.997628072997,-813.8422585028912,none,0.0,success,105.0,0.005,"(916, -106, -127)",916.0,-106.0,-127.0,,,,
2468,realistic,3,x0y0,utah,11.161999999999999,13.6,Aa,saline,143.04263570442987,13.6,,b,-1,0.08,soma,78.377376946,1951.581368628517,484.5804802580888,-822.1155799347844,,1952.0,484.50223950996775,-822.6091809587746,none,0.0,success,105.0,0.005,"(1952, -11, -164)",1952.0,-11.0,-164.0,,,,
2469,realistic,3,x0y0,utah,11.945,14.5,Aa,saline,25.6800258329064,14.5,,b,-1,0.08,soma,80.88017755,784.4078195866092,778.5620935185611,1184.1459612912568,,784.0,778.6631904662077,1183.8866080040302,central,5.320000000000132,success,85.58349609375,0.005,"(784, 421, 440)",784.0,421.0,440.0,784.0,,421.0,440.0
2470,realistic,3,x0y0,utah,14.729,17.7,Aa,saline,80.52492685416098,17.7,,b,-1,0.08,soma,89.77902414200001,14.023984566907457,597.6724915088113,53.79884147297616,,14.0,597.6030147068346,53.59981368688665,neck0,5.415000000000147,success,9.02099609375,0.005,"(14, -221, -83)",14.0,-221.0,-83.0,14.0,,433.88241176546774,26.279850949509317
2471,realistic,3,x0y0,utah,10.031,12.3,Aa,saline,107.57610002107857,12.3,,b,-1,0.08,soma,74.76222051799998,-135.16589348927744,1375.539793212194,-473.59239867807406,,-135.0,1375.9759124099048,-473.359095298218,periphery,5.145000000000104,success,28.52783203125,0.005,"(-135, 592, -225)",-135.0,592.0,-225.0,-135.0,,592.0,-225.0
2472,realistic,3,x0y0,utah,14.381,17.3,Aa,saline,316.99463141798145,17.3,,b,-1,0.08,soma,88.66666831799999,-1003.6441751562276,-697.7389947809892,706.3554667805165,,-1004.0,-697.6882672298541,706.4914672704768,none,0.0,success,105.0,0.005,"(-1004, -132, 100)",-1004.0,-132.0,100.0,,,,
2473,realistic,3,x0y0,utah,9.596,11.8,Aa,saline,51.760252878187295,11.8,,b,-1,0.08,soma,73.371775738,-1671.4920796733402,597.2454701917201,539.0260702501537,,-1671.0,597.3520963323127,538.6235645909112,none,0.0,success,105.0,0.005,"(-1671, -48, 30)",-1671.0,-48.0,30.0,,,,
2474,realistic,3,x0y0,utah,12.119,14.7,Aa,saline,130.5137483211671,14.7,,b,-1,0.08,soma,81.436355462,-477.3124522513834,1080.6297599179243,-700.7555092323105,,-477.0,1080.7935305288793,-700.3865282540577,periphery,5.185000000000111,success,32.53173828125,0.005,"(-477, 453, -164)",-477.0,453.0,-164.0,-477.0,,453.0,-164.0
2475,realistic,3,x0y0,utah,12.988999999999999,15.7,Aa,saline,40.12344722284705,15.7,,b,-1,0.08,soma,84.217245022,-647.0700406357728,708.4680837175579,794.2298586097754,,-647.0,707.9887963460885,794.4899636341619,periphery,5.1650000000001075,success,105.0,0.005,"(-647, 175, 162)",-647.0,175.0,162.0,-647.0,,175.0,162.0
2476,realistic,3,x0y0,utah,12.902,15.6,Aa,saline,108.4661715352474,15.6,,b,-1,0.08,soma,83.93915606600001,-1370.327979572959,1181.4393987346155,-599.3745583908517,,-1370.0,1181.3806447643008,-598.9012653630512,periphery,5.290000000000127,success,71.47216796875,0.005,"(-1370, 397, -337)",-1370.0,397.0,-337.0,-1370.0,,397.0,-337.0
2477,realistic,3,x0y0,utah,10.553,12.9,Aa,saline,158.58886585986545,12.9,,b,-1,0.08,soma,76.430754254,1159.5135174448226,357.56383515033394,-1116.7826311033714,,1160.0,357.5559341890678,-1116.4135161052372,none,0.0,success,105.0,0.005,"(1160, 57, -350)",1160.0,57.0,-350.0,,,,
2478,realistic,3,x0y0,utah,10.64,13.0,Aa,saline,182.75541273042413,13.0,,b,-1,0.08,soma,76.70884321,-732.0658798337715,139.96603493472276,-1424.2343403459906,,-732.0,140.3966523207995,-1424.3663962990743,none,0.0,success,105.0,0.005,"(-732, 180, -602)",-732.0,180.0,-602.0,,,,
2479,realistic,3,x0y0,utah,9.248000000000001,11.4,Aa,saline,130.2451294873928,11.4,,b,-1,0.08,soma,72.25941991399999,-1447.8243802747088,724.9127747542343,-622.4832993676837,,-1448.0,724.7683076101782,-622.5319056032179,none,0.0,success,105.0,0.005,"(-1448, 98, -92)",-1448.0,98.0,-92.0,,,,
2480,realistic,3,x0y0,utah,11.858,14.4,Aa,saline,-22.092877370145374,14.4,,b,-1,0.08,soma,80.60208859400001,90.82084952052448,-708.9981930531502,1249.274950310588,,91.0,-709.3957227601018,1249.7239476456002,none,0.0,success,105.0,0.005,"(91, -399, 485)",91.0,-399.0,485.0,,,,
2481,realistic,3,x0y0,utah,12.728,15.4,Aa,saline,185.7276957219529,15.4,,b,-1,0.08,soma,83.382978154,1121.838722628728,-150.62731354803918,-1341.7426037436765,,1122.0,-150.50381060988462,-1341.5580316316152,none,0.0,success,105.0,0.005,"(1122, -68, -519)",1122.0,-68.0,-519.0,,,,
2482,realistic,3,x0y0,utah,12.032,14.6,Aa,saline,17.243275743444883,14.6,,b,-1,0.08,soma,81.15826650599999,-1827.38538165,285.6219242407192,1201.9147894945054,,-1827.0,285.70165509618926,1201.5106301699404,none,0.0,success,105.0,0.005,"(-1827, 41, 413)",-1827.0,41.0,413.0,,,,
2483,realistic,3,x0y0,utah,10.727,13.1,Aa,saline,135.48000300370248,13.1,,b,-1,0.08,soma,76.986932166,-221.3878550149451,754.0126862587176,-887.7191568768708,,-221.0,754.4336184173998,-888.1508413171791,none,0.0,success,105.0,0.005,"(-221, 177, -301)",-221.0,177.0,-301.0,,,,
2484,realistic,3,x0y0,utah,12.032,14.6,Aa,saline,-13.986469011191511,14.6,,b,-1,0.08,soma,81.15826650599999,34.675034704042766,-368.62976700394165,1250.569888116378,,35.0,-368.54247650725017,1250.1419909087115,none,0.0,success,105.0,0.005,"(35, -169, 449)",35.0,-169.0,449.0,,,,
2485,realistic,3,x0y0,utah,9.943999999999999,12.2,Aa,saline,49.368804652782686,12.2,,b,-1,0.08,soma,74.484131562,803.8011126437457,630.8036974136489,751.0912143797123,,804.0,630.9995037212011,751.4440332365874,none,0.0,success,105.0,0.005,"(804, 7, 216)",804.0,7.0,216.0,,,,
2486,realistic,3,x0y0,utah,10.727,13.1,Aa,saline,115.63681175058979,13.1,,b,-1,0.08,soma,76.986932166,292.3978805373246,1183.3188846288785,-819.394777882605,,292.0,1183.4617090204329,-819.3256227741142,central,5.220000000000116,success,94.04296875,0.005,"(292, 441, -463)",292.0,441.0,-463.0,292.0,,441.0,-463.0
2487,realistic,3,x0y0,utah,13.337000000000002,16.1,Aa,saline,125.07435211687452,16.1,,b,-1,0.08,soma,85.329600846,342.25547968400866,436.334498682937,-319.22245653851087,,342.0,436.36087266618335,-319.5761943230559,none,0.0,success,105.0,0.005,"(342, -241, 156)",342.0,-241.0,156.0,,,,
2488,realistic,3,x0y0,utah,12.554,15.2,Aa,saline,135.79608095025296,15.2,,b,-1,0.08,soma,82.82680024199999,-9.202617895465393,869.6063549461162,-1163.3461508641265,,-9.0,869.1754225643614,-1163.455766546745,none,0.0,success,105.0,0.005,"(-9, 293, -571)",-9.0,293.0,-571.0,,,,
2489,realistic,3,x0y0,utah,14.467999999999998,17.4,Aa,saline,320.0320254729302,17.4,,b,-1,0.08,soma,88.944757274,-286.9472328234893,-684.3105019617137,715.3168514809578,,-287.0,-683.8530560364089,715.707630987397,none,0.0,success,105.0,0.005,"(-287, -151, 80)",-287.0,-151.0,80.0,,,,
2490,realistic,3,x0y0,utah,13.076,15.8,Aa,saline,73.46633300948866,15.8,,b,-1,0.08,soma,84.495333978,-453.189271054306,1388.7801233721802,359.74272832004044,,-453.0,1389.0823383423544,359.4346860250695,periphery,5.155000000000106,success,15.49072265625,0.005,"(-453, 596, 124)",-453.0,596.0,124.0,-453.0,,596.0,124.0
2491,realistic,3,x0y0,utah,14.555,17.5,Aa,saline,35.174521844616564,17.5,,b,-1,0.08,soma,89.22284623,-810.0531155163043,643.2769803512398,952.2150997466484,,-810.0,642.9391408565516,952.1243772542011,none,0.0,success,105.0,0.005,"(-810, 165, 274)",-810.0,165.0,274.0,,,,
2492,realistic,3,x0y0,utah,11.248999999999999,13.7,Aa,saline,37.09866176172686,13.7,,b,-1,0.08,soma,78.655465902,100.90042931135136,690.0517612347558,1279.4017798944349,,101.0,690.2344885160433,1279.4837998017179,none,0.0,success,105.0,0.005,"(101, 193, 622)",101.0,193.0,622.0,,,,
2493,realistic,3,x0y0,utah,10.553,12.9,Aa,saline,48.23333514280333,12.9,,b,-1,0.08,soma,76.430754254,-1638.5584759542614,913.0732310117436,806.4401723938076,,-1639.0,913.0363497990295,806.3437627042949,periphery,5.275000000000125,success,77.5634765625,0.005,"(-1639, 299, 258)",-1639.0,299.0,258.0,-1639.0,,299.0,258.0
2494,realistic,3,x0y0,utah,10.118,12.4,Aa,saline,200.1983190878217,12.4,,b,-1,0.08,soma,75.040309474,1709.9985397319006,-280.16381051700455,-1038.1409617904058,,1710.0,-280.01620943068616,-1037.9351652206747,none,0.0,success,105.0,0.005,"(1710, 4, -266)",1710.0,4.0,-266.0,,,,
2495,realistic,3,x0y0,utah,11.161999999999999,13.6,Aa,saline,187.34688748061043,13.6,,b,-1,0.08,soma,78.377376946,572.321177399171,-139.1030959482232,-1420.5335682573457,,572.0,-139.41373325569674,-1420.4303412275217,none,0.0,success,105.0,0.005,"(572, -34, -603)",572.0,-34.0,-603.0,,,,
2496,realistic,3,x0y0,utah,13.597999999999999,16.4,Aa,saline,91.86736093484188,16.4,,b,-1,0.08,soma,86.16386771399998,256.56506899702805,1401.7056932630649,-137.52871296937522,,257.0,1401.6678928900717,-137.9954710437382,central,5.130000000000102,success,14.263916015625,0.005,"(257, 574, -111)",257.0,574.0,-111.0,257.0,,574.0,-111.0
2497,realistic,3,x0y0,utah,10.205,12.5,Aa,saline,169.56535454282,12.5,,b,-1,0.08,soma,75.31839843,468.5611217128032,421.20951570144547,-1383.9561321873987,,469.0,420.98358097783654,-1384.0853224279526,none,0.0,success,105.0,0.005,"(469, 272, -575)",469.0,272.0,-575.0,,,,
2498,realistic,3,x0y0,utah,9.683,11.9,Aa,saline,60.2247117170583,11.9,,b,-1,0.08,soma,73.649864694,1089.368894148252,1135.2368241087652,552.1724870420089,,1089.0,1135.3440412771963,552.1182614035204,central,5.230000000000118,success,33.026123046875,0.005,"(1089, 422, 144)",1089.0,422.0,144.0,1089.0,,422.0,144.0
2499,realistic,3,x0y0,utah,12.206000000000001,14.8,Aa,saline,183.1390200062914,14.8,,b,-1,0.08,soma,81.714444418,156.39471700616838,-22.97482453369548,-1446.3318647796634,,156.0,-23.256975777053206,-1446.6184363756865,none,0.0,success,105.0,0.005,"(156, 22, -622)",156.0,22.0,-622.0,,,,
2500,realistic,3,x0y0,utah,10.379,12.7,Aa,saline,62.4650796635584,12.7,,b,-1,0.08,soma,75.874576342,140.31898214336235,1030.532998033963,574.6099948495257,,140.0,1030.698493421226,574.4439083214534,periphery,5.190000000000111,success,62.79296875,0.005,"(140, 301, 194)",140.0,301.0,194.0,140.0,,301.0,194.0
2501,realistic,3,x0y0,utah,12.119,14.7,Aa,saline,148.8916501293584,14.7,,b,-1,0.08,soma,81.436355462,-1143.4691933897593,818.0547202899797,-993.4527482337396,,-1143.0,817.6485824336078,-992.9799037732823,periphery,5.24500000000012,success,57.6416015625,0.005,"(-1143, 391, -286)",-1143.0,391.0,-286.0,-1143.0,,391.0,-286.0
2502,realistic,3,x0y0,utah,9.857,12.1,Aa,saline,58.41861010106829,12.1,,b,-1,0.08,soma,74.206042606,184.9306005272451,1268.5595311030886,672.0496121224983,,185.0,1268.3495638480258,672.5353522563812,central,5.145000000000104,success,31.7626953125,0.005,"(185, 568, 242)",185.0,568.0,242.0,185.0,,568.0,242.0
2503,realistic,3,x0y0,utah,11.336,13.8,Aa,saline,145.16609806027918,13.8,,b,-1,0.08,soma,78.93355485800001,1031.2934913629776,751.1224053846566,-1020.0469586183368,,1031.0,750.935423267445,-1019.7223309137233,central,5.290000000000127,success,91.1865234375,0.005,"(1031, 280, -343)",1031.0,280.0,-343.0,1031.0,,280.0,-343.0
2504,realistic,3,x0y0,utah,14.642000000000001,17.6,Aa,saline,139.58128577098316,17.6,,b,-1,0.08,soma,89.500935186,-1601.9222889477298,509.54396199172965,-803.1716420812209,,-1602.0,510.0102031873013,-802.689030978551,none,0.0,success,105.0,0.005,"(-1602, -28, -171)",-1602.0,-28.0,-171.0,,,,
2505,realistic,3,x0y0,utah,13.685,16.5,Aa,saline,194.11163669756104,16.5,,b,-1,0.08,soma,86.44195667,-1455.0347820410075,-532.9572515710552,-1213.056301166504,,-1455.0,-532.920274518073,-1213.2087047892833,none,0.0,success,105.0,0.005,"(-1455, -331, -410)",-1455.0,-331.0,-410.0,,,,
2506,realistic,3,x0y0,utah,12.988999999999999,15.7,Aa,saline,190.5591002188881,15.7,,b,-1,0.08,soma,84.217245022,-1775.3924568890063,-208.0481452403069,-736.217361854805,,-1775.0,-207.52629964401524,-736.1304867905643,none,0.0,success,105.0,0.005,"(-1775, -56, 77)",-1775.0,-56.0,77.0,,,,
2507,realistic,3,x0y0,utah,12.902,15.6,Aa,saline,176.65343707027057,15.6,,b,-1,0.08,soma,83.93915606600001,-610.95448268972,201.6929271214867,-1400.927954418009,,-611.0,201.2950233571272,-1400.563729750344,none,0.0,success,105.0,0.005,"(-611, 153, -575)",-611.0,153.0,-575.0,,,,
2508,realistic,3,x0y0,utah,13.597999999999999,16.4,Aa,saline,-1.5655756965358838,16.4,,b,-1,0.08,soma,86.16386771399998,713.2414346260905,131.151395435847,1360.1372739953058,,713.0,131.3933632057039,1359.7507010834574,none,0.0,success,105.0,0.005,"(713, 154, 532)",713.0,154.0,532.0,,,,
2509,realistic,3,x0y0,utah,11.684,14.2,Aa,saline,201.24040949373736,14.2,,b,-1,0.08,soma,80.045910682,1701.4413960928741,-601.0148020814945,-1073.8566624571424,,1701.0,-600.9058167200444,-1074.0038966733464,none,0.0,success,105.0,0.005,"(1701, -302, -305)",1701.0,-302.0,-305.0,,,,
2510,realistic,3,x0y0,utah,10.814,13.2,Aa,saline,137.54606512537467,13.2,,b,-1,0.08,soma,77.26502112200002,-700.2720008467862,894.5837385895243,-984.5454045103188,,-700.0,894.9519446286752,-984.676066291906,periphery,5.260000000000122,success,89.4561767578125,0.005,"(-700, 339, -377)",-700.0,339.0,-377.0,-700.0,,339.0,-377.0
2511,realistic,3,x0y0,utah,10.727,13.1,Aa,saline,131.38960258713522,13.1,,b,-1,0.08,soma,76.986932166,-990.2593417216324,735.2459636917984,-665.3341378096184,,-990.0,734.7847982554667,-665.4938797740797,none,0.0,success,105.0,0.005,"(-990, 117, -121)",-990.0,117.0,-121.0,,,,
2512,realistic,3,x0y0,utah,13.424,16.2,Aa,saline,134.6931081999377,16.2,,b,-1,0.08,soma,85.607689802,-1725.3241123221123,568.299106848378,-707.5599560510595,,-1725.0,568.485753340121,-707.1944441188734,none,0.0,success,105.0,0.005,"(-1725, -20, -125)",-1725.0,-20.0,-125.0,,,,
2513,realistic,3,x0y0,utah,9.683,11.9,Aa,saline,97.49503014315107,11.9,,b,-1,0.08,soma,73.649864694,-1443.3491043070028,976.0642167051527,-108.85462364195112,,-1443.0,975.8394204220508,-109.16597117804884,none,0.0,success,105.0,0.005,"(-1443, 161, -2)",-1443.0,161.0,-2.0,,,,
2514,realistic,3,x0y0,utah,11.075,13.5,Aa,saline,67.2590161847506,13.5,,b,-1,0.08,soma,78.09928799,-196.4839607950264,1302.8333004644646,580.3721991759577,,-196.0,1303.0209866565888,580.5775923684671,periphery,5.160000000000107,success,37.07275390625,0.005,"(-196, 543, 262)",-196.0,543.0,262.0,-196.0,,543.0,262.0
2515,realistic,3,x0y0,utah,11.684,14.2,Aa,saline,-8.654101234657691,14.2,,b,-1,0.08,soma,80.045910682,-84.01115870452604,-58.7913911069777,1454.2544790078318,,-84.0,-59.16595477882052,1454.6176936501129,none,0.0,success,105.0,0.005,"(-84, 65, 639)",-84.0,65.0,639.0,,,,
2516,realistic,3,x0y0,utah,13.685,16.5,Aa,saline,162.09874096792987,16.5,,b,-1,0.08,soma,86.44195667,-716.5787833152882,365.32264054499365,-1367.2358251931155,,-717.0,365.59512874017906,-1367.135082983586,none,0.0,success,105.0,0.005,"(-717, 111, -579)",-717.0,111.0,-579.0,,,,
2517,realistic,3,x0y0,utah,11.684,14.2,Aa,saline,65.70496924325015,14.2,,b,-1,0.08,soma,80.045910682,-1278.3604828954308,1111.758314614529,534.6082039427561,,-1278.0,1111.9259214977874,534.4144438272874,periphery,5.2350000000001184,success,51.708984375,0.005,"(-1278, 360, 195)",-1278.0,360.0,195.0,-1278.0,,360.0,195.0
2518,realistic,3,x0y0,utah,10.727,13.1,Aa,saline,104.52964945862531,13.1,,b,-1,0.08,soma,76.986932166,414.9898293735674,1350.6713614335906,-502.32984055568704,,415.0,1351.1416751683441,-502.61451064022475,central,5.175000000000109,success,46.8017578125,0.005,"(415, 554, -296)",415.0,554.0,-296.0,415.0,,554.0,-296.0
2519,realistic,3,x0y0,utah,11.336,13.8,Aa,saline,131.44732604996074,13.8,,b,-1,0.08,soma,78.93355485800001,244.05023195072482,995.6191443068093,-851.375478658058,,244.0,996.0202963607786,-851.7145599802553,central,5.190000000000111,success,62.40234375,0.005,"(244, 378, -306)",244.0,378.0,-306.0,244.0,,378.0,-306.0
2520,realistic,3,x0y0,utah,8.9,11.0,Aa,saline,86.3983545205728,11.0,,b,-1,0.08,soma,71.14706409,1245.21832462378,1334.850678024436,-57.57306513208914,,1245.0,1334.9323849809102,-57.467982187573995,central,5.18000000000011,success,17.52471923828125,0.005,"(1245, 516, -109)",1245.0,516.0,-109.0,1245.0,,516.0,-109.0
2521,realistic,3,x0y0,utah,10.988,13.4,Aa,saline,179.1411574627421,13.4,,b,-1,0.08,soma,77.821199034,1491.0625032020594,-67.55779404481109,-1136.944012456715,,1491.0,-67.641341007245,-1136.8282084570485,none,0.0,success,105.0,0.005,"(1491, -80, -313)",1491.0,-80.0,-313.0,,,,
2522,realistic,3,x0y0,utah,12.38,15.0,Aa,saline,179.12163680013506,15.0,,b,-1,0.08,soma,82.27062233000002,426.1765736124312,-183.33481686487946,-1310.138481073231,,426.0,-183.3601297391755,-1310.0526976338838,none,0.0,success,105.0,0.005,"(426, -196, -484)",426.0,-196.0,-484.0,,,,
2523,realistic,3,x0y0,utah,13.859,16.7,Aa,saline,128.22925046373695,16.7,,b,-1,0.08,soma,86.998134582,-131.5127605905597,1009.8414483185223,-1038.2701079657897,,-132.0,1009.7860173570807,-1038.675222839671,none,0.0,success,105.0,0.005,"(-132, 359, -526)",-132.0,359.0,-526.0,,,,
2524,realistic,3,x0y0,utah,11.248999999999999,13.7,Aa,saline,13.633568209837327,13.7,,b,-1,0.08,soma,78.655465902,168.75530954235884,304.0983445360598,1371.7083498896154,,169.0,304.2940466565508,1372.081690881782,none,0.0,success,105.0,0.005,"(169, 110, 571)",169.0,110.0,571.0,,,,
2525,realistic,3,x0y0,utah,10.727,13.1,Aa,saline,77.8569883764497,13.1,,b,-1,0.08,soma,76.986932166,1918.74607501862,872.6047064419026,91.74120782575571,,1919.0,873.0472124427409,92.26302526386323,none,0.0,success,105.0,0.005,"(1919, 68, -81)",1919.0,68.0,-81.0,,,,
2526,realistic,3,x0y0,utah,9.943999999999999,12.2,Aa,saline,14.286601446283846,12.2,,b,-1,0.08,soma,74.484131562,-1002.2945191619713,204.63981462546508,1285.4666376094456,,-1002.0,204.92934183475086,1285.8347859483674,none,0.0,success,105.0,0.005,"(-1002, 2, 489)",-1002.0,2.0,489.0,,,,
2527,realistic,3,x0y0,utah,10.292,12.6,Aa,saline,167.80656179493454,12.6,,b,-1,0.08,soma,75.596487386,-206.75863364773602,309.8115311232086,-1416.2946269917777,,-207.0,309.77498906796166,-1416.2030033855385,none,0.0,success,105.0,0.005,"(-207, 136, -612)",-207.0,136.0,-612.0,,,,
2528,realistic,3,x0y0,utah,13.424,16.2,Aa,saline,-13.628290647885285,16.2,,b,-1,0.08,soma,85.607689802,1352.527955151757,-318.439995518052,1294.3035763802066,,1353.0,-318.03058585867564,1294.4597764747919,none,0.0,success,105.0,0.005,"(1353, -123, 490)",1353.0,-123.0,490.0,,,,
2529,realistic,3,x0y0,utah,10.031,12.3,Aa,saline,93.61540533215118,12.3,,b,-1,0.08,soma,74.76222051799998,1647.4917227180356,1118.4752156049035,-156.51503636353073,,1647.0,1118.736348038482,-156.8922480573429,central,5.31000000000013,success,68.39599609375,0.005,"(1647, 298, -105)",1647.0,298.0,-105.0,1647.0,,298.0,-105.0
2530,realistic,3,x0y0,utah,9.248000000000001,11.4,Aa,saline,108.10839201841877,11.4,,b,-1,0.08,soma,72.25941991399999,1697.677393574116,238.28365702324027,-99.30629573768007,,1698.0,238.48378931412867,-99.20711385463568,none,0.0,success,105.0,0.005,"(1698, -542, 156)",1698.0,-542.0,156.0,,,,
2531,realistic,3,x0y0,utah,11.336,13.8,Aa,saline,50.975473024360895,13.8,,b,-1,0.08,soma,78.93355485800001,1801.9826606876004,967.7908555325432,790.278533454682,,1802.0,967.5282393845903,790.1667297470415,central,5.330000000000133,success,73.2666015625,0.005,"(1802, 327, 271)",1802.0,327.0,271.0,1802.0,,327.0,271.0
2532,realistic,3,x0y0,utah,10.727,13.1,Aa,saline,53.73870089725728,13.1,,b,-1,0.08,soma,76.986932166,-298.2753921817987,1071.6970711025733,971.4520049535877,,-298.0,1071.982781702723,971.0963851880946,periphery,5.130000000000102,success,105.0,0.005,"(-298, 408, 484)",-298.0,408.0,484.0,-298.0,,408.0,484.0
2533,realistic,3,x0y0,utah,12.728,15.4,Aa,saline,191.8817970936749,15.4,,b,-1,0.08,soma,83.382978154,-842.2839657742378,-273.5132506428868,-1360.4207966576582,,-842.0,-273.2157776009543,-1360.0002912107525,none,0.0,success,105.0,0.005,"(-842, -103, -551)",-842.0,-103.0,-551.0,,,,
2534,realistic,3,x0y0,utah,14.467999999999998,17.4,Aa,saline,108.17746016073515,17.4,,b,-1,0.08,soma,88.944757274,-231.231009319113,1306.527684307348,-554.7588652023957,,-231.0,1306.0817069430138,-554.7953821347442,periphery,5.170000000000108,success,44.72808837890625,0.005,"(-231, 518, -296)",-231.0,518.0,-296.0,-231.0,,518.0,-296.0
2535,realistic,3,x0y0,utah,12.293000000000001,14.9,Aa,saline,192.56804448605155,14.9,,b,-1,0.08,soma,81.99253337399999,-1605.5458537191391,-38.50174648853954,-109.18060752744715,,-1606.0,-38.73678763109123,-109.17235628651224,none,0.0,success,105.0,0.005,"(-1606, 141, 697)",-1606.0,141.0,697.0,,,,
2536,realistic,3,x0y0,utah,12.206000000000001,14.8,Aa,saline,-2.7114855398358677,14.8,,b,-1,0.08,soma,81.714444418,-917.206224728302,32.217351641279485,1213.980007556449,,-917.0,31.936953389514294,1213.9487792645702,none,0.0,success,105.0,0.005,"(-917, 71, 389)",-917.0,71.0,389.0,,,,
2537,realistic,3,x0y0,utah,12.728,15.4,Aa,saline,144.90903129244447,15.4,,b,-1,0.08,soma,83.382978154,-1133.286847877285,633.1653013364847,-1002.2718520588098,,-1133.0,633.2649370703674,-1002.3989763628016,none,0.0,success,105.0,0.005,"(-1133, 158, -326)",-1133.0,158.0,-326.0,,,,
2538,realistic,3,x0y0,utah,11.771,14.3,Aa,saline,112.21445438723288,14.3,,b,-1,0.08,soma,80.323999638,1487.6791858470374,885.3227037374786,-288.89937505178614,,1488.0,884.9349794324304,-288.993752131564,none,0.0,success,105.0,0.005,"(1488, 121, 23)",1488.0,121.0,23.0,,,,
2539,realistic,3,x0y0,utah,9.422,11.6,Aa,saline,207.90359570817856,11.6,,b,-1,0.08,soma,72.815597826,-651.3426192267673,-544.5578331221668,-1270.079352649398,,-651.0,-544.4188498912841,-1269.8780718994185,none,0.0,success,105.0,0.005,"(-651, -160, -544)",-651.0,-160.0,-544.0,,,,
2540,realistic,3,x0y0,utah,7.769,9.7,Aa,saline,202.36947093967083,9.7,,b,-1,0.08,soma,67.531907662,1795.2885504862838,-439.7172967033425,-1031.8391618054427,,1795.0,-439.62232202807866,-1032.1128775075258,none,0.0,success,105.0,0.005,"(1795, -128, -275)",1795.0,-128.0,-275.0,,,,
2541,realistic,3,x0y0,utah,12.467,15.1,Aa,saline,200.489441568662,15.1,,b,-1,0.08,soma,82.548711286,-1173.4890328046968,-636.2088947891342,-1127.198250210679,,-1173.0,-636.1960244750501,-1126.9711889307982,none,0.0,success,105.0,0.005,"(-1173, -347, -353)",-1173.0,-347.0,-353.0,,,,
2542,realistic,3,x0y0,utah,12.988999999999999,15.7,Aa,saline,296.0488600334545,15.7,,b,-1,0.08,soma,84.217245022,-196.34179479112282,-145.43802294720038,68.53440668639814,,-196.0,-145.07438646388266,68.18339614458023,periphery,5.160000000000107,success,45.59326171875,0.005,"(-196, 598, -295)",-196.0,598.0,-295.0,-196.0,,598.0,-295.0
2543,realistic,3,x0y0,utah,15.338,18.4,Aa,saline,85.7689735119602,18.4,,b,-1,0.08,soma,91.725646834,1963.1042906778293,201.8247618235455,20.160580577205568,,1963.0,201.61949379377438,20.317676368174624,none,0.0,success,105.0,0.005,"(1963, -627, -41)",1963.0,-627.0,-41.0,,,,
2544,realistic,3,x0y0,utah,10.031,12.3,Aa,saline,111.9875688387014,12.3,,b,-1,0.08,soma,74.76222051799998,268.1142087394555,1015.9381165720587,-584.8858160345244,,268.0,1015.5940035431709,-584.8994876809697,tjn,5.135000000000103,success,105.0,0.005,"(268, 253, -277)",268.0,253.0,-277.0,268.0,,253.0,-277.0
2545,realistic,3,x0y0,utah,13.772000000000002,16.6,Aa,saline,166.52466749310454,16.6,,b,-1,0.08,soma,86.720045626,-1960.5515671406315,147.6107588028517,-1033.6511643017157,,-1961.0,148.00788531542906,-1033.5801221856427,none,0.0,success,105.0,0.005,"(-1961, -45, -228)",-1961.0,-45.0,-228.0,,,,
2546,realistic,3,x0y0,utah,10.466000000000001,12.8,Aa,saline,201.8407660829308,12.8,,b,-1,0.08,soma,76.152665298,-142.85993007731145,-444.5247600776484,-1126.3127147937714,,-143.0,-444.18439574542805,-1125.9794519648021,none,0.0,success,105.0,0.005,"(-143, -138, -362)",-143.0,-138.0,-362.0,,,,
2547,realistic,3,x0y0,utah,10.814,13.2,Aa,saline,49.891043215458325,13.2,,b,-1,0.08,soma,77.26502112200002,-920.8069034624364,943.6956781329367,907.7642985959495,,-921.0,943.914144077053,907.5840633033963,periphery,5.275000000000125,success,96.0205078125,0.005,"(-921, 314, 377)",-921.0,314.0,377.0,-921.0,,314.0,377.0
2548,realistic,3,x0y0,utah,14.816,17.8,Aa,saline,47.53366373252985,17.8,,b,-1,0.08,soma,90.05711309799999,673.1406336600437,395.30426988768164,425.7545031446016,,673.0,395.3120661661975,425.4352813818849,none,0.0,success,105.0,0.005,"(673, -217, -135)",673.0,-217.0,-135.0,,,,
2549,realistic,3,x0y0,utah,11.945,14.5,Aa,saline,227.65424475775643,14.5,,b,-1,0.08,soma,80.88017755,1272.6757200949091,-632.9004466999227,-508.1110948603782,,1273.0,-633.0827696136026,-508.0164437988401,none,0.0,success,105.0,0.005,"(1273, -23, 48)",1273.0,-23.0,48.0,,,,
2550,realistic,3,x0y0,utah,9.77,12.0,Aa,saline,64.7907982283608,12.0,,b,-1,0.08,soma,73.92795365,667.3244377618954,896.6927820845648,529.6696142899218,,667.0,896.7130062312602,530.0744577297676,none,0.0,success,105.0,0.005,"(667, 153, 180)",667.0,153.0,180.0,,,,
2551,realistic,3,x0y0,utah,11.161999999999999,13.6,Aa,saline,14.837102862147136,13.6,,b,-1,0.08,soma,78.377376946,-240.42224347792308,603.0059934538449,1326.3177395522325,,-240.0,603.0747231179354,1326.7432051468495,periphery,5.135000000000103,success,105.0,0.005,"(-240, 392, 530)",-240.0,392.0,530.0,-240.0,,392.0,530.0
2552,realistic,3,x0y0,utah,9.161000000000001,11.3,Aa,saline,206.46489321320084,11.3,,b,-1,0.08,soma,71.981330958,-1719.6502047510794,-564.8808466773685,-1144.192271645777,,-1720.0,-564.8334405374425,-1143.9508437368008,none,0.0,success,105.0,0.005,"(-1720, -199, -409)",-1720.0,-199.0,-409.0,,,,
2553,realistic,3,x0y0,utah,12.467,15.1,Aa,saline,70.4846292598483,15.1,,b,-1,0.08,soma,82.548711286,276.2911202246068,1413.8367044466495,282.93599964801524,,276.0,1413.846207629092,283.05826222032636,central,5.155000000000106,success,4.3811798095703125,0.005,"(276, 635, 7)",276.0,635.0,7.0,276.0,,635.0,7.0
2554,realistic,3,x0y0,utah,11.423,13.9,Aa,saline,168.0506510422311,13.9,,b,-1,0.08,soma,79.211643814,-1671.0001721566089,297.97119901087035,-1051.34506857616,,-1671.0,297.693405134749,-1051.7118755716183,none,0.0,success,105.0,0.005,"(-1671, 127, -245)",-1671.0,127.0,-245.0,,,,
2555,realistic,3,x0y0,utah,14.816,17.8,Aa,saline,57.052609139701566,17.8,,b,-1,0.08,soma,90.05711309799999,-119.39756592759542,388.8312315191838,241.8026918980595,,-119.0,388.5599646559209,241.45253190700123,none,0.0,success,105.0,0.005,"(-119, -308, -210)",-119.0,-308.0,-210.0,,,,
2556,realistic,3,x0y0,utah,9.596,11.8,Aa,saline,135.23262801231905,11.8,,b,-1,0.08,soma,73.371775738,1860.916311387688,967.1889876340407,-783.9776619696249,,1861.0,967.63120223735,-784.3969803869901,central,5.305000000000129,success,55.3955078125,0.005,"(1861, 389, -201)",1861.0,389.0,-201.0,1861.0,,389.0,-201.0
2557,realistic,3,x0y0,utah,9.422,11.6,Aa,saline,-7.988720192315545,11.6,,b,-1,0.08,soma,72.815597826,168.73663171913722,-124.33516908637466,1360.4764467110272,,169.0,-124.17568404890706,1360.440143263544,none,0.0,success,105.0,0.005,"(169, -10, 547)",169.0,-10.0,547.0,,,,
2558,realistic,3,x0y0,utah,13.163,15.9,Aa,saline,42.72800239253157,15.9,,b,-1,0.08,soma,84.773422934,1365.9482101364626,571.8472909807015,734.5614430665745,,1366.0,571.3818837303596,734.7982782436584,none,0.0,success,105.0,0.005,"(1366, 10, 127)",1366.0,10.0,127.0,,,,
2559,realistic,3,x0y0,utah,11.858,14.4,Aa,saline,43.99950971265525,14.4,,b,-1,0.08,soma,80.60208859400001,-1085.718441845188,254.8487715183828,309.0836208779042,,-1086.0,255.33663547312608,308.6390411628323,none,0.0,success,105.0,0.005,"(-1086, -318, -285)",-1086.0,-318.0,-285.0,,,,
2560,realistic,3,x0y0,utah,12.119,14.7,Aa,saline,34.76123756072846,14.7,,b,-1,0.08,soma,81.436355462,796.5077944220609,852.2746534628512,1115.2661218176672,,797.0,851.8245049422163,1115.3274830060168,central,5.290000000000127,success,91.845703125,0.005,"(797, 381, 437)",797.0,381.0,437.0,797.0,,381.0,437.0
2561,realistic,3,x0y0,utah,11.858,14.4,Aa,saline,109.8388969251618,14.4,,b,-1,0.08,soma,80.60208859400001,-137.6190194824467,1288.906195945262,-616.8633484426099,,-138.0,1289.3606923701882,-617.1071744344018,periphery,5.18000000000011,success,53.02734375,0.005,"(-138, 513, -337)",-138.0,513.0,-337.0,-138.0,,513.0,-337.0
2562,realistic,3,x0y0,utah,11.858,14.4,Aa,saline,155.7199072273614,14.4,,b,-1,0.08,soma,80.60208859400001,-1256.1154122055914,659.8826568769862,-1148.1500155078634,,-1256.0,660.3637894149265,-1148.2619018767157,periphery,5.290000000000127,success,91.1865234375,0.005,"(-1256, 321, -396)",-1256.0,321.0,-396.0,-1256.0,,321.0,-396.0
2563,realistic,3,x0y0,utah,10.901,13.3,Aa,saline,54.607682610449714,13.3,,b,-1,0.08,soma,77.54311007800001,-984.0114271043776,1060.1053470400389,727.9086966035776,,-984.0,1060.5385716677931,728.1284846785891,periphery,5.240000000000119,success,55.615234375,0.005,"(-984, 389, 251)",-984.0,389.0,251.0,-984.0,,389.0,251.0
2564,realistic,3,x0y0,utah,13.772000000000002,16.6,Aa,saline,14.335221794356453,16.6,,b,-1,0.08,soma,86.720045626,-1774.5805971698487,232.4916469330351,1120.386606073048,,-1775.0,232.10194164849884,1120.598026103516,none,0.0,success,105.0,0.005,"(-1775, 27, 318)",-1775.0,27.0,318.0,,,,
2565,realistic,3,x0y0,utah,10.988,13.4,Aa,saline,87.53440783556948,13.4,,b,-1,0.08,soma,77.821199034,722.4827283748372,1271.1115856183314,80.81869902585096,,722.0,1271.1690799774349,80.428155779231,central,5.250000000000121,success,30.615234375,0.005,"(722, 448, 45)",722.0,448.0,45.0,722.0,,448.0,45.0
2566,realistic,3,x0y0,utah,10.379,12.7,Aa,saline,-23.877309917870463,12.7,,b,-1,0.08,soma,75.874576342,417.9464507213415,-573.5820363397303,1328.15027615091,,418.0,-573.1250142516209,1328.4938563035626,none,0.0,success,105.0,0.005,"(418, -240, 576)",418.0,-240.0,576.0,,,,
2567,realistic,3,x0y0,utah,11.248999999999999,13.7,Aa,saline,116.7423464019648,13.7,,b,-1,0.08,soma,78.655465902,795.3314849942618,1064.016299462658,-364.70629560741827,,795.0,1064.1246655252432,-364.94747982795013,central,5.300000000000129,success,53.9306640625,0.005,"(795, 328, 6)",795.0,328.0,6.0,795.0,,328.0,6.0
2568,realistic,3,x0y0,utah,10.205,12.5,Aa,saline,202.18378173437168,12.5,,b,-1,0.08,soma,75.31839843,-1055.0520487681786,-520.868976764204,-1288.3091613467461,,-1055.0,-520.636113623584,-1288.7824184730903,none,0.0,success,105.0,0.005,"(-1055, -210, -527)",-1055.0,-210.0,-527.0,,,,
2569,realistic,3,x0y0,utah,12.467,15.1,Aa,saline,147.42377281466077,15.1,,b,-1,0.08,soma,82.548711286,235.2014410388284,773.1155166837497,-1233.0480538984493,,235.0,772.8661130781913,-1233.3013995003562,none,0.0,success,105.0,0.005,"(235, 328, -537)",235.0,328.0,-537.0,,,,
2570,realistic,3,x0y0,utah,12.467,15.1,Aa,saline,79.65552844260958,15.1,,b,-1,0.08,soma,82.548711286,1715.0243489234065,690.2613348858839,166.14782511600652,,1715.0,689.8060836460193,166.39887427348285,none,0.0,success,105.0,0.005,"(1715, -123, 18)",1715.0,-123.0,18.0,,,,
2571,realistic,3,x0y0,utah,10.901,13.3,Aa,saline,44.46507706226672,13.3,,b,-1,0.08,soma,77.54311007800001,839.9471407266713,428.74529355658063,434.8874334688408,,840.0,429.05197430481974,434.9257588313345,none,0.0,success,105.0,0.005,"(840, -148, -153)",840.0,-148.0,-153.0,,,,
2572,realistic,3,x0y0,utah,11.858,14.4,Aa,saline,76.42179299818112,14.4,,b,-1,0.08,soma,80.60208859400001,1642.1970044303018,1013.5919619770148,158.52108136963258,,1642.0,1013.2751451611139,158.78068520093566,central,5.330000000000133,success,86.077880859375,0.005,"(1642, 211, -35)",1642.0,211.0,-35.0,1642.0,,211.0,-35.0
2573,realistic,3,x0y0,utah,10.901,13.3,Aa,saline,133.78839586690245,13.3,,b,-1,0.08,soma,77.54311007800001,1458.5350393300882,921.3426970198068,-858.1243818243207,,1459.0,921.6806855826543,-858.0499160869882,central,5.255000000000122,success,76.025390625,0.005,"(1459, 327, -288)",1459.0,327.0,-288.0,1459.0,,327.0,-288.0
2574,realistic,3,x0y0,utah,10.988,13.4,Aa,saline,126.49560942197776,13.4,,b,-1,0.08,soma,77.821199034,295.1985209783716,1047.9485311768012,-999.6890101343823,,295.0,1048.3417309517163,-1000.0620245927116,none,0.0,success,105.0,0.005,"(295, 386, -510)",295.0,386.0,-510.0,,,,
2575,realistic,3,x0y0,utah,13.076,15.8,Aa,saline,100.55338776444205,15.8,,b,-1,0.08,soma,84.495333978,-439.86259562004415,189.36782170245945,-19.15344965779468,,-440.0,189.26718141688605,-19.55177259238485,none,0.0,success,105.0,0.005,"(-440, -624, 132)",-440.0,-624.0,132.0,,,,
2576,realistic,3,x0y0,utah,13.685,16.5,Aa,saline,57.847718389102795,16.5,,b,-1,0.08,soma,86.44195667,32.86955229583265,446.36273677306235,323.6807066245856,,33.0,446.1718802584112,323.77920466988706,none,0.0,success,105.0,0.005,"(33, -255, -117)",33.0,-255.0,-117.0,,,,
2577,realistic,3,x0y0,utah,9.683,11.9,Aa,saline,56.975536943406716,11.9,,b,-1,0.08,soma,73.649864694,909.4441579688614,967.2866605180948,627.4547741219885,,909.0,967.0180232797251,627.8945881291152,central,5.290000000000127,success,75.29296875,0.005,"(909, 278, 180)",909.0,278.0,180.0,909.0,,278.0,180.0
2578,realistic,3,x0y0,utah,10.814,13.2,Aa,saline,82.77307535879416,13.2,,b,-1,0.08,soma,77.26502112200002,-243.20502794431385,1260.716716270529,179.79357354164858,,-243.0,1261.1258137275684,179.61296982857382,tjn,5.135000000000103,success,19.88525390625,0.005,"(-243, 444, 76)",-243.0,444.0,76.0,-243.0,,444.0,76.0
2579,realistic,3,x0y0,utah,10.901,13.3,Aa,saline,121.87812276804232,13.3,,b,-1,0.08,soma,77.54311007800001,-37.17175196303546,832.7419905670122,-624.2550989413477,,-37.0,832.546804539119,-624.0337582160961,none,0.0,success,105.0,0.005,"(-37, 133, -189)",-37.0,133.0,-189.0,,,,
2580,realistic,3,x0y0,utah,10.379,12.7,Aa,saline,204.46127104387497,12.7,,b,-1,0.08,soma,75.874576342,-82.3239968899483,-644.3810151942798,-1132.639442532817,,-82.0,-644.7783310316113,-1133.0375196932443,none,0.0,success,105.0,0.005,"(-82, -304, -384)",-82.0,-304.0,-384.0,,,,
2581,realistic,3,x0y0,utah,12.119,14.7,Aa,saline,86.42750964250178,14.7,,b,-1,0.08,soma,81.436355462,-407.743608987255,1438.2547525921302,-129.1513305766466,,-408.0,1438.1493131933112,-129.5577575273587,periphery,5.1650000000001075,success,24.13330078125,0.005,"(-408, 614, -181)",-408.0,614.0,-181.0,-408.0,,614.0,-181.0
2582,realistic,3,x0y0,utah,13.163,15.9,Aa,saline,123.53786404902785,15.9,,b,-1,0.08,soma,84.773422934,13.134995493562894,145.51240743236303,-104.60047506990077,,13.0,145.62682400774463,-104.1311580855176,none,0.0,success,105.0,0.005,"(13, -544, 353)",13.0,-544.0,353.0,,,,
2583,realistic,3,x0y0,utah,9.596,11.8,Aa,saline,166.22759914015012,11.8,,b,-1,0.08,soma,73.371775738,532.5531137982207,359.849303815839,-1170.9394942618574,,533.0,359.64340990160895,-1171.021334298373,none,0.0,success,105.0,0.005,"(533, 164, -373)",533.0,164.0,-373.0,,,,
2584,realistic,3,x0y0,utah,13.511000000000001,16.3,Aa,saline,67.35125346510371,16.3,,b,-1,0.08,soma,85.885778758,-1399.0098707191275,1162.361727876534,672.7712482649912,,-1399.0,1162.1084926078793,672.8408066998529,periphery,5.270000000000124,success,74.1455078125,0.005,"(-1399, 398, 354)",-1399.0,398.0,354.0,-1399.0,,398.0,354.0
2585,realistic,3,x0y0,utah,14.729,17.7,Aa,saline,-6.213433381156582,17.7,,b,-1,0.08,soma,89.77902414200001,-1483.789267832834,-337.6323683472515,1250.226424754379,,-1484.0,-337.7940452060822,1249.9931639497813,none,0.0,success,105.0,0.005,"(-1484, -248, 425)",-1484.0,-248.0,425.0,,,,
2586,realistic,3,x0y0,utah,13.424,16.2,Aa,saline,95.63087723189956,16.2,,b,-1,0.08,soma,85.607689802,-805.3429119264113,56.363902737110045,-1.4665431264779727,,-805.0,56.83038644547537,-1.207557184788115,none,0.0,success,105.0,0.005,"(-805, -767, 80)",-805.0,-767.0,80.0,,,,
2587,realistic,3,x0y0,utah,11.684,14.2,Aa,saline,100.68130057803872,14.2,,b,-1,0.08,soma,80.045910682,1216.4254353624694,1317.8849783416506,-312.90724046606016,,1216.0,1317.7500582136008,-312.87675362468735,central,5.215000000000115,success,23.84033203125,0.005,"(1216, 507, -160)",1216.0,507.0,-160.0,1216.0,,507.0,-160.0
2588,realistic,3,x0y0,utah,11.945,14.5,Aa,saline,134.58771705273577,14.5,,b,-1,0.08,soma,80.88017755,-1672.0822150218094,968.1638930987292,-819.9537390985615,,-1672.0,967.8784312255551,-819.45894232005,periphery,5.275000000000125,success,58.8134765625,0.005,"(-1672, 380, -240)",-1672.0,380.0,-240.0,-1672.0,,380.0,-240.0
2589,realistic,3,x0y0,utah,9.161000000000001,11.3,Aa,saline,4.997041714428523,11.3,,b,-1,0.08,soma,71.981330958,-1546.9338690469956,74.85511970683366,1159.8200496484915,,-1547.0,74.50828696322091,1159.87090095018,none,0.0,success,105.0,0.005,"(-1547, 3, 342)",-1547.0,3.0,342.0,,,,
2590,realistic,3,x0y0,utah,10.292,12.6,Aa,saline,36.927340043705705,12.6,,b,-1,0.08,soma,75.596487386,-1063.4001364549094,928.0049199985235,1014.8880384411444,,-1063.0,928.3371848107545,1014.7449160081844,periphery,5.265000000000123,success,68.39599609375,0.005,"(-1063, 434, 357)",-1063.0,434.0,357.0,-1063.0,,434.0,357.0
2591,realistic,3,x0y0,utah,15.512000000000002,18.6,Aa,saline,303.6495410439398,18.6,,b,-1,0.08,soma,92.281824746,54.71964941332064,-116.26329575408457,92.11610098434448,,55.0,-115.84169545928546,92.53517954587943,periphery,5.2350000000001184,success,62.79296875,0.005,"(55, 576, -368)",55.0,576.0,-368.0,55.0,,576.0,-368.0
2592,realistic,3,x0y0,utah,10.292,12.6,Aa,saline,77.69239542956826,12.6,,b,-1,0.08,soma,75.596487386,1047.5787453724072,1364.237231945256,289.4451008936481,,1048.0,1363.8738840880612,289.42058555534766,central,5.185000000000111,success,14.410400390625,0.005,"(1048, 560, 114)",1048.0,560.0,114.0,1048.0,,560.0,114.0
2593,realistic,3,x0y0,utah,12.728,15.4,Aa,saline,188.20670461266158,15.4,,b,-1,0.08,soma,83.382978154,-598.1368752227011,-117.69115912576308,-1410.844012400584,,-598.0,-117.96887549128793,-1411.2592358884149,none,0.0,success,105.0,0.005,"(-598, 0, -593)",-598.0,0.0,-593.0,,,,
2594,realistic,3,x0y0,utah,14.12,17.0,Aa,saline,58.579086483693764,17.0,,b,-1,0.08,soma,87.83240144999998,23.442952022288075,1224.0962830865444,737.6726874328333,,23.0,1224.3970856987153,738.1140154379427,periphery,5.160000000000107,success,43.890380859375,0.005,"(23, 517, 306)",23.0,517.0,306.0,23.0,,517.0,306.0
2595,realistic,3,x0y0,utah,10.292,12.6,Aa,saline,-23.09168055474671,12.6,,b,-1,0.08,soma,75.596487386,484.4076987633689,-383.01027068635625,1383.7833007079553,,484.0,-382.7014711763947,1383.892104373191,none,0.0,success,105.0,0.005,"(484, -60, 627)",484.0,-60.0,627.0,,,,
2596,realistic,3,x0y0,utah,13.946,16.8,Aa,saline,155.18358501245902,16.8,,b,-1,0.08,soma,87.27622353800001,1352.0230333748386,594.5131907596565,-1095.2103132714176,,1352.0,594.7794155094494,-1095.1548140527216,central,5.385000000000142,success,91.845703125,0.005,"(1352, 247, -343)",1352.0,247.0,-343.0,1352.0,,247.0,-343.0
2597,realistic,3,x0y0,utah,12.641,15.3,Aa,saline,200.48332966504384,15.3,,b,-1,0.08,soma,83.104889198,385.2582620636094,-600.7607559302469,-1289.9789481881267,,385.0,-601.2107003651902,-1290.3143301003433,none,0.0,success,105.0,0.005,"(385, -312, -516)",385.0,-312.0,-516.0,,,,
2598,realistic,3,x0y0,utah,10.901,13.3,Aa,saline,33.34776116981394,13.3,,b,-1,0.08,soma,77.54311007800001,1644.5043373067974,641.5184946674945,748.7175623509943,,1645.0,641.8272238049385,749.096379924077,central,5.305000000000129,success,88.22021484375,0.005,"(1645, 189, 61)",1645.0,189.0,61.0,1645.0,,189.0,61.0
2599,realistic,3,x0y0,utah,11.336,13.8,Aa,saline,-22.461721376651763,13.8,,b,-1,0.08,soma,78.93355485800001,-1973.9113274009906,-430.26330136934615,980.8404539984152,,-1974.0,-430.02875565562096,980.8897490221391,none,0.0,success,105.0,0.005,"(-1974, -115, 219)",-1974.0,-115.0,219.0,,,,
2600,realistic,3,x0y0,utah,13.076,15.8,Aa,saline,-21.162609030532728,15.8,,b,-1,0.08,soma,84.495333978,-1798.8670848930785,-497.45097695966524,940.3653979299788,,-1799.0,-497.6364077830291,940.4911742339416,none,0.0,success,105.0,0.005,"(-1799, -199, 169)",-1799.0,-199.0,169.0,,,,
2601,realistic,3,x0y0,utah,12.206000000000001,14.8,Aa,saline,89.74172943917351,14.8,,b,-1,0.08,soma,81.714444418,-749.4034156257737,1419.7772964874716,-118.45548058095436,,-749.0,1419.8572222090002,-118.2836425000595,periphery,5.1650000000001075,success,20.4437255859375,0.005,"(-749, 594, -122)",-749.0,594.0,-122.0,-749.0,,594.0,-122.0
2602,realistic,3,x0y0,utah,11.161999999999999,13.6,Aa,saline,-2.780990926731678,13.6,,b,-1,0.08,soma,78.377376946,-1795.945026518908,-160.28436916066812,1102.208333965983,,-1796.0,-159.97315139094053,1102.1996620468326,none,0.0,success,105.0,0.005,"(-1796, -120, 279)",-1796.0,-120.0,279.0,,,,
2603,realistic,3,x0y0,utah,10.901,13.3,Aa,saline,32.28041469970539,13.3,,b,-1,0.08,soma,77.54311007800001,1755.4995120217663,529.1120838727079,927.580114018118,,1755.0,528.9763875463301,927.4164726299709,none,0.0,success,105.0,0.005,"(1755, 89, 231)",1755.0,89.0,231.0,,,,
2604,realistic,3,x0y0,utah,13.859,16.7,Aa,saline,194.65034777708007,16.7,,b,-1,0.08,soma,86.998134582,-268.7736711315696,-385.3247966895101,-1236.9279113074494,,-269.0,-385.52741411789395,-1236.5728476040429,none,0.0,success,105.0,0.005,"(-269, -176, -435)",-269.0,-176.0,-435.0,,,,
2605,realistic,3,x0y0,utah,11.161999999999999,13.6,Aa,saline,106.27326008748702,13.6,,b,-1,0.08,soma,78.377376946,786.7296749599867,242.1277030641636,-59.66913819426509,,787.0,242.13872206523297,-59.937670510134694,none,0.0,success,105.0,0.005,"(787, -549, 171)",787.0,-549.0,171.0,,,,
2606,realistic,3,x0y0,utah,12.728,15.4,Aa,saline,123.21284503451945,15.4,,b,-1,0.08,soma,83.382978154,1064.8729333949366,1071.6601123631115,-713.6505393693888,,1065.0,1071.6100997618184,-713.8615977163806,central,5.290000000000127,success,56.396484375,0.005,"(1065, 380, -261)",1065.0,380.0,-261.0,1065.0,,380.0,-261.0
2607,realistic,3,x0y0,utah,12.902,15.6,Aa,saline,-24.37948481146688,15.6,,b,-1,0.08,soma,83.93915606600001,-1428.7407455733392,-571.4661204825306,1001.5905235115351,,-1429.0,-571.3730418120225,1001.2038916724567,none,0.0,success,105.0,0.005,"(-1429, -230, 248)",-1429.0,-230.0,248.0,,,,
2608,realistic,3,x0y0,utah,9.857,12.1,Aa,saline,198.9386132577889,12.1,,b,-1,0.08,soma,74.206042606,1621.9623171670667,-629.4356539588889,-1139.945982520619,,1622.0,-629.8546407149538,-1139.627247850508,none,0.0,success,105.0,0.005,"(1622, -363, -362)",1622.0,-363.0,-362.0,,,,
2609,realistic,3,x0y0,utah,10.553,12.9,Aa,saline,202.90213262405368,12.9,,b,-1,0.08,soma,76.430754254,1346.4884033281849,-397.39564755945963,-1250.502071753982,,1346.0,-397.3954247778285,-1250.3460054093925,none,0.0,success,105.0,0.005,"(1346, -77, -492)",1346.0,-77.0,-492.0,,,,
2610,realistic,3,x0y0,utah,11.858,14.4,Aa,saline,77.95809747589021,14.4,,b,-1,0.08,soma,80.60208859400001,-1094.4477466015162,1141.9203791406235,355.90921692248907,,-1094.0,1142.1444213224663,356.15779784035425,periphery,5.240000000000119,success,57.6416015625,0.005,"(-1094, 335, 184)",-1094.0,335.0,184.0,-1094.0,,335.0,184.0
2611,realistic,3,x0y0,utah,11.945,14.5,Aa,saline,50.30021854892599,14.5,,b,-1,0.08,soma,80.88017755,-9.257681729597067,1038.204964347386,919.2226133774676,,-9.0,1038.093604303485,919.2911287094702,periphery,5.185000000000111,success,73.81591796875,0.005,"(-9, 403, 392)",-9.0,403.0,392.0,-9.0,,403.0,392.0
2612,realistic,3,x0y0,utah,14.729,17.7,Aa,saline,25.05689586398625,17.7,,b,-1,0.08,soma,89.77902414200001,-344.52667169274577,511.4451604224719,1255.8672844172124,,-345.0,511.4582083620686,1255.796908985119,none,0.0,success,105.0,0.005,"(-345, 160, 504)",-345.0,160.0,504.0,,,,
2613,realistic,3,x0y0,utah,9.943999999999999,12.2,Aa,saline,21.00473888962334,12.2,,b,-1,0.08,soma,74.484131562,355.7962154403107,439.69968719347435,1312.0503468266515,,356.0,439.6915563759105,1311.6451926131417,none,0.0,success,105.0,0.005,"(356, 145, 544)",356.0,145.0,544.0,,,,
2614,realistic,3,x0y0,utah,13.25,16.0,Aa,saline,38.72479582021996,16.0,,b,-1,0.08,soma,85.05151189,-449.38714016025534,757.9052495264027,1227.0335686611725,,-449.0,757.7001129191922,1226.6355947882892,none,0.0,success,105.0,0.005,"(-449, 240, 581)",-449.0,240.0,581.0,,,,
2615,realistic,3,x0y0,utah,10.205,12.5,Aa,saline,149.50889884342774,12.5,,b,-1,0.08,soma,75.31839843,1156.168960896047,703.2127437770291,-1021.4339999539324,,1156.0,703.4172776816911,-1021.8854319635657,central,5.2800000000001255,success,85.14404296875,0.005,"(1156, 286, -313)",1156.0,286.0,-313.0,1156.0,,286.0,-313.0
2616,realistic,3,x0y0,utah,9.074,11.2,Aa,saline,-13.316935202276044,11.2,,b,-1,0.08,soma,71.703242002,1919.078242293077,-265.45770867776537,1011.154185711056,,1919.0,-265.04212831653035,1010.7707123960733,none,0.0,success,105.0,0.005,"(1919, -76, 212)",1919.0,-76.0,212.0,,,,
2617,realistic,3,x0y0,utah,13.597999999999999,16.4,Aa,saline,317.1088969627583,16.4,,b,-1,0.08,soma,86.16386771399998,-1728.9226440921036,-96.03920443779587,108.26075164294343,,-1729.0,-95.59256418307427,108.65282474363835,none,0.0,success,105.0,0.005,"(-1729, 468, -498)",-1729.0,468.0,-498.0,,,,
2618,realistic,3,x0y0,utah,11.51,14.0,Aa,saline,77.06269033061214,14.0,,b,-1,0.08,soma,79.48973277,-266.7503577080614,1437.7557746799155,96.9464810783602,,-267.0,1437.7963467788213,96.66037558360154,periphery,5.1200000000001005,success,12.92724609375,0.005,"(-267, 634, -88)",-267.0,634.0,-88.0,-267.0,,634.0,-88.0
2619,realistic,3,x0y0,utah,10.988,13.4,Aa,saline,10.434325400550518,13.4,,b,-1,0.08,soma,77.821199034,-488.2037008071698,54.87670417347636,1388.8438083507917,,-488.0,55.210209572528726,1389.3160746249696,none,0.0,success,105.0,0.005,"(-488, -94, 579)",-488.0,-94.0,579.0,,,,
2620,realistic,3,x0y0,utah,11.771,14.3,Aa,saline,125.796806469792,14.3,,b,-1,0.08,soma,80.323999638,1821.5384430420777,710.5966129715175,-607.7567253116285,,1822.0,710.2888980531911,-607.6372536941333,none,0.0,success,105.0,0.005,"(1822, 41, -125)",1822.0,41.0,-125.0,,,,
2621,realistic,3,x0y0,utah,11.161999999999999,13.6,Aa,saline,189.62792508315238,13.6,,b,-1,0.08,soma,78.377376946,-580.5080351931747,-68.43635635339659,-1254.5515987910132,,-581.0,-68.80434871268565,-1254.5676279655308,none,0.0,success,105.0,0.005,"(-581, 69, -442)",-581.0,69.0,-442.0,,,,
2622,realistic,3,x0y0,utah,11.423,13.9,Aa,saline,73.62930309875,13.9,,b,-1,0.08,soma,79.211643814,1742.1830568972046,1009.746598680582,288.85862770858057,,1742.0,1010.2092861197668,288.4563811955834,central,5.315000000000131,success,81.77490234375,0.005,"(1742, 219, 56)",1742.0,219.0,56.0,1742.0,,219.0,56.0
2623,realistic,3,x0y0,utah,12.38,15.0,Aa,saline,117.29371084545087,15.0,,b,-1,0.08,soma,82.27062233000002,342.65799213082767,1135.115346651547,-591.4061501768665,,343.0,1135.1864510323358,-591.8656537002691,periphery,5.185000000000111,success,46.47216796875,0.005,"(343, 401, -213)",343.0,401.0,-213.0,343.0,,401.0,-213.0
2624,realistic,3,x0y0,utah,10.901,13.3,Aa,saline,180.9036976602179,13.3,,b,-1,0.08,soma,77.54311007800001,1707.1805803455072,-18.97087929581403,-1265.0741254345226,,1707.0,-19.015590569616208,-1264.6891778834965,none,0.0,success,105.0,0.005,"(1707, -6, -441)",1707.0,-6.0,-441.0,,,,
2625,realistic,3,x0y0,utah,12.032,14.6,Aa,saline,202.0614982929852,14.6,,b,-1,0.08,soma,81.15826650599999,1785.8662360540106,-483.39261143908425,-938.5615077603256,,1786.0,-483.0875224498269,-938.1467406988805,none,0.0,success,105.0,0.005,"(1786, -173, -173)",1786.0,-173.0,-173.0,,,,
2626,realistic,3,x0y0,utah,11.423,13.9,Aa,saline,65.6481090411582,13.9,,b,-1,0.08,soma,79.211643814,-121.60913918567327,290.67156522475034,113.69836682566893,,-122.0,290.21590375727726,113.98498037225625,none,0.0,success,105.0,0.005,"(-122, -461, -226)",-122.0,-461.0,-226.0,,,,
2627,realistic,3,x0y0,utah,9.596,11.8,Aa,saline,89.41188989364572,11.8,,b,-1,0.08,soma,73.371775738,-1284.8864421244675,1269.607480086429,96.73913931497464,,-1285.0,1269.6037192802132,96.4633646450507,periphery,5.170000000000108,success,24.6826171875,0.005,"(-1285, 448, 88)",-1285.0,448.0,88.0,-1285.0,,448.0,88.0
2628,realistic,3,x0y0,utah,11.858,14.4,Aa,saline,123.02441914134698,14.4,,b,-1,0.08,soma,80.60208859400001,-637.4649817866083,418.38297573654023,-240.3546117572473,,-637.0,417.93239553860496,-240.78906914186513,none,0.0,success,105.0,0.005,"(-637, -274, 209)",-637.0,-274.0,209.0,,,,
2629,realistic,3,x0y0,utah,13.685,16.5,Aa,saline,232.3037842459388,16.5,,b,-1,0.08,soma,86.44195667,-9.508146755316636,-145.7716735079175,-76.75077515519342,,-10.0,-145.37126015648562,-76.45712825185262,periphery,5.230000000000118,success,90.07415771484375,0.005,"(-10, 510, 430)",-10.0,510.0,430.0,-10.0,,510.0,430.0
2630,realistic,3,x0y0,utah,12.206000000000001,14.8,Aa,saline,140.73113495312694,14.8,,b,-1,0.08,soma,81.714444418,-1129.7607916004472,513.3956287106998,-857.6417042742032,,-1130.0,513.7676216582971,-857.378661434208,none,0.0,success,105.0,0.005,"(-1130, -9, -218)",-1130.0,-9.0,-218.0,,,,
2631,realistic,3,x0y0,utah,13.076,15.8,Aa,saline,95.25534073776272,15.8,,b,-1,0.08,soma,84.495333978,948.6874711905735,1220.053905673134,-200.0320343835447,,949.0,1219.7732267876463,-199.77588629619243,central,5.260000000000122,success,38.0126953125,0.005,"(949, 396, -124)",949.0,396.0,-124.0,949.0,,396.0,-124.0
2632,realistic,3,x0y0,utah,10.727,13.1,Aa,saline,114.13321546323546,13.1,,b,-1,0.08,soma,76.986932166,-919.1387739038698,1048.0244793734062,-531.1327149344911,,-919.0,1048.5201371473458,-530.7264782813388,periphery,5.270000000000124,success,71.8017578125,0.005,"(-919, 297, -194)",-919.0,297.0,-194.0,-919.0,,297.0,-194.0
2633,realistic,3,x0y0,utah,8.813,10.9,Aa,saline,83.5962391241598,10.9,,b,-1,0.08,soma,70.86897513400001,971.2486213062366,1404.1206903811326,147.2106491234581,,971.0,1404.3477937440848,147.47844536372054,central,5.170000000000108,success,9.1583251953125,0.005,"(971, 589, 56)",971.0,589.0,56.0,971.0,,589.0,56.0
2634,realistic,3,x0y0,utah,11.423,13.9,Aa,saline,23.70848179085135,13.9,,b,-1,0.08,soma,79.211643814,-126.5630227607568,728.5967697561669,1260.0512002208095,,-127.0,728.5740009888048,1260.0090905380493,periphery,5.2100000000001145,success,94.775390625,0.005,"(-127, 397, 505)",-127.0,397.0,505.0,-127.0,,397.0,505.0
2635,realistic,3,x0y0,utah,8.03,10.0,Aa,saline,8.87013611556091,10.0,,b,-1,0.08,soma,68.36617453,-956.3390089887041,287.86547940989067,1382.73769685204,,-956.0,288.318032056263,1382.35289021782,none,0.0,success,105.0,0.005,"(-956, 162, 573)",-956.0,162.0,573.0,,,,
2636,realistic,3,x0y0,utah,11.771,14.3,Aa,saline,201.1903289848813,14.3,,b,-1,0.08,soma,80.323999638,1503.9022657072946,-520.1171823392433,-968.505656215872,,1504.0,-520.2960629345686,-968.3810486312358,none,0.0,success,105.0,0.005,"(1504, -222, -199)",1504.0,-222.0,-199.0,,,,
2637,realistic,3,x0y0,utah,12.032,14.6,Aa,saline,52.75454175111647,14.6,,b,-1,0.08,soma,81.15826650599999,1992.451454167702,840.9400895862923,825.2127323076943,,1992.0,841.1609900693883,825.6404914447157,central,5.340000000000135,success,105.0,0.005,"(1992, 184, 326)",1992.0,184.0,326.0,1992.0,,184.0,326.0
2638,realistic,3,x0y0,utah,11.161999999999999,13.6,Aa,saline,146.0651994625409,13.6,,b,-1,0.08,soma,78.377376946,-177.57579562457542,853.2299053917941,-1159.8561531539933,,-178.0,853.0621259056288,-1159.8293548260483,periphery,5.195000000000112,success,91.845703125,0.005,"(-178, 393, -476)",-178.0,393.0,-476.0,-178.0,,393.0,-476.0
2639,realistic,3,x0y0,utah,11.858,14.4,Aa,saline,-29.4474357449056,14.4,,b,-1,0.08,soma,80.60208859400001,1086.1084693266032,-573.8623566123815,1019.3068564365994,,1086.0,-573.7179933764053,1019.6721493738278,none,0.0,success,105.0,0.005,"(1086, -168, 301)",1086.0,-168.0,301.0,,,,
2640,realistic,3,x0y0,utah,10.901,13.3,Aa,saline,-20.751405766492887,13.3,,b,-1,0.08,soma,77.54311007800001,-904.1616114376443,-552.0972975106415,1036.016564377047,,-904.0,-551.8622619503178,1036.3087811169694,none,0.0,success,105.0,0.005,"(-904, -260, 266)",-904.0,-260.0,266.0,,,,
2641,realistic,3,x0y0,utah,12.293000000000001,14.9,Aa,saline,41.521188356171045,14.9,,b,-1,0.08,soma,81.99253337399999,-412.3286335269352,832.5877408968704,1162.2386740469392,,-412.0,832.5529251868124,1162.423404868557,none,0.0,success,105.0,0.005,"(-412, 285, 544)",-412.0,285.0,544.0,,,,
2642,realistic,3,x0y0,utah,10.553,12.9,Aa,saline,-2.863042900972044,12.9,,b,-1,0.08,soma,76.430754254,-228.1629009145141,91.05584929254385,1338.937876784621,,-228.0,90.9215526813627,1339.2275186744478,none,0.0,success,105.0,0.005,"(-228, 132, 517)",-228.0,132.0,517.0,,,,
2643,realistic,3,x0y0,utah,12.38,15.0,Aa,saline,195.31204205759963,15.0,,b,-1,0.08,soma,82.27062233000002,-996.5402809317053,-551.9107119705313,-1231.639255438437,,-997.0,-552.1823356786766,-1231.8075076186428,none,0.0,success,105.0,0.005,"(-997, -334, -435)",-997.0,-334.0,-435.0,,,,
2644,realistic,3,x0y0,utah,13.424,16.2,Aa,saline,45.05294930193516,16.2,,b,-1,0.08,soma,85.607689802,-1941.6344216726238,194.66277707726024,192.16256598513928,,-1942.0,194.91956142092795,191.84341642255663,none,0.0,success,105.0,0.005,"(-1942, -391, -393)",-1942.0,-391.0,-393.0,,,,
2645,realistic,3,x0y0,utah,10.118,12.4,Aa,saline,4.753342768989717,12.4,,b,-1,0.08,soma,75.040309474,-787.5290503574083,214.6308599320464,1209.085844588767,,-788.0,214.18692082769732,1208.7235862108946,none,0.0,success,105.0,0.005,"(-788, 146, 389)",-788.0,146.0,389.0,,,,
2646,realistic,3,x0y0,utah,13.511000000000001,16.3,Aa,saline,203.00189412294827,16.3,,b,-1,0.08,soma,85.885778758,-690.6152153651527,-384.7700375684967,-951.3999909945073,,-691.0,-384.56008116931326,-951.1214296733697,none,0.0,success,105.0,0.005,"(-691, -61, -189)",-691.0,-61.0,-189.0,,,,
2647,realistic,3,x0y0,utah,10.466000000000001,12.8,Aa,saline,-8.352509839175212,12.8,,b,-1,0.08,soma,76.152665298,335.4137987481738,-312.4033609687658,1421.1720907277686,,335.0,-312.5929911338997,1421.3517235229206,none,0.0,success,105.0,0.005,"(335, -193, 607)",335.0,-193.0,607.0,,,,
2648,realistic,3,x0y0,utah,11.597,14.1,Aa,saline,139.52352646276762,14.1,,b,-1,0.08,soma,79.76782172600001,1447.8943078174136,868.8430820372238,-945.6922248339572,,1448.0,868.4321465411734,-945.4891909934843,central,5.275000000000125,success,78.11279296875,0.005,"(1448, 333, -318)",1448.0,333.0,-318.0,1448.0,,333.0,-318.0
2649,realistic,3,x0y0,utah,10.379,12.7,Aa,saline,177.94688762591537,12.7,,b,-1,0.08,soma,75.874576342,1793.4886124988575,126.43175763954832,-1238.1154217983562,,1793.0,126.4611549165218,-1238.4435257980977,none,0.0,success,105.0,0.005,"(1793, 97, -416)",1793.0,97.0,-416.0,,,,
2650,realistic,3,x0y0,utah,15.338,18.4,Aa,saline,88.71210222124418,18.4,,b,-1,0.08,soma,91.725646834,-870.838368328523,527.7282695841841,59.8173397769142,,-871.0,527.6135645699752,59.69441352688251,none,0.0,success,105.0,0.005,"(-871, -303, 41)",-871.0,-303.0,41.0,,,,
2651,realistic,3,x0y0,utah,10.466000000000001,12.8,Aa,saline,180.3642693440736,12.8,,b,-1,0.08,soma,76.152665298,1174.178205573475,84.12915676528019,-1375.7593982062854,,1174.0,83.7323114710464,-1376.076332649,none,0.0,success,105.0,0.005,"(1174, 89, -553)",1174.0,89.0,-553.0,,,,
2652,realistic,3,x0y0,utah,11.945,14.5,Aa,saline,41.78672659967361,14.5,,b,-1,0.08,soma,80.88017755,1263.2121953605586,583.5574832704183,783.425073555522,,1263.0,584.07327515966,783.4481301906402,none,0.0,success,105.0,0.005,"(1263, 34, 168)",1263.0,34.0,168.0,,,,
2653,realistic,3,x0y0,utah,11.597,14.1,Aa,saline,40.98544696835202,14.1,,b,-1,0.08,soma,79.76782172600001,18.339129952656734,753.6067353077832,963.4758590049533,,18.0,754.0413571350418,963.7048643104789,periphery,5.250000000000121,success,105.0,0.005,"(18, 213, 341)",18.0,213.0,341.0,18.0,,213.0,341.0
2654,realistic,3,x0y0,utah,11.771,14.3,Aa,saline,268.03070553400033,14.3,,b,-1,0.08,soma,80.323999638,-1739.674566237693,-90.45656326266271,0.355501358013953,,-1740.0,-90.66690261910878,0.6144272062263916,periphery,5.2100000000001145,success,29.681396484375,0.005,"(-1740, 734, 29)",-1740.0,734.0,29.0,-1740.0,,734.0,29.0
2655,realistic,3,x0y0,utah,10.901,13.3,Aa,saline,37.459809150213424,13.3,,b,-1,0.08,soma,77.54311007800001,-1834.6000407906745,601.1788065327496,1105.8345693814051,,-1835.0,601.0178597747199,1105.9098603899583,none,0.0,success,105.0,0.005,"(-1835, 100, 452)",-1835.0,100.0,452.0,,,,
2656,realistic,3,x0y0,utah,10.031,12.3,Aa,saline,8.134059226204519,12.3,,b,-1,0.08,soma,74.76222051799998,-387.1064200261685,256.8176022499247,1405.535005242118,,-387.0,256.3669271016485,1405.0750610453842,none,0.0,success,105.0,0.005,"(-387, 140, 591)",-387.0,140.0,591.0,,,,
2657,realistic,3,x0y0,utah,11.248999999999999,13.7,Aa,saline,39.15567220922168,13.7,,b,-1,0.08,soma,78.655465902,-509.7994918052239,893.2153935633974,1028.9748024308763,,-510.0,893.4805305852615,1029.1837241302055,periphery,5.215000000000115,success,81.77490234375,0.005,"(-510, 373, 390)",-510.0,373.0,390.0,-510.0,,373.0,390.0
2658,realistic,3,x0y0,utah,11.945,14.5,Aa,saline,62.937720241533725,14.5,,b,-1,0.08,soma,80.88017755,118.10133474236295,1241.548890595901,742.6716080611951,,118.0,1241.0543990541378,742.5752403926251,periphery,5.175000000000109,success,58.5205078125,0.005,"(118, 506, 367)",118.0,506.0,367.0,118.0,,506.0,367.0
2659,realistic,3,x0y0,utah,8.813,10.9,Aa,saline,30.668908791455888,10.9,,b,-1,0.08,soma,70.86897513400001,-406.1462643021563,697.4206296114016,1123.7065000471557,,-406.0,697.5036321079268,1123.6557027563767,none,0.0,success,105.0,0.005,"(-406, 279, 418)",-406.0,279.0,418.0,,,,
2660,realistic,3,x0y0,utah,12.38,15.0,Aa,saline,55.59269333604158,15.0,,b,-1,0.08,soma,82.27062233000002,-224.37321724904203,186.21774437505286,174.05988999656483,,-224.0,186.5616317111252,173.84906433934174,none,0.0,success,105.0,0.005,"(-224, -495, -293)",-224.0,-495.0,-293.0,,,,
2661,realistic,3,x0y0,utah,10.379,12.7,Aa,saline,148.86317259264527,12.7,,b,-1,0.08,soma,75.874576342,1202.9505334064481,729.3475260214277,-870.6508773432682,,1203.0,729.5408717132242,-870.352024945559,central,5.270000000000124,success,57.0556640625,0.005,"(1203, 304, -166)",1203.0,304.0,-166.0,1203.0,,304.0,-166.0
2662,realistic,3,x0y0,utah,9.683,11.9,Aa,saline,138.44066073154877,11.9,,b,-1,0.08,soma,73.649864694,367.96022372948374,987.9853551769072,-1064.0212626994673,,368.0,988.198660119,-1063.9715968752603,central,5.200000000000113,success,85.58349609375,0.005,"(368, 443, -449)",368.0,443.0,-449.0,368.0,,443.0,-449.0
2663,realistic,3,x0y0,utah,9.074,11.2,Aa,saline,197.51765697931395,11.2,,b,-1,0.08,soma,71.703242002,-1128.270700794537,-461.3398667672395,-1183.0708832216305,,-1128.0,-461.07633792130105,-1182.764105786554,none,0.0,success,105.0,0.005,"(-1128, -214, -400)",-1128.0,-214.0,-400.0,,,,
2664,realistic,3,x0y0,utah,9.683,11.9,Aa,saline,76.70610298110755,11.9,,b,-1,0.08,soma,73.649864694,790.3922575924449,1233.042812358899,109.88550689288604,,790.0,1232.8000241601007,109.93755194657535,central,5.24500000000012,success,34.637451171875,0.005,"(790, 433, -79)",790.0,433.0,-79.0,790.0,,433.0,-79.0
2665,realistic,3,x0y0,utah,10.466000000000001,12.8,Aa,saline,69.07094773209174,12.8,,b,-1,0.08,soma,76.152665298,-688.8733703337466,1168.4851943880567,405.5746397359062,,-689.0,1168.7532946941662,406.00286602222286,periphery,5.200000000000113,success,40.447998046875,0.005,"(-689, 400, 112)",-689.0,400.0,112.0,-689.0,,400.0,112.0
2666,realistic,3,x0y0,utah,10.727,13.1,Aa,saline,122.03494111035582,13.1,,b,-1,0.08,soma,76.986932166,578.3014126674418,396.8345087485559,-257.15963023473523,,578.0,397.0754111985592,-256.78093441042324,none,0.0,success,105.0,0.005,"(578, -301, 180)",578.0,-301.0,180.0,,,,
2667,realistic,3,x0y0,utah,14.642000000000001,17.6,Aa,saline,129.41519947406286,17.6,,b,-1,0.08,soma,89.500935186,1667.306488785579,125.80186180282094,-113.22889757066696,,1667.0,126.06521126235191,-112.8085718747958,none,0.0,success,105.0,0.005,"(1667, -515, 414)",1667.0,-515.0,414.0,,,,
2668,realistic,3,x0y0,utah,11.597,14.1,Aa,saline,200.0565333191295,14.1,,b,-1,0.08,soma,79.76782172600001,1009.7580519078588,-525.2510647028435,-1062.824462995685,,1010.0,-524.8526930349228,-1062.8959458647023,none,0.0,success,105.0,0.005,"(1010, -242, -288)",1010.0,-242.0,-288.0,,,,
2669,realistic,3,x0y0,utah,10.379,12.7,Aa,saline,1.5760551761811852,12.7,,b,-1,0.08,soma,75.874576342,107.49309055888156,-206.75497602539008,1430.1302126076416,,107.0,-206.3692245752975,1430.608113255732,none,0.0,success,105.0,0.005,"(107, -229, 608)",107.0,-229.0,608.0,,,,
2670,realistic,3,x0y0,utah,13.337000000000002,16.1,Aa,saline,69.32090932572096,16.1,,b,-1,0.08,soma,85.329600846,-293.00343512278863,1272.94349422709,637.5755141320927,,-293.0,1273.363187275759,637.2484410293614,periphery,5.200000000000113,success,57.0556640625,0.005,"(-293, 499, 345)",-293.0,499.0,345.0,-293.0,,499.0,345.0
2671,realistic,3,x0y0,utah,12.467,15.1,Aa,saline,180.4972251494672,15.1,,b,-1,0.08,soma,82.548711286,-329.0878435218132,-149.1089451569151,-1439.005795903425,,-329.0,-149.1885868940941,-1439.274355643,none,0.0,success,105.0,0.005,"(-329, -142, -613)",-329.0,-142.0,-613.0,,,,
2672,realistic,3,x0y0,utah,9.683,11.9,Aa,saline,94.90192672996237,11.9,,b,-1,0.08,soma,73.649864694,-1234.9691233898454,1375.6286339467895,-15.23079764219301,,-1235.0,1375.7841800973165,-15.266031715668532,periphery,5.135000000000103,success,8.762359619140625,0.005,"(-1235, 557, 55)",-1235.0,557.0,55.0,-1235.0,,557.0,55.0
2673,realistic,3,x0y0,utah,10.466000000000001,12.8,Aa,saline,140.29780467541636,12.8,,b,-1,0.08,soma,76.152665298,591.1037493339306,836.0441462119569,-1172.409640940827,,591.0,835.7811612961814,-1172.2749303401406,none,0.0,success,105.0,0.005,"(591, 310, -539)",591.0,310.0,-539.0,,,,
2674,realistic,3,x0y0,utah,10.118,12.4,Aa,saline,79.35844331024717,12.4,,b,-1,0.08,soma,75.040309474,-985.0925760125627,371.07652855426613,43.16514347681185,,-985.0,371.37280807552384,42.919472579923934,none,0.0,success,105.0,0.005,"(-985, -437, -109)",-985.0,-437.0,-109.0,,,,
2675,realistic,3,x0y0,utah,12.206000000000001,14.8,Aa,saline,343.6613023489087,14.8,,b,-1,0.08,soma,81.714444418,556.0500618777602,-270.0701538532112,832.5876662546303,,556.0,-270.31363660739174,832.4925904317565,none,0.0,success,105.0,0.005,"(556, -38, 40)",556.0,-38.0,40.0,,,,
2676,realistic,3,x0y0,utah,10.379,12.7,Aa,saline,179.5017068513242,12.7,,b,-1,0.08,soma,75.874576342,1341.69545659823,-28.561788283353053,-1324.9853874933794,,1342.0,-28.8404455929123,-1324.937288171,none,0.0,success,105.0,0.005,"(1342, -36, -502)",1342.0,-36.0,-502.0,,,,
2677,realistic,3,x0y0,utah,11.075,13.5,Aa,saline,181.05633525349626,13.5,,b,-1,0.08,soma,78.09928799,1802.0071927275449,-42.2066438864108,-1235.2536814764826,,1802.0,-42.162513449508005,-1234.8848340662012,none,0.0,success,105.0,0.005,"(1802, -27, -411)",1802.0,-27.0,-411.0,,,,
2678,realistic,3,x0y0,utah,13.946,16.8,Aa,saline,78.73703590200682,16.8,,b,-1,0.08,soma,87.27622353800001,-884.0697630834355,365.68173021316846,83.45915458933496,,-884.0,365.6453962118586,83.83302322848576,none,0.0,success,105.0,0.005,"(-884, -447, -78)",-884.0,-447.0,-78.0,,,,
2679,realistic,3,x0y0,utah,9.422,11.6,Aa,saline,218.08278072696635,11.6,,b,-1,0.08,soma,72.815597826,-1737.7364630563445,-132.12823902442733,-136.14632193735315,,-1738.0,-131.64433036953858,-136.5300785244226,none,0.0,success,105.0,0.005,"(-1738, 375, 510)",-1738.0,375.0,510.0,,,,
2680,realistic,3,x0y0,utah,9.943999999999999,12.2,Aa,saline,119.33783371622671,12.2,,b,-1,0.08,soma,74.484131562,-1949.17305358796,854.6960110009804,-435.9703365479437,,-1949.0,854.748408741298,-435.89861223269014,periphery,5.31000000000013,success,93.603515625,0.005,"(-1949, 138, -33)",-1949.0,138.0,-33.0,-1949.0,,138.0,-33.0
2681,realistic,3,x0y0,utah,10.988,13.4,Aa,saline,189.03788476748986,13.4,,b,-1,0.08,soma,77.821199034,-220.98288599029044,-344.45447699826536,-1412.5921897555625,,-221.0,-344.4363551841207,-1412.6941080829893,none,0.0,success,105.0,0.005,"(-221, -215, -599)",-221.0,-215.0,-599.0,,,,
2682,realistic,3,x0y0,utah,12.554,15.2,Aa,saline,91.72975806501341,15.2,,b,-1,0.08,soma,82.82680024199999,343.91214190667677,533.9411291417082,-10.378845972762065,,344.0,534.0001934209398,-9.957684683654207,neck0,5.69000000000019,success,37.255859375,0.005,"(344, -292, 15)",344.0,-292.0,15.0,344.0,,368.80015473675184,-4.966147746923365
2683,realistic,3,x0y0,utah,11.248999999999999,13.7,Aa,saline,62.46361134602397,13.7,,b,-1,0.08,soma,78.655465902,188.19936761710187,1082.665994064575,782.7540580973433,,188.0,1082.931400807652,783.0867109432475,periphery,5.2100000000001145,success,93.603515625,0.005,"(188, 352, 402)",188.0,352.0,402.0,188.0,,352.0,402.0
2684,realistic,3,x0y0,utah,10.901,13.3,Aa,saline,185.71726832867242,13.3,,b,-1,0.08,soma,77.54311007800001,1987.5022525431305,-114.71294197471524,-1006.1289015668507,,1988.0,-115.04764688188443,-1005.6526972638053,none,0.0,success,105.0,0.005,"(1988, -33, -186)",1988.0,-33.0,-186.0,,,,
2685,realistic,3,x0y0,utah,10.292,12.6,Aa,saline,41.82141377964695,12.6,,b,-1,0.08,soma,75.596487386,-364.5401907778032,851.009952170577,1059.682323575612,,-365.0,850.6418688944925,1060.1492512000236,none,0.0,success,105.0,0.005,"(-365, 302, 447)",-365.0,302.0,447.0,,,,
2686,realistic,3,x0y0,utah,10.379,12.7,Aa,saline,-16.244879749812124,12.7,,b,-1,0.08,soma,75.874576342,1509.3129318321426,-580.0502557797381,1182.8154781809744,,1509.0,-580.1755595014288,1183.1020903729773,none,0.0,success,105.0,0.005,"(1509, -350, 393)",1509.0,-350.0,393.0,,,,
2687,realistic,3,x0y0,utah,12.554,15.2,Aa,saline,202.39495123888992,15.2,,b,-1,0.08,soma,82.82680024199999,-1331.199303339714,-412.8353362035455,-1292.1626107246989,,-1331.0,-412.8635054461011,-1292.1018297518767,none,0.0,success,105.0,0.005,"(-1331, -98, -528)",-1331.0,-98.0,-528.0,,,,
2688,realistic,3,x0y0,utah,9.77,12.0,Aa,saline,132.81306148581717,12.0,,b,-1,0.08,soma,73.92795365,-632.3585724708613,278.02164256693317,-244.11342638503586,,-632.0,277.9927733988202,-243.60671865027018,none,0.0,success,105.0,0.005,"(-632, -325, 315)",-632.0,-325.0,315.0,,,,
2689,realistic,3,x0y0,utah,11.51,14.0,Aa,saline,127.69124158562326,14.0,,b,-1,0.08,soma,79.48973277,1595.068477519488,973.3190983607836,-733.1028091147183,,1595.0,973.6206127704507,-733.2490113077893,central,5.2800000000001255,success,70.098876953125,0.005,"(1595, 321, -229)",1595.0,321.0,-229.0,1595.0,,321.0,-229.0
2690,realistic,3,x0y0,utah,8.465,10.5,Aa,saline,358.54459674860124,10.5,,b,-1,0.08,soma,69.75661931,41.36656957656415,-16.652942605122007,818.2006537060561,,41.0,-16.824909065237005,818.6323461621038,none,0.0,success,105.0,0.005,"(41, 4, -1)",41.0,4.0,-1.0,,,,
2691,realistic,3,x0y0,utah,12.293000000000001,14.9,Aa,saline,-17.279831411554625,14.9,,b,-1,0.08,soma,81.99253337399999,1331.075419078372,-574.3487666334073,1196.981019809231,,1331.0,-574.320891206039,1196.7438350594166,none,0.0,success,105.0,0.005,"(1331, -329, 408)",1331.0,-329.0,408.0,,,,
2692,realistic,3,x0y0,utah,13.25,16.0,Aa,saline,19.63330919691913,16.0,,b,-1,0.08,soma,85.05151189,1845.3563562201846,188.83688032330159,603.6031103240647,,1845.0,189.0486539975201,603.4465095245957,none,0.0,success,105.0,0.005,"(1845, -89, -176)",1845.0,-89.0,-176.0,,,,
2693,realistic,3,x0y0,utah,12.032,14.6,Aa,saline,139.96779652730226,14.6,,b,-1,0.08,soma,81.15826650599999,95.67486738136522,999.7465484844383,-1061.764756449176,,96.0,1000.0124985083297,-1062.1459423318224,periphery,5.195000000000112,success,71.47216796875,0.005,"(96, 469, -430)",96.0,469.0,-430.0,96.0,,469.0,-430.0
2694,realistic,3,x0y0,utah,8.813,10.9,Aa,saline,98.3148754004603,10.9,,b,-1,0.08,soma,70.86897513400001,698.2311981901505,1354.068718509715,-233.42295523179385,,698.0,1353.8199254475467,-233.63482690218825,central,5.18000000000011,success,25.4638671875,0.005,"(698, 542, -115)",698.0,542.0,-115.0,698.0,,542.0,-115.0
2695,realistic,3,x0y0,utah,10.118,12.4,Aa,saline,137.68231028253192,12.4,,b,-1,0.08,soma,75.040309474,-57.553781166618464,758.59711448595,-835.4775193227788,,-58.0,758.7205681689486,-835.1714024125379,periphery,5.275000000000125,success,95.361328125,0.005,"(-58, 205, -227)",-58.0,205.0,-227.0,-58.0,,205.0,-227.0
2696,realistic,3,x0y0,utah,12.815,15.5,Aa,saline,45.772216886963996,15.5,,b,-1,0.08,soma,83.66106711,-1775.14784422715,241.43590439743681,253.26790281272588,,-1775.0,241.50676034551316,253.7142971546126,none,0.0,success,105.0,0.005,"(-1775, -351, -323)",-1775.0,-351.0,-323.0,,,,
2697,realistic,3,x0y0,utah,12.38,15.0,Aa,saline,97.57874875352907,15.0,,b,-1,0.08,soma,82.27062233000002,-1239.7790575788874,1323.9815369657445,-236.2117080771468,,-1240.0,1323.9479339578647,-235.96724754266353,periphery,5.170000000000108,success,20.64971923828125,0.005,"(-1240, 505, -127)",-1240.0,505.0,-127.0,-1240.0,,505.0,-127.0
2698,realistic,3,x0y0,utah,14.12,17.0,Aa,saline,145.03489831066827,17.0,,b,-1,0.08,soma,87.83240144999998,1331.041155935194,377.905331169859,-513.7157690394702,,1331.0,378.0518746354977,-513.2968264941377,none,0.0,success,105.0,0.005,"(1331, -97, 166)",1331.0,-97.0,166.0,,,,
2699,realistic,3,x0y0,utah,10.64,13.0,Aa,saline,190.8995694119104,13.0,,b,-1,0.08,soma,76.70884321,-1762.4411394244046,-351.3144836989804,-1132.495807082941,,-1762.0,-351.6963211255055,-1132.53404201611,none,0.0,success,105.0,0.005,"(-1762, -196, -324)",-1762.0,-196.0,-324.0,,,,
2700,realistic,3,x0y0,utah,12.728,15.4,Aa,saline,192.64071361851344,15.4,,b,-1,0.08,soma,83.382978154,-793.8133402257615,-487.1683866765911,-1272.6764277634252,,-794.0,-486.8800978100477,-1272.685555041337,none,0.0,success,105.0,0.005,"(-794, -306, -466)",-794.0,-306.0,-466.0,,,,
2701,realistic,3,x0y0,utah,10.118,12.4,Aa,saline,98.78774803409641,12.4,,b,-1,0.08,soma,75.040309474,1862.6593052666892,832.9958416418781,-245.26324035298785,,1863.0,832.8966689265773,-245.68107964381363,none,0.0,success,105.0,0.005,"(1863, 20, -120)",1863.0,20.0,-120.0,,,,
2702,realistic,3,x0y0,utah,8.9,11.0,Aa,saline,99.04341934503012,11.0,,b,-1,0.08,soma,71.14706409,1338.504247866222,976.3335120360434,-61.00750746608856,,1339.0,976.3984202476422,-60.99415923747404,none,0.0,success,105.0,0.005,"(1339, 166, 68)",1339.0,166.0,68.0,,,,
2703,realistic,3,x0y0,utah,10.814,13.2,Aa,saline,195.10640046851398,13.2,,b,-1,0.08,soma,77.26502112200002,1675.7235111664083,-322.3257713247476,-1138.852704836621,,1676.0,-322.63863225219666,-1139.1348256955896,none,0.0,success,105.0,0.005,"(1676, -108, -344)",1676.0,-108.0,-344.0,,,,
2704,realistic,3,x0y0,utah,11.945,14.5,Aa,saline,158.60341101551901,14.5,,b,-1,0.08,soma,80.88017755,-268.7027003804634,279.3447442761317,-616.0853647995864,,-269.0,279.12054438512007,-616.5672666584027,none,0.0,success,105.0,0.005,"(-269, -22, 152)",-269.0,-22.0,152.0,,,,
2705,realistic,3,x0y0,utah,10.379,12.7,Aa,saline,31.56445324609409,12.7,,b,-1,0.08,soma,75.874576342,52.37347910989976,641.9418960197207,865.644972619657,,52.0,641.8076703575186,865.2248632505092,periphery,5.200000000000113,success,80.45654296875,0.005,"(52, 211, 164)",52.0,211.0,164.0,52.0,,211.0,164.0
2706,realistic,3,x0y0,utah,11.161999999999999,13.6,Aa,saline,42.45865587362219,13.6,,b,-1,0.08,soma,78.377376946,-314.6217727451788,997.6086972656624,910.6806974695463,,-315.0,997.4097835881225,911.0864143553796,periphery,5.175000000000109,success,53.02734375,0.005,"(-315, 441, 303)",-315.0,441.0,303.0,-315.0,,441.0,303.0
2707,realistic,3,x0y0,utah,12.467,15.1,Aa,saline,-4.358809108807252,15.1,,b,-1,0.08,soma,82.548711286,-15.695601802712787,-127.40913459243893,1398.5483372331382,,-16.0,-127.79685102886802,1398.8781600116354,none,0.0,success,105.0,0.005,"(-16, -65, 575)",-16.0,-65.0,575.0,,,,
2708,realistic,3,x0y0,utah,12.032,14.6,Aa,saline,135.6823093013656,14.6,,b,-1,0.08,soma,81.15826650599999,789.3509092971448,702.1706533985034,-698.5384635757405,,789.0,701.749582490546,-698.7018698425217,none,0.0,success,105.0,0.005,"(789, 125, -108)",789.0,125.0,-108.0,,,,
2709,realistic,3,x0y0,utah,14.033,16.9,Aa,saline,200.27790735972275,16.9,,b,-1,0.08,soma,87.55431249399997,-721.8691163042267,-582.7116977247742,-1284.9991052544895,,-722.0,-582.2541623552103,-1285.3929725596863,none,0.0,success,105.0,0.005,"(-722, -295, -508)",-722.0,-295.0,-508.0,,,,
2710,realistic,3,x0y0,utah,10.814,13.2,Aa,saline,69.00514083362877,13.2,,b,-1,0.08,soma,77.26502112200002,94.6676262379973,1386.5639539606018,438.95400662640884,,95.0,1386.9433118597499,439.1075285340064,central,5.1200000000001005,success,15.6982421875,0.005,"(95, 618, 144)",95.0,618.0,144.0,95.0,,618.0,144.0
2711,realistic,3,x0y0,utah,11.771,14.3,Aa,saline,-5.7714864471235,14.3,,b,-1,0.08,soma,80.323999638,-1955.7645462484954,-55.620921157549674,1046.2757290758314,,-1956.0,-56.01129718179142,1045.9536736199234,none,0.0,success,105.0,0.005,"(-1956, 27, 225)",-1956.0,27.0,225.0,,,,
2712,realistic,3,x0y0,utah,13.337000000000002,16.1,Aa,saline,-2.957247639231141,16.1,,b,-1,0.08,soma,85.329600846,299.65208953997717,72.29282800135023,1448.763211520025,,300.0,72.29249629817319,1448.5888361824504,none,0.0,success,105.0,0.005,"(300, 115, 622)",300.0,115.0,622.0,,,,
2713,realistic,3,x0y0,utah,10.814,13.2,Aa,saline,-19.816844699521464,13.2,,b,-1,0.08,soma,77.26502112200002,-1337.0634903074224,-504.58957289924,1003.6075421422728,,-1337.0,-504.2114210801791,1003.873465935789,none,0.0,success,105.0,0.005,"(-1337, -225, 229)",-1337.0,-225.0,229.0,,,,
2714,realistic,3,x0y0,utah,12.293000000000001,14.9,Aa,saline,99.86271523325846,14.9,,b,-1,0.08,soma,81.99253337399999,284.86010009639017,337.7831226782528,-69.30292561146462,,285.0,337.7715219400326,-69.49316048348314,tjn,5.495000000000159,success,105.0,0.005,"(285, -476, 72)",285.0,-476.0,72.0,285.0,,-476.0,72.0
2715,realistic,3,x0y0,utah,12.728,15.4,Aa,saline,69.19853701060507,15.4,,b,-1,0.08,soma,83.382978154,1841.4714042776127,1096.7425635205054,506.4649091134124,,1841.0,1096.7912039891798,506.55814777124283,central,5.330000000000133,success,62.79296875,0.005,"(1841, 324, 213)",1841.0,324.0,213.0,1841.0,,324.0,213.0
2716,realistic,3,x0y0,utah,11.423,13.9,Aa,saline,106.1992622095262,13.9,,b,-1,0.08,soma,79.211643814,-665.7043437290815,1411.93040993863,-166.6659869566288,,-666.0,1411.8689707772924,-167.0650243120531,periphery,5.145000000000104,success,11.920166015625,0.005,"(-666, 620, 63)",-666.0,620.0,63.0,-666.0,,620.0,63.0
2717,realistic,3,x0y0,utah,12.38,15.0,Aa,saline,146.09212700483968,15.0,,b,-1,0.08,soma,82.27062233000002,-876.7718833588243,842.1540167067528,-1054.738103967354,,-877.0,841.9008900989536,-1054.6096947358337,periphery,5.300000000000129,success,75.29296875,0.005,"(-877, 381, -369)",-877.0,381.0,-369.0,-877.0,,381.0,-369.0
2718,realistic,3,x0y0,utah,11.771,14.3,Aa,saline,138.119055157787,14.3,,b,-1,0.08,soma,80.323999638,-735.8984887279065,748.9253215975218,-698.1647396665518,,-736.0,748.8781510791646,-698.3331088652458,periphery,5.290000000000127,success,92.9443359375,0.005,"(-736, 198, -84)",-736.0,198.0,-84.0,-736.0,,198.0,-84.0
2719,realistic,3,x0y0,utah,13.337000000000002,16.1,Aa,saline,-22.88886799047183,16.1,,b,-1,0.08,soma,85.329600846,1606.4925856712814,-558.5917244526809,980.0610055566676,,1606.0,-558.8788408845048,980.5275806297101,none,0.0,success,105.0,0.005,"(1606, -237, 218)",1606.0,-237.0,218.0,,,,
2720,realistic,3,x0y0,utah,10.466000000000001,12.8,Aa,saline,107.25171505602115,12.8,,b,-1,0.08,soma,76.152665298,532.0390659934677,1235.8155343298968,-446.1092265947564,,532.0,1236.0378976797952,-446.12444026369343,central,5.205000000000114,success,42.791748046875,0.005,"(532, 450, -202)",532.0,450.0,-202.0,532.0,,450.0,-202.0
2721,realistic,3,x0y0,utah,11.51,14.0,Aa,saline,340.9186084079086,14.0,,b,-1,0.08,soma,79.48973277,-357.9566078459904,-374.6564664634375,684.4145955825147,,-358.0,-374.6090968212566,684.4663732204638,none,0.0,success,105.0,0.005,"(-358, -105, -95)",-358.0,-105.0,-95.0,,,,
2722,realistic,3,x0y0,utah,10.901,13.3,Aa,saline,116.13502909018312,13.3,,b,-1,0.08,soma,77.54311007800001,-1949.4584885439044,946.3573404525082,-471.03061023575935,,-1949.0,946.5821021140146,-470.87136999467964,periphery,5.275000000000125,success,73.81591796875,0.005,"(-1949, 207, -108)",-1949.0,207.0,-108.0,-1949.0,,207.0,-108.0
2723,realistic,3,x0y0,utah,12.38,15.0,Aa,saline,131.07530272720354,15.0,,b,-1,0.08,soma,82.27062233000002,390.86909569959465,817.3457167886728,-934.6667656419008,,391.0,817.7407975561772,-934.8535129665217,none,0.0,success,105.0,0.005,"(391, 195, -392)",391.0,195.0,-392.0,,,,
2724,realistic,3,x0y0,utah,12.206000000000001,14.8,Aa,saline,-2.1911699626006396,14.8,,b,-1,0.08,soma,81.714444418,-483.1270041925584,-142.9472347451515,1350.5062022046004,,-483.0,-142.54774588838382,1350.279122153454,none,0.0,success,105.0,0.005,"(-483, -111, 525)",-483.0,-111.0,525.0,,,,
2725,realistic,3,x0y0,utah,8.378,10.4,Aa,saline,201.61557189638782,10.4,,b,-1,0.08,soma,69.478530354,1030.876587065933,-404.90884895855606,-1137.6825596717556,,1031.0,-404.9919452912069,-1138.111594835057,none,0.0,success,105.0,0.005,"(1031, -103, -376)",1031.0,-103.0,-376.0,,,,
2726,realistic,3,x0y0,utah,15.686000000000002,18.8,Aa,saline,75.97959652388592,18.8,,b,-1,0.08,soma,92.838002658,963.4312693450586,254.8183266187125,54.5518374133585,,963.0,254.642715089396,54.452824022016756,none,0.0,success,105.0,0.005,"(963, -552, -147)",963.0,-552.0,-147.0,,,,
2727,realistic,3,x0y0,utah,11.945,14.5,Aa,saline,1.1144878563440477,14.5,,b,-1,0.08,soma,80.88017755,452.41246637869193,-150.42400311060192,1425.8158130602033,,452.0,-149.9039182688875,1426.2750007572452,none,0.0,success,105.0,0.005,"(452, -166, 601)",452.0,-166.0,601.0,,,,
2728,realistic,3,x0y0,utah,11.161999999999999,13.6,Aa,saline,105.59664584274786,13.6,,b,-1,0.08,soma,78.377376946,-1127.8387593864136,1294.4686382542786,-267.9117974287205,,-1128.0,1294.8585447371938,-267.6243383303897,periphery,5.150000000000105,success,12.823486328125,0.005,"(-1128, 501, -46)",-1128.0,501.0,-46.0,-1128.0,,501.0,-46.0
2729,realistic,3,x0y0,utah,11.423,13.9,Aa,saline,354.65890309989663,13.9,,b,-1,0.08,soma,79.211643814,1312.8299314076562,-135.61579535432793,1065.4689384434928,,1313.0,-135.77080201954175,1065.0600168728001,none,0.0,success,105.0,0.005,"(1313, -59, 244)",1313.0,-59.0,244.0,,,,
2730,realistic,3,x0y0,utah,10.814,13.2,Aa,saline,164.45630268896363,13.2,,b,-1,0.08,soma,77.26502112200002,-952.5471279496988,8.965499766252377,-49.49023382547739,,-953.0,8.733512830348076,-49.48756067446766,none,0.0,success,105.0,0.005,"(-953, -212, 744)",-953.0,-212.0,744.0,,,,
2731,realistic,3,x0y0,utah,9.074,11.2,Aa,saline,198.53298826704682,11.2,,b,-1,0.08,soma,71.703242002,-341.01269260355946,-420.37745380564047,-1388.9107204380387,,-341.0,-419.94873031621796,-1389.2494218710485,none,0.0,success,105.0,0.005,"(-341, -159, -611)",-341.0,-159.0,-611.0,,,,
2732,realistic,3,x0y0,utah,8.9,11.0,Aa,saline,-21.537616347198206,11.0,,b,-1,0.08,soma,71.14706409,-193.9772667529667,-561.3984497712531,1210.0622019727361,,-194.0,-561.2325436137196,1210.297499508259,none,0.0,success,105.0,0.005,"(-194, -260, 447)",-194.0,-260.0,447.0,,,,
2733,realistic,3,x0y0,utah,12.119,14.7,Aa,saline,104.70772292488395,14.7,,b,-1,0.08,soma,81.436355462,-1626.5128490018149,549.8892190349566,-164.08622102371828,,-1627.0,549.6346215014233,-163.64984532590097,none,0.0,success,105.0,0.005,"(-1627, -249, 46)",-1627.0,-249.0,46.0,,,,
2734,realistic,3,x0y0,utah,11.51,14.0,Aa,saline,83.08509536826773,14.0,,b,-1,0.08,soma,79.48973277,-1889.0441826993845,1077.3226968933268,65.96399079348747,,-1889.0,1077.7242288603898,66.29928191275403,periphery,5.260000000000122,success,60.0494384765625,0.005,"(-1889, 259, -33)",-1889.0,259.0,-33.0,-1889.0,,259.0,-33.0
2735,realistic,3,x0y0,utah,10.901,13.3,Aa,saline,-20.410967566012992,13.3,,b,-1,0.08,soma,77.54311007800001,-188.06753619575557,-638.5050778107329,1113.3321362516879,,-188.0,-638.3315183976033,1113.0387013825512,none,0.0,success,105.0,0.005,"(-188, -351, 341)",-188.0,-351.0,341.0,,,,
2736,realistic,3,x0y0,utah,13.511000000000001,16.3,Aa,saline,148.3774061203725,16.3,,b,-1,0.08,soma,85.885778758,1065.9506299115008,645.7416153738162,-1226.86002704452,,1066.0,646.0904569014099,-1226.9933703062188,none,0.0,success,105.0,0.005,"(1066, 212, -522)",1066.0,212.0,-522.0,,,,
2737,realistic,3,x0y0,utah,11.771,14.3,Aa,saline,108.05888118172035,14.3,,b,-1,0.08,soma,80.323999638,-474.42252893946363,1138.5180633498849,-488.73108291257415,,-474.0,1138.4815132279236,-488.80021994389006,periphery,5.230000000000118,success,64.44091796875,0.005,"(-474, 354, -233)",-474.0,354.0,-233.0,-474.0,,354.0,-233.0
2738,realistic,3,x0y0,utah,11.51,14.0,Aa,saline,-15.725075550933886,14.0,,b,-1,0.08,soma,79.48973277,686.5551980991147,-451.43226999897286,1109.455826565107,,687.0,-451.5058587903351,1109.8994083822013,none,0.0,success,105.0,0.005,"(687, -228, 316)",687.0,-228.0,316.0,,,,
2739,realistic,3,x0y0,utah,11.248999999999999,13.7,Aa,saline,179.2858414302036,13.7,,b,-1,0.08,soma,78.655465902,1435.3331157592222,46.82307711923295,-1203.8281422911384,,1435.0,47.304096661887506,-1204.2453001777053,none,0.0,success,105.0,0.005,"(1435, 37, -380)",1435.0,37.0,-380.0,,,,
2740,realistic,3,x0y0,utah,10.466000000000001,12.8,Aa,saline,147.90885251865424,12.8,,b,-1,0.08,soma,76.152665298,176.19650384347898,691.1523584140459,-1280.2721302876566,,176.0,691.3004555364138,-1280.310269020233,none,0.0,success,105.0,0.005,"(176, 254, -583)",176.0,254.0,-583.0,,,,
2741,realistic,3,x0y0,utah,11.248999999999999,13.7,Aa,saline,-0.1253582732464497,13.7,,b,-1,0.08,soma,78.655465902,-46.666480328904534,208.6589978222673,1438.4338216594952,,-47.0,208.1864789875078,1438.3277329510001,none,0.0,success,105.0,0.005,"(-47, 210, 614)",-47.0,210.0,614.0,,,,
2742,realistic,3,x0y0,utah,10.292,12.6,Aa,saline,64.21523674573264,12.6,,b,-1,0.08,soma,75.596487386,-359.3443491182331,1048.0605698081936,582.0516196609187,,-359.0,1047.8475386211774,581.9172360064551,periphery,5.225000000000117,success,72.900390625,0.005,"(-359, 307, 224)",-359.0,307.0,224.0,-359.0,,307.0,224.0
2743,realistic,3,x0y0,utah,13.511000000000001,16.3,Aa,saline,96.03337918903419,16.3,,b,-1,0.08,soma,85.885778758,79.92786974460108,371.1722683034882,-17.022650363076078,,80.0,371.3892034874158,-17.016797673732924,neck0,5.7550000000002,success,66.05224609375,0.005,"(80, -452, 70)",80.0,-452.0,70.0,80.0,,206.71136278993262,0.38656186101366075
2744,realistic,3,x0y0,utah,13.076,15.8,Aa,saline,334.3560990687626,15.8,,b,-1,0.08,soma,84.495333978,413.3005446015239,-64.34386665257944,137.822300273926,,413.0,-64.03279027283929,137.76377179058363,none,0.0,success,105.0,0.005,"(413, 294, -608)",413.0,294.0,-608.0,,,,
2745,realistic,3,x0y0,utah,11.161999999999999,13.6,Aa,saline,154.30547161987448,13.6,,b,-1,0.08,soma,78.377376946,-1507.2815000476635,353.353622941353,-1039.800884574031,,-1507.0,353.36821532189293,-1039.6764271830207,none,0.0,success,105.0,0.005,"(-1507, -4, -297)",-1507.0,-4.0,-297.0,,,,
2746,realistic,3,x0y0,utah,14.642000000000001,17.6,Aa,saline,75.19664967420573,17.6,,b,-1,0.08,soma,89.500935186,361.1074882223211,674.719030899038,278.5730088029445,,361.0,675.2027520689126,279.00124447001156,periphery,5.390000000000143,success,81.77490234375,0.005,"(361, -127, 67)",361.0,-127.0,67.0,361.0,,-127.0,67.0
2747,realistic,3,x0y0,utah,12.902,15.6,Aa,saline,22.192717076205373,15.6,,b,-1,0.08,soma,83.93915606600001,-120.57089425404732,593.0108612685407,1324.6919784466227,,-121.0,593.3464096230641,1324.6911323007548,none,0.0,success,105.0,0.005,"(-121, 281, 559)",-121.0,281.0,559.0,,,,
2748,realistic,3,x0y0,utah,13.076,15.8,Aa,saline,128.35767055366492,15.8,,b,-1,0.08,soma,84.495333978,-557.6458008967828,865.0614445820821,-933.1803068372432,,-558.0,864.727620452774,-933.3899021333735,none,0.0,success,105.0,0.005,"(-558, 216, -420)",-558.0,216.0,-420.0,,,,
2749,realistic,3,x0y0,utah,9.943999999999999,12.2,Aa,saline,43.424321171881644,12.2,,b,-1,0.08,soma,74.484131562,-1587.1922102152002,579.2897769481632,746.2302654450798,,-1587.0,579.2091960178597,746.1944123767405,none,0.0,success,105.0,0.005,"(-1587, 14, 149)",-1587.0,14.0,149.0,,,,
2750,realistic,3,x0y0,utah,12.554,15.2,Aa,saline,142.34880783198713,15.2,,b,-1,0.08,soma,82.82680024199999,266.63269972659174,274.5497335602663,-509.4587402752532,,267.0,274.855946133919,-509.27148887579585,none,0.0,success,105.0,0.005,"(267, -230, 145)",267.0,-230.0,145.0,,,,
2751,realistic,3,x0y0,utah,12.206000000000001,14.8,Aa,saline,-18.73934392974252,14.8,,b,-1,0.08,soma,81.714444418,-1895.0051446281436,-420.25792316221487,964.7487131694606,,-1895.0,-420.3479254957517,965.0867894319231,none,0.0,success,105.0,0.005,"(-1895, -155, 183)",-1895.0,-155.0,183.0,,,,
2752,realistic,3,x0y0,utah,12.554,15.2,Aa,saline,51.29720596313435,15.2,,b,-1,0.08,soma,82.82680024199999,1368.2033095656195,1136.975522873132,717.4174580859531,,1368.0,1136.9330174544284,717.7562990956615,central,5.225000000000117,success,33.5205078125,0.005,"(1368, 492, 201)",1368.0,492.0,201.0,1368.0,,492.0,201.0
2753,realistic,3,x0y0,utah,13.597999999999999,16.4,Aa,saline,-20.360912500899964,16.4,,b,-1,0.08,soma,86.16386771399998,706.1144925462413,-606.9512272084066,1076.8684607498044,,706.0,-607.0897047888504,1077.3268129909377,none,0.0,success,105.0,0.005,"(706, -319, 301)",706.0,-319.0,301.0,,,,
2754,realistic,3,x0y0,utah,11.771,14.3,Aa,saline,69.92129416436322,14.3,,b,-1,0.08,soma,80.323999638,289.2790899604942,1351.8227266658396,514.0512677959891,,289.0,1351.992150230005,514.2781145378628,periphery,5.155000000000106,success,30.615234375,0.005,"(289, 577, 231)",289.0,577.0,231.0,289.0,,577.0,231.0
2755,realistic,3,x0y0,utah,12.467,15.1,Aa,saline,144.04290679105574,15.1,,b,-1,0.08,soma,82.548711286,-827.7837558876145,383.7818126177954,-647.1849534723498,,-828.0,384.1883016335697,-646.8690908930087,none,0.0,success,105.0,0.005,"(-828, -101, 22)",-828.0,-101.0,22.0,,,,
2756,realistic,3,x0y0,utah,10.553,12.9,Aa,saline,114.17225195018456,12.9,,b,-1,0.08,soma,76.430754254,-1348.335761911584,85.2548320873766,-40.71073775983177,,-1348.0,85.01938855296237,-41.106696933506555,none,0.0,success,105.0,0.005,"(-1348, -666, 296)",-1348.0,-666.0,296.0,,,,
2757,realistic,3,x0y0,utah,10.901,13.3,Aa,saline,205.9800972520969,13.3,,b,-1,0.08,soma,77.54311007800001,-118.63683563502155,-685.1261146990772,-1187.0591103194279,,-119.0,-684.894318262586,-1187.4882508245573,none,0.0,success,105.0,0.005,"(-119, -324, -447)",-119.0,-324.0,-447.0,,,,
2758,realistic,3,x0y0,utah,11.423,13.9,Aa,saline,67.55748985537811,13.9,,b,-1,0.08,soma,79.211643814,959.1420043330028,166.27145968753666,65.00394388343648,,959.0,166.18316118864038,64.83450280409266,none,0.0,success,105.0,0.005,"(959, -596, -250)",959.0,-596.0,-250.0,,,,
2759,realistic,3,x0y0,utah,11.597,14.1,Aa,saline,184.2960324924287,14.1,,b,-1,0.08,soma,79.76782172600001,-1127.6885817271718,-289.1789647824885,-1326.137921767109,,-1128.0,-288.78380492363874,-1326.5742359125838,none,0.0,success,105.0,0.005,"(-1128, -227, -504)",-1128.0,-227.0,-504.0,,,,
2760,realistic,3,x0y0,utah,12.641,15.3,Aa,saline,45.357988766489,15.3,,b,-1,0.08,soma,83.104889198,1482.9664780196185,474.8702951829091,501.39135780794817,,1483.0,475.0920643321888,501.81840281971745,none,0.0,success,105.0,0.005,"(1483, -113, -79)",1483.0,-113.0,-79.0,,,,
2761,realistic,3,x0y0,utah,9.508999999999999,11.7,Aa,saline,140.45628518796448,11.7,,b,-1,0.08,soma,73.09368678199999,-1031.7697967015781,940.3873519244353,-997.1401313434725,,-1032.0,940.0788751870498,-997.4947709388002,periphery,5.24500000000012,success,74.1455078125,0.005,"(-1032, 417, -364)",-1032.0,417.0,-364.0,-1032.0,,417.0,-364.0
2762,realistic,3,x0y0,utah,10.901,13.3,Aa,saline,128.33084341642618,13.3,,b,-1,0.08,soma,77.54311007800001,-241.1655301606704,252.567393935708,-243.4778210827394,,-241.0,252.1664077725918,-243.903118435188,none,0.0,success,105.0,0.005,"(-241, -394, 267)",-241.0,-394.0,267.0,,,,
2763,realistic,3,x0y0,utah,12.815,15.5,Aa,saline,90.23952889145941,15.5,,b,-1,0.08,soma,83.66106711,-432.6469281640824,1253.771521800064,-123.08821064962058,,-433.0,1253.8305335550003,-123.472688240931,periphery,5.155000000000106,success,30.9814453125,0.005,"(-433, 427, -120)",-433.0,427.0,-120.0,-433.0,,427.0,-120.0
2764,realistic,3,x0y0,utah,12.293000000000001,14.9,Aa,saline,-21.315901608332247,14.9,,b,-1,0.08,soma,81.99253337399999,0.7265583251960805,-527.9824676643016,1267.2443592472243,,1.0,-528.2496429407246,1267.4981220456093,none,0.0,success,105.0,0.005,"(1, -228, 498)",1.0,-228.0,498.0,,,,
2765,realistic,3,x0y0,utah,11.423,13.9,Aa,saline,132.1067059901836,13.9,,b,-1,0.08,soma,79.211643814,-807.9099268285797,886.2174219032245,-968.4597349838318,,-808.0,885.7750592728036,-968.8982035886437,none,0.0,success,105.0,0.005,"(-808, 274, -416)",-808.0,274.0,-416.0,,,,
2766,realistic,3,x0y0,utah,13.424,16.2,Aa,saline,137.72117039215766,16.2,,b,-1,0.08,soma,85.607689802,1043.4372315569287,828.7066381920881,-941.4034010789946,,1043.0,828.8636464649028,-941.49206484225,central,5.335000000000134,success,88.22021484375,0.005,"(1043, 272, -329)",1043.0,272.0,-329.0,1043.0,,272.0,-329.0
2767,realistic,3,x0y0,utah,10.64,13.0,Aa,saline,-3.6734773328967862,13.0,,b,-1,0.08,soma,76.70884321,-335.0473383835761,-9.171818129765144,1417.8783889389981,,-335.0,-8.777018424880517,1417.6253773196297,none,0.0,success,105.0,0.005,"(-335, 44, 596)",-335.0,44.0,596.0,,,,
2768,realistic,3,x0y0,utah,10.64,13.0,Aa,saline,66.97937510204441,13.0,,b,-1,0.08,soma,76.70884321,196.53386422684602,1225.479401629057,565.3889695658927,,197.0,1225.8154096452422,565.0139142897156,central,5.155000000000106,success,40.447998046875,0.005,"(197, 468, 243)",197.0,468.0,243.0,197.0,,468.0,243.0
2769,realistic,3,x0y0,utah,9.161000000000001,11.3,Aa,saline,32.61450320433218,11.3,,b,-1,0.08,soma,71.981330958,1442.2709424656152,507.67804046793935,851.9947069102652,,1442.0,507.51396869318114,851.5204375329619,none,0.0,success,105.0,0.005,"(1442, 65, 160)",1442.0,65.0,160.0,,,,
2770,realistic,3,x0y0,utah,8.987,11.1,Aa,saline,-29.245314159548286,11.1,,b,-1,0.08,soma,71.42515304599999,700.8559778192964,-696.6588978086287,1232.0767573023422,,701.0,-696.9180936314856,1232.0717230163177,none,0.0,success,105.0,0.005,"(701, -296, 516)",701.0,-296.0,516.0,,,,
2771,realistic,3,x0y0,utah,11.945,14.5,Aa,saline,175.76983593330198,14.5,,b,-1,0.08,soma,80.88017755,-1718.391309937061,26.99203826506345,-1258.161195889682,,-1718.0,26.917478551595018,-1258.2114005353078,none,0.0,success,105.0,0.005,"(-1718, -34, -435)",-1718.0,-34.0,-435.0,,,,
2772,realistic,3,x0y0,utah,12.293000000000001,14.9,Aa,saline,51.98968108412919,14.9,,b,-1,0.08,soma,81.99253337399999,323.8415912139892,997.4858441801273,1050.1727324735111,,324.0,997.8024585226875,1050.6485010258548,none,0.0,success,105.0,0.005,"(324, 347, 542)",324.0,347.0,542.0,,,,
2773,realistic,3,x0y0,utah,10.466000000000001,12.8,Aa,saline,16.241209499231783,12.8,,b,-1,0.08,soma,76.152665298,291.2438683295917,570.7333488547663,1261.1616978151849,,291.0,571.2144502419253,1261.235586976305,central,5.24500000000012,success,96.533203125,0.005,"(291, 341, 471)",291.0,341.0,471.0,291.0,,341.0,471.0
2774,realistic,3,x0y0,utah,12.815,15.5,Aa,saline,95.18661382231926,15.5,,b,-1,0.08,soma,83.66106711,-1244.059646016837,1309.5780955629762,-342.7107593998371,,-1244.0,1309.4405283674246,-342.745480233372,periphery,5.2100000000001145,success,45.59326171875,0.005,"(-1244, 486, -268)",-1244.0,486.0,-268.0,-1244.0,,486.0,-268.0
2775,realistic,3,x0y0,utah,9.943999999999999,12.2,Aa,saline,40.700118481845344,12.2,,b,-1,0.08,soma,74.484131562,-572.0404738525209,468.3984461252462,531.0378101646902,,-572.0,468.1840510957903,531.3417100685763,none,0.0,success,105.0,0.005,"(-572, -68, -92)",-572.0,-68.0,-92.0,,,,
2776,realistic,3,x0y0,utah,10.292,12.6,Aa,saline,8.096416841338892,12.6,,b,-1,0.08,soma,75.596487386,-681.5092274661866,272.64667317203475,1178.8487006863998,,-682.0,272.84999271197444,1178.5702612560704,none,0.0,success,105.0,0.005,"(-682, 157, 364)",-682.0,157.0,364.0,,,,
2777,realistic,3,x0y0,utah,10.466000000000001,12.8,Aa,saline,154.83611871397278,12.8,,b,-1,0.08,soma,76.152665298,1179.5644679000768,645.4458990834614,-1175.3496095806433,,1180.0,644.9720566423549,-1174.9663886806102,none,0.0,success,105.0,0.005,"(1180, 295, -430)",1180.0,295.0,-430.0,,,,
2778,realistic,3,x0y0,utah,11.597,14.1,Aa,saline,267.46557806593347,14.1,,b,-1,0.08,soma,79.76782172600001,1818.6669872180905,-148.7317428131946,-7.258599861064795,,1819.0,-149.05902695213717,-7.45986886014461,central,5.250000000000121,success,25.09765625,0.005,"(1819, 675, 29)",1819.0,675.0,29.0,1819.0,,675.0,29.0
2779,realistic,3,x0y0,utah,10.901,13.3,Aa,saline,183.62156793427968,13.3,,b,-1,0.08,soma,77.54311007800001,-927.9738069150618,-312.69825095599344,-1375.4450331677285,,-928.0,-313.06236227846483,-1375.1240119289223,none,0.0,success,105.0,0.005,"(-928, -261, -553)",-928.0,-261.0,-553.0,,,,
2780,realistic,3,x0y0,utah,15.251000000000001,18.3,Aa,saline,75.48078099494451,18.3,,b,-1,0.08,soma,91.447557878,-1644.8564792086468,472.5954129554307,45.42431640457244,,-1645.0,472.22369039084606,45.26245138000735,none,0.0,success,105.0,0.005,"(-1645, -332, -163)",-1645.0,-332.0,-163.0,,,,
2781,realistic,3,x0y0,utah,10.64,13.0,Aa,saline,-16.572675964732326,13.0,,b,-1,0.08,soma,76.70884321,-216.07403668889668,-161.88557825233147,1372.8865263594614,,-216.0,-161.82068104174607,1373.1852131083929,none,0.0,success,105.0,0.005,"(-216, 73, 584)",-216.0,73.0,584.0,,,,
2782,realistic,3,x0y0,utah,12.902,15.6,Aa,saline,-30.27591264682522,15.6,,b,-1,0.08,soma,83.93915606600001,529.8679330091958,-686.5304353332035,1242.6572579205024,,530.0,-686.9580612442387,1242.170927589299,none,0.0,success,105.0,0.005,"(530, -270, 528)",530.0,-270.0,528.0,,,,
2783,realistic,3,x0y0,utah,11.248999999999999,13.7,Aa,saline,162.81824195907654,13.7,,b,-1,0.08,soma,78.655465902,221.2286378278274,561.6674280311198,-1115.233349309628,,221.0,561.5064123137255,-1115.5627160613858,periphery,5.18000000000011,success,70.59326171875,0.005,"(221, 318, -328)",221.0,318.0,-328.0,221.0,,318.0,-328.0
2784,realistic,3,x0y0,utah,13.946,16.8,Aa,saline,28.56840851785995,16.8,,b,-1,0.08,soma,87.27622353800001,-379.6751853246978,655.8575406330847,1256.6568651232235,,-380.0,656.254745047936,1256.7099897555358,none,0.0,success,105.0,0.005,"(-380, 260, 529)",-380.0,260.0,529.0,,,,
2785,realistic,3,x0y0,utah,10.814,13.2,Aa,saline,161.0581287526141,13.2,,b,-1,0.08,soma,77.26502112200002,1385.1829431162942,462.4952430437325,-1054.6948993414308,,1385.0,462.3511129281007,-1054.991628488594,central,5.31000000000013,success,99.90234375,0.005,"(1385, 195, -276)",1385.0,195.0,-276.0,1385.0,,195.0,-276.0
2786,realistic,3,x0y0,utah,14.12,17.0,Aa,saline,194.45249745913304,17.0,,b,-1,0.08,soma,87.83240144999998,183.69865662786648,-484.2471060322687,-1317.196664241892,,184.0,-483.89748370096004,-1317.7224487820904,none,0.0,success,105.0,0.005,"(184, -277, -515)",184.0,-277.0,-515.0,,,,
2787,realistic,3,x0y0,utah,8.987,11.1,Aa,saline,106.83829692308572,11.1,,b,-1,0.08,soma,71.42515304599999,-989.3453445020093,1008.8465553628184,-327.30612546111206,,-989.0,1008.5040069901635,-327.7604334187132,periphery,5.265000000000123,success,93.603515625,0.005,"(-989, 223, -90)",-989.0,223.0,-90.0,-989.0,,223.0,-90.0
2788,realistic,3,x0y0,utah,11.858,14.4,Aa,saline,269.7894377589401,14.4,,b,-1,0.08,soma,80.60208859400001,305.6131622659559,-162.10776294583505,-14.146489222521264,,306.0,-162.3010442970002,-14.053613863898901,central,5.155000000000106,success,6.2744140625,0.005,"(306, 663, -11)",306.0,663.0,-11.0,306.0,,663.0,-11.0
2789,realistic,3,x0y0,utah,10.466000000000001,12.8,Aa,saline,60.33189882928363,12.8,,b,-1,0.08,soma,76.152665298,1002.8459210525972,994.588669314926,624.8220763271493,,1003.0,994.1710254387162,624.422784661255,central,5.285000000000126,success,77.2705078125,0.005,"(1003, 279, 217)",1003.0,279.0,217.0,1003.0,,279.0,217.0
2790,realistic,3,x0y0,utah,10.292,12.6,Aa,saline,163.69890096466239,12.6,,b,-1,0.08,soma,75.596487386,-1910.5646465094412,153.39194356190183,-619.5737550247841,,-1911.0,152.95946700462517,-619.7217542965416,none,0.0,success,105.0,0.005,"(-1911, -78, 170)",-1911.0,-78.0,170.0,,,,
2791,realistic,3,x0y0,utah,10.64,13.0,Aa,saline,-3.6804753882786425,13.0,,b,-1,0.08,soma,76.70884321,1865.4317700862769,-223.9817223476257,1057.1207219177784,,1865.0,-223.85935386704102,1056.6253773196297,none,0.0,success,105.0,0.005,"(1865, -171, 235)",1865.0,-171.0,235.0,,,,
2792,realistic,3,x0y0,utah,11.336,13.8,Aa,saline,103.2878295297904,13.8,,b,-1,0.08,soma,78.93355485800001,-793.272278186589,235.9990894017669,-36.59995503817436,,-793.0,236.37106779390297,-36.46246545318425,none,0.0,success,105.0,0.005,"(-793, -566, 153)",-793.0,-566.0,153.0,,,,
2793,realistic,3,x0y0,utah,12.119,14.7,Aa,saline,117.26731515325899,14.7,,b,-1,0.08,soma,81.436355462,-652.3821100213843,133.94822315927058,-90.91328520311892,,-652.0,133.9808881850861,-91.26149721857121,none,0.0,success,105.0,0.005,"(-652, -600, 287)",-652.0,-600.0,287.0,,,,
2794,realistic,3,x0y0,utah,10.727,13.1,Aa,saline,90.75619512877456,13.1,,b,-1,0.08,soma,76.986932166,-947.5356552193576,1258.0939532497587,39.93569912538214,,-948.0,1258.4111167363917,40.1298862477044,periphery,5.190000000000111,success,25.8544921875,0.005,"(-948, 435, 51)",-948.0,435.0,51.0,-948.0,,435.0,51.0
2795,realistic,3,x0y0,utah,13.25,16.0,Aa,saline,103.92890901701813,16.0,,b,-1,0.08,soma,85.05151189,906.3678066142356,65.98120291091482,-23.681373482492752,,906.0,66.19649872021728,-23.18544945596156,none,0.0,success,105.0,0.005,"(906, -737, 176)",906.0,-737.0,176.0,,,,
2796,realistic,3,x0y0,utah,13.772000000000002,16.6,Aa,saline,68.58889126676073,16.6,,b,-1,0.08,soma,86.720045626,707.1115498830086,238.61773475714162,83.49370127002976,,707.0,238.2031812389032,83.43424432902634,none,0.0,success,105.0,0.005,"(707, -533, -219)",707.0,-533.0,-219.0,,,,
2797,realistic,3,x0y0,utah,13.25,16.0,Aa,saline,163.06074187007616,16.0,,b,-1,0.08,soma,85.05151189,684.3431436395191,228.80464300732774,-1406.8097429530096,,684.0,229.14100528237307,-1406.6111381369874,none,0.0,success,105.0,0.005,"(684, -12, -615)",684.0,-12.0,-615.0,,,,
2798,realistic,3,x0y0,utah,11.248999999999999,13.7,Aa,saline,142.97282637623312,13.7,,b,-1,0.08,soma,78.655465902,-62.49700634731426,733.370949145225,-1261.6800758305017,,-62.0,733.4101607830924,-1262.0608292147836,none,0.0,success,105.0,0.005,"(-62, 237, -604)",-62.0,237.0,-604.0,,,,
2799,realistic,3,x0y0,utah,12.554,15.2,Aa,saline,86.94075411891846,15.2,,b,-1,0.08,soma,82.82680024199999,153.89621530282403,457.78331887989447,83.86573181370159,,154.0,458.2564213608308,84.13047556646141,neck0,5.69500000000019,success,45.59326171875,0.005,"(154, -367, 40)",154.0,-367.0,40.0,154.0,,293.2051370886646,75.30438045316913
2800,realistic,3,x0y0,utah,10.205,12.5,Aa,saline,194.5885420155357,12.5,,b,-1,0.08,soma,75.31839843,-1117.9727579764476,-219.24328749236432,-1144.8907772469686,,-1118.0,-219.22785228225857,-1145.169573000277,none,0.0,success,105.0,0.005,"(-1118, -12, -349)",-1118.0,-12.0,-349.0,,,,
2801,realistic,3,x0y0,utah,12.467,15.1,Aa,saline,-23.620910146810363,15.1,,b,-1,0.08,soma,82.548711286,-1900.668609110568,-492.9498877668348,906.5317136942322,,-1901.0,-493.08813430615015,906.0325646401168,none,0.0,success,105.0,0.005,"(-1901, -162, 149)",-1901.0,-162.0,149.0,,,,
2802,realistic,3,x0y0,utah,11.684,14.2,Aa,saline,114.22318129548424,14.2,,b,-1,0.08,soma,80.045910682,-206.83188410364383,1214.8534023685304,-794.2780174059517,,-207.0,1214.4209352709922,-794.5069185764123,periphery,5.205000000000114,success,87.286376953125,0.005,"(-207, 462, -456)",-207.0,462.0,-456.0,-207.0,,462.0,-456.0
2803,realistic,3,x0y0,utah,12.467,15.1,Aa,saline,228.03264152176374,15.1,,b,-1,0.08,soma,82.548711286,1149.4680323504622,-682.3618538410013,-678.1424936217389,,1149.0,-682.3349834205707,-678.5296616184742,none,0.0,success,105.0,0.005,"(1149, -68, -126)",1149.0,-68.0,-126.0,,,,
2804,realistic,3,x0y0,utah,12.38,15.0,Aa,saline,203.89818810730503,15.0,,b,-1,0.08,soma,82.27062233000002,-285.0576655040347,-618.4462804451941,-1099.2010664874135,,-285.0,-618.6674145529416,-1099.3355149981599,none,0.0,success,105.0,0.005,"(-285, -284, -344)",-285.0,-284.0,-344.0,,,,
2805,realistic,3,x0y0,utah,10.814,13.2,Aa,saline,28.15849457708718,13.2,,b,-1,0.08,soma,77.26502112200002,-1209.5631260037314,611.2513814830609,1175.9935791995895,,-1210.0,611.672181733736,1176.1144213105779,none,0.0,success,105.0,0.005,"(-1210, 223, 450)",-1210.0,223.0,450.0,,,,
2806,realistic,3,x0y0,utah,11.771,14.3,Aa,saline,-7.5685250325204825,14.3,,b,-1,0.08,soma,80.323999638,-410.9788481136301,-325.1336378809983,1201.7664782747431,,-411.0,-324.67383537616234,1201.9830904205749,none,0.0,success,105.0,0.005,"(-411, -216, 384)",-411.0,-216.0,384.0,,,,
2807,realistic,3,x0y0,utah,12.902,15.6,Aa,saline,108.06940656618096,15.6,,b,-1,0.08,soma,83.93915606600001,-813.3725865102779,481.16245383360183,-150.5881827213266,,-813.0,481.1999778359734,-150.5259631058367,none,0.0,success,105.0,0.005,"(-813, -305, 106)",-813.0,-305.0,106.0,,,,
2808,realistic,3,x0y0,utah,11.858,14.4,Aa,saline,98.40005767607231,14.4,,b,-1,0.08,soma,80.60208859400001,-907.718223866907,1369.474441592647,-102.50827839436079,,-908.0,1369.4703231230224,-102.57648257179173,periphery,5.155000000000106,success,11.259269714355469,0.005,"(-908, 553, 18)",-908.0,553.0,18.0,-908.0,,553.0,18.0
2809,realistic,3,x0y0,utah,9.508999999999999,11.7,Aa,saline,158.44527531342266,11.7,,b,-1,0.08,soma,73.09368678199999,-591.2868614033463,665.4129425326927,-1267.0041060357125,,-591.0,665.8363102618534,-1267.1207190379691,none,0.0,success,105.0,0.005,"(-591, 364, -503)",-591.0,364.0,-503.0,,,,
2810,realistic,3,x0y0,utah,12.902,15.6,Aa,saline,-15.70524385683493,15.6,,b,-1,0.08,soma,83.93915606600001,-176.81342120228737,-541.8796964402081,1132.3160494951644,,-177.0,-541.8606647735332,1132.1236127723694,none,0.0,success,105.0,0.005,"(-177, -318, 336)",-177.0,-318.0,336.0,,,,
2811,realistic,3,x0y0,utah,10.814,13.2,Aa,saline,69.19179974395864,13.2,,b,-1,0.08,soma,77.26502112200002,1851.5091210222297,798.0702038151321,342.66613779154204,,1852.0,797.931670872423,342.5542677512673,none,0.0,success,105.0,0.005,"(1852, 28, 50)",1852.0,28.0,50.0,,,,
2812,realistic,3,x0y0,utah,11.075,13.5,Aa,saline,134.34095348916566,13.5,,b,-1,0.08,soma,78.09928799,-388.6165064710372,203.62854703932453,-184.01086988457058,,-389.0,203.36030538522414,-183.9282961881056,none,0.0,success,105.0,0.005,"(-389, -386, 392)",-389.0,-386.0,392.0,,,,
2813,realistic,3,x0y0,utah,12.728,15.4,Aa,saline,74.85870051858251,15.4,,b,-1,0.08,soma,83.382978154,1994.330994367276,553.6167993722188,188.15346741794883,,1994.0,554.0052944060284,187.93181694691245,none,0.0,success,105.0,0.005,"(1994, -244, -28)",1994.0,-244.0,-28.0,,,,
2814,realistic,3,x0y0,utah,11.945,14.5,Aa,saline,51.51357625688548,14.5,,b,-1,0.08,soma,80.88017755,1548.01065057211,694.7479941867163,631.3105927955207,,1548.0,695.1545014930701,631.6713672446825,none,0.0,success,105.0,0.005,"(1548, 49, 118)",1548.0,49.0,118.0,,,,
2815,realistic,3,x0y0,utah,13.685,16.5,Aa,saline,96.03514028072071,16.5,,b,-1,0.08,soma,86.44195667,-62.45146798692214,187.92716306051125,3.3431175077826083,,-62.0,187.66576295415769,2.9539751769914915,none,0.0,success,105.0,0.005,"(-62, -636, 90)",-62.0,-636.0,90.0,,,,
2816,realistic,3,x0y0,utah,12.728,15.4,Aa,saline,39.91866657957768,15.4,,b,-1,0.08,soma,83.382978154,-235.4476246425179,1105.505681043266,933.2457532314188,,-235.0,1105.487928540711,933.0723721220592,periphery,5.160000000000107,success,40.447998046875,0.005,"(-235, 575, 299)",-235.0,575.0,299.0,-235.0,,575.0,299.0
2817,realistic,3,x0y0,utah,13.25,16.0,Aa,saline,167.22098818300785,16.0,,b,-1,0.08,soma,85.05151189,747.6947057904315,426.34332855513776,-1326.1851026972854,,748.0,426.04869721503405,-1326.0031171975643,none,0.0,success,105.0,0.005,"(748, 243, -519)",748.0,243.0,-519.0,,,,
2818,realistic,3,x0y0,utah,12.032,14.6,Aa,saline,61.27381874745265,14.6,,b,-1,0.08,soma,81.15826650599999,1454.68813054582,808.9729897417163,558.5646879277579,,1455.0,808.9503419495559,558.773331441392,none,0.0,success,105.0,0.005,"(1455, 85, 162)",1455.0,85.0,162.0,,,,
2819,realistic,3,x0y0,utah,14.207,17.1,Aa,saline,-9.215528755336774,17.1,,b,-1,0.08,soma,88.110490406,-437.22982026575517,-75.85160440933669,1403.3830024541858,,-437.0,-75.73174475700034,1403.3604325398815,none,0.0,success,105.0,0.005,"(-437, 57, 585)",-437.0,57.0,585.0,,,,
2820,realistic,3,x0y0,utah,10.64,13.0,Aa,saline,19.650427052131164,13.0,,b,-1,0.08,soma,76.70884321,-265.65061601914607,259.21929849094886,1427.376915561308,,-266.0,258.8940919857616,1427.4351942675892,none,0.0,success,105.0,0.005,"(-266, -18, 652)",-266.0,-18.0,652.0,,,,
2821,realistic,3,x0y0,utah,11.075,13.5,Aa,saline,109.91389666591,13.5,,b,-1,0.08,soma,78.09928799,-16.717730025871624,1365.353152555711,-451.50944730455285,,-17.0,1365.7714752840993,-451.6713087446971,central,5.130000000000102,success,19.097900390625,0.005,"(-17, 591, -171)",-17.0,591.0,-171.0,-17.0,,591.0,-171.0
2822,realistic,3,x0y0,utah,11.161999999999999,13.6,Aa,saline,-23.89385526682205,13.6,,b,-1,0.08,soma,78.377376946,-1152.756821913472,-545.8232073308039,1187.4986762182807,,-1153.0,-545.7964188315651,1187.555717870864,none,0.0,success,105.0,0.005,"(-1153, -212, 434)",-1153.0,-212.0,434.0,,,,
2823,realistic,3,x0y0,utah,10.379,12.7,Aa,saline,96.79662678472583,12.7,,b,-1,0.08,soma,75.874576342,-1557.2416693874547,1298.6466990234442,-240.25509422229013,,-1557.0,1298.1767271538033,-240.35348119062934,periphery,5.185000000000111,success,35.296630859375,0.005,"(-1557, 481, -143)",-1557.0,481.0,-143.0,-1557.0,,481.0,-143.0
2824,realistic,3,x0y0,utah,11.597,14.1,Aa,saline,152.66331848048904,14.1,,b,-1,0.08,soma,79.76782172600001,751.3032186932988,620.8846734233603,-1134.8832474674978,,751.0,620.7866918682897,-1134.7443780196031,none,0.0,success,105.0,0.005,"(751, 242, -402)",751.0,242.0,-402.0,,,,
2825,realistic,3,x0y0,utah,10.292,12.6,Aa,saline,97.3746432457782,12.6,,b,-1,0.08,soma,75.596487386,1425.8910807341979,1203.7374312231495,-111.53503947177887,,1426.0,1203.9690182703484,-111.64729449018122,central,5.2100000000001145,success,35.0494384765625,0.005,"(1426, 388, -6)",1426.0,388.0,-6.0,1426.0,,388.0,-6.0
2826,realistic,3,x0y0,utah,14.033,16.9,Aa,saline,68.88281164934264,16.9,,b,-1,0.08,soma,87.55431249399997,639.1916175348892,370.99085227490286,184.65721920480428,,639.0,371.0833313472018,184.60840939579418,none,0.0,success,105.0,0.005,"(639, -402, -114)",639.0,-402.0,-114.0,,,,
2827,realistic,3,x0y0,utah,10.64,13.0,Aa,saline,96.03261451275179,13.0,,b,-1,0.08,soma,76.70884321,282.29126515382075,1045.9451770202775,-262.3130511617942,,282.0,1045.8259722861726,-262.5345497106855,periphery,5.225000000000117,success,55.615234375,0.005,"(282, 227, -176)",282.0,227.0,-176.0,282.0,,227.0,-176.0
2828,realistic,3,x0y0,utah,9.77,12.0,Aa,saline,165.8080174911381,12.0,,b,-1,0.08,soma,73.92795365,225.6787509781024,435.0287555659002,-1161.918092939281,,226.0,435.54556711749007,-1161.8940755318376,central,5.2100000000001145,success,95.361328125,0.005,"(226, 234, -365)",226.0,234.0,-365.0,226.0,,234.0,-365.0
2829,realistic,3,x0y0,utah,10.727,13.1,Aa,saline,-36.141956224577214,13.1,,b,-1,0.08,soma,76.986932166,-289.72840664047175,-693.7183961434857,1222.2663762722404,,-290.0,-693.6964462957535,1222.053323208631,none,0.0,success,105.0,0.005,"(-290, -208, 557)",-290.0,-208.0,557.0,,,,
2830,realistic,3,x0y0,utah,12.467,15.1,Aa,saline,-27.15451987005732,15.1,,b,-1,0.08,soma,82.548711286,-1446.2612410868592,-459.7077109739639,1026.5158883757376,,-1446.0,-460.1116159154652,1026.2189216511415,none,0.0,success,105.0,0.005,"(-1446, -83, 291)",-1446.0,-83.0,291.0,,,,
2831,realistic,3,x0y0,utah,12.728,15.4,Aa,saline,7.628211805817043,15.4,,b,-1,0.08,soma,83.382978154,-1255.2100427223718,123.22070052011395,1192.3770722172712,,-1255.0,122.70196060051795,1192.4166039731226,none,0.0,success,105.0,0.005,"(-1255, 13, 373)",-1255.0,13.0,373.0,,,,
2832,realistic,3,x0y0,utah,11.771,14.3,Aa,saline,26.57935244967534,14.3,,b,-1,0.08,soma,80.323999638,-415.36531677647565,517.8010704784083,1156.9686807278524,,-415.0,518.1774787190207,1156.9423764381318,none,0.0,success,105.0,0.005,"(-415, 149, 419)",-415.0,149.0,419.0,,,,
2833,realistic,3,x0y0,utah,9.596,11.8,Aa,saline,109.10575617968529,11.8,,b,-1,0.08,soma,73.371775738,10.952309737813694,1355.273277176283,-522.0078889783149,,11.0,1355.4109954474184,-521.9377910995238,tjn,5.150000000000105,success,33.026123046875,0.005,"(11, 579, -253)",11.0,579.0,-253.0,11.0,,579.0,-253.0
2834,realistic,3,x0y0,utah,11.945,14.5,Aa,saline,157.17711399893415,14.5,,b,-1,0.08,soma,80.88017755,1659.9953033699014,315.5482768268425,-910.4835112907256,,1660.0,315.18821043582255,-910.8081298239176,none,0.0,success,105.0,0.005,"(1660, -5, -150)",1660.0,-5.0,-150.0,,,,
2835,realistic,3,x0y0,utah,11.075,13.5,Aa,saline,43.109971795134676,13.5,,b,-1,0.08,soma,78.09928799,-1627.8372052314935,232.82192763028567,331.16221083424625,,-1628.0,233.1555267061832,331.5562401163502,none,0.0,success,105.0,0.005,"(-1628, -330, -270)",-1628.0,-330.0,-270.0,,,,
2836,realistic,3,x0y0,utah,10.466000000000001,12.8,Aa,saline,43.32513590747756,12.8,,b,-1,0.08,soma,76.152665298,418.67720758815216,967.110844959262,815.1917965554721,,419.0,966.712671830479,814.7880320021477,central,5.18000000000011,success,47.021484375,0.005,"(419, 402, 216)",419.0,402.0,216.0,419.0,,402.0,216.0
2837,realistic,3,x0y0,utah,13.946,16.8,Aa,saline,70.04287435743554,16.8,,b,-1,0.08,soma,87.27622353800001,-1113.3432882308487,394.5889222698088,181.1377171973727,,-1113.0,394.8369612516833,180.8141875467598,none,0.0,success,105.0,0.005,"(-1113, -384, -102)",-1113.0,-384.0,-102.0,,,,
2838,realistic,3,x0y0,utah,10.379,12.7,Aa,saline,3.228687650171492,12.7,,b,-1,0.08,soma,75.874576342,-988.9098419147127,146.71188207273738,1346.5157963521506,,-989.0,146.33136932402732,1346.6205885099266,none,0.0,success,105.0,0.005,"(-989, 100, 525)",-989.0,100.0,525.0,,,,
2839,realistic,3,x0y0,utah,10.64,13.0,Aa,saline,63.468608952615995,13.0,,b,-1,0.08,soma,76.70884321,1721.0940618726818,917.0792328289343,556.9300612338188,,1721.0,916.6552010099937,556.7924201309536,central,5.260000000000122,success,105.0,0.005,"(1721, 180, 189)",1721.0,180.0,189.0,1721.0,,180.0,189.0
2840,realistic,3,x0y0,utah,12.988999999999999,15.7,Aa,saline,93.39331165082558,15.7,,b,-1,0.08,soma,84.217245022,1379.5934301277493,336.18568824748354,-42.11034951739248,,1380.0,336.6198269904804,-41.96483045265121,none,0.0,success,105.0,0.005,"(1380, -489, 7)",1380.0,-489.0,7.0,,,,
2841,realistic,3,x0y0,utah,11.423,13.9,Aa,saline,99.47560090053673,13.9,,b,-1,0.08,soma,79.211643814,-737.3435888223728,628.5779931689485,-31.12591353496601,,-737.0,628.3911827290651,-30.730118285892246,periphery,5.425000000000148,success,83.4228515625,0.005,"(-737, -185, 105)",-737.0,-185.0,105.0,-737.0,,-185.0,105.0
2842,realistic,3,x0y0,utah,10.031,12.3,Aa,saline,127.3221915660005,12.3,,b,-1,0.08,soma,74.76222051799998,1907.4795375879983,911.7271262681552,-696.7584587135982,,1907.0,911.9574588779569,-696.6096671500318,central,5.320000000000132,success,78.55224609375,0.005,"(1907, 258, -198)",1907.0,258.0,-198.0,1907.0,,258.0,-198.0
2843,realistic,3,x0y0,utah,11.423,13.9,Aa,saline,96.6123839924094,13.9,,b,-1,0.08,soma,79.211643814,-861.1742039563368,266.2235446289128,0.328382380128005,,-861.0,266.0809629002233,0.005409316313574664,none,0.0,success,105.0,0.005,"(-861, -553, 95)",-861.0,-553.0,95.0,,,,
2844,realistic,3,x0y0,utah,10.205,12.5,Aa,saline,66.44127962890805,12.5,,b,-1,0.08,soma,75.31839843,-795.0000990123668,1231.1170779364054,376.9266933702343,,-795.0,1231.1316879203905,376.81688192623557,periphery,5.175000000000109,success,23.69384765625,0.005,"(-795, 477, 48)",-795.0,477.0,48.0,-795.0,,477.0,48.0
2845,realistic,3,x0y0,utah,9.248000000000001,11.4,Aa,saline,139.2664306883093,11.4,,b,-1,0.08,soma,72.25941991399999,1092.2218043979747,572.768848682862,-915.8554001120892,,1092.0,572.7871357469426,-916.2520942054148,none,0.0,success,105.0,0.005,"(1092, 37, -294)",1092.0,37.0,-294.0,,,,
2846,realistic,3,x0y0,utah,10.553,12.9,Aa,saline,114.1441123592733,12.9,,b,-1,0.08,soma,76.430754254,-1965.189685666643,950.956587373104,-580.451176770805,,-1965.0,951.1840316283877,-580.6950892449431,periphery,5.2800000000001255,success,90.07415771484375,0.005,"(-1965, 200, -244)",-1965.0,200.0,-244.0,-1965.0,,200.0,-244.0
2847,realistic,3,x0y0,utah,9.857,12.1,Aa,saline,181.80696931363758,12.1,,b,-1,0.08,soma,74.206042606,-842.5256678468776,99.58058021871011,-1403.0227877825823,,-843.0,100.10375482895549,-1402.6919697923488,none,0.0,success,105.0,0.005,"(-843, 126, -581)",-843.0,126.0,-581.0,,,,
2848,realistic,3,x0y0,utah,10.118,12.4,Aa,saline,161.34843385646838,12.4,,b,-1,0.08,soma,75.040309474,-1502.1593400860227,382.9784155462153,-1179.6421334004476,,-1502.0,383.04194548489266,-1179.3378466133076,none,0.0,success,105.0,0.005,"(-1502, 120, -400)",-1502.0,120.0,-400.0,,,,
2849,realistic,3,x0y0,utah,12.119,14.7,Aa,saline,120.82154555771791,14.7,,b,-1,0.08,soma,81.436355462,1285.9901479786756,417.06441611691565,-288.8457643164212,,1286.0,417.12677103538294,-289.09799426936445,none,0.0,success,105.0,0.005,"(1286, -292, 134)",1286.0,-292.0,134.0,,,,
2850,realistic,3,x0y0,utah,10.553,12.9,Aa,saline,79.21050685217611,12.9,,b,-1,0.08,soma,76.430754254,-622.7407515103738,1384.39042361282,325.273890504192,,-623.0,1384.6444649518523,325.1059185981744,periphery,5.170000000000108,success,25.341796875,0.005,"(-623, 576, 171)",-623.0,576.0,171.0,-623.0,,576.0,171.0
2851,realistic,3,x0y0,utah,10.205,12.5,Aa,saline,146.02545712850815,12.5,,b,-1,0.08,soma,75.31839843,-754.5922065974307,968.4936974515027,-1033.8119541965102,,-755.0,968.701960521342,-1034.2312739089998,periphery,5.250000000000121,success,61.23046875,0.005,"(-755, 509, -352)",-755.0,509.0,-352.0,-755.0,,509.0,-352.0
2852,realistic,3,x0y0,utah,13.859,16.7,Aa,saline,109.32854111774077,16.7,,b,-1,0.08,soma,86.998134582,-871.6499457848381,234.5917667627591,-86.63656493776806,,-872.0,234.7717198957879,-86.2331912733211,none,0.0,success,105.0,0.005,"(-872, -547, 188)",-872.0,-547.0,188.0,,,,
2853,realistic,3,x0y0,utah,12.467,15.1,Aa,saline,199.58911303098182,15.1,,b,-1,0.08,soma,82.548711286,-1245.4002737576882,-646.5306959982628,-1177.450380870451,,-1245.0,-647.049791447098,-1177.4330704512704,none,0.0,success,105.0,0.005,"(-1245, -370, -399)",-1245.0,-370.0,-399.0,,,,
2854,realistic,3,x0y0,utah,12.032,14.6,Aa,saline,1.1469572429708894,14.6,,b,-1,0.08,soma,81.15826650599999,943.7745486541867,155.65939038451643,1400.200090840278,,944.0,155.51158266506002,1400.4140174263498,none,0.0,success,105.0,0.005,"(944, 139, 575)",944.0,139.0,575.0,,,,
2855,realistic,3,x0y0,utah,12.641,15.3,Aa,saline,44.30290153147625,15.3,,b,-1,0.08,soma,83.104889198,1737.7360740406243,535.3891926012599,734.9013550648932,,1738.0,535.3468825524017,734.5635845995046,none,0.0,success,105.0,0.005,"(1738, -42, 143)",1738.0,-42.0,143.0,,,,
2856,realistic,3,x0y0,utah,13.337000000000002,16.1,Aa,saline,-5.944475351669141,16.1,,b,-1,0.08,soma,85.329600846,1611.6964837236396,-20.01483228733605,1088.3341044880071,,1612.0,-19.746073323822813,1088.195410500716,none,0.0,success,105.0,0.005,"(1612, 66, 265)",1612.0,66.0,265.0,,,,
2857,realistic,3,x0y0,utah,10.814,13.2,Aa,saline,126.67838247654812,13.2,,b,-1,0.08,soma,77.26502112200002,134.9327017371289,327.77269011525414,-205.6380378710133,,135.0,327.55327346992226,-205.9556985580855,none,0.0,success,105.0,0.005,"(135, -333, 286)",135.0,-333.0,286.0,,,,
2858,realistic,3,x0y0,utah,9.943999999999999,12.2,Aa,saline,86.13341668125813,12.2,,b,-1,0.08,soma,74.484131562,348.63773470529014,640.4226843360683,44.63426706029395,,349.0,640.350909029704,44.419115233639424,tjn,5.37500000000014,success,38.0126953125,0.005,"(349, -180, -11)",349.0,-180.0,-11.0,349.0,,-180.0,-11.0
2859,realistic,3,x0y0,utah,12.554,15.2,Aa,saline,94.82165931422286,15.2,,b,-1,0.08,soma,82.82680024199999,1972.7765886074176,277.3870242150806,-43.04825278623685,,1973.0,277.52095322057676,-43.50136695017612,none,0.0,success,105.0,0.005,"(1973, -546, 26)",1973.0,-546.0,26.0,,,,
2860,realistic,3,x0y0,utah,11.075,13.5,Aa,saline,49.15645627837379,13.5,,b,-1,0.08,soma,78.09928799,-807.0198594926912,932.0429635758346,817.0761361710713,,-807.0,932.3935556822177,816.9284671727302,periphery,5.270000000000124,success,78.11279296875,0.005,"(-807, 309, 278)",-807.0,309.0,278.0,-807.0,,309.0,278.0
2861,realistic,3,x0y0,utah,9.943999999999999,12.2,Aa,saline,102.64557616471977,12.2,,b,-1,0.08,soma,74.484131562,-664.4467045749407,1301.9413653865975,-275.29820358697725,,-664.0,1302.261583582522,-274.98878819946094,periphery,5.160000000000107,success,22.0550537109375,0.005,"(-664, 500, -95)",-664.0,500.0,-95.0,-664.0,,500.0,-95.0
2862,realistic,3,x0y0,utah,11.945,14.5,Aa,saline,71.75353693314008,14.5,,b,-1,0.08,soma,80.88017755,-953.8699822929144,633.2266217405862,166.92565895889766,,-954.0,632.9204523096176,166.44529179545253,none,0.0,success,105.0,0.005,"(-954, -151, -92)",-954.0,-151.0,-92.0,,,,
2863,realistic,3,x0y0,utah,10.292,12.6,Aa,saline,31.930375862662743,12.6,,b,-1,0.08,soma,75.596487386,-732.1925060260414,93.02073722393288,131.8400928516767,,-732.0,93.17799108922787,132.30886942224936,none,0.0,success,105.0,0.005,"(-732, -342, -566)",-732.0,-342.0,-566.0,,,,
2864,realistic,3,x0y0,utah,12.815,15.5,Aa,saline,-15.17272833851559,15.5,,b,-1,0.08,soma,83.66106711,-1157.817528500279,-339.21957322713837,1138.0652163841478,,-1158.0,-339.38155063134354,1137.9741479339307,none,0.0,success,105.0,0.005,"(-1158, -123, 340)",-1158.0,-123.0,340.0,,,,
2865,realistic,3,x0y0,utah,11.945,14.5,Aa,saline,190.94963975444008,14.5,,b,-1,0.08,soma,80.88017755,1158.2263949674118,-358.01569959430844,-960.71828582608,,1158.0,-357.75107285837254,-960.4170791592952,none,0.0,success,105.0,0.005,"(1158, -201, -150)",1158.0,-201.0,-150.0,,,,
2866,realistic,3,x0y0,utah,11.51,14.0,Aa,saline,352.3129139665478,14.0,,b,-1,0.08,soma,79.48973277,-451.52682627273117,-8.773159273206602,76.49843066104177,,-452.0,-8.35086312231303,76.32216258753522,none,0.0,success,105.0,0.005,"(-452, 102, -741)",-452.0,102.0,-741.0,,,,
2867,realistic,3,x0y0,utah,12.728,15.4,Aa,saline,108.78466926670187,15.4,,b,-1,0.08,soma,83.382978154,-914.1901128701857,709.0170738849815,-210.06440223930986,,-914.0,708.6288327091961,-210.19465948279407,none,0.0,success,105.0,0.005,"(-914, -74, 56)",-914.0,-74.0,56.0,,,,
2868,realistic,3,x0y0,utah,13.946,16.8,Aa,saline,146.54473609071556,16.8,,b,-1,0.08,soma,87.27622353800001,-110.45013174172102,652.5100525950529,-1293.0498540336882,,-110.0,652.8281910182499,-1293.332776648877,none,0.0,success,105.0,0.005,"(-110, 196, -602)",-110.0,196.0,-602.0,,,,
2869,realistic,3,x0y0,utah,9.857,12.1,Aa,saline,190.0337498262884,12.1,,b,-1,0.08,soma,74.206042606,286.3160835649578,-486.62451440681434,-1362.0417900443795,,286.0,-486.21034631098263,-1362.5248450770644,none,0.0,success,105.0,0.005,"(286, -343, -553)",286.0,-343.0,-553.0,,,,
2870,realistic,3,x0y0,utah,8.116999999999999,10.1,Aa,saline,-23.39614823577476,10.1,,b,-1,0.08,soma,68.644263486,1162.4458230939035,-528.7127228894442,1082.0800994712615,,1162.0,-528.3528185151454,1081.9738525137254,none,0.0,success,105.0,0.005,"(1162, -203, 330)",1162.0,-203.0,330.0,,,,
2871,realistic,3,x0y0,utah,10.727,13.1,Aa,saline,116.14160630187996,13.1,,b,-1,0.08,soma,76.986932166,1747.2983201214895,849.2573031375778,-511.5499052119849,,1747.0,849.2500845027093,-511.8312211561699,none,0.0,success,105.0,0.005,"(1747, 110, -149)",1747.0,110.0,-149.0,,,,
2872,realistic,3,x0y0,utah,11.423,13.9,Aa,saline,-11.528200583589935,13.9,,b,-1,0.08,soma,79.211643814,-364.3630678560266,-420.13503539206164,1132.3742709074158,,-364.0,-419.8387037992094,1131.948784304479,none,0.0,success,105.0,0.005,"(-364, -255, 324)",-364.0,-255.0,324.0,,,,
2873,realistic,3,x0y0,utah,12.38,15.0,Aa,saline,283.1916537608267,15.0,,b,-1,0.08,soma,82.27062233000002,-1413.3816883809848,-167.7488556389967,45.348758874133175,,-1413.0,-167.32533895024426,45.52407800785306,periphery,5.175000000000109,success,22.518539428710938,0.005,"(-1413, 637, -143)",-1413.0,637.0,-143.0,-1413.0,,637.0,-143.0
2874,realistic,3,x0y0,utah,11.771,14.3,Aa,saline,116.51345574105213,14.3,,b,-1,0.08,soma,80.323999638,-1971.4435985273292,1039.3032235583078,-514.2169750193216,,-1971.0,1039.3549574380413,-514.3523167192018,periphery,5.260000000000122,success,53.02734375,0.005,"(-1971, 301, -146)",-1971.0,301.0,-146.0,-1971.0,,301.0,-146.0
2875,realistic,3,x0y0,utah,10.901,13.3,Aa,saline,2.050120168592896,13.3,,b,-1,0.08,soma,77.54311007800001,1461.4991406440213,-22.082241211067867,1106.0753940397335,,1461.0,-22.50897832960379,1106.2772921059768,none,0.0,success,105.0,0.005,"(1461, -52, 283)",1461.0,-52.0,283.0,,,,
2876,realistic,3,x0y0,utah,11.771,14.3,Aa,saline,193.8323658042264,14.3,,b,-1,0.08,soma,80.323999638,563.2527736973042,-503.73695589629415,-1350.86750596767,,563.0,-503.29623415672296,-1351.2323018242491,none,0.0,success,105.0,0.005,"(563, -306, -550)",563.0,-306.0,-550.0,,,,
2877,realistic,3,x0y0,utah,10.118,12.4,Aa,saline,131.11963521166055,12.4,,b,-1,0.08,soma,75.040309474,1198.3662728350253,802.9851388507982,-738.6046053383234,,1198.0,802.6044325633823,-738.8892537550513,central,5.215000000000115,success,105.0,0.005,"(1198, 183, -198)",1198.0,183.0,-198.0,1198.0,,183.0,-198.0
2878,realistic,3,x0y0,utah,10.553,12.9,Aa,saline,123.50145924540476,12.9,,b,-1,0.08,soma,76.430754254,120.90933340327247,227.23629451766786,-124.75913941857745,,121.0,227.47930298620543,-124.41488817410419,none,0.0,success,105.0,0.005,"(121, -459, 330)",121.0,-459.0,330.0,,,,
2879,realistic,3,x0y0,utah,16.121,19.3,Aa,saline,118.05837891558052,19.3,,b,-1,0.08,soma,94.22844743799999,1713.8832380843164,507.2046422586605,-275.83829691807387,,1714.0,507.34080243201765,-275.42653083741766,none,0.0,success,105.0,0.005,"(1714, -227, 116)",1714.0,-227.0,116.0,,,,
2880,realistic,3,x0y0,utah,9.335,11.5,Aa,saline,31.848072734966678,11.5,,b,-1,0.08,soma,72.53750887,447.8277772283357,569.3234302707515,1124.5570304523626,,448.0,569.3835217153496,1124.6678068925328,none,0.0,success,105.0,0.005,"(448, 136, 427)",448.0,136.0,427.0,,,,
2881,realistic,3,x0y0,utah,11.771,14.3,Aa,saline,171.52703762841745,14.3,,b,-1,0.08,soma,80.323999638,-1709.2708262847516,46.0029270653672,-1068.6314604540892,,-1709.0,45.546362573338726,-1068.167734020973,none,0.0,success,105.0,0.005,"(-1709, -76, -252)",-1709.0,-76.0,-252.0,,,,
2882,realistic,3,x0y0,utah,15.598999999999998,18.7,Aa,saline,70.22588513988029,18.7,,b,-1,0.08,soma,92.559913702,427.49657212945397,557.0619169262944,177.10440459977008,,427.0,557.2344393967912,177.2220094026934,periphery,5.410000000000146,success,69.27490234375,0.005,"(427, -225, -104)",427.0,-225.0,-104.0,427.0,,-225.0,-104.0
2883,realistic,3,x0y0,utah,15.164,18.2,Aa,saline,88.96188749446712,18.2,,b,-1,0.08,soma,91.16946892200001,1570.6921069830523,338.8745722852386,-5.006844079292023,,1571.0,338.41861751410795,-4.966416306255896,none,0.0,success,105.0,0.005,"(1571, -492, -20)",1571.0,-492.0,-20.0,,,,
2884,realistic,3,x0y0,utah,13.772000000000002,16.6,Aa,saline,188.44432213181443,16.6,,b,-1,0.08,soma,86.720045626,1446.3435220293675,-294.4839111541905,-1078.4181571947172,,1446.0,-294.60325134894845,-1078.41373456662,none,0.0,success,105.0,0.005,"(1446, -173, -259)",1446.0,-173.0,-259.0,,,,
2885,realistic,3,x0y0,utah,16.208,19.4,Aa,saline,114.98159259496755,19.4,,b,-1,0.08,soma,94.506536394,-321.53201310161575,607.7044468129429,-311.5935777287923,,-322.0,607.354362293761,-311.4605551595932,central,5.420000000000147,success,91.1865234375,0.005,"(-322, -147, 40)",-322.0,-147.0,40.0,-322.0,,-147.0,40.0
2886,realistic,3,x0y0,utah,12.032,14.6,Aa,saline,116.38088772827601,14.6,,b,-1,0.08,soma,81.15826650599999,-21.439477422568565,1269.4515625376353,-600.9704470064335,,-21.0,1269.636345481363,-600.804808904308,tjn,5.150000000000105,success,31.201171875,0.005,"(-21, 530, -234)",-21.0,530.0,-234.0,-21.0,,530.0,-234.0
2887,realistic,3,x0y0,utah,11.945,14.5,Aa,saline,-15.06625675570777,14.5,,b,-1,0.08,soma,80.88017755,-7.301245884314245,-432.92012184612844,1387.8193907499099,,-7.0,-432.5318790726226,1388.0449497211403,none,0.0,success,105.0,0.005,"(-7, -218, 591)",-7.0,-218.0,591.0,,,,
2888,realistic,3,x0y0,utah,10.292,12.6,Aa,saline,13.127959632000756,12.6,,b,-1,0.08,soma,75.596487386,1158.1521105785878,265.9986393999306,1112.828857159704,,1158.0,265.85748114268034,1113.323209532613,none,0.0,success,105.0,0.005,"(1158, 79, 312)",1158.0,79.0,312.0,,,,
2889,realistic,3,x0y0,utah,15.077000000000002,18.1,Aa,saline,82.46595219145975,18.1,,b,-1,0.08,soma,90.891379966,-1687.214365567232,550.1538182512154,88.03914173274187,,-1687.0,550.3038570491465,87.87142995677134,none,0.0,success,105.0,0.005,"(-1687, -273, -21)",-1687.0,-273.0,-21.0,,,,
2890,realistic,3,x0y0,utah,11.248999999999999,13.7,Aa,saline,182.9141027191227,13.7,,b,-1,0.08,soma,78.655465902,-1400.8728209760147,-34.72752177035136,-1294.2955585488694,,-1401.0,-34.87584883391081,-1294.256106898164,none,0.0,success,105.0,0.005,"(-1401, 7, -471)",-1401.0,7.0,-471.0,,,,
2891,realistic,3,x0y0,utah,12.641,15.3,Aa,saline,67.62184557267568,15.3,,b,-1,0.08,soma,83.104889198,1898.2589777882647,538.5872968501358,284.0484996953792,,1898.0,538.3130455206956,283.6685156588394,none,0.0,success,105.0,0.005,"(1898, -226, -31)",1898.0,-226.0,-31.0,,,,
2892,realistic,3,x0y0,utah,12.38,15.0,Aa,saline,61.56305552501397,15.0,,b,-1,0.08,soma,82.27062233000002,-915.626774289344,1144.7306166664412,754.5137754747708,,-916.0,1144.4207791073848,754.4056351767731,periphery,5.275000000000125,success,72.900390625,0.005,"(-916, 418, 361)",-916.0,418.0,361.0,-916.0,,418.0,361.0
2893,realistic,3,x0y0,utah,9.943999999999999,12.2,Aa,saline,185.44595938785702,12.2,,b,-1,0.08,soma,74.484131562,815.9749839505499,-35.104063913106984,-1401.9941968080814,,816.0,-35.03077204261693,-1401.5419764849858,none,0.0,success,105.0,0.005,"(816, 43, -583)",816.0,43.0,-583.0,,,,
2894,realistic,3,x0y0,utah,11.161999999999999,13.6,Aa,saline,139.6692183785602,13.6,,b,-1,0.08,soma,78.377376946,576.6222455231524,898.3470816463696,-1115.3375776516968,,577.0,898.4149191797258,-1115.279037222968,none,0.0,success,105.0,0.005,"(577, 365, -487)",577.0,365.0,-487.0,,,,
2895,realistic,3,x0y0,utah,10.814,13.2,Aa,saline,44.00921630441432,13.2,,b,-1,0.08,soma,77.26502112200002,1583.1317462576785,858.643856478383,949.0424776636612,,1583.0,858.2598683377829,949.3565015954713,central,5.290000000000127,success,99.462890625,0.005,"(1583, 286, 357)",1583.0,286.0,357.0,1583.0,,286.0,357.0
2896,realistic,3,x0y0,utah,10.901,13.3,Aa,saline,156.93049333457952,13.3,,b,-1,0.08,soma,77.54311007800001,949.5622962003036,726.9628886171672,-1177.190216455504,,950.0,726.7536952642803,-1176.8698306358804,central,5.305000000000129,success,85.14404296875,0.005,"(950, 404, -419)",950.0,404.0,-419.0,950.0,,404.0,-419.0
2897,realistic,3,x0y0,utah,10.553,12.9,Aa,saline,-23.374738708536192,12.9,,b,-1,0.08,soma,76.430754254,1489.2414169854526,-642.7510591013514,1120.6834059320536,,1489.0,-642.569540106281,1120.6293946648734,none,0.0,success,105.0,0.005,"(1489, -316, 365)",1489.0,-316.0,365.0,,,,
2898,realistic,3,x0y0,utah,12.554,15.2,Aa,saline,132.2505844527104,15.2,,b,-1,0.08,soma,82.82680024199999,-1875.8638170559946,578.993878396248,-643.5870698829513,,-1876.0,578.7111987695644,-643.6803702413605,none,0.0,success,105.0,0.005,"(-1876, -33, -88)",-1876.0,-33.0,-88.0,,,,
2899,realistic,3,x0y0,utah,12.728,15.4,Aa,saline,138.509173699927,15.4,,b,-1,0.08,soma,83.382978154,300.0638527887752,160.8619386392138,-200.521440064128,,300.0,160.6831115135127,-200.27459446758087,none,0.0,success,105.0,0.005,"(300, -387, 419)",300.0,-387.0,419.0,,,,
2900,realistic,3,x0y0,utah,13.859,16.7,Aa,saline,66.88339800915077,16.7,,b,-1,0.08,soma,86.998134582,53.331390368384746,1215.3579228385945,639.1151649044559,,53.0,1214.970592187533,639.2687338184467,periphery,5.175000000000109,success,53.02734375,0.005,"(53, 453, 314)",53.0,453.0,314.0,53.0,,453.0,314.0
2901,realistic,3,x0y0,utah,16.468999999999998,19.7,Aa,saline,53.08240869891926,19.7,,b,-1,0.08,soma,95.34080326200001,-1750.6766967617345,576.4155637425656,393.7888345478151,,-1751.0,576.7199861039846,394.18511025974186,none,0.0,success,105.0,0.005,"(-1751, -89, -106)",-1751.0,-89.0,-106.0,,,,
2902,realistic,3,x0y0,utah,10.553,12.9,Aa,saline,11.058175193866553,12.9,,b,-1,0.08,soma,76.430754254,-217.94775279439403,323.9381455134071,1420.5499120669808,,-218.0,323.89270933295865,1420.903571112438,none,0.0,success,105.0,0.005,"(-218, 166, 613)",-218.0,166.0,613.0,,,,
2903,realistic,3,x0y0,utah,11.684,14.2,Aa,saline,123.4538437116392,14.2,,b,-1,0.08,soma,80.045910682,1689.768842265837,599.9166703684733,-383.96418582256587,,1690.0,600.3166516409965,-383.8351552794934,none,0.0,success,105.0,0.005,"(1690, -88, 71)",1690.0,-88.0,71.0,,,,
2904,realistic,3,x0y0,utah,15.860000000000001,19.0,Aa,saline,101.0381260416726,19.0,,b,-1,0.08,soma,93.39418057,-699.2023699335683,409.2637952085711,-106.09130247391752,,-699.0,409.31069411472777,-106.26999278957757,none,0.0,success,105.0,0.005,"(-699, -407, 53)",-699.0,-407.0,53.0,,,,
2905,realistic,3,x0y0,utah,15.686000000000002,18.8,Aa,saline,127.83851440347674,18.8,,b,-1,0.08,soma,92.838002658,1374.04367378748,278.80742889705743,-208.0011570472284,,1374.0,278.57158534951145,-207.9924154152087,none,0.0,success,105.0,0.005,"(1374, -378, 302)",1374.0,-378.0,302.0,,,,
2906,realistic,3,x0y0,utah,11.336,13.8,Aa,saline,120.38531670179694,13.8,,b,-1,0.08,soma,78.93355485800001,-96.71537042306255,1350.7148886974364,-540.6566444100067,,-97.0,1350.1850422102557,-541.0152960235883,tjn,5.1200000000001005,success,13.5650634765625,0.005,"(-97, 639, -124)",-97.0,639.0,-124.0,-97.0,,639.0,-124.0
2907,realistic,3,x0y0,utah,11.161999999999999,13.6,Aa,saline,34.23485083602431,13.6,,b,-1,0.08,soma,78.377376946,1473.6868026756877,782.1750532302757,1044.83156122116,,1474.0,781.68855613491,1044.3567887606293,central,5.290000000000127,success,90.4449462890625,0.005,"(1474, 318, 363)",1474.0,318.0,363.0,1474.0,,318.0,363.0
2908,realistic,3,x0y0,utah,15.512000000000002,18.6,Aa,saline,62.26265004259818,18.6,,b,-1,0.08,soma,92.281824746,187.03515312961662,326.22269048307817,193.29891117006943,,187.0,326.6428215413425,192.8129806183943,none,0.0,success,105.0,0.005,"(187, -409, -194)",187.0,-409.0,-194.0,,,,
2909,realistic,3,x0y0,utah,8.203999999999999,10.2,Aa,saline,84.4726840590858,10.2,,b,-1,0.08,soma,68.922352442,1152.4875435608044,558.683235198142,36.35501891235117,,1152.0,558.6916548103836,35.91411127008233,none,0.0,success,105.0,0.005,"(1152, -257, -43)",1152.0,-257.0,-43.0,,,,
2910,realistic,3,x0y0,utah,12.728,15.4,Aa,saline,79.13481259846766,15.4,,b,-1,0.08,soma,83.382978154,-504.9406458874244,185.4592893564441,36.34308296407517,,-505.0,185.89371142252196,36.83134569101455,none,0.0,success,105.0,0.005,"(-505, -626, -119)",-505.0,-626.0,-119.0,,,,
2911,realistic,3,x0y0,utah,11.423,13.9,Aa,saline,91.69091031803352,13.9,,b,-1,0.08,soma,79.211643814,121.36694295593588,1359.9918165996248,19.348092231793547,,121.0,1360.2759795782376,19.674128253743493,tjn,5.105000000000098,success,9.31396484375,0.005,"(121, 536, 44)",121.0,536.0,44.0,121.0,,536.0,44.0
2912,realistic,3,x0y0,utah,11.858,14.4,Aa,saline,125.41009036061813,14.4,,b,-1,0.08,soma,80.60208859400001,-265.47132029284563,929.7279285948453,-694.4394305018733,,-265.0,929.6203511020551,-694.1794250656819,periphery,5.250000000000121,success,80.89599609375,0.005,"(-265, 257, -216)",-265.0,257.0,-216.0,-265.0,,257.0,-216.0
2913,realistic,3,x0y0,utah,13.25,16.0,Aa,saline,102.69061011940222,16.0,,b,-1,0.08,soma,85.05151189,-1777.0221415168435,223.6464371319044,-25.257837820622626,,-1777.0,223.33412749994227,-24.80740858111656,none,0.0,success,105.0,0.005,"(-1777, -584, 157)",-1777.0,-584.0,157.0,,,,
2914,realistic,3,x0y0,utah,14.293999999999999,17.2,Aa,saline,57.97600188710725,17.2,,b,-1,0.08,soma,88.388579362,182.9985368445557,510.4732534304453,307.544902883732,,183.0,509.99091879155196,307.7217318178344,periphery,5.31000000000013,success,105.0,0.005,"(183, -193, -132)",183.0,-193.0,-132.0,183.0,,-193.0,-132.0
2915,realistic,3,x0y0,utah,13.772000000000002,16.6,Aa,saline,342.1067864990748,16.6,,b,-1,0.08,soma,86.720045626,-1164.1956689516585,-366.5881036510414,937.6350274840383,,-1164.0,-366.47219900815367,937.267397708851,none,0.0,success,105.0,0.005,"(-1164, -112, 149)",-1164.0,-112.0,149.0,,,,
2916,realistic,3,x0y0,utah,11.161999999999999,13.6,Aa,saline,27.15004070276066,13.6,,b,-1,0.08,soma,78.377376946,980.0443949775232,700.4273111367424,1151.8932419285675,,980.0,700.07729855023,1152.3630950032757,central,5.285000000000126,success,97.6318359375,0.005,"(980, 324, 419)",980.0,324.0,419.0,980.0,,324.0,419.0
2917,realistic,3,x0y0,utah,11.684,14.2,Aa,saline,94.8779188617225,14.2,,b,-1,0.08,soma,80.045910682,-1017.9831713510769,1371.7028035082694,11.934635225783039,,-1018.0,1372.0528727017727,11.873048796014984,periphery,5.155000000000106,success,12.066650390625,0.005,"(-1018, 550, 82)",-1018.0,550.0,82.0,-1018.0,,550.0,82.0
2918,realistic,3,x0y0,utah,8.813,10.9,Aa,saline,12.568274284516466,10.9,,b,-1,0.08,soma,70.86897513400001,993.5974144965074,214.5565282645284,1260.5760944049225,,994.0,214.52654449457924,1260.7440598653923,none,0.0,success,105.0,0.005,"(994, 36, 460)",994.0,36.0,460.0,,,,
2919,realistic,3,x0y0,utah,12.815,15.5,Aa,saline,279.5756509958485,15.5,,b,-1,0.08,soma,83.66106711,-404.5764877962049,-101.68758530494871,24.09753704011291,,-405.0,-101.33758913858571,24.50191773019654,periphery,5.155000000000106,success,21.075439453125,0.005,"(-405, 714, -113)",-405.0,714.0,-113.0,-405.0,,714.0,-113.0
2920,realistic,3,x0y0,utah,10.727,13.1,Aa,saline,167.98574570029615,13.1,,b,-1,0.08,soma,76.986932166,1768.9808840135495,245.33497795187168,-1077.9777979344974,,1769.0,245.45133963848062,-1078.4589591757824,none,0.0,success,105.0,0.005,"(1769, 74, -273)",1769.0,74.0,-273.0,,,,
2921,realistic,3,x0y0,utah,11.597,14.1,Aa,saline,145.24920463577038,14.1,,b,-1,0.08,soma,79.76782172600001,337.84792752338683,811.8025911877376,-1204.632736105445,,338.0,812.18382919191,-1204.7246211650408,none,0.0,success,105.0,0.005,"(338, 342, -527)",338.0,342.0,-527.0,,,,
2922,realistic,3,x0y0,utah,9.943999999999999,12.2,Aa,saline,176.0464205090365,12.2,,b,-1,0.08,soma,74.484131562,-1152.9548514628045,-63.92668896511167,-1304.058088663704,,-1153.0,-64.34752166768908,-1304.268684823126,none,0.0,success,105.0,0.005,"(-1153, -121, -484)",-1153.0,-121.0,-484.0,,,,
2923,realistic,3,x0y0,utah,10.727,13.1,Aa,saline,67.19335249407834,13.1,,b,-1,0.08,soma,76.986932166,1299.2670421188518,1267.3226845789268,336.90364947844137,,1299.0,1267.0962770353094,337.1860674537709,central,5.175000000000109,success,12.73193359375,0.005,"(1299, 508, 18)",1299.0,508.0,18.0,1299.0,,508.0,18.0
2924,realistic,3,x0y0,utah,14.033,16.9,Aa,saline,116.01116413405424,16.9,,b,-1,0.08,soma,87.55431249399997,530.6523440271454,309.38747442471816,-157.99943904647625,,531.0,309.82203031917913,-158.4187830143096,none,0.0,success,105.0,0.005,"(531, -435, 205)",531.0,-435.0,205.0,,,,
2925,realistic,3,x0y0,utah,12.554,15.2,Aa,saline,202.37447729878616,15.2,,b,-1,0.08,soma,82.82680024199999,242.21710676039174,-650.1169416060858,-1129.3866840298515,,242.0,-650.6155814260648,-1129.184471091889,none,0.0,success,105.0,0.005,"(242, -336, -365)",242.0,-336.0,-365.0,,,,
2926,realistic,3,x0y0,utah,11.423,13.9,Aa,saline,-11.965005837159527,13.9,,b,-1,0.08,soma,79.211643814,1039.1304444663008,-315.2788989446117,1320.3024726858764,,1039.0,-314.9407868813212,1320.7118755716183,none,0.0,success,105.0,0.005,"(1039, -144, 514)",1039.0,-144.0,514.0,,,,
2927,realistic,3,x0y0,utah,13.946,16.8,Aa,saline,7.927673003105742,16.8,,b,-1,0.08,soma,87.27622353800001,-140.13512179726305,70.86494050283272,1451.7388616132575,,-140.0,71.26919561294513,1451.6831858960177,none,0.0,success,105.0,0.005,"(-140, -43, 631)",-140.0,-43.0,631.0,,,,
2928,realistic,3,x0y0,utah,13.076,15.8,Aa,saline,-24.371003232095674,15.8,,b,-1,0.08,soma,84.495333978,982.9965159215202,-694.0440155642955,1214.9655124863984,,983.0,-694.3223873996615,1214.5398998602805,none,0.0,success,105.0,0.005,"(983, -353, 461)",983.0,-353.0,461.0,,,,
2929,realistic,3,x0y0,utah,13.946,16.8,Aa,saline,43.91526015219197,16.8,,b,-1,0.08,soma,87.27622353800001,-1094.5760176067413,144.1853563632094,164.03060078377757,,-1095.0,143.7433943229786,163.95089571838787,none,0.0,success,105.0,0.005,"(-1095, -431, -433)",-1095.0,-431.0,-433.0,,,,
2930,realistic,3,x0y0,utah,10.64,13.0,Aa,saline,133.6306444251438,13.0,,b,-1,0.08,soma,76.70884321,805.4731981259426,1043.107615282668,-925.5061317409177,,805.0,1042.9439303576992,-925.11455090745,central,5.285000000000126,success,70.098876953125,0.005,"(805, 447, -357)",805.0,447.0,-357.0,805.0,,447.0,-357.0
2931,realistic,3,x0y0,utah,10.379,12.7,Aa,saline,205.0695038376883,12.7,,b,-1,0.08,soma,75.874576342,1981.1694990627807,-445.8127342779776,-949.6085869556441,,1981.0,-445.6785289980528,-949.4165956252921,none,0.0,success,105.0,0.005,"(1981, -97, -204)",1981.0,-97.0,-204.0,,,,
2932,realistic,3,x0y0,utah,10.727,13.1,Aa,saline,107.67393759192915,13.1,,b,-1,0.08,soma,76.986932166,425.3343878612778,1311.0467181735676,-585.7409882800757,,425.0,1310.6245744838825,-586.0126163027988,central,5.18000000000011,success,57.0556640625,0.005,"(425, 526, -336)",425.0,526.0,-336.0,425.0,,526.0,-336.0
2933,realistic,3,x0y0,utah,13.337000000000002,16.1,Aa,saline,115.4995301022483,16.1,,b,-1,0.08,soma,85.329600846,461.71136615264396,421.2584478451558,-166.6497471566895,,462.0,421.0502488617999,-166.3096965821016,periphery,5.520000000000163,success,105.0,0.005,"(462, -326, 190)",462.0,-326.0,190.0,462.0,,-326.0,190.0
2934,realistic,3,x0y0,utah,11.684,14.2,Aa,saline,288.66250433953337,14.2,,b,-1,0.08,soma,80.045910682,-1998.433137344744,-140.39362123718183,57.21156535133788,,-1998.0,-140.6267478900636,57.007345709120045,periphery,5.205000000000114,success,28.692626953125,0.005,"(-1998, 641, -207)",-1998.0,641.0,-207.0,-1998.0,,641.0,-207.0
2935,realistic,3,x0y0,utah,9.422,11.6,Aa,saline,251.64478356088227,11.6,,b,-1,0.08,soma,72.815597826,-616.2019831094481,-92.5500650447452,-22.78692128932016,,-616.0,-92.59814194832859,-22.661315877703828,periphery,5.2100000000001145,success,43.890380859375,0.005,"(-616, 687, 236)",-616.0,687.0,236.0,-616.0,,687.0,236.0
2936,realistic,3,x0y0,utah,10.292,12.6,Aa,saline,79.10355246964038,12.6,,b,-1,0.08,soma,75.596487386,1307.257585344485,663.2607014385679,91.93184837244598,,1307.0,662.9878753065262,91.50886805797705,none,0.0,success,105.0,0.005,"(1307, -145, -64)",1307.0,-145.0,-64.0,,,,
2937,realistic,3,x0y0,utah,12.206000000000001,14.8,Aa,saline,156.2346869316207,14.8,,b,-1,0.08,soma,81.714444418,133.84868065001876,388.25775208557616,-1398.2046037785587,,134.0,387.8204605502271,-1397.824529765677,none,0.0,success,105.0,0.005,"(134, 55, -642)",134.0,55.0,-642.0,,,,
2938,realistic,3,x0y0,utah,10.118,12.4,Aa,saline,69.68056611849927,12.4,,b,-1,0.08,soma,75.040309474,-888.318789641789,1326.64532663096,275.1984856030367,,-888.0,1326.3594011123587,275.66124974016014,periphery,5.150000000000105,success,12.066650390625,0.005,"(-888, 555, -10)",-888.0,555.0,-10.0,-888.0,,555.0,-10.0
2939,realistic,3,x0y0,utah,14.381,17.3,Aa,saline,156.88952830486224,17.3,,b,-1,0.08,soma,88.66666831799999,-129.97150951843972,43.90524738623435,-106.5141087289344,,-130.0,43.5133336574076,-106.7378674260325,none,0.0,success,105.0,0.005,"(-130, -282, 656)",-130.0,-282.0,656.0,,,,
2940,realistic,3,x0y0,utah,10.814,13.2,Aa,saline,50.737452696354474,13.2,,b,-1,0.08,soma,77.26502112200002,779.1125071763498,900.5474662044339,840.9125696540459,,779.0,900.7386529273824,841.2770159340571,central,5.175000000000109,success,105.0,0.005,"(779, 263, 320)",779.0,263.0,320.0,779.0,,263.0,320.0
2941,realistic,3,x0y0,utah,10.553,12.9,Aa,saline,169.27650635668502,12.9,,b,-1,0.08,soma,76.430754254,338.5297447627609,41.9445194071568,-1440.2683882161539,,339.0,42.20038168333474,-1439.8091080272777,none,0.0,success,105.0,0.005,"(339, -111, -631)",339.0,-111.0,-631.0,,,,
2942,realistic,3,x0y0,utah,9.335,11.5,Aa,saline,115.5052011923719,11.5,,b,-1,0.08,soma,72.53750887,-631.5232845501135,1255.3803628416536,-527.0854148005155,,-632.0,1255.1950508775876,-526.6383256597111,periphery,5.18000000000011,success,30.02471923828125,0.005,"(-632, 514, -173)",-632.0,514.0,-173.0,-632.0,,514.0,-173.0
2943,realistic,3,x0y0,utah,13.163,15.9,Aa,saline,94.82123698037434,15.9,,b,-1,0.08,soma,84.773422934,303.0559821571388,208.60143889460232,-17.710357979600758,,303.0,208.49085797686575,-17.50048376322802,none,0.0,success,105.0,0.005,"(303, -616, 52)",303.0,-616.0,52.0,,,,
2944,realistic,3,x0y0,utah,10.031,12.3,Aa,saline,202.12256118211778,12.3,,b,-1,0.08,soma,74.76222051799998,-567.0814495206763,-491.7249388851915,-1126.4211150815636,,-567.0,-491.70872612353946,-1126.8538605439376,none,0.0,success,105.0,0.005,"(-567, -182, -365)",-567.0,-182.0,-365.0,,,,
2945,realistic,3,x0y0,utah,9.422,11.6,Aa,saline,45.17902015224855,11.6,,b,-1,0.08,soma,72.815597826,246.07473988181016,1034.9368093107914,1022.0767139536964,,246.0,1034.6245517689913,1022.0103574537738,central,5.175000000000109,success,82.598876953125,0.005,"(246, 452, 443)",246.0,452.0,443.0,246.0,,452.0,443.0
2946,realistic,3,x0y0,utah,9.596,11.8,Aa,saline,69.09419394552418,11.8,,b,-1,0.08,soma,73.371775738,459.0304569957837,1120.7962595574818,309.89779926129364,,459.0,1120.6189564472202,310.17752479165927,tjn,5.160000000000107,success,35.0494384765625,0.005,"(459, 353, 17)",459.0,353.0,17.0,459.0,,353.0,17.0
2947,realistic,3,x0y0,utah,15.251000000000001,18.3,Aa,saline,126.86049029141519,18.3,,b,-1,0.08,soma,91.447557878,-1296.4934814800506,273.60841420813085,-176.89883541676997,,-1296.0,273.66209552909413,-177.35119498550625,none,0.0,success,105.0,0.005,"(-1296, -391, 321)",-1296.0,-391.0,321.0,,,,
2948,realistic,3,x0y0,utah,10.379,12.7,Aa,saline,51.28353950841029,12.7,,b,-1,0.08,soma,75.874576342,-478.2164861460851,1007.5644083975058,868.8078918900682,,-478.0,1007.1379659598315,868.7472737509606,periphery,5.220000000000116,success,80.45654296875,0.005,"(-478, 365, 354)",-478.0,365.0,354.0,-478.0,,365.0,354.0
2949,realistic,3,x0y0,utah,10.466000000000001,12.8,Aa,saline,67.07668279130161,12.8,,b,-1,0.08,soma,76.152665298,-1358.155493576759,1114.4537283040643,486.4647262073495,,-1358.0,1114.0533023697292,486.58823156678557,periphery,5.220000000000116,success,50.927734375,0.005,"(-1358, 356, 166)",-1358.0,356.0,166.0,-1358.0,,356.0,166.0
2950,realistic,3,x0y0,utah,11.075,13.5,Aa,saline,279.54363989534494,13.5,,b,-1,0.08,soma,78.09928799,-946.2915992451727,-131.4582674427529,23.637437913103447,,-946.0,-131.67775890786925,23.627430974371038,periphery,5.175000000000109,success,18.536376953125,0.005,"(-946, 681, -113)",-946.0,681.0,-113.0,-946.0,,681.0,-113.0
2951,realistic,3,x0y0,utah,10.466000000000001,12.8,Aa,saline,340.50739613199903,12.8,,b,-1,0.08,soma,76.152665298,-1641.550000677469,-62.54734783443429,165.49313368639926,,-1642.0,-62.660572204971345,165.9140587882124,none,0.0,success,105.0,0.005,"(-1642, 212, -610)",-1642.0,212.0,-610.0,,,,
2952,realistic,3,x0y0,utah,10.64,13.0,Aa,saline,-1.3305837144329256,13.0,,b,-1,0.08,soma,76.70884321,851.2095539093442,-191.53098502806824,1341.8219802215044,,851.0,-191.101822581236,1342.1074152785186,none,0.0,success,105.0,0.005,"(851, -172, 519)",851.0,-172.0,519.0,,,,
2953,realistic,3,x0y0,utah,9.683,11.9,Aa,saline,-3.685441526063959,11.9,,b,-1,0.08,soma,73.649864694,1341.1921294653207,-68.01663842069321,1351.1240731734297,,1341.0,-67.84334314991212,1351.0990999890716,none,0.0,success,105.0,0.005,"(1341, -15, 531)",1341.0,-15.0,531.0,,,,
2954,realistic,3,x0y0,utah,11.423,13.9,Aa,saline,94.59859658367421,13.9,,b,-1,0.08,soma,79.211643814,1687.4261236365435,1088.3231030709176,-58.71685281122246,,1687.0,1087.967083276898,-59.13338691694142,central,5.3250000000001325,success,70.098876953125,0.005,"(1687, 266, 7)",1687.0,266.0,7.0,1687.0,,266.0,7.0
2955,realistic,3,x0y0,utah,10.118,12.4,Aa,saline,167.09482606872822,12.4,,b,-1,0.08,soma,75.040309474,1840.9495644242327,452.5579125784102,-1158.7158639713075,,1841.0,452.66875055277217,-1158.7103948221543,central,5.230000000000118,success,105.0,0.005,"(1841, 269, -357)",1841.0,269.0,-357.0,1841.0,,269.0,-357.0
2956,realistic,3,x0y0,utah,11.771,14.3,Aa,saline,105.28511660974672,14.3,,b,-1,0.08,soma,80.323999638,67.07446914088777,1417.702291691563,-223.92413017082526,,67.0,1417.9512650254078,-223.51270315228845,tjn,5.060000000000091,success,2.5554656982421875,0.005,"(67, 622, -6)",67.0,622.0,-6.0,67.0,,622.0,-6.0
2957,realistic,3,x0y0,utah,10.553,12.9,Aa,saline,24.757454758428178,12.9,,b,-1,0.08,soma,76.430754254,1935.5728149847141,328.5227900126815,993.1345429864764,,1936.0,328.7625999407877,993.5618839690289,none,0.0,success,105.0,0.005,"(1936, -16, 246)",1936.0,-16.0,246.0,,,,
2958,realistic,3,x0y0,utah,11.945,14.5,Aa,saline,60.8598998813954,14.5,,b,-1,0.08,soma,80.88017755,1772.2101202972706,524.4626195339451,354.94133259751885,,1772.0,523.9393735360851,354.90677922454756,none,0.0,success,105.0,0.005,"(1772, -197, -47)",1772.0,-197.0,-47.0,,,,
2959,realistic,3,x0y0,utah,11.858,14.4,Aa,saline,201.79529950600428,14.4,,b,-1,0.08,soma,80.60208859400001,899.6626584377354,-629.9427310486902,-1098.6808818109507,,900.0,-630.4342777474762,-1098.2920196297646,none,0.0,success,105.0,0.005,"(900, -324, -332)",900.0,-324.0,-332.0,,,,
2960,realistic,3,x0y0,utah,8.813,10.9,Aa,saline,82.5788943535784,10.9,,b,-1,0.08,soma,70.86897513400001,640.2659504601509,1353.6610368519778,173.790855579221,,640.0,1353.5428378714373,174.00013579365645,central,5.155000000000106,success,19.00634765625,0.005,"(640, 540, 68)",640.0,540.0,68.0,640.0,,540.0,68.0
2961,realistic,3,x0y0,utah,12.293000000000001,14.9,Aa,saline,209.35999397039345,14.9,,b,-1,0.08,soma,81.99253337399999,-1296.5638311660973,-575.4320259956603,-1005.7283814584033,,-1297.0,-574.9859695566363,-1005.9383460443894,none,0.0,success,105.0,0.005,"(-1297, -170, -286)",-1297.0,-170.0,-286.0,,,,
2962,realistic,3,x0y0,utah,10.901,13.3,Aa,saline,83.27534187267426,13.3,,b,-1,0.08,soma,77.54311007800001,-1707.3720382618853,892.5749841746901,142.45017584940754,,-1707.0,892.0875313092312,142.46364909506693,none,0.0,success,105.0,0.005,"(-1707, 74, 46)",-1707.0,74.0,46.0,,,,
2963,realistic,3,x0y0,utah,9.77,12.0,Aa,saline,48.322157597333785,12.0,,b,-1,0.08,soma,73.92795365,-209.8024024737737,821.9847666019864,948.572471924057,,-210.0,821.9248942905926,948.5238481909427,none,0.0,success,105.0,0.005,"(-210, 208, 402)",-210.0,208.0,402.0,,,,
2964,realistic,3,x0y0,utah,13.511000000000001,16.3,Aa,saline,27.693941692983113,16.3,,b,-1,0.08,soma,85.885778758,199.539763846772,81.30339949010569,155.76362356156278,,200.0,81.7450606944214,156.06063425616674,none,0.0,success,105.0,0.005,"(200, -303, -577)",200.0,-303.0,-577.0,,,,
2965,realistic,3,x0y0,utah,9.508999999999999,11.7,Aa,saline,184.24617046044682,11.7,,b,-1,0.08,soma,73.09368678199999,1061.9222867954168,-28.353869285241213,-1239.1052498009872,,1062.0,-28.794466410934007,-1239.3286669138445,none,0.0,success,105.0,0.005,"(1062, 32, -420)",1062.0,32.0,-420.0,,,,
2966,realistic,3,x0y0,utah,12.467,15.1,Aa,saline,94.81189412125104,15.1,,b,-1,0.08,soma,82.548711286,-1840.0802530357555,837.3547583873633,-60.65624238710643,,-1840.0,837.3823953982497,-60.32441843844771,none,0.0,success,105.0,0.005,"(-1840, 14, 9)",-1840.0,14.0,9.0,,,,
2967,realistic,3,x0y0,utah,10.64,13.0,Aa,saline,104.58179600558417,13.0,,b,-1,0.08,soma,76.70884321,549.3552599151999,171.60828357790706,-43.596834909486006,,549.0,171.84240922931917,-43.32064336013906,none,0.0,success,105.0,0.005,"(549, -625, 164)",549.0,-625.0,164.0,,,,
2968,realistic,3,x0y0,utah,13.511000000000001,16.3,Aa,saline,100.8065844139175,16.3,,b,-1,0.08,soma,85.885778758,1461.6548993235003,524.8490507126894,-186.08795690238318,,1462.0,525.2883002369919,-186.23929175856256,none,0.0,success,105.0,0.005,"(1462, -288, -31)",1462.0,-288.0,-31.0,,,,
2969,realistic,3,x0y0,utah,9.683,11.9,Aa,saline,354.4680062695119,11.9,,b,-1,0.08,soma,73.649864694,252.34257940238342,-3.247051352625931,75.60915342845145,,252.0,-3.223923478250825,75.96235516496938,none,0.0,success,105.0,0.005,"(252, 76, -742)",252.0,76.0,-742.0,,,,
2970,realistic,3,x0y0,utah,12.119,14.7,Aa,saline,197.44265035328442,14.7,,b,-1,0.08,soma,81.436355462,-1141.2115603623101,-290.9914317707171,-983.1706965043367,,-1141.0,-290.5503096837539,-982.7351415553742,none,0.0,success,105.0,0.005,"(-1141, -43, -195)",-1141.0,-43.0,-195.0,,,,
2971,realistic,3,x0y0,utah,10.379,12.7,Aa,saline,-25.951403080343376,12.7,,b,-1,0.08,soma,75.874576342,-261.473049139751,-526.5775820709341,1121.7336630852742,,-261.0,-526.1173573036297,1121.9852095233634,none,0.0,success,105.0,0.005,"(-261, -166, 382)",-261.0,-166.0,382.0,,,,
2972,realistic,3,x0y0,utah,11.597,14.1,Aa,saline,55.80186453899474,14.1,,b,-1,0.08,soma,79.76782172600001,-188.49362958351043,1210.1217996657726,736.4035166904955,,-188.0,1210.2614826747874,736.6672462960925,periphery,5.1650000000001075,success,38.78173828125,0.005,"(-188, 528, 273)",-188.0,528.0,273.0,-188.0,,528.0,273.0
2973,realistic,3,x0y0,utah,9.248000000000001,11.4,Aa,saline,94.4326817262663,11.4,,b,-1,0.08,soma,72.25941991399999,-704.3292371291224,1357.0876509572445,-230.78275274060346,,-704.0,1356.6663208271293,-230.4733265796761,periphery,5.18000000000011,success,29.095458984375,0.005,"(-704, 538, -167)",-704.0,538.0,-167.0,-704.0,,538.0,-167.0
2974,realistic,3,x0y0,utah,13.25,16.0,Aa,saline,83.57367398273294,16.0,,b,-1,0.08,soma,85.05151189,826.822235120251,395.6908265746493,35.196521918488095,,827.0,395.3123436825467,35.60013209024552,none,0.0,success,105.0,0.005,"(827, -427, -57)",827.0,-427.0,-57.0,,,,
2975,realistic,3,x0y0,utah,8.116999999999999,10.1,Aa,saline,99.95003172556744,10.1,,b,-1,0.08,soma,68.644263486,-113.15126405758137,986.7824942520888,-163.8527453990719,,-113.0,987.0322997668552,-163.57886436519044,tjn,5.18000000000011,success,18.316650390625,0.005,"(-113, 180, -22)",-113.0,180.0,-22.0,-113.0,,180.0,-22.0
2976,realistic,3,x0y0,utah,10.901,13.3,Aa,saline,126.22100716108164,13.3,,b,-1,0.08,soma,77.54311007800001,-1388.3463922480087,316.3414452301404,-225.60808587038628,,-1388.0,316.5365134499615,-225.76661187254524,none,0.0,success,105.0,0.005,"(-1388, -348, 261)",-1388.0,-348.0,261.0,,,,
2977,realistic,3,x0y0,utah,10.292,12.6,Aa,saline,71.1909438630885,12.6,,b,-1,0.08,soma,75.596487386,-719.7281916508383,1247.4219950405486,229.63331036099962,,-720.0,1247.8608174797942,229.2701537666233,periphery,5.170000000000108,success,23.84033203125,0.005,"(-720, 469, -36)",-720.0,469.0,-36.0,-720.0,,469.0,-36.0
2978,realistic,3,x0y0,utah,10.553,12.9,Aa,saline,137.0285316583592,12.9,,b,-1,0.08,soma,76.430754254,114.87195016250685,685.5405929559356,-896.7614586450836,,115.0,685.1036010497634,-896.3466914438261,none,0.0,success,105.0,0.005,"(115, 124, -294)",115.0,124.0,-294.0,,,,
2979,realistic,3,x0y0,utah,10.031,12.3,Aa,saline,57.86324684500984,12.3,,b,-1,0.08,soma,74.76222051799998,-375.87982431615234,419.82603117578583,322.6875583311821,,-376.0,419.39232416732136,322.42451254676223,none,0.0,success,105.0,0.005,"(-376, -277, -115)",-376.0,-277.0,-115.0,,,,
2980,realistic,3,x0y0,utah,10.292,12.6,Aa,saline,208.4424460961304,12.6,,b,-1,0.08,soma,75.596487386,1639.9591274449274,-505.2400735285096,-1179.6243139644346,,1640.0,-504.898803470976,-1179.486495679255,none,0.0,success,105.0,0.005,"(1640, -113, -456)",1640.0,-113.0,-456.0,,,,
2981,realistic,3,x0y0,utah,10.901,13.3,Aa,saline,178.91560021262725,13.3,,b,-1,0.08,soma,77.54311007800001,-282.81184774790796,-72.83431954170602,-1380.1046087672696,,-283.0,-72.4307176097629,-1379.6068007279925,none,0.0,success,105.0,0.005,"(-283, -88, -556)",-283.0,-88.0,-556.0,,,,
2982,realistic,3,x0y0,utah,10.379,12.7,Aa,saline,87.16628850571347,12.7,,b,-1,0.08,soma,75.874576342,-1081.8226195558425,1199.3264117057952,116.4310851940818,,-1082.0,1198.949763425195,116.65310203564741,periphery,5.200000000000113,success,36.4501953125,0.005,"(-1082, 377, 76)",-1082.0,377.0,76.0,-1082.0,,377.0,76.0
2983,realistic,3,x0y0,utah,14.816,17.8,Aa,saline,98.80345219373652,17.8,,b,-1,0.08,soma,90.05711309799999,-610.2808689300516,642.2952878754268,-108.04261124117785,,-610.0,642.234219581722,-107.99436915199703,central,5.420000000000147,success,69.27490234375,0.005,"(-610, -178, 19)",-610.0,-178.0,19.0,-610.0,,-178.0,19.0
2984,realistic,3,x0y0,utah,11.51,14.0,Aa,saline,44.24384577463045,14.0,,b,-1,0.08,soma,79.48973277,598.6158640688027,952.9249546106366,829.0490615393724,,599.0,952.4244932768147,828.8472222782142,central,5.255000000000122,success,57.6416015625,0.005,"(599, 377, 238)",599.0,377.0,238.0,599.0,,377.0,238.0
2985,realistic,3,x0y0,utah,12.38,15.0,Aa,saline,119.56558925693228,15.0,,b,-1,0.08,soma,82.27062233000002,871.5118584542103,153.39349081039742,-107.43238889170559,,872.0,153.57249365131725,-107.61516252881114,none,0.0,success,105.0,0.005,"(872, -565, 300)",872.0,-565.0,300.0,,,,
2986,realistic,3,x0y0,utah,12.032,14.6,Aa,saline,31.16854016798252,14.6,,b,-1,0.08,soma,81.15826650599999,624.6990751104415,396.8276373339363,708.055973778286,,625.0,397.31975937175287,708.365506411267,none,0.0,success,105.0,0.005,"(625, -30, 2)",625.0,-30.0,2.0,,,,
2987,realistic,3,x0y0,utah,8.813,10.9,Aa,saline,103.18622600101156,10.9,,b,-1,0.08,soma,70.86897513400001,1262.168693930212,1218.2102791710113,-393.6813263465897,,1262.0,1217.7750170952313,-394.14110661403276,central,5.230000000000118,success,44.5220947265625,0.005,"(1262, 419, -207)",1262.0,419.0,-207.0,1262.0,,419.0,-207.0
2988,realistic,3,x0y0,utah,11.858,14.4,Aa,saline,229.0170787389891,14.4,,b,-1,0.08,soma,80.60208859400001,-1677.0918300278693,-115.27658247759018,-83.36087831164741,,-1677.0,-115.01975833980543,-83.23242484997274,periphery,5.320000000000132,success,96.533203125,0.005,"(-1677, 508, 458)",-1677.0,508.0,458.0,-1677.0,,508.0,458.0
2989,realistic,3,x0y0,utah,11.51,14.0,Aa,saline,202.53415872426498,14.0,,b,-1,0.08,soma,79.48973277,1816.2705245157608,-386.1548475983004,-1100.7392476139066,,1816.0,-386.0422327987321,-1100.8168330798248,none,0.0,success,105.0,0.005,"(1816, -70, -339)",1816.0,-70.0,-339.0,,,,
2990,realistic,3,x0y0,utah,12.119,14.7,Aa,saline,213.70979827081948,14.7,,b,-1,0.08,soma,81.436355462,686.3065568156628,-686.7177067333282,-834.3363064699806,,686.0,-686.2735886407052,-833.914952054419,none,0.0,success,105.0,0.005,"(686, -228, -147)",686.0,-228.0,-147.0,,,,
2991,realistic,3,x0y0,utah,10.814,13.2,Aa,saline,128.0043407564716,13.2,,b,-1,0.08,soma,77.26502112200002,587.2976859409049,1196.7158916023755,-769.7813129420656,,587.0,1197.0224183220682,-770.1105367524078,central,5.2100000000001145,success,42.572021484375,0.005,"(587, 548, -263)",587.0,548.0,-263.0,587.0,,548.0,-263.0
2992,realistic,3,x0y0,utah,10.988,13.4,Aa,saline,161.96020186953456,13.4,,b,-1,0.08,soma,77.821199034,106.786514269823,610.0121344063356,-1323.8199806330956,,107.0,610.1651126704149,-1323.3741980207637,none,0.0,success,105.0,0.005,"(107, 355, -540)",107.0,355.0,-540.0,,,,
2993,realistic,3,x0y0,utah,14.12,17.0,Aa,saline,40.390465276623104,17.0,,b,-1,0.08,soma,87.83240144999998,-1437.3877045088173,384.9548679420932,592.6568950533782,,-1437.0,385.1376980698002,592.3025784721602,none,0.0,success,105.0,0.005,"(-1437, -152, -39)",-1437.0,-152.0,-39.0,,,,
2994,realistic,3,x0y0,utah,13.685,16.5,Aa,saline,65.6526796642902,16.5,,b,-1,0.08,soma,86.44195667,-1959.4616364979004,588.7078925945557,217.12965268561584,,-1959.0,588.5921333610187,217.47550936752054,none,0.0,success,105.0,0.005,"(-1959, -166, -124)",-1959.0,-166.0,-124.0,,,,
2995,realistic,3,x0y0,utah,15.338,18.4,Aa,saline,64.26431548398716,18.4,,b,-1,0.08,soma,91.725646834,1223.0486468408214,132.83299425074483,78.97455200231025,,1223.0,132.4412313340339,78.76063792766149,none,0.0,success,105.0,0.005,"(1223, -616, -282)",1223.0,-616.0,-282.0,,,,
2996,realistic,3,x0y0,utah,10.466000000000001,12.8,Aa,saline,97.4916354916647,12.8,,b,-1,0.08,soma,76.152665298,1415.6796846149896,117.8674703628476,-22.06735095341355,,1416.0,118.08018382148373,-22.32915377742961,none,0.0,success,105.0,0.005,"(1416, -698, 85)",1416.0,-698.0,85.0,,,,
2997,realistic,3,x0y0,utah,9.335,11.5,Aa,saline,120.178042580903,11.5,,b,-1,0.08,soma,72.53750887,1133.9670838506254,307.2494271297146,-183.25679738029015,,1134.0,306.98683820905774,-182.85180285447467,none,0.0,success,105.0,0.005,"(1134, -403, 230)",1134.0,-403.0,230.0,,,,
2998,realistic,3,x0y0,utah,10.292,12.6,Aa,saline,-2.3713450279597668,12.6,,b,-1,0.08,soma,75.596487386,1400.6817323092835,-118.8534519889231,1273.1790467386572,,1401.0,-119.0638472888902,1273.0577252736766,none,0.0,success,105.0,0.005,"(1401, -85, 451)",1401.0,-85.0,451.0,,,,
2999,realistic,3,x0y0,utah,10.988,13.4,Aa,saline,191.09378781937843,13.4,,b,-1,0.08,soma,77.821199034,1707.4332298740212,-374.8166058895235,-1026.0932580832562,,1707.0,-374.5203993470708,-1026.5034713060322,none,0.0,success,105.0,0.005,"(1707, -216, -218)",1707.0,-216.0,-218.0,,,,
3000,realistic,3,x0y0,utah,14.816,17.8,Aa,saline,313.8458326453382,17.8,,b,-1,0.08,soma,90.05711309799999,1873.2501114522613,-106.90453615747084,121.21257601363232,,1873.0,-106.61659498313895,120.96078112149246,central,5.330000000000133,success,87.286376953125,0.005,"(1873, 492, -454)",1873.0,492.0,-454.0,1873.0,,492.0,-454.0
3001,realistic,3,x0y0,utah,11.248999999999999,13.7,Aa,saline,61.44663432449522,13.7,,b,-1,0.08,soma,78.655465902,-869.8236755936138,504.41931575490713,338.7709114977979,,-870.0,504.08948062415857,339.0286563505781,none,0.0,success,105.0,0.005,"(-870, -220, -55)",-870.0,-220.0,-55.0,,,,
3002,realistic,3,x0y0,utah,10.031,12.3,Aa,saline,185.78190529576162,12.3,,b,-1,0.08,soma,74.76222051799998,1253.155681147124,-13.145536834379527,-1138.2667422004504,,1253.0,-12.813777803081308,-1138.1869665966792,none,0.0,success,105.0,0.005,"(1253, 70, -320)",1253.0,70.0,-320.0,,,,
3003,realistic,3,x0y0,utah,10.553,12.9,Aa,saline,65.65653611014218,12.9,,b,-1,0.08,soma,76.430754254,-1817.3685854735788,574.7774048007409,199.18348543723732,,-1817.0,575.0315301004099,199.3293784517495,none,0.0,success,105.0,0.005,"(-1817, -175, -140)",-1817.0,-175.0,-140.0,,,,
3004,realistic,3,x0y0,utah,14.555,17.5,Aa,saline,263.89200133823306,17.5,,b,-1,0.08,soma,89.22284623,534.5151527083651,-110.89908709175734,-12.309229571777447,,535.0,-110.88263800324467,-12.270655419436011,periphery,5.200000000000113,success,20.1141357421875,0.005,"(535, 714, 76)",535.0,714.0,76.0,535.0,,714.0,76.0
3005,realistic,3,x0y0,utah,9.596,11.8,Aa,saline,178.15525076985924,11.8,,b,-1,0.08,soma,73.371775738,-1833.715051586225,63.728357561672965,-1136.4004676055215,,-1834.0,63.4582855893818,-1136.2750449250657,none,0.0,success,105.0,0.005,"(-1834, 37, -315)",-1834.0,37.0,-315.0,,,,
3006,realistic,3,x0y0,utah,11.423,13.9,Aa,saline,215.6872187772701,13.9,,b,-1,0.08,soma,79.211643814,-569.0842300216947,-524.4376015788707,-778.152714100222,,-569.0,-524.075036500544,-777.7448485528656,none,0.0,success,105.0,0.005,"(-569, -43, -108)",-569.0,-43.0,-108.0,,,,
3007,realistic,3,x0y0,utah,9.857,12.1,Aa,saline,92.73274854774986,12.1,,b,-1,0.08,soma,74.206042606,1431.2190338328508,1064.210202173445,34.34981867001761,,1431.0,1064.198707979567,34.78568588384689,central,5.250000000000121,success,78.11279296875,0.005,"(1431, 243, 74)",1431.0,243.0,74.0,1431.0,,243.0,74.0
3008,realistic,3,x0y0,utah,13.597999999999999,16.4,Aa,saline,202.055890952732,16.4,,b,-1,0.08,soma,86.16386771399998,-1916.8834564619165,-591.8141765456197,-1071.6401756451294,,-1917.0,-591.9447661633036,-1071.4663362986678,none,0.0,success,105.0,0.005,"(-1917, -281, -304)",-1917.0,-281.0,-304.0,,,,
3009,realistic,3,x0y0,utah,10.988,13.4,Aa,saline,61.90045058408123,13.4,,b,-1,0.08,soma,77.821199034,92.59048087561995,150.59571460142024,105.60785928411087,,93.0,150.77153983394578,106.06189237250703,none,0.0,success,105.0,0.005,"(93, -576, -282)",93.0,-576.0,-282.0,,,,
3010,realistic,3,x0y0,utah,8.9,11.0,Aa,saline,16.620057057997027,11.0,,b,-1,0.08,soma,71.14706409,1426.0462208147162,296.66236145832045,1219.635949425744,,1426.0,296.68403016487,1219.2735584055192,none,0.0,success,105.0,0.005,"(1426, 62, 433)",1426.0,62.0,433.0,,,,
3011,realistic,3,x0y0,utah,12.467,15.1,Aa,saline,131.16088080733988,15.1,,b,-1,0.08,soma,82.548711286,-1018.9282918279224,473.61776672311913,-406.6166274165398,,-1019.0,474.1019623636148,-406.8537808842227,none,0.0,success,105.0,0.005,"(-1019, -148, 137)",-1019.0,-148.0,137.0,,,,
3012,realistic,3,x0y0,utah,12.902,15.6,Aa,saline,204.65876876826232,15.6,,b,-1,0.08,soma,83.93915606600001,1680.0970796970146,-534.0021725828333,-930.8684424948773,,1680.0,-534.0117079553677,-930.5499525163907,none,0.0,success,105.0,0.005,"(1680, -189, -179)",1680.0,-189.0,-179.0,,,,
3013,realistic,3,x0y0,utah,9.943999999999999,12.2,Aa,saline,125.38252644679243,12.2,,b,-1,0.08,soma,74.484131562,72.29684972710128,1074.5643311645365,-847.7485147335542,,72.0,1074.3739562312494,-848.0781560871992,tjn,5.185000000000111,success,72.900390625,0.005,"(72, 404, -372)",72.0,404.0,-372.0,72.0,,404.0,-372.0
3014,realistic,3,x0y0,utah,13.076,15.8,Aa,saline,55.335159070679815,15.8,,b,-1,0.08,soma,84.495333978,-1027.1884461050597,541.1307170682217,443.32294732867416,,-1027.0,541.4112060984527,443.5384729833433,none,0.0,success,105.0,0.005,"(-1027, -139, -27)",-1027.0,-139.0,-27.0,,,,
3015,realistic,3,x0y0,utah,11.858,14.4,Aa,saline,184.13961790111944,14.4,,b,-1,0.08,soma,80.60208859400001,-1025.0897601030888,-10.368207897869524,-129.1449209010816,,-1025.0,-10.586735398243412,-129.15526158182797,none,0.0,success,105.0,0.005,"(-1025, 49, 694)",-1025.0,49.0,694.0,,,,
3016,realistic,3,x0y0,utah,9.596,11.8,Aa,saline,35.84923669478851,11.8,,b,-1,0.08,soma,73.371775738,-1633.1311480600828,596.459136032604,677.5065216359653,,-1633.0,596.2614245248734,677.0585807066116,none,0.0,success,105.0,0.005,"(-1633, 115, 11)",-1633.0,115.0,11.0,,,,
3017,realistic,3,x0y0,utah,11.161999999999999,13.6,Aa,saline,187.73783200409238,13.6,,b,-1,0.08,soma,78.377376946,1500.5607272342831,-117.93073981431736,-1236.2524839105286,,1501.0,-117.93579746846584,-1236.688571407896,none,0.0,success,105.0,0.005,"(1501, -7, -420)",1501.0,-7.0,-420.0,,,,
3018,realistic,3,x0y0,utah,10.64,13.0,Aa,saline,-20.497477168246988,13.0,,b,-1,0.08,soma,76.70884321,666.0737435679357,-267.206933786847,1282.0945857398074,,666.0,-267.3387184460711,1282.2360867174036,none,0.0,success,105.0,0.005,"(666, 21, 511)",666.0,21.0,511.0,,,,
3019,realistic,3,x0y0,utah,12.119,14.7,Aa,saline,194.6117926021581,14.7,,b,-1,0.08,soma,81.436355462,-1889.8276886046121,-435.7011727676828,-961.4128819605612,,-1890.0,-435.32869624153136,-961.0474805902888,none,0.0,success,105.0,0.005,"(-1890, -227, -162)",-1890.0,-227.0,-162.0,,,,
3020,realistic,3,x0y0,utah,9.508999999999999,11.7,Aa,saline,205.89489436354992,11.7,,b,-1,0.08,soma,73.09368678199999,-336.85679111161096,-507.86053987851614,-1110.7614318313879,,-337.0,-507.76950650884976,-1111.0635403145438,none,0.0,success,105.0,0.005,"(-337, -149, -372)",-337.0,-149.0,-372.0,,,,
3021,realistic,3,x0y0,utah,11.771,14.3,Aa,saline,51.262854392445476,14.3,,b,-1,0.08,soma,80.323999638,-764.9599699457738,283.1628945275424,273.0851086169605,,-765.0,283.62635985882025,273.3038632867484,none,0.0,success,105.0,0.005,"(-765, -360, -243)",-765.0,-360.0,-243.0,,,,
3022,realistic,3,x0y0,utah,11.423,13.9,Aa,saline,85.8694319461065,13.9,,b,-1,0.08,soma,79.211643814,42.89830192912447,1456.0485710652665,-8.263420949727333,,43.0,1456.461846770042,-8.62838082269598,tjn,5.100000000000097,success,6.8145751953125,0.005,"(43, 634, -68)",43.0,634.0,-68.0,43.0,,634.0,-68.0
3023,realistic,3,x0y0,utah,11.684,14.2,Aa,saline,93.23766038014851,14.2,,b,-1,0.08,soma,80.045910682,421.7702268566287,1185.4472922624727,-220.5864516032775,,422.0,1185.7029186124546,-220.6137969767665,periphery,5.18000000000011,success,45.59326171875,0.005,"(422, 362, -174)",422.0,362.0,-174.0,422.0,,362.0,-174.0
3024,realistic,3,x0y0,utah,9.77,12.0,Aa,saline,-17.454983091929993,12.0,,b,-1,0.08,soma,73.92795365,-745.0448836271578,-631.7454688101175,1255.249144241654,,-745.0,-631.5891930475001,1255.15363389105,none,0.0,success,105.0,0.005,"(-745, -385, 471)",-745.0,-385.0,471.0,,,,
3025,realistic,3,x0y0,utah,12.38,15.0,Aa,saline,37.97126411081624,15.0,,b,-1,0.08,soma,82.27062233000002,-12.786760617602198,723.689424759838,1145.9090965465202,,-13.0,723.3210569598247,1146.2424657913698,none,0.0,success,105.0,0.005,"(-13, 215, 495)",-13.0,215.0,495.0,,,,
3026,realistic,3,x0y0,utah,9.943999999999999,12.2,Aa,saline,73.22256864643049,12.2,,b,-1,0.08,soma,74.484131562,-1380.589859813912,1086.6045612113485,372.70839695522176,,-1381.0,1086.2145537787296,372.38128439097477,periphery,5.240000000000119,success,62.79296875,0.005,"(-1381, 299, 135)",-1381.0,299.0,135.0,-1381.0,,299.0,135.0
3027,realistic,3,x0y0,utah,10.64,13.0,Aa,saline,35.04307692341114,13.0,,b,-1,0.08,soma,76.70884321,1683.3364131693231,611.7425285500252,918.3829402872424,,1683.0,611.7701088855911,918.0802649680137,none,0.0,success,105.0,0.005,"(1683, 139, 244)",1683.0,139.0,244.0,,,,
3028,realistic,3,x0y0,utah,12.119,14.7,Aa,saline,289.54973454607654,14.7,,b,-1,0.08,soma,81.436355462,-1227.8514005633394,-62.32959753890282,24.225668695051354,,-1228.0,-62.15681069369464,24.28530226879269,periphery,5.220000000000116,success,42.791748046875,0.005,"(-1228, 716, -252)",-1228.0,716.0,-252.0,-1228.0,,716.0,-252.0
3029,realistic,3,x0y0,utah,11.51,14.0,Aa,saline,140.45472199213995,14.0,,b,-1,0.08,soma,79.48973277,341.5045263302508,716.4370349476239,-1254.7282952567025,,342.0,716.1150564273297,-1254.9607664694736,none,0.0,success,105.0,0.005,"(342, 191, -619)",342.0,191.0,-619.0,,,,
3030,realistic,3,x0y0,utah,14.99,18.0,Aa,saline,112.97601943036379,18.0,,b,-1,0.08,soma,90.61329101,590.1466887730755,611.5267095249577,-210.92522377299247,,590.0,611.4633285164537,-211.06868374060156,periphery,5.420000000000147,success,85.14404296875,0.005,"(590, -153, 113)",590.0,-153.0,113.0,590.0,,-153.0,113.0
3031,realistic,3,x0y0,utah,10.031,12.3,Aa,saline,16.459517341010066,12.3,,b,-1,0.08,soma,74.76222051799998,128.49188088820028,493.6644260662001,1374.6289301007928,,128.0,493.98056853637473,1374.6634847383812,none,0.0,success,105.0,0.005,"(128, 261, 586)",128.0,261.0,586.0,,,,
3032,realistic,3,x0y0,utah,11.248999999999999,13.7,Aa,saline,110.71912524006558,13.7,,b,-1,0.08,soma,78.655465902,-1824.3166658290224,1082.6172397892146,-232.07898897861423,,-1824.0,1082.9937286290706,-231.6471519180639,periphery,5.270000000000124,success,52.0751953125,0.005,"(-1824, 312, 60)",-1824.0,312.0,60.0,-1824.0,,312.0,60.0
3033,realistic,3,x0y0,utah,12.032,14.6,Aa,saline,298.75232404841597,14.6,,b,-1,0.08,soma,81.15826650599999,-717.8557502913739,-155.1461175162117,94.76996809879348,,-718.0,-154.78522612290533,95.10356309469307,periphery,5.260000000000122,success,53.9306640625,0.005,"(-718, 569, -302)",-718.0,569.0,-302.0,-718.0,,569.0,-302.0
3034,realistic,3,x0y0,utah,12.293000000000001,14.9,Aa,saline,91.83683052804895,14.9,,b,-1,0.08,soma,81.99253337399999,1861.479542728328,882.6439353886328,-42.769048234939426,,1861.0,882.5832685536568,-42.51448016065271,none,0.0,success,105.0,0.005,"(1861, 57, -16)",1861.0,57.0,-16.0,,,,
3035,realistic,3,x0y0,utah,10.64,13.0,Aa,saline,151.52889819781427,13.0,,b,-1,0.08,soma,76.70884321,-1528.9952041091296,377.49469281257325,-959.5009348526778,,-1529.0,377.4930527791036,-959.8108720329557,none,0.0,success,105.0,0.005,"(-1529, -15, -236)",-1529.0,-15.0,-236.0,,,,
3036,realistic,3,x0y0,utah,11.336,13.8,Aa,saline,320.3622679172327,13.8,,b,-1,0.08,soma,78.93355485800001,-1503.5451415544512,-604.2092084105061,577.5674273778031,,-1504.0,-603.9273573219592,577.921865298073,none,0.0,success,105.0,0.005,"(-1504, -78, -57)",-1504.0,-78.0,-57.0,,,,
3037,realistic,3,x0y0,utah,16.555999999999997,19.8,Aa,saline,18.843002745879094,19.8,,b,-1,0.08,soma,95.618892218,657.6007827321497,53.68636606653217,162.42283193070352,,658.0,53.99745109320713,162.1708597975579,none,0.0,success,105.0,0.005,"(658, -215, -626)",658.0,-215.0,-626.0,,,,
3038,realistic,3,x0y0,utah,11.597,14.1,Aa,saline,72.98897606302783,14.1,,b,-1,0.08,soma,79.76782172600001,1963.5672288800852,486.9584043887989,125.36552754592184,,1964.0,486.75399556720083,125.36103231851388,none,0.0,success,105.0,0.005,"(1964, -302, -116)",1964.0,-302.0,-116.0,,,,
3039,realistic,3,x0y0,utah,12.988999999999999,15.7,Aa,saline,68.79967201546624,15.7,,b,-1,0.08,soma,84.217245022,527.7064653412116,155.0997736026975,81.39069903226526,,528.0,155.11336876700557,81.08247789997768,none,0.0,success,105.0,0.005,"(528, -616, -218)",528.0,-616.0,-218.0,,,,
3040,realistic,3,x0y0,utah,9.248000000000001,11.4,Aa,saline,37.40926325416928,11.4,,b,-1,0.08,soma,72.25941991399999,1488.5427641537603,535.4142086230936,788.8223655063647,,1489.0,535.8362987988776,789.2233286188452,none,0.0,success,105.0,0.005,"(1489, 37, 137)",1489.0,37.0,137.0,,,,
3041,realistic,3,x0y0,utah,9.857,12.1,Aa,saline,5.9445582011999365,12.1,,b,-1,0.08,soma,74.206042606,-1740.4768061584641,104.38548168881468,1242.022850003542,,-1740.0,104.16987300699083,1241.663664987964,none,0.0,success,105.0,0.005,"(-1740, 19, 424)",-1740.0,19.0,424.0,,,,
3042,realistic,3,x0y0,utah,13.076,15.8,Aa,saline,-15.855544273259936,15.8,,b,-1,0.08,soma,84.495333978,-805.2727551145982,-455.13802089294177,1340.6193244468338,,-805.0,-455.00406262139484,1340.8122556434182,none,0.0,success,105.0,0.005,"(-805, -229, 545)",-805.0,-229.0,545.0,,,,
3043,realistic,3,x0y0,utah,8.726,10.8,Aa,saline,32.47730186410846,10.8,,b,-1,0.08,soma,70.590886178,-1457.0811691124106,655.7131880764828,1169.2732248125767,,-1457.0,655.4986529387932,1169.0012357898804,none,0.0,success,105.0,0.005,"(-1457, 215, 477)",-1457.0,215.0,477.0,,,,
3044,realistic,3,x0y0,utah,13.511000000000001,16.3,Aa,saline,108.06115341690685,16.3,,b,-1,0.08,soma,85.885778758,1103.7742753741977,393.5297808868613,-131.85871830739143,,1104.0,393.12530493261556,-131.66229570749005,none,0.0,success,105.0,0.005,"(1104, -394, 125)",1104.0,-394.0,125.0,,,,
3045,realistic,3,x0y0,utah,10.64,13.0,Aa,saline,105.8304707397132,13.0,,b,-1,0.08,soma,76.70884321,942.4001484805524,1143.7823523632926,-373.640613585369,,942.0,1144.1492890261707,-373.61108621384403,central,5.285000000000126,success,50.927734375,0.005,"(942, 352, -149)",942.0,352.0,-149.0,942.0,,352.0,-149.0
3046,realistic,3,x0y0,utah,8.116999999999999,10.1,Aa,saline,112.93698011488551,10.1,,b,-1,0.08,soma,68.644263486,619.0227431835411,1196.5396731911942,-494.7204886612477,,619.0,1196.513751122129,-494.28983474024716,central,5.185000000000111,success,44.110107421875,0.005,"(619, 442, -175)",619.0,442.0,-175.0,619.0,,442.0,-175.0
3047,realistic,3,x0y0,utah,13.424,16.2,Aa,saline,112.68740543207504,16.2,,b,-1,0.08,soma,85.607689802,-1145.89345273818,353.40681298416894,-175.10982645837612,,-1146.0,353.7318273056627,-175.28394297831574,none,0.0,success,105.0,0.005,"(-1146, -410, 144)",-1146.0,-410.0,144.0,,,,
3048,realistic,3,x0y0,utah,10.118,12.4,Aa,saline,166.2895214689909,12.4,,b,-1,0.08,soma,75.040309474,1666.530812156925,250.87125415985062,-1080.4207987810437,,1667.0,250.93727667266904,-1080.0783303269957,none,0.0,success,105.0,0.005,"(1667, 56, -281)",1667.0,56.0,-281.0,,,,
3049,realistic,3,x0y0,utah,10.988,13.4,Aa,saline,146.22157842542725,13.4,,b,-1,0.08,soma,77.821199034,-420.72607964343865,64.40849233039216,-97.91567166299092,,-421.0,64.09429333145215,-97.83449031853058,none,0.0,success,105.0,0.005,"(-421, -394, 587)",-421.0,-394.0,587.0,,,,
3050,realistic,3,x0y0,utah,13.424,16.2,Aa,saline,111.45578973093052,16.2,,b,-1,0.08,soma,85.607689802,1804.1305142301144,590.4098392067402,-254.5426835537228,,1804.0,590.4370384493608,-254.81064646478586,none,0.0,success,105.0,0.005,"(1804, -180, 48)",1804.0,-180.0,48.0,,,,
3051,realistic,3,x0y0,utah,12.206000000000001,14.8,Aa,saline,-29.330824792079998,14.8,,b,-1,0.08,soma,81.714444418,137.99261070492608,-575.1240186031705,1335.5484181463253,,138.0,-575.5874531601892,1335.9823263218063,none,0.0,success,105.0,0.005,"(138, -171, 616)",138.0,-171.0,616.0,,,,
3052,realistic,3,x0y0,utah,12.641,15.3,Aa,saline,-20.080731990210428,15.3,,b,-1,0.08,soma,83.104889198,-232.9138221467453,-631.0438655598373,1293.2512257011604,,-233.0,-630.7554542308368,1293.298055967381,none,0.0,success,105.0,0.005,"(-233, -347, 517)",-233.0,-347.0,517.0,,,,
3053,realistic,3,x0y0,utah,13.25,16.0,Aa,saline,218.7530705314477,16.0,,b,-1,0.08,soma,85.05151189,705.581057732438,-67.58712089121036,-88.21123706767185,,706.0,-68.03112322157017,-88.38733706150572,none,0.0,success,105.0,0.005,"(706, 450, 557)",706.0,450.0,557.0,,,,
3054,realistic,3,x0y0,utah,10.814,13.2,Aa,saline,329.7977422289144,13.2,,b,-1,0.08,soma,77.26502112200002,-1876.9785466147048,-662.791652946406,891.6045481005413,,-1877.0,-662.3695160632392,891.8655788778725,none,0.0,success,105.0,0.005,"(-1877, -248, 180)",-1877.0,-248.0,180.0,,,,
3055,realistic,3,x0y0,utah,11.684,14.2,Aa,saline,43.17831268589008,14.2,,b,-1,0.08,soma,80.045910682,-1162.8466919623206,454.6442157357783,444.24126124337363,,-1163.0,454.5632083398465,444.60673903465727,none,0.0,success,105.0,0.005,"(-1163, -110, -157)",-1163.0,-110.0,-157.0,,,,
3056,realistic,3,x0y0,utah,10.466000000000001,12.8,Aa,saline,185.53464381723697,12.8,,b,-1,0.08,soma,76.152665298,772.2773977861248,-56.96058693613713,-1276.2127422403155,,772.0,-57.34455846736361,-1276.2078738855498,none,0.0,success,105.0,0.005,"(772, 22, -457)",772.0,22.0,-457.0,,,,
3057,realistic,3,x0y0,utah,9.943999999999999,12.2,Aa,saline,135.2028289067509,12.2,,b,-1,0.08,soma,74.484131562,1187.2098377297525,945.8204369937813,-951.3029895089377,,1187.0,945.3517595492929,-951.4629698781978,central,5.290000000000127,success,83.09326171875,0.005,"(1187, 366, -368)",1187.0,366.0,-368.0,1187.0,,366.0,-368.0
3058,realistic,3,x0y0,utah,11.248999999999999,13.7,Aa,saline,202.31469427995566,13.7,,b,-1,0.08,soma,78.655465902,-977.8197871222064,-670.0741116562033,-1231.9748721549956,,-978.0,-669.9972402014948,-1231.5855857529705,none,0.0,success,105.0,0.005,"(-978, -357, -469)",-978.0,-357.0,-469.0,,,,
3059,realistic,3,x0y0,utah,10.64,13.0,Aa,saline,64.01990707121922,13.0,,b,-1,0.08,soma,76.70884321,-1111.1106701689675,472.68183518644724,258.88897197609003,,-1111.0,473.11328958073466,258.7115721051506,none,0.0,success,105.0,0.005,"(-1111, -267, -102)",-1111.0,-267.0,-102.0,,,,
3060,realistic,3,x0y0,utah,10.727,13.1,Aa,saline,199.8478014770444,13.1,,b,-1,0.08,soma,76.986932166,1094.8098374414456,-484.0971211145293,-1288.5667655278407,,1095.0,-484.57603173517856,-1288.57795419767,none,0.0,success,105.0,0.005,"(1095, -205, -514)",1095.0,-205.0,-514.0,,,,
3061,realistic,3,x0y0,utah,14.467999999999998,17.4,Aa,saline,95.68439094876601,17.4,,b,-1,0.08,soma,88.944757274,-1097.7454382278968,288.1505993287624,8.252530843158183,,-1098.0,288.4079639816789,7.882234514936968,none,0.0,success,105.0,0.005,"(-1098, -537, 90)",-1098.0,-537.0,90.0,,,,
3062,realistic,3,x0y0,utah,11.075,13.5,Aa,saline,201.7228574295337,13.5,,b,-1,0.08,soma,78.09928799,-95.95442390333142,-563.8376503935242,-1332.4653919285804,,-96.0,-563.9807732425495,-1332.5421192713552,none,0.0,success,105.0,0.005,"(-96, -259, -567)",-96.0,-259.0,-567.0,,,,
3063,realistic,3,x0y0,utah,9.77,12.0,Aa,saline,65.13589960878417,12.0,,b,-1,0.08,soma,73.92795365,1239.4411160211607,316.480864984439,108.17186566069721,,1239.0,316.76791617332276,108.6358522549126,none,0.0,success,105.0,0.005,"(1239, -429, -237)",1239.0,-429.0,-237.0,,,,
3064,realistic,3,x0y0,utah,10.379,12.7,Aa,saline,148.73462495507695,12.7,,b,-1,0.08,soma,75.874576342,-1482.6800933860463,475.4992929360873,-1127.128322875658,,-1483.0,475.1044525607491,-1127.446793928571,none,0.0,success,105.0,0.005,"(-1483, 48, -424)",-1483.0,48.0,-424.0,,,,
3065,realistic,3,x0y0,utah,12.641,15.3,Aa,saline,164.33412947835947,15.3,,b,-1,0.08,soma,83.104889198,1967.3599571174552,142.67540325935855,-1008.806001545099,,1967.0,142.1691600417301,-1008.8873489043774,none,0.0,success,105.0,0.005,"(1967, -81, -213)",1967.0,-81.0,-213.0,,,,
3066,realistic,3,x0y0,utah,13.597999999999999,16.4,Aa,saline,89.18048224611654,16.4,,b,-1,0.08,soma,86.16386771399998,-201.6205200705936,668.352830812662,107.55299666588236,,-202.0,667.9991256636144,107.8415716541551,tjn,5.345000000000136,success,31.94580078125,0.005,"(-202, -160, 96)",-202.0,-160.0,96.0,-202.0,,-160.0,96.0
3067,realistic,3,x0y0,utah,11.945,14.5,Aa,saline,109.82599639296532,14.5,,b,-1,0.08,soma,80.88017755,1919.8538879581686,113.59749378074,-36.06726980644271,,1920.0,113.49149151064262,-35.989278112480065,none,0.0,success,105.0,0.005,"(1920, -663, 244)",1920.0,-663.0,244.0,,,,
3068,realistic,3,x0y0,utah,10.727,13.1,Aa,saline,-24.19035300734979,13.1,,b,-1,0.08,soma,76.986932166,1252.1430036853924,-647.0155132620835,1200.8095943202761,,1252.0,-647.4676224008135,1201.1907397609127,none,0.0,success,105.0,0.005,"(1252, -310, 450)",1252.0,-310.0,450.0,,,,
3069,realistic,3,x0y0,utah,9.248000000000001,11.4,Aa,saline,-7.683107969156481,11.4,,b,-1,0.08,soma,72.25941991399999,-1256.941945806886,-298.92808657206797,1241.8979713867764,,-1257.0,-298.78504222125093,1241.7395425673872,none,0.0,success,105.0,0.005,"(-1257, -189, 428)",-1257.0,-189.0,428.0,,,,
3070,realistic,3,x0y0,utah,14.555,17.5,Aa,saline,-2.2266918089327814,17.5,,b,-1,0.08,soma,89.22284623,-293.6207057415168,-272.7951610438526,1424.4084017976754,,-294.0,-273.2718843591735,1423.947733976508,none,0.0,success,105.0,0.005,"(-294, -241, 595)",-294.0,-241.0,595.0,,,,
3071,realistic,3,x0y0,utah,9.683,11.9,Aa,saline,-5.345168457137658,11.9,,b,-1,0.08,soma,73.649864694,-574.1833696256601,-151.67228620858896,1310.9320048473828,,-574.0,-151.59408369474045,1311.2910851379083,none,0.0,success,105.0,0.005,"(-574, -75, 493)",-574.0,-75.0,493.0,,,,
3072,realistic,3,x0y0,utah,12.815,15.5,Aa,saline,200.72033853460977,15.5,,b,-1,0.08,soma,83.66106711,894.2677644057028,-254.33894137237576,-1236.8718781108798,,894.0,-254.53264277175907,-1237.3345980339918,none,0.0,success,105.0,0.005,"(894, 38, -464)",894.0,38.0,-464.0,,,,
3073,realistic,3,x0y0,utah,11.248999999999999,13.7,Aa,saline,190.72697711224149,13.7,,b,-1,0.08,soma,78.655465902,-76.4496969335977,-398.24007954627314,-1357.331619529881,,-76.0,-398.4073911021811,-1356.9019976243578,none,0.0,success,105.0,0.005,"(-76, -245, -547)",-76.0,-245.0,-547.0,,,,
3074,realistic,3,x0y0,utah,10.466000000000001,12.8,Aa,saline,88.86448725354704,12.8,,b,-1,0.08,soma,76.152665298,220.5356980134834,1407.1919251503275,162.34165264900957,,221.0,1406.9117173824702,162.2969113864502,central,5.130000000000102,success,18.22509765625,0.005,"(221, 584, 146)",221.0,584.0,146.0,221.0,,584.0,146.0
3075,realistic,3,x0y0,utah,10.205,12.5,Aa,saline,70.83496275487983,12.5,,b,-1,0.08,soma,75.31839843,-1767.1127647280587,879.4281007246941,260.4494994897718,,-1767.0,879.0838795784891,260.07901510228453,none,0.0,success,105.0,0.005,"(-1767, 102, -10)",-1767.0,102.0,-10.0,,,,
3076,realistic,3,x0y0,utah,10.64,13.0,Aa,saline,151.5182407848206,13.0,,b,-1,0.08,soma,76.70884321,312.3424069390088,458.6912317794886,-1240.8096373963344,,312.0,458.6577236634246,-1240.728536590795,none,0.0,success,105.0,0.005,"(312, 66, -517)",312.0,66.0,-517.0,,,,
3077,realistic,3,x0y0,utah,10.553,12.9,Aa,saline,57.0447128287619,12.9,,b,-1,0.08,soma,76.430754254,-89.02650528269821,1189.985309882556,701.6027788389322,,-89.0,1189.760022947266,701.8291651570881,tjn,5.160000000000107,success,37.255859375,0.005,"(-89, 499, 254)",-89.0,499.0,254.0,-89.0,,499.0,254.0
3078,realistic,3,x0y0,utah,9.335,11.5,Aa,saline,82.58772918355268,11.5,,b,-1,0.08,soma,72.53750887,594.4609550458803,1082.2851768623082,24.877152851822768,,594.0,1082.3700968977464,24.943669322115028,tjn,5.200000000000113,success,49.1455078125,0.005,"(594, 268, -81)",594.0,268.0,-81.0,594.0,,268.0,-81.0
3079,realistic,3,x0y0,utah,13.163,15.9,Aa,saline,117.52772587614298,15.9,,b,-1,0.08,soma,84.773422934,1877.2167717042648,472.4319491357396,-210.90498635468518,,1877.0,472.7265357289358,-211.4181380400475,none,0.0,success,105.0,0.005,"(1877, -261, 171)",1877.0,-261.0,171.0,,,,
3080,realistic,3,x0y0,utah,10.901,13.3,Aa,saline,113.23806840565493,13.3,,b,-1,0.08,soma,77.54311007800001,-813.330836673935,1375.6591956293232,-346.6435856881967,,-813.0,1375.9636819253374,-347.06025561838953,periphery,5.150000000000105,success,13.995361328125,0.005,"(-813, 619, -22)",-813.0,619.0,-22.0,-813.0,,619.0,-22.0
3081,realistic,3,x0y0,utah,12.293000000000001,14.9,Aa,saline,50.48795130281386,14.9,,b,-1,0.08,soma,81.99253337399999,-1850.0839913871246,204.45645425523662,162.0973898674165,,-1850.0,204.25611974902063,162.4988248662695,none,0.0,success,105.0,0.005,"(-1850, -433, -363)",-1850.0,-433.0,-363.0,,,,
3082,realistic,3,x0y0,utah,11.075,13.5,Aa,saline,197.80024437757547,13.5,,b,-1,0.08,soma,78.09928799,1494.6423638409512,-438.1400604805263,-1006.8981117333972,,1495.0,-437.9119761692716,-1006.5776660476397,none,0.0,success,105.0,0.005,"(1495, -186, -222)",1495.0,-186.0,-222.0,,,,
3083,realistic,3,x0y0,utah,10.553,12.9,Aa,saline,68.28099958283481,12.9,,b,-1,0.08,soma,76.430754254,-965.0051058798584,1009.9402416480408,410.9157596121759,,-965.0,1009.7670853509833,410.67201107470277,periphery,5.2800000000001255,success,81.390380859375,0.005,"(-965, 245, 106)",-965.0,245.0,106.0,-965.0,,245.0,106.0
3084,realistic,3,x0y0,utah,11.423,13.9,Aa,saline,7.845317637408915,13.9,,b,-1,0.08,soma,79.211643814,89.76323632594286,127.24061846767654,1452.2446897952634,,90.0,127.55869469030554,1451.8545271810744,none,0.0,success,105.0,0.005,"(90, 15, 635)",90.0,15.0,635.0,,,,
3085,realistic,3,x0y0,utah,10.466000000000001,12.8,Aa,saline,-29.489640462229147,12.8,,b,-1,0.08,soma,76.152665298,-95.23083397017729,-708.7926640181622,1275.0457100293145,,-95.0,-709.2004785631028,1275.4056399376896,none,0.0,success,105.0,0.005,"(-95, -304, 559)",-95.0,-304.0,559.0,,,,
3086,realistic,3,x0y0,utah,11.858,14.4,Aa,saline,61.79858214884613,14.4,,b,-1,0.08,soma,80.60208859400001,720.1225900203121,1266.0261818263816,634.8036396990938,,720.0,1266.3378103389464,635.0372735347623,central,5.260000000000122,success,41.2994384765625,0.005,"(720, 539, 245)",720.0,539.0,245.0,720.0,,539.0,245.0
3087,realistic,3,x0y0,utah,12.119,14.7,Aa,saline,125.60535985113282,14.7,,b,-1,0.08,soma,81.436355462,-553.1695545116853,562.0125994939631,-381.0878873654442,,-553.0,562.3088784953031,-380.7331230749884,none,0.0,success,105.0,0.005,"(-553, -109, 100)",-553.0,-109.0,100.0,,,,
3088,realistic,3,x0y0,utah,10.64,13.0,Aa,saline,200.19517587037853,13.0,,b,-1,0.08,soma,76.70884321,-657.5201222799241,-481.79253809600374,-1111.334211215406,,-658.0,-482.22194633804605,-1111.7181246762925,none,0.0,success,105.0,0.005,"(-658, -198, -339)",-658.0,-198.0,-339.0,,,,
3089,realistic,3,x0y0,utah,11.161999999999999,13.6,Aa,saline,-9.855294026323088,13.6,,b,-1,0.08,soma,78.377376946,-837.7724467030299,-195.00489642693447,1407.985939687078,,-838.0,-195.10110346657765,1407.9906958836,none,0.0,success,105.0,0.005,"(-838, -54, 596)",-838.0,-54.0,596.0,,,,
3090,realistic,3,x0y0,utah,10.205,12.5,Aa,saline,133.82153186067129,12.5,,b,-1,0.08,soma,75.31839843,-1805.0242664481934,652.7706728986433,-869.4177903833798,,-1805.0,652.5486122336226,-869.6092295364662,none,0.0,success,105.0,0.005,"(-1805, 59, -300)",-1805.0,59.0,-300.0,,,,
3091,realistic,3,x0y0,utah,10.379,12.7,Aa,saline,147.47533857056808,12.7,,b,-1,0.08,soma,75.874576342,439.23351020162096,672.3348514190337,-841.5542091036806,,439.0,672.4933798495467,-841.9007213857873,central,5.205000000000114,success,79.9072265625,0.005,"(439, 230, -148)",439.0,230.0,-148.0,439.0,,230.0,-148.0
3092,realistic,3,x0y0,utah,10.292,12.6,Aa,saline,196.3638700197278,12.6,,b,-1,0.08,soma,75.596487386,-579.5746798711772,-463.8958394462625,-1353.554293436116,,-580.0,-463.78226524831814,-1353.4749148234337,none,0.0,success,105.0,0.005,"(-580, -232, -564)",-580.0,-232.0,-564.0,,,,
3093,realistic,3,x0y0,utah,10.466000000000001,12.8,Aa,saline,89.07213292229105,12.8,,b,-1,0.08,soma,76.152665298,1442.724789527447,386.86366024458994,41.87979142682025,,1443.0,386.99402501573525,42.3338365889138,none,0.0,success,105.0,0.005,"(1443, -436, 29)",1443.0,-436.0,29.0,,,,
3094,realistic,3,x0y0,utah,9.161000000000001,11.3,Aa,saline,278.05748544457714,11.3,,b,-1,0.08,soma,71.981330958,-865.5191390291577,-135.35403818322808,22.331967029803767,,-866.0,-134.86285789075805,22.102891300155818,periphery,5.175000000000109,success,19.2352294921875,0.005,"(-866, 678, -93)",-866.0,678.0,-93.0,-866.0,,678.0,-93.0
3095,realistic,3,x0y0,utah,11.161999999999999,13.6,Aa,saline,36.01634873506066,13.6,,b,-1,0.08,soma,78.377376946,192.54931826347146,707.1258791117889,934.2181237785104,,193.0,706.6229488221242,934.6038112369627,central,5.195000000000112,success,90.07415771484375,0.005,"(193, 222, 268)",193.0,222.0,268.0,193.0,,222.0,268.0
3096,realistic,3,x0y0,utah,12.554,15.2,Aa,saline,56.51733469874584,15.2,,b,-1,0.08,soma,82.82680024199999,1320.094224442092,989.1226493721542,838.7903231507776,,1320.0,989.3114170409262,838.9322728467557,central,5.305000000000129,success,97.6318359375,0.005,"(1320, 300, 383)",1320.0,300.0,383.0,1320.0,,300.0,383.0
3097,realistic,3,x0y0,utah,13.337000000000002,16.1,Aa,saline,352.7162743951181,16.1,,b,-1,0.08,soma,85.329600846,1802.570212616599,-278.5971601527235,896.9020546831363,,1803.0,-278.94789669363644,896.9607155395739,none,0.0,success,105.0,0.005,"(1803, -174, 76)",1803.0,-174.0,76.0,,,,
3098,realistic,3,x0y0,utah,10.379,12.7,Aa,saline,135.88887032966346,12.7,,b,-1,0.08,soma,75.874576342,-1504.613102071665,746.7953563474084,-916.9023010323137,,-1505.0,746.8466462958332,-916.8689729067781,none,0.0,success,105.0,0.005,"(-1505, 174, -326)",-1505.0,174.0,-326.0,,,,
3099,realistic,3,x0y0,utah,14.207,17.1,Aa,saline,82.95695189141514,17.1,,b,-1,0.08,soma,88.110490406,-402.182790807704,456.8070319857375,119.09309258758005,,-402.0,456.83733086397774,118.64217306188783,periphery,5.495000000000159,success,77.5634765625,0.005,"(-402, -366, 17)",-402.0,-366.0,17.0,-402.0,,-366.0,17.0
3100,realistic,3,x0y0,utah,12.38,15.0,Aa,saline,32.54180182719022,15.0,,b,-1,0.08,soma,82.27062233000002,-229.9024711644056,87.3635781403377,150.01563897303458,,-230.0,87.37818387565369,150.43206731209523,none,0.0,success,105.0,0.005,"(-230, -357, -546)",-230.0,-357.0,-546.0,,,,
3101,realistic,3,x0y0,utah,14.207,17.1,Aa,saline,363.9031298911153,17.1,,b,-1,0.08,soma,88.110490406,-316.75377532236064,-41.07993051014455,761.3059012145296,,-317.0,-41.54133780167569,761.1484181390334,none,0.0,success,105.0,0.005,"(-317, -98, -66)",-317.0,-98.0,-66.0,,,,
3102,realistic,3,x0y0,utah,11.336,13.8,Aa,saline,196.7460847804754,13.8,,b,-1,0.08,soma,78.93355485800001,307.95737347856664,-50.2001410656535,-130.1676622889313,,308.0,-50.52887857729499,-130.50938606601062,none,0.0,success,105.0,0.005,"(308, 187, 659)",308.0,187.0,659.0,,,,
3103,realistic,3,x0y0,utah,9.508999999999999,11.7,Aa,saline,199.9018743990231,11.7,,b,-1,0.08,soma,73.09368678199999,1792.0733250546264,-386.8589205857343,-985.4268280897479,,1792.0,-386.6545454902964,-985.5004968405575,none,0.0,success,105.0,0.005,"(1792, -107, -213)",1792.0,-107.0,-213.0,,,,
3104,realistic,3,x0y0,utah,15.164,18.2,Aa,saline,311.53887366330935,18.2,,b,-1,0.08,soma,91.16946892200001,790.4297079610768,-132.2090915527956,122.3190963914385,,790.0,-132.69267374405865,122.76073742108917,central,5.410000000000146,success,96.533203125,0.005,"(790, 489, -428)",790.0,489.0,-428.0,790.0,,489.0,-428.0
3105,realistic,3,x0y0,utah,9.161000000000001,11.3,Aa,saline,168.2882359033955,11.3,,b,-1,0.08,soma,71.981330958,1298.1828091219631,355.84716736809236,-1313.2883106709912,,1298.0,355.66110509223705,-1312.914059637037,none,0.0,success,105.0,0.005,"(1298, 189, -509)",1298.0,189.0,-509.0,,,,
3106,realistic,3,x0y0,utah,10.727,13.1,Aa,saline,93.96805163498192,13.1,,b,-1,0.08,soma,76.986932166,554.2924457441187,635.4778530886956,-93.37706937528264,,554.0,635.517081764401,-92.9857478529436,periphery,5.405000000000145,success,65.61279296875,0.005,"(554, -186, -36)",554.0,-186.0,-36.0,554.0,,-186.0,-36.0
3107,realistic,3,x0y0,utah,10.901,13.3,Aa,saline,77.44372562638209,13.3,,b,-1,0.08,soma,77.54311007800001,-1581.129976187033,330.8764637904424,53.541246354688155,,-1581.0,331.08341487356813,53.08793606547869,none,0.0,success,105.0,0.005,"(-1581, -473, -126)",-1581.0,-473.0,-126.0,,,,
3108,realistic,3,x0y0,utah,10.466000000000001,12.8,Aa,saline,59.56884951669046,12.8,,b,-1,0.08,soma,76.152665298,-1717.051763387607,946.4407859327472,467.24765428564933,,-1717.0,946.6564140099679,466.88816248671856,periphery,5.295000000000128,success,73.81591796875,0.005,"(-1717, 237, 50)",-1717.0,237.0,50.0,-1717.0,,237.0,50.0
3109,realistic,3,x0y0,utah,10.553,12.9,Aa,saline,13.777513799158644,12.9,,b,-1,0.08,soma,76.430754254,1160.5186676394926,170.4691751934433,1140.1380486246453,,1161.0,170.08990283165144,1140.5067742657425,none,0.0,success,105.0,0.005,"(1161, -26, 341)",1161.0,-26.0,341.0,,,,
3110,realistic,3,x0y0,utah,9.161000000000001,11.3,Aa,saline,103.32435394670686,11.3,,b,-1,0.08,soma,71.981330958,1983.085625474888,1034.0729401876365,-316.5486531769256,,1983.0,1033.906016577615,-316.23834839290953,central,5.295000000000128,success,78.55224609375,0.005,"(1983, 235, -127)",1983.0,235.0,-127.0,1983.0,,235.0,-127.0
3111,realistic,3,x0y0,utah,15.251000000000001,18.3,Aa,saline,33.92704705001804,18.3,,b,-1,0.08,soma,91.447557878,444.1174782426085,352.1098744270157,646.467075439869,,444.0,351.62694102585607,646.2515193856884,none,0.0,success,105.0,0.005,"(444, -112, -43)",444.0,-112.0,-43.0,,,,
3112,realistic,3,x0y0,utah,12.728,15.4,Aa,saline,77.00544054780319,15.4,,b,-1,0.08,soma,83.382978154,1775.0556630293122,289.90108665251586,84.22650057034662,,1775.0,289.52818695662904,83.92291589341735,none,0.0,success,105.0,0.005,"(1775, -516, -102)",1775.0,-516.0,-102.0,,,,
3113,realistic,3,x0y0,utah,10.727,13.1,Aa,saline,115.7158301422826,13.1,,b,-1,0.08,soma,76.986932166,961.9214098602936,533.1737639638732,-290.22010654885844,,962.0,532.9676129407832,-290.31381493341377,none,0.0,success,105.0,0.005,"(962, -209, 67)",962.0,-209.0,67.0,,,,
3114,realistic,3,x0y0,utah,14.467999999999998,17.4,Aa,saline,102.858346480655,17.4,,b,-1,0.08,soma,88.944757274,-1553.3140251557693,352.94087006278687,-82.15701845728017,,-1553.0,352.65262193321155,-82.55760424673255,none,0.0,success,105.0,0.005,"(-1553, -456, 102)",-1553.0,-456.0,102.0,,,,
3115,realistic,3,x0y0,utah,8.726,10.8,Aa,saline,-14.340663189151226,10.8,,b,-1,0.08,soma,70.590886178,-1112.0527911379559,-495.74641953754235,1129.5484440828031,,-1112.0,-496.18718125314535,1129.7022252646234,none,0.0,success,105.0,0.005,"(-1112, -293, 335)",-1112.0,-293.0,335.0,,,,
3116,realistic,3,x0y0,utah,9.161000000000001,11.3,Aa,saline,65.09623986495315,11.3,,b,-1,0.08,soma,71.981330958,473.6754960306124,1130.5319468019698,569.8792311027291,,474.0,1130.6385335894533,569.7191692332069,central,5.190000000000111,success,57.38525390625,0.005,"(474, 386, 224)",474.0,386.0,224.0,474.0,,386.0,224.0
3117,realistic,3,x0y0,utah,11.51,14.0,Aa,saline,161.2899827939439,14.0,,b,-1,0.08,soma,79.48973277,-81.49099503948376,413.0118416048608,-1399.2891941032583,,-81.0,412.57815313630806,-1399.1983374398724,none,0.0,success,105.0,0.005,"(-81, 148, -618)",-81.0,148.0,-618.0,,,,
3118,realistic,3,x0y0,utah,12.467,15.1,Aa,saline,97.86501807709207,15.1,,b,-1,0.08,soma,82.548711286,320.5872013933784,666.4852517194204,-130.9153751276708,,321.0,666.507376699956,-131.0343318519624,periphery,5.355000000000137,success,40.6951904296875,0.005,"(321, -152, -18)",321.0,-152.0,-18.0,321.0,,-152.0,-18.0
3119,realistic,3,x0y0,utah,16.034,19.2,Aa,saline,120.88242930701551,19.2,,b,-1,0.08,soma,93.95035848200001,830.6185791196643,362.5270746229908,-222.3080351977851,,831.0,363.0010988246263,-222.05285950440538,none,0.0,success,105.0,0.005,"(831, -351, 205)",831.0,-351.0,205.0,,,,
3120,realistic,3,x0y0,utah,14.642000000000001,17.6,Aa,saline,73.39204059567227,17.6,,b,-1,0.08,soma,89.500935186,305.2647486579925,482.09247062139053,170.12633845733217,,305.0,482.1498730943721,170.14268363807943,periphery,5.460000000000154,success,75.29296875,0.005,"(305, -313, -67)",305.0,-313.0,-67.0,305.0,,-313.0,-67.0
3121,realistic,3,x0y0,utah,11.858,14.4,Aa,saline,84.89228116425282,14.4,,b,-1,0.08,soma,80.60208859400001,-1053.790912584268,577.75897892071,143.28927456081328,,-1054.0,577.9998401198122,143.45179294243303,none,0.0,success,105.0,0.005,"(-1054, -244, 70)",-1054.0,-244.0,70.0,,,,
3122,realistic,3,x0y0,utah,12.641,15.3,Aa,saline,62.16693258444708,15.3,,b,-1,0.08,soma,83.104889198,-248.06017448978992,405.8529737415329,258.3042475544316,,-248.0,405.92032675889595,257.9173363832732,none,0.0,success,105.0,0.005,"(-248, -325, -128)",-248.0,-325.0,-128.0,,,,
3123,realistic,3,x0y0,utah,11.423,13.9,Aa,saline,199.38926177056504,13.9,,b,-1,0.08,soma,79.211643814,-886.1633140946285,-576.4863871249286,-1029.6292931179394,,-886.0,-576.7691328731241,-1029.8506718048734,none,0.0,success,105.0,0.005,"(-886, -303, -252)",-886.0,-303.0,-252.0,,,,
3124,realistic,3,x0y0,utah,10.292,12.6,Aa,saline,116.46785013016265,12.6,,b,-1,0.08,soma,75.596487386,961.0808663699864,1304.051566637796,-490.471168741608,,961.0,1303.568987753974,-490.7211772139702,central,5.200000000000113,success,17.22259521484375,0.005,"(961, 567, -124)",961.0,567.0,-124.0,961.0,,567.0,-124.0
3125,realistic,3,x0y0,utah,10.466000000000001,12.8,Aa,saline,46.25822958121557,12.8,,b,-1,0.08,soma,76.152665298,809.4673258106097,739.5067442119635,867.4223910345927,,809.0,739.6726503389026,867.0749763935187,none,0.0,success,105.0,0.005,"(809, 145, 298)",809.0,145.0,298.0,,,,
3126,realistic,3,x0y0,utah,11.51,14.0,Aa,saline,62.54055735844813,14.0,,b,-1,0.08,soma,79.48973277,1195.3733370716611,362.0769672639826,222.20365628695342,,1195.0,361.79611994341076,222.28985789012364,none,0.0,success,105.0,0.005,"(1195, -370, -158)",1195.0,-370.0,-158.0,,,,
3127,realistic,3,x0y0,utah,8.465,10.5,Aa,saline,164.1336602141111,10.5,,b,-1,0.08,soma,69.75661931,-104.97420501218912,340.36060949051625,-1419.2747413544973,,-105.0,340.15472985967705,-1419.640946057145,none,0.0,success,105.0,0.005,"(-105, 116, -631)",-105.0,116.0,-631.0,,,,
3128,realistic,3,x0y0,utah,13.685,16.5,Aa,saline,325.2856039619163,16.5,,b,-1,0.08,soma,86.44195667,1104.6134927294684,-48.03490309544213,70.69187518894933,,1105.0,-47.67184716178258,70.79764419137007,none,0.0,success,105.0,0.005,"(1105, 424, -610)",1105.0,424.0,-610.0,,,,
3129,realistic,3,x0y0,utah,11.771,14.3,Aa,saline,9.797324823185011,14.3,,b,-1,0.08,soma,80.323999638,299.52563396535226,470.9019777428466,1359.5911148490661,,300.0,470.44257236919384,1359.1146346216428,none,0.0,success,105.0,0.005,"(300, 330, 546)",300.0,330.0,546.0,,,,
3130,realistic,3,x0y0,utah,15.512000000000002,18.6,Aa,saline,116.04491859880312,18.6,,b,-1,0.08,soma,92.281824746,-830.554549478189,409.9606754029069,-223.0477999758764,,-831.0,409.78010976714063,-222.9539746229844,none,0.0,success,105.0,0.005,"(-831, -337, 142)",-831.0,-337.0,142.0,,,,
3131,realistic,3,x0y0,utah,11.423,13.9,Aa,saline,102.34516422810734,13.9,,b,-1,0.08,soma,79.211643814,-1822.0827357420148,103.6905493573954,-25.47761700512547,,-1822.0,103.55742742094856,-25.300724723716655,none,0.0,success,105.0,0.005,"(-1822, -702, 151)",-1822.0,-702.0,151.0,,,,
3132,realistic,3,x0y0,utah,12.293000000000001,14.9,Aa,saline,-8.65599882776858,14.9,,b,-1,0.08,soma,81.99253337399999,-1649.166327786173,-250.32848999494132,1046.4211431646627,,-1649.0,-250.31243813639352,1046.5799092467685,none,0.0,success,105.0,0.005,"(-1649, -126, 230)",-1649.0,-126.0,230.0,,,,
3133,realistic,3,x0y0,utah,13.597999999999999,16.4,Aa,saline,103.46658174377272,16.4,,b,-1,0.08,soma,86.16386771399998,1815.6399249408921,299.57266631074117,-58.95862085754016,,1816.0,299.30968067593267,-58.86028239529534,none,0.0,success,105.0,0.005,"(1816, -506, 134)",1816.0,-506.0,134.0,,,,
3134,realistic,3,x0y0,utah,11.771,14.3,Aa,saline,152.84344100485382,14.3,,b,-1,0.08,soma,80.323999638,-1482.743064824048,487.56000490572524,-790.9710435304463,,-1483.0,487.60393671739166,-791.2291474389465,none,0.0,success,105.0,0.005,"(-1483, 111, -57)",-1483.0,111.0,-57.0,,,,
3135,realistic,3,x0y0,utah,14.642000000000001,17.6,Aa,saline,124.99786045734623,17.6,,b,-1,0.08,soma,89.500935186,97.7565614443252,136.14768699346632,-79.34078476765808,,98.0,135.73158305218578,-78.86189316458558,none,0.0,success,105.0,0.005,"(98, -544, 397)",98.0,-544.0,397.0,,,,
3136,realistic,3,x0y0,utah,8.987,11.1,Aa,saline,140.62209168472106,11.1,,b,-1,0.08,soma,71.42515304599999,-1266.028539617892,780.4847292281461,-1100.682348005649,,-1266.0,780.6600585461913,-1100.410821652279,none,0.0,success,105.0,0.005,"(-1266, 260, -466)",-1266.0,260.0,-466.0,,,,
3137,realistic,3,x0y0,utah,8.552,10.6,Aa,saline,-5.4960136004762425,10.6,,b,-1,0.08,soma,70.03470826600001,283.43399506048286,-186.7821124275397,1287.8336302618927,,283.0,-186.55766252594142,1288.2452743039885,none,0.0,success,105.0,0.005,"(283, -108, 472)",283.0,-108.0,472.0,,,,
3138,realistic,3,x0y0,utah,16.034,19.2,Aa,saline,131.54677877091598,19.2,,b,-1,0.08,soma,93.95035848200001,-288.6145370424276,137.3209019809924,-120.37303417439988,,-289.0,137.65022414396446,-120.7659388726313,none,0.0,success,105.0,0.005,"(-289, -485, 431)",-289.0,-485.0,431.0,,,,
3139,realistic,3,x0y0,utah,9.161000000000001,11.3,Aa,saline,73.71131138190731,11.3,,b,-1,0.08,soma,71.981330958,15.267246111843493,1256.7311108418246,412.79216685041365,,15.0,1257.0689397932924,413.28788166685956,tjn,5.150000000000105,success,30.3955078125,0.005,"(15, 469, 183)",15.0,469.0,183.0,15.0,,469.0,183.0
3140,realistic,3,x0y0,utah,10.553,12.9,Aa,saline,-4.955554199054462,12.9,,b,-1,0.08,soma,76.430754254,734.1515020959448,-254.39876926514359,1373.8269359242067,,734.0,-254.12580858377282,1374.1694802316304,none,0.0,success,105.0,0.005,"(734, -183, 554)",734.0,-183.0,554.0,,,,
3141,realistic,3,x0y0,utah,14.293999999999999,17.2,Aa,saline,85.6118772331133,17.2,,b,-1,0.08,soma,88.388579362,692.6118637473222,496.67726291000014,85.78712646725627,,693.0,496.78962624092526,85.43336316059651,periphery,5.450000000000152,success,99.462890625,0.005,"(693, -330, 22)",693.0,-330.0,22.0,693.0,,-330.0,22.0
3142,realistic,3,x0y0,utah,12.467,15.1,Aa,saline,168.78719701657664,15.1,,b,-1,0.08,soma,82.548711286,-971.1930377827154,19.751566364627703,-789.9101349403073,,-971.0,19.71036217256352,-789.4925154502189,none,0.0,success,105.0,0.005,"(-971, -141, 21)",-971.0,-141.0,21.0,,,,
3143,realistic,3,x0y0,utah,7.769,9.7,Aa,saline,49.91236701718648,9.7,,b,-1,0.08,soma,67.531907662,-583.1294556342424,778.2158587317135,619.0497940561901,,-583.0,778.4378312760982,619.2852742671641,none,0.0,success,105.0,0.005,"(-583, 152, 92)",-583.0,152.0,92.0,,,,
3144,realistic,3,x0y0,utah,10.379,12.7,Aa,saline,116.06403827336901,12.7,,b,-1,0.08,soma,75.874576342,-639.0450348517867,1193.7599916640202,-578.1761282545654,,-639.0,1194.2445659640093,-578.5986444223374,periphery,5.215000000000115,success,43.6431884765625,0.005,"(-639, 455, -217)",-639.0,455.0,-217.0,-639.0,,455.0,-217.0
3145,realistic,3,x0y0,utah,10.814,13.2,Aa,saline,47.35675326548271,13.2,,b,-1,0.08,soma,77.26502112200002,-1169.7289018664844,94.97421784920198,111.58340425446795,,-1170.0,94.8640747686718,111.92866265402154,none,0.0,success,105.0,0.005,"(-1170, -511, -446)",-1170.0,-511.0,-446.0,,,,
3146,realistic,3,x0y0,utah,11.423,13.9,Aa,saline,74.9990364648145,13.9,,b,-1,0.08,soma,79.211643814,-743.1055074281038,1335.190144457567,234.31883922017727,,-743.0,1335.4867633799715,234.40798670953166,periphery,5.150000000000105,success,15.6982421875,0.005,"(-743, 539, 21)",-743.0,539.0,21.0,-743.0,,539.0,21.0
3147,realistic,3,x0y0,utah,11.161999999999999,13.6,Aa,saline,200.7226818164801,13.6,,b,-1,0.08,soma,78.377376946,485.6087866072303,-608.8952663077963,-1076.968956875703,,486.0,-608.5979579817475,-1076.8636803287973,none,0.0,success,105.0,0.005,"(486, -317, -306)",486.0,-317.0,-306.0,,,,
3148,realistic,3,x0y0,utah,11.858,14.4,Aa,saline,297.48619654026,14.4,,b,-1,0.08,soma,80.60208859400001,702.3471691387457,-152.51470268534013,62.222585622294,,702.0,-152.12455639586892,61.8764319430656,central,5.300000000000129,success,60.791015625,0.005,"(702, 580, -319)",702.0,580.0,-319.0,702.0,,580.0,-319.0
3149,realistic,3,x0y0,utah,9.683,11.9,Aa,saline,71.6782764605387,11.9,,b,-1,0.08,soma,73.649864694,-574.5663011585526,1355.488808168133,469.3495986013572,,-575.0,1355.1584082770073,469.3817587298969,periphery,5.1650000000001075,success,31.7626953125,0.005,"(-575, 575, 211)",-575.0,575.0,211.0,-575.0,,575.0,211.0
3150,realistic,3,x0y0,utah,12.902,15.6,Aa,saline,196.47578094791044,15.6,,b,-1,0.08,soma,83.93915606600001,652.6590664222672,-356.98428760905966,-1372.9990103830708,,653.0,-356.5285723301589,-1372.981128375844,none,0.0,success,105.0,0.005,"(653, -122, -580)",653.0,-122.0,-580.0,,,,
3151,realistic,3,x0y0,utah,10.205,12.5,Aa,saline,198.355127758252,12.5,,b,-1,0.08,soma,75.31839843,1307.5772583602186,-482.01919342181833,-1015.9264713688887,,1308.0,-482.05538183280356,-1015.7858459749567,none,0.0,success,105.0,0.005,"(1308, -223, -235)",1308.0,-223.0,-235.0,,,,
3152,realistic,3,x0y0,utah,13.337000000000002,16.1,Aa,saline,334.6308902146146,16.1,,b,-1,0.08,soma,85.329600846,-1033.347048660617,-76.58338433749168,159.71375593608857,,-1033.0,-76.57160050121331,159.8779136622229,none,0.0,success,105.0,0.005,"(-1033, 278, -588)",-1033.0,278.0,-588.0,,,,
3153,realistic,3,x0y0,utah,12.815,15.5,Aa,saline,201.6318779329893,15.5,,b,-1,0.08,soma,83.66106711,-793.9924138703232,-578.0368385651568,-1219.065236064413,,-794.0,-577.7697346683731,-1218.6216639927281,none,0.0,success,105.0,0.005,"(-794, -273, -450)",-794.0,-273.0,-450.0,,,,
3154,realistic,3,x0y0,utah,10.466000000000001,12.8,Aa,saline,196.9162464277585,12.8,,b,-1,0.08,soma,76.152665298,-659.1275107116996,-509.87777332166985,-1197.848092096862,,-659.0,-509.515212800859,-1197.4371274452983,none,0.0,success,105.0,0.005,"(-659, -270, -410)",-659.0,-270.0,-410.0,,,,
3155,realistic,3,x0y0,utah,12.902,15.6,Aa,saline,138.96021782377193,15.6,,b,-1,0.08,soma,83.93915606600001,-601.2079609752973,456.49626308920637,-496.2790137148886,,-601.0,456.988224936468,-496.78315271029214,none,0.0,success,105.0,0.005,"(-601, -86, 127)",-601.0,-86.0,127.0,,,,
3156,realistic,3,x0y0,utah,9.422,11.6,Aa,saline,87.7124744539094,11.6,,b,-1,0.08,soma,72.815597826,803.7188380030136,1369.5462055890075,231.0888154687364,,804.0,1369.7506726738698,230.77417117662873,central,5.255000000000122,success,35.0494384765625,0.005,"(804, 549, 198)",804.0,549.0,198.0,804.0,,549.0,198.0
3157,realistic,3,x0y0,utah,12.467,15.1,Aa,saline,228.49410304789987,15.1,,b,-1,0.08,soma,82.548711286,-888.2918536564152,-689.3287676094851,-712.1018686331099,,-888.0,-689.7968649410428,-712.5720154846161,none,0.0,success,105.0,0.005,"(-888, -71, -165)",-888.0,-71.0,-165.0,,,,
3158,realistic,3,x0y0,utah,8.726,10.8,Aa,saline,94.19779838025379,10.8,,b,-1,0.08,soma,70.590886178,-1765.7244395257644,1178.914946423317,-29.708877026679147,,-1766.0,1179.0806453926598,-30.045626434114816,periphery,5.265000000000123,success,47.6806640625,0.005,"(-1766, 361, 30)",-1766.0,361.0,30.0,-1766.0,,361.0,30.0
3159,realistic,3,x0y0,utah,10.553,12.9,Aa,saline,23.37175349300486,12.9,,b,-1,0.08,soma,76.430754254,-758.7354616164625,537.5174708188888,1279.8433391444378,,-759.0,537.569540106281,1279.711716202586,none,0.0,success,105.0,0.005,"(-759, 211, 524)",-759.0,211.0,524.0,,,,
3160,realistic,3,x0y0,utah,13.076,15.8,Aa,saline,36.48782682506837,15.8,,b,-1,0.08,soma,84.495333978,412.96350799715583,901.7686860375204,1093.5689498614483,,413.0,901.9641875583584,1093.107124259156,central,5.240000000000119,success,79.9072265625,0.005,"(413, 410, 428)",413.0,410.0,428.0,413.0,,410.0,428.0
3161,realistic,3,x0y0,utah,12.38,15.0,Aa,saline,266.94164262151315,15.0,,b,-1,0.08,soma,82.27062233000002,-1065.480441749324,-137.7706912246449,10.330233660770318,,-1065.0,-137.97872172936934,9.88437438378898,periphery,5.150000000000105,success,10.64300537109375,0.005,"(-1065, 687, 54)",-1065.0,687.0,54.0,-1065.0,,687.0,54.0
3162,realistic,3,x0y0,utah,11.075,13.5,Aa,saline,82.29190666785891,13.5,,b,-1,0.08,soma,78.09928799,668.1693536913273,331.24082070891467,69.53647476036303,,668.0,331.6331971990452,69.50505725972953,none,0.0,success,105.0,0.005,"(668, -485, -41)",668.0,-485.0,-41.0,,,,
3163,realistic,3,x0y0,utah,11.075,13.5,Aa,saline,124.50355468327729,13.5,,b,-1,0.08,soma,78.09928799,-805.1074664118119,1035.1492130311708,-941.607759162016,,-805.0,1035.0993116162797,-941.8241233231677,none,0.0,success,105.0,0.005,"(-805, 356, -475)",-805.0,356.0,-475.0,,,,
3164,realistic,3,x0y0,utah,11.945,14.5,Aa,saline,106.8881841336282,14.5,,b,-1,0.08,soma,80.88017755,-40.549356044536026,508.19511634352193,-168.84805408535522,,-41.0,507.8636209487977,-168.79034578913752,tjn,5.4400000000001505,success,62.40234375,0.005,"(-41, -282, 71)",-41.0,-282.0,71.0,-41.0,,-282.0,71.0
3165,realistic,3,x0y0,utah,10.031,12.3,Aa,saline,64.4246275040186,12.3,,b,-1,0.08,soma,74.76222051799998,-57.45380043778891,546.5440835227246,283.3964935234271,,-57.0,546.7877614536181,283.02192529881034,tjn,5.430000000000149,success,85.58349609375,0.005,"(-57, -195, -72)",-57.0,-195.0,-72.0,-57.0,,-195.0,-72.0
3166,realistic,3,x0y0,utah,12.293000000000001,14.9,Aa,saline,244.39114178575454,14.9,,b,-1,0.08,soma,81.99253337399999,1643.1325135728823,-143.60951019368622,-51.91367275175389,,1643.0,-143.88343329833685,-51.99558646212148,central,5.275000000000125,success,57.38525390625,0.005,"(1643, 601, 305)",1643.0,601.0,305.0,1643.0,,601.0,305.0
3167,realistic,3,x0y0,utah,9.943999999999999,12.2,Aa,saline,152.29568574350154,12.2,,b,-1,0.08,soma,74.484131562,-105.52367146654841,555.2709342284297,-1213.3679531290109,,-106.0,555.260336381587,-1213.0131250424977,none,0.0,success,105.0,0.005,"(-106, 173, -485)",-106.0,173.0,-485.0,,,,
3168,realistic,3,x0y0,utah,11.075,13.5,Aa,saline,54.44591813520061,13.5,,b,-1,0.08,soma,78.09928799,425.9902412767409,204.45335072787108,180.31862623922783,,426.0,204.44679035433217,180.18486798309266,none,0.0,success,105.0,0.005,"(426, -466, -299)",426.0,-466.0,-299.0,,,,
3169,realistic,3,x0y0,utah,10.118,12.4,Aa,saline,53.18137786175002,12.4,,b,-1,0.08,soma,75.040309474,846.7065373241803,1193.3598990468372,668.7355037458419,,847.0,1193.4273838669687,668.9363287338842,central,5.250000000000121,success,29.681396484375,0.005,"(847, 535, 176)",847.0,535.0,176.0,847.0,,535.0,176.0
3170,realistic,3,x0y0,utah,10.379,12.7,Aa,saline,119.99709825940724,12.7,,b,-1,0.08,soma,75.874576342,703.7778132455763,867.6127682239177,-613.5939616910291,,704.0,867.7459852849032,-613.4686440855,none,0.0,success,105.0,0.005,"(704, 155, -202)",704.0,155.0,-202.0,,,,
3171,realistic,3,x0y0,utah,12.119,14.7,Aa,saline,68.49815230993421,14.7,,b,-1,0.08,soma,81.436355462,-998.2961838711627,268.9201200519565,81.81935739413348,,-998.0,269.2481925609226,81.62571213841159,none,0.0,success,105.0,0.005,"(-998, -499, -221)",-998.0,-499.0,-221.0,,,,
3172,realistic,3,x0y0,utah,13.424,16.2,Aa,saline,55.95092438340765,16.2,,b,-1,0.08,soma,85.607689802,-1862.9770512354519,338.0833032491687,193.75454245948958,,-1863.0,337.9182658849687,193.48737276006995,none,0.0,success,105.0,0.005,"(-1863, -348, -270)",-1863.0,-348.0,-270.0,,,,
3173,realistic,3,x0y0,utah,9.857,12.1,Aa,saline,77.88492984007674,12.1,,b,-1,0.08,soma,74.206042606,-1135.5823491189258,1212.9288537066095,293.72839417843306,,-1136.0,1212.7701239279434,293.55942417149976,periphery,5.185000000000111,success,33.5205078125,0.005,"(-1136, 409, 121)",-1136.0,409.0,121.0,-1136.0,,409.0,121.0
3174,realistic,3,x0y0,utah,8.987,11.1,Aa,saline,-7.929556323430448,11.1,,b,-1,0.08,soma,71.42515304599999,1106.8324256002004,-241.67011171270264,1223.142538555121,,1107.0,-241.25833556017403,1222.8337357883793,none,0.0,success,105.0,0.005,"(1107, -128, 410)",1107.0,-128.0,410.0,,,,
3175,realistic,3,x0y0,utah,12.38,15.0,Aa,saline,58.560519893550214,15.0,,b,-1,0.08,soma,82.27062233000002,835.2200775985988,589.518874249628,465.3575950996656,,835.0,589.8586474859782,464.9121783036641,none,0.0,success,105.0,0.005,"(835, -115, 34)",835.0,-115.0,34.0,,,,
3176,realistic,3,x0y0,utah,13.772000000000002,16.6,Aa,saline,96.90449902855707,16.6,,b,-1,0.08,soma,86.720045626,-429.7353433754603,507.08924520217346,-22.507086263103695,,-430.0,507.3129946464653,-22.56887474212263,tjn,5.585000000000173,success,55.3955078125,0.005,"(-430, -315, 77)",-430.0,-315.0,77.0,-430.0,,-315.0,77.0
3177,realistic,3,x0y0,utah,10.901,13.3,Aa,saline,127.21984364079235,13.3,,b,-1,0.08,soma,77.54311007800001,-871.4385067483197,467.6478918440703,-273.771132194574,,-871.0,467.96928927755596,-273.29941364309127,none,0.0,success,105.0,0.005,"(-871, -188, 225)",-871.0,-188.0,225.0,,,,
3178,realistic,3,x0y0,utah,13.337000000000002,16.1,Aa,saline,144.22982044243514,16.1,,b,-1,0.08,soma,85.329600846,-1611.8969362931373,596.7612029027346,-910.3713306459103,,-1612.0,596.7700758472436,-910.5672190632224,none,0.0,success,105.0,0.005,"(-1612, 113, -239)",-1612.0,113.0,-239.0,,,,
3179,realistic,3,x0y0,utah,10.988,13.4,Aa,saline,87.84992500646628,13.4,,b,-1,0.08,soma,77.821199034,-1261.432249085047,1183.149389397755,166.35954397199654,,-1261.0,1183.3338620973382,165.8966474818875,periphery,5.225000000000117,success,45.59326171875,0.005,"(-1261, 360, 135)",-1261.0,360.0,135.0,-1261.0,,360.0,135.0
3180,realistic,3,x0y0,utah,12.641,15.3,Aa,saline,152.912071869606,15.3,,b,-1,0.08,soma,83.104889198,-262.477431501194,505.3409093777227,-1361.7213453656345,,-262.0,505.4119832703848,-1361.8796414264898,none,0.0,success,105.0,0.005,"(-262, 129, -626)",-262.0,129.0,-626.0,,,,
3181,realistic,3,x0y0,utah,14.381,17.3,Aa,saline,352.23981266959714,17.3,,b,-1,0.08,soma,88.66666831799999,-1670.2986182912055,-2.9385096542864626,51.612991813382905,,-1670.0,-2.9600001114650496,51.70346748473753,none,0.0,success,105.0,0.005,"(-1670, 109, -770)",-1670.0,109.0,-770.0,,,,
3182,realistic,3,x0y0,utah,12.38,15.0,Aa,saline,10.743009336318366,15.0,,b,-1,0.08,soma,82.27062233000002,-1038.9743306693933,20.64819131416425,112.17985518498837,,-1039.0,20.99162200115606,112.67794321961287,none,0.0,success,105.0,0.005,"(-1039, -133, -699)",-1039.0,-133.0,-699.0,,,,
3183,realistic,3,x0y0,utah,13.076,15.8,Aa,saline,350.7219846645588,15.8,,b,-1,0.08,soma,84.495333978,1481.1123144984156,-35.16801708723415,120.1480473727429,,1481.0,-35.35232391862684,120.41072255144434,none,0.0,success,105.0,0.005,"(1481, 98, -696)",1481.0,98.0,-696.0,,,,
3184,realistic,3,x0y0,utah,12.119,14.7,Aa,saline,86.09887368252217,14.7,,b,-1,0.08,soma,81.436355462,-531.001004647447,267.7012302518874,25.84869070988134,,-531.0,267.8190259222189,26.14883608570802,none,0.0,success,105.0,0.005,"(-531, -556, -30)",-531.0,-556.0,-30.0,,,,
3185,realistic,3,x0y0,utah,14.12,17.0,Aa,saline,151.29522019620418,17.0,,b,-1,0.08,soma,87.83240144999998,1392.896428157711,17.882555669149042,-26.188778632929825,,1393.0,18.128451208217655,-26.042399655897725,none,0.0,success,105.0,0.005,"(1393, -380, 701)",1393.0,-380.0,701.0,,,,
3186,realistic,3,x0y0,utah,12.119,14.7,Aa,saline,49.95869899855669,14.7,,b,-1,0.08,soma,81.436355462,-614.7203947652207,264.2675330518236,200.71636143560227,,-615.0,264.1698368708537,200.18450373435246,none,0.0,success,105.0,0.005,"(-615, -368, -331)",-615.0,-368.0,-331.0,,,,
3187,realistic,3,x0y0,utah,15.686000000000002,18.8,Aa,saline,127.22966733151763,18.8,,b,-1,0.08,soma,92.838002658,1754.3085185504276,94.75402735646047,-66.12934937925503,,1754.0,94.97580885815,-66.00849580404514,none,0.0,success,105.0,0.005,"(1754, -567, 437)",1754.0,-567.0,437.0,,,,
3188,realistic,3,x0y0,utah,14.381,17.3,Aa,saline,132.65471094777314,17.3,,b,-1,0.08,soma,88.66666831799999,-322.8853127490199,409.8682499623492,-411.9769016066052,,-323.0,409.97466727394476,-411.9562672261386,none,0.0,success,105.0,0.005,"(-323, -200, 150)",-323.0,-200.0,150.0,,,,
3189,realistic,3,x0y0,utah,13.163,15.9,Aa,saline,358.77314720934294,15.9,,b,-1,0.08,soma,84.773422934,725.7955295330188,-62.2098614190336,766.4751621736988,,726.0,-61.7060756253938,766.2212341247068,none,0.0,success,105.0,0.005,"(726, -44, -61)",726.0,-44.0,-61.0,,,,
3190,realistic,3,x0y0,utah,14.033,16.9,Aa,saline,49.7012926819795,16.9,,b,-1,0.08,soma,87.55431249399997,-509.04470231009856,233.71600373008,201.95378207166732,,-509.0,234.10833706958715,202.0530646605598,none,0.0,success,105.0,0.005,"(-509, -398, -334)",-509.0,-398.0,-334.0,,,,
3191,realistic,3,x0y0,utah,11.336,13.8,Aa,saline,200.6540372020445,13.8,,b,-1,0.08,soma,78.93355485800001,-1598.6326032954016,-567.4363738217552,-985.062144333866,,-1599.0,-567.7894323992084,-985.4535636403155,none,0.0,success,105.0,0.005,"(-1599, -277, -214)",-1599.0,-277.0,-214.0,,,,
3192,realistic,3,x0y0,utah,12.554,15.2,Aa,saline,56.70594009833505,15.2,,b,-1,0.08,soma,82.82680024199999,-877.7719657076491,378.1028261747397,285.1004624937796,,-878.0,377.7989611611441,284.6183153264171,none,0.0,success,105.0,0.005,"(-878, -313, -169)",-878.0,-313.0,-169.0,,,,
3193,realistic,3,x0y0,utah,11.161999999999999,13.6,Aa,saline,88.65257536831874,13.6,,b,-1,0.08,soma,78.377376946,-1178.213828111573,430.3421456742772,-3.899043534458997,,-1178.0,429.9414318664584,-3.631565820884493,none,0.0,success,105.0,0.005,"(-1178, -394, -23)",-1178.0,-394.0,-23.0,,,,
3194,realistic,3,x0y0,utah,13.685,16.5,Aa,saline,126.74370399522215,16.5,,b,-1,0.08,soma,86.44195667,420.8402110519507,355.9199339396109,-270.11066237939207,,421.0,355.65346993983565,-270.44178923999704,none,0.0,success,105.0,0.005,"(421, -308, 225)",421.0,-308.0,225.0,,,,
3195,realistic,3,x0y0,utah,14.207,17.1,Aa,saline,121.20214215153507,17.1,,b,-1,0.08,soma,88.110490406,1930.8292816953424,254.26469578018347,-133.02479256512694,,1931.0,254.09095122212602,-133.53352253967444,none,0.0,success,105.0,0.005,"(1931, -455, 296)",1931.0,-455.0,296.0,,,,
3196,realistic,3,x0y0,utah,10.901,13.3,Aa,saline,25.440272059075433,13.3,,b,-1,0.08,soma,77.54311007800001,-490.32419740212083,638.3889015155296,1253.9253157642058,,-490.0,638.8922600447545,1253.8657142002173,none,0.0,success,105.0,0.005,"(-490, 285, 510)",-490.0,285.0,510.0,,,,
3197,realistic,3,x0y0,utah,10.379,12.7,Aa,saline,146.7352567446342,12.7,,b,-1,0.08,soma,75.874576342,790.1362658955493,715.1318167994632,-1125.4833322443408,,790.0,715.3811025617936,-1125.0578666397732,none,0.0,success,105.0,0.005,"(790, 264, -437)",790.0,264.0,-437.0,,,,
3198,realistic,3,x0y0,utah,11.945,14.5,Aa,saline,50.54238169026362,14.5,,b,-1,0.08,soma,80.88017755,-665.734517106058,936.8820290090176,925.6973502297708,,-666.0,937.3222925431776,925.5671764165126,periphery,5.195000000000112,success,105.0,0.005,"(-666, 300, 401)",-666.0,300.0,401.0,-666.0,,300.0,401.0
3199,realistic,3,x0y0,utah,10.292,12.6,Aa,saline,-26.22968362418716,12.6,,b,-1,0.08,soma,75.596487386,230.7370506592605,-585.7623451534055,1070.7505552644523,,231.0,-585.676823712306,1071.0500245926212,none,0.0,success,105.0,0.005,"(231, -222, 333)",231.0,-222.0,333.0,,,,
3200,realistic,3,x0y0,utah,10.118,12.4,Aa,saline,145.8965516239347,12.4,,b,-1,0.08,soma,75.040309474,1327.3786293354444,517.5045083369382,-1148.4141073672365,,1327.0,517.1870507610361,-1148.046688122236,none,0.0,success,105.0,0.005,"(1327, 56, -467)",1327.0,56.0,-467.0,,,,
3201,realistic,3,x0y0,utah,9.943999999999999,12.2,Aa,saline,111.14528999029413,12.2,,b,-1,0.08,soma,74.484131562,-221.1531904127708,412.53461756564775,-147.15696881757503,,-221.0,412.9051747539389,-147.58271312720683,tjn,5.525000000000164,success,94.04296875,0.005,"(-221, -354, 149)",-221.0,-354.0,149.0,-221.0,,-354.0,149.0
3202,realistic,3,x0y0,utah,10.901,13.3,Aa,saline,-26.030910343324127,13.3,,b,-1,0.08,soma,77.54311007800001,488.74394700995566,-637.8336083017216,1107.769051072848,,489.0,-637.5533355066173,1108.2411193580456,none,0.0,success,105.0,0.005,"(489, -276, 368)",489.0,-276.0,368.0,,,,
3203,realistic,3,x0y0,utah,11.075,13.5,Aa,saline,104.3610624690412,13.5,,b,-1,0.08,soma,78.09928799,358.11367592894965,1376.2096923117242,-417.43228125169344,,358.0,1376.3392951023561,-417.36431171076003,central,5.160000000000107,success,29.26025390625,0.005,"(358, 578, -213)",358.0,578.0,-213.0,358.0,,578.0,-213.0
3204,realistic,3,x0y0,utah,10.553,12.9,Aa,saline,134.5713660899518,12.9,,b,-1,0.08,soma,76.430754254,-711.3899331893198,67.94205235559275,-78.45664387572515,,-711.0,68.45863466527499,-78.73255166772879,none,0.0,success,105.0,0.005,"(-711, -518, 499)",-711.0,-518.0,499.0,,,,
3205,realistic,3,x0y0,utah,12.467,15.1,Aa,saline,183.85532294719144,15.1,,b,-1,0.08,soma,82.548711286,-102.27501135389593,-302.35158212309847,-1424.1049178748635,,-102.0,-302.5256366992096,-1424.3739246250211,none,0.0,success,105.0,0.005,"(-102, -247, -600)",-102.0,-247.0,-600.0,,,,
3206,realistic,3,x0y0,utah,11.771,14.3,Aa,saline,131.80147741112378,14.3,,b,-1,0.08,soma,80.323999638,556.5672800891176,962.314397152511,-883.5922867851367,,557.0,962.1582708650648,-884.0529890793456,central,5.305000000000129,success,78.55224609375,0.005,"(557, 347, -334)",557.0,347.0,-334.0,557.0,,347.0,-334.0
3207,realistic,3,x0y0,utah,9.943999999999999,12.2,Aa,saline,91.9014523195667,12.2,,b,-1,0.08,soma,74.484131562,1805.1747790875565,185.15932781526044,13.499488674897295,,1805.0,184.7487205415316,13.70156341607079,none,0.0,success,105.0,0.005,"(1805, -637, 41)",1805.0,-637.0,41.0,,,,
3208,realistic,3,x0y0,utah,9.508999999999999,11.7,Aa,saline,110.73284143465244,11.7,,b,-1,0.08,soma,73.09368678199999,-1622.1638620394033,1104.2078446035457,-459.9066749941053,,-1622.0,1104.3106079392633,-459.82758256041404,periphery,5.250000000000121,success,63.525390625,0.005,"(-1622, 336, -169)",-1622.0,336.0,-169.0,-1622.0,,336.0,-169.0
3209,realistic,3,x0y0,utah,10.988,13.4,Aa,saline,170.64313078379078,13.4,,b,-1,0.08,soma,77.821199034,1044.0985886949343,145.86049280649559,-1383.6692471949182,,1044.0,145.9678634814642,-1383.952588543424,none,0.0,success,105.0,0.005,"(1044, 12, -571)",1044.0,12.0,-571.0,,,,
3210,realistic,3,x0y0,utah,13.772000000000002,16.6,Aa,saline,76.33172769554571,16.6,,b,-1,0.08,soma,86.720045626,-1602.273331512017,84.36262059900764,28.20077215050196,,-1602.0,83.91743416739234,27.741473390711974,none,0.0,success,105.0,0.005,"(-1602, -721, -168)",-1602.0,-721.0,-168.0,,,,
3211,realistic,3,x0y0,utah,11.945,14.5,Aa,saline,104.9628119232055,14.5,,b,-1,0.08,soma,80.88017755,322.6050407563397,512.0860952553559,-212.53320908448902,,323.0,512.4576697655276,-212.12863092170502,tjn,5.450000000000152,success,85.58349609375,0.005,"(323, -285, 1)",323.0,-285.0,1.0,323.0,,-285.0,1.0
3212,realistic,3,x0y0,utah,9.77,12.0,Aa,saline,187.53512839522702,12.0,,b,-1,0.08,soma,73.92795365,174.00526003935892,-0.34206832948939336,-1287.7635331311224,,174.0,-0.7594773617575328,-1287.8950866243053,none,0.0,success,105.0,0.005,"(174, 107, -473)",174.0,107.0,-473.0,,,,
3213,realistic,3,x0y0,utah,11.858,14.4,Aa,saline,105.71021871248286,14.4,,b,-1,0.08,soma,80.60208859400001,770.88430202037,108.21522021479768,-34.125719048790415,,771.0,108.4347852402924,-34.491522795627645,none,0.0,success,105.0,0.005,"(771, -686, 189)",771.0,-686.0,189.0,,,,
3214,realistic,3,x0y0,utah,9.596,11.8,Aa,saline,58.12304618304464,11.8,,b,-1,0.08,soma,73.371775738,-127.93933056810512,1227.2467607319106,628.5150817451035,,-128.0,1226.775655978355,628.932317383619,tjn,5.145000000000104,success,26.348876953125,0.005,"(-128, 529, 195)",-128.0,529.0,195.0,-128.0,,529.0,195.0
3215,realistic,3,x0y0,utah,11.423,13.9,Aa,saline,136.23585557999004,13.9,,b,-1,0.08,soma,79.211643814,214.4608027095001,1006.5619487950336,-1025.085455477376,,214.0,1006.3798470130721,-1025.5303245812356,central,5.200000000000113,success,77.5634765625,0.005,"(214, 436, -430)",214.0,436.0,-430.0,214.0,,436.0,-430.0
3216,realistic,3,x0y0,utah,10.379,12.7,Aa,saline,41.27486063734207,12.7,,b,-1,0.08,soma,75.874576342,1395.3491066045679,500.8091362177465,792.6245149483832,,1395.0,500.8917290064088,792.5196657893238,none,0.0,success,105.0,0.005,"(1395, -42, 174)",1395.0,-42.0,174.0,,,,
3217,realistic,3,x0y0,utah,14.207,17.1,Aa,saline,182.2233726341724,17.1,,b,-1,0.08,soma,88.110490406,-1902.509777519028,0.4833931206267152,-167.1956641905531,,-1903.0,0.8326564861235894,-167.39200100683786,none,0.0,success,105.0,0.005,"(-1903, 33, 661)",-1903.0,33.0,661.0,,,,
3218,realistic,3,x0y0,utah,8.03,10.0,Aa,saline,144.54484976210043,10.0,,b,-1,0.08,soma,68.36617453,1617.0071371295487,720.305952098449,-768.4206555370282,,1617.0,720.2081089224266,-768.3065428860691,central,5.250000000000121,success,86.077880859375,0.005,"(1617, 245, -101)",1617.0,245.0,-101.0,1617.0,,245.0,-101.0
3219,realistic,3,x0y0,utah,12.554,15.2,Aa,saline,149.8141180212888,15.2,,b,-1,0.08,soma,82.82680024199999,1269.0962232775141,65.90574578254609,-149.81632172009722,,1269.0,65.52065758083893,-149.3517430645926,none,0.0,success,105.0,0.005,"(1269, -350, 565)",1269.0,-350.0,565.0,,,,
3220,realistic,3,x0y0,utah,11.075,13.5,Aa,saline,36.968938867269024,13.5,,b,-1,0.08,soma,78.09928799,1103.715062257218,684.1747451475799,1045.6294682104767,,1104.0,684.5834558985932,1045.415665552005,none,0.0,success,105.0,0.005,"(1104, 189, 387)",1104.0,189.0,387.0,,,,
3221,realistic,3,x0y0,utah,9.248000000000001,11.4,Aa,saline,6.800748960308442,11.4,,b,-1,0.08,soma,72.25941991399999,816.9674905986299,78.3329247615643,1250.1676533023385,,817.0,78.22175765890883,1250.381801987301,none,0.0,success,105.0,0.005,"(817, -19, 435)",817.0,-19.0,435.0,,,,
3222,realistic,3,x0y0,utah,10.64,13.0,Aa,saline,204.35281167178917,13.0,,b,-1,0.08,soma,76.70884321,363.0719790087568,-529.1368953576425,-1180.0230365436933,,363.0,-529.5513634699021,-1180.0758780821552,none,0.0,success,105.0,0.005,"(363, -190, -430)",363.0,-190.0,-430.0,,,,
3223,realistic,3,x0y0,utah,10.901,13.3,Aa,saline,27.212893299490265,13.3,,b,-1,0.08,soma,77.54311007800001,-1719.3035687479519,722.740741326772,971.7265842655015,,-1719.0,722.7107321193348,971.5800438961829,periphery,5.260000000000122,success,63.525390625,0.005,"(-1719, 346, 239)",-1719.0,346.0,239.0,-1719.0,,346.0,239.0
3224,realistic,3,x0y0,utah,10.901,13.3,Aa,saline,70.22474067145168,13.3,,b,-1,0.08,soma,77.54311007800001,616.1733167763177,1214.0122567437902,658.7189150533351,,616.0,1214.1690332916992,658.6819170696938,central,5.295000000000128,success,80.89599609375,0.005,"(616, 439, 380)",616.0,439.0,380.0,616.0,,439.0,380.0
3225,realistic,3,x0y0,utah,12.988999999999999,15.7,Aa,saline,60.96219534461825,15.7,,b,-1,0.08,soma,84.217245022,413.26676093306094,127.6967588727448,66.51276685017046,,413.0,128.1410686613675,66.4785253668395,none,0.0,success,105.0,0.005,"(413, -595, -335)",413.0,-595.0,-335.0,,,,
3226,realistic,3,x0y0,utah,10.292,12.6,Aa,saline,351.8120178477247,12.6,,b,-1,0.08,soma,75.596487386,-1459.3794353906778,-6.1882609577191925,131.87621254299393,,-1459.0,-6.166469901883232,131.4057016073317,none,0.0,success,105.0,0.005,"(-1459, 111, -683)",-1459.0,111.0,-683.0,,,,
3227,realistic,3,x0y0,utah,9.77,12.0,Aa,saline,197.1870731812648,12.0,,b,-1,0.08,soma,73.92795365,1034.0715046160858,-222.3080453976031,-1143.3020895890547,,1034.0,-221.89035515178756,-1143.2221870609228,none,0.0,success,105.0,0.005,"(1034, 21, -358)",1034.0,21.0,-358.0,,,,
3228,realistic,3,x0y0,utah,10.205,12.5,Aa,saline,10.833830410357956,12.5,,b,-1,0.08,soma,75.31839843,-1433.827478214427,230.0230650280728,1133.5791371574976,,-1434.0,229.65992945242004,1134.015865468973,none,0.0,success,105.0,0.005,"(-1434, 75, 326)",-1434.0,75.0,326.0,,,,
3229,realistic,3,x0y0,utah,10.988,13.4,Aa,saline,69.99377838581013,13.4,,b,-1,0.08,soma,77.821199034,-7.101318089000275,101.10380336250546,37.70002371603368,,-7.0,101.22879036612505,37.85981609476579,none,0.0,success,105.0,0.005,"(-7, -673, -244)",-7.0,-673.0,-244.0,,,,
3230,realistic,3,x0y0,utah,9.161000000000001,11.3,Aa,saline,72.22860787085666,11.3,,b,-1,0.08,soma,71.981330958,-1478.745683365554,1276.464876028299,326.38624353455316,,-1479.0,1276.829410735652,326.56635110419086,periphery,5.170000000000108,success,24.407958984375,0.005,"(-1479, 495, 76)",-1479.0,495.0,76.0,-1479.0,,495.0,76.0
3231,realistic,3,x0y0,utah,11.684,14.2,Aa,saline,105.8949707162462,14.2,,b,-1,0.08,soma,80.045910682,787.6486870930171,1273.3637023161054,-216.62407412982293,,788.0,1273.507078446974,-216.97378746789994,central,5.24500000000012,success,23.40087890625,0.005,"(788, 480, 9)",788.0,480.0,9.0,788.0,,480.0,9.0
3232,realistic,3,x0y0,utah,9.683,11.9,Aa,saline,26.31451646965413,11.9,,b,-1,0.08,soma,73.649864694,1512.6809843014025,385.613277794344,1030.586077760233,,1513.0,385.3149925094253,1030.6838693558511,none,0.0,success,105.0,0.005,"(1513, 21, 294)",1513.0,21.0,294.0,,,,
3233,realistic,3,x0y0,utah,10.901,13.3,Aa,saline,89.2769645406551,13.3,,b,-1,0.08,soma,77.54311007800001,-244.24444817931868,1376.33308311106,166.6652888772337,,-244.0,1376.6891778834965,166.3795215934914,periphery,5.135000000000103,success,21.82159423828125,0.005,"(-244, 553, 156)",-244.0,553.0,156.0,-244.0,,553.0,156.0
3234,realistic,3,x0y0,utah,12.728,15.4,Aa,saline,-23.605450998336483,15.4,,b,-1,0.08,soma,83.382978154,608.5659975868848,-660.5439590625883,1274.2970166355472,,609.0,-661.0072722264308,1274.4974114412553,none,0.0,success,105.0,0.005,"(609, -330, 517)",609.0,-330.0,517.0,,,,
3235,realistic,3,x0y0,utah,9.335,11.5,Aa,saline,50.199803720126155,11.5,,b,-1,0.08,soma,72.53750887,-412.3404409369322,749.3079487736441,669.9712441577094,,-412.0,748.9807840324106,669.6941297138436,none,0.0,success,105.0,0.005,"(-412, 118, 144)",-412.0,118.0,144.0,,,,
3236,realistic,3,x0y0,utah,13.685,16.5,Aa,saline,121.14417966555958,16.5,,b,-1,0.08,soma,86.44195667,934.0554182115843,342.7124021224072,-193.59557756058442,,934.0,342.8743353569266,-193.35588999486208,none,0.0,success,105.0,0.005,"(934, -366, 235)",934.0,-366.0,235.0,,,,
3237,realistic,3,x0y0,utah,10.814,13.2,Aa,saline,70.87417536388469,13.2,,b,-1,0.08,soma,77.26502112200002,-244.10260384659568,1411.494483624154,342.601008099738,,-244.0,1411.167995978033,342.82201045978366,tjn,5.1150000000001,success,11.3983154296875,0.005,"(-244, 633, 73)",-244.0,633.0,73.0,-244.0,,633.0,73.0
3238,realistic,3,x0y0,utah,9.77,12.0,Aa,saline,165.5486533273029,12.0,,b,-1,0.08,soma,73.92795365,-342.7727528423281,160.37941479057326,-1442.7362787397535,,-343.0,160.16220861552006,-1442.9899151573304,none,0.0,success,105.0,0.005,"(-343, -45, -647)",-343.0,-45.0,-647.0,,,,
3239,realistic,3,x0y0,utah,15.512000000000002,18.6,Aa,saline,139.86348451575478,18.6,,b,-1,0.08,soma,92.281824746,-1441.4868139043192,58.07638494714274,-51.34657731149128,,-1441.0,57.75343211563586,-51.40722750915859,none,0.0,success,105.0,0.005,"(-1441, -478, 584)",-1441.0,-478.0,584.0,,,,
3240,realistic,3,x0y0,utah,11.075,13.5,Aa,saline,302.1861600671592,13.5,,b,-1,0.08,soma,78.09928799,-1240.099728658859,-125.22852312695976,97.88502438142817,,-1240.0,-125.39321371296876,97.97124535613659,periphery,5.24500000000012,success,59.637451171875,0.005,"(-1240, 572, -341)",-1240.0,572.0,-341.0,-1240.0,,572.0,-341.0
3241,realistic,3,x0y0,utah,10.379,12.7,Aa,saline,-4.964749810035858,12.7,,b,-1,0.08,soma,75.874576342,249.45860393486385,-279.0379395673376,1423.3011520615335,,249.0,-279.18407542679154,1422.8101264759503,none,0.0,success,105.0,0.005,"(249, -208, 603)",249.0,-208.0,603.0,,,,
3242,realistic,3,x0y0,utah,14.293999999999999,17.2,Aa,saline,137.01829726782208,17.2,,b,-1,0.08,soma,88.388579362,-1071.8950327352013,129.7940760394349,-118.15033579460487,,-1072.0,129.34466670450593,-118.63854233061977,none,0.0,success,105.0,0.005,"(-1072, -436, 488)",-1072.0,-436.0,488.0,,,,
3243,realistic,3,x0y0,utah,9.683,11.9,Aa,saline,52.15795173749621,11.9,,b,-1,0.08,soma,73.649864694,1099.6915241518823,916.2176061439765,712.0112898858806,,1100.0,915.9951490744261,712.1895959948847,central,5.285000000000126,success,76.94091796875,0.005,"(1100, 267, 208)",1100.0,267.0,208.0,1100.0,,267.0,208.0
3244,realistic,3,x0y0,utah,12.641,15.3,Aa,saline,-12.650906630127338,15.3,,b,-1,0.08,soma,83.104889198,-61.0269911396395,-471.37169162652026,1212.7733662388696,,-61.0,-471.01498536718105,1212.4672201952446,none,0.0,success,105.0,0.005,"(-61, -290, 406)",-61.0,-290.0,406.0,,,,
3245,realistic,3,x0y0,utah,12.293000000000001,14.9,Aa,saline,86.48862151816147,14.9,,b,-1,0.08,soma,81.99253337399999,1259.9614243060291,571.9124956469112,61.87802780895481,,1260.0,571.426873780295,61.55097152124441,none,0.0,success,105.0,0.005,"(1260, -253, 11)",1260.0,-253.0,11.0,,,,
3246,realistic,3,x0y0,utah,12.815,15.5,Aa,saline,197.9372822379076,15.5,,b,-1,0.08,soma,83.66106711,-1614.0200523559238,-393.76617640345154,-1029.010324741112,,-1614.0,-393.6638043349401,-1028.6465696242271,none,0.0,success,105.0,0.005,"(-1614, -139, -242)",-1614.0,-139.0,-242.0,,,,
3247,realistic,3,x0y0,utah,8.813,10.9,Aa,saline,61.93133427841124,10.9,,b,-1,0.08,soma,70.86897513400001,-736.2860198549014,836.1319552300638,639.5797675909344,,-736.0,835.951391829121,640.0144264002736,none,0.0,success,105.0,0.005,"(-736, 112, 254)",-736.0,112.0,254.0,,,,
3248,realistic,3,x0y0,utah,13.597999999999999,16.4,Aa,saline,120.29301685985386,16.4,,b,-1,0.08,soma,86.16386771399998,1008.4373906989367,373.8819977741197,-256.08319736600794,,1008.0,374.04874988551967,-255.68452743747088,none,0.0,success,105.0,0.005,"(1008, -341, 162)",1008.0,-341.0,162.0,,,,
3249,realistic,3,x0y0,utah,10.292,12.6,Aa,saline,197.60478916243503,12.6,,b,-1,0.08,soma,75.596487386,-948.5988729430077,-436.3961744928447,-1240.1183285781274,,-949.0,-436.81418889276324,-1240.2912858881677,none,0.0,success,105.0,0.005,"(-949, -188, -456)",-949.0,-188.0,-456.0,,,,
3250,realistic,3,x0y0,utah,10.901,13.3,Aa,saline,55.21695699843311,13.3,,b,-1,0.08,soma,77.54311007800001,-312.49451254155184,1061.2687519612766,735.0637902684662,,-312.0,1061.5635781535311,734.9616721497497,periphery,5.185000000000111,success,57.6416015625,0.005,"(-312, 385, 265)",-312.0,385.0,265.0,-312.0,,385.0,265.0
3251,realistic,3,x0y0,utah,11.423,13.9,Aa,saline,30.759691658931583,13.9,,b,-1,0.08,soma,79.211643814,196.99348506689202,620.7209272219608,1179.8132885094665,,197.0,620.7034173232399,1179.5837827646853,none,0.0,success,105.0,0.005,"(197, 199, 471)",197.0,199.0,471.0,,,,
3252,realistic,3,x0y0,utah,14.729,17.7,Aa,saline,-20.14692029576761,17.7,,b,-1,0.08,soma,89.77902414200001,397.1973683680191,-630.3247346373505,1095.4755456956273,,397.0,-629.8139479572525,1095.100273932255,none,0.0,success,105.0,0.005,"(397, -344, 316)",397.0,-344.0,316.0,,,,
3253,realistic,3,x0y0,utah,11.858,14.4,Aa,saline,85.42407406671664,14.4,,b,-1,0.08,soma,80.60208859400001,-1284.2917451467426,425.4278158621519,76.67505624506884,,-1284.0,425.6600809552498,76.85902333490061,none,0.0,success,105.0,0.005,"(-1284, -397, 11)",-1284.0,-397.0,11.0,,,,
3254,realistic,3,x0y0,utah,16.294999999999998,19.5,Aa,saline,226.6234949185377,19.5,,b,-1,0.08,soma,94.78462535,1679.4459855436444,-23.60498417518602,-22.437380787328486,,1679.0,-24.06597208345761,-22.6870403451901,none,0.0,success,105.0,0.005,"(1679, 581, 549)",1679.0,581.0,549.0,,,,
3255,realistic,3,x0y0,utah,9.943999999999999,12.2,Aa,saline,141.66273618899137,12.2,,b,-1,0.08,soma,74.484131562,1172.5414121911172,496.6201343278958,-826.229451799677,,1173.0,497.03675340395444,-825.9666763986166,none,0.0,success,105.0,0.005,"(1173, -13, -181)",1173.0,-13.0,-181.0,,,,
3256,realistic,3,x0y0,utah,12.467,15.1,Aa,saline,322.0758767554811,15.1,,b,-1,0.08,soma,82.548711286,-1075.1488390401366,-624.9698605890135,767.3276817074312,,-1075.0,-624.8282189781879,767.7652117311985,none,0.0,success,105.0,0.005,"(-1075, -117, 116)",-1075.0,-117.0,116.0,,,,
3257,realistic,3,x0y0,utah,10.379,12.7,Aa,saline,31.167417526161532,12.7,,b,-1,0.08,soma,75.874576342,1931.6258442842209,610.0567841936545,1061.7643579430203,,1932.0,609.8700466284926,1062.1874374879249,none,0.0,success,105.0,0.005,"(1932, 184, 358)",1932.0,184.0,358.0,,,,
3258,realistic,3,x0y0,utah,10.727,13.1,Aa,saline,-13.8013268997802,13.1,,b,-1,0.08,soma,76.986932166,1601.575870962838,-260.5627918386722,1274.7940579325304,,1602.0,-260.48554100740387,1274.6945049132014,none,0.0,success,105.0,0.005,"(1602, -64, 475)",1602.0,-64.0,475.0,,,,
3259,realistic,3,x0y0,utah,11.423,13.9,Aa,saline,114.97136553761723,13.9,,b,-1,0.08,soma,79.211643814,-1646.2850881212912,482.80100762154234,-285.0031469412265,,-1646.0,482.5051775586958,-285.1485780091355,none,0.0,success,105.0,0.005,"(-1646, -265, 63)",-1646.0,-265.0,63.0,,,,
3260,realistic,3,x0y0,utah,8.726,10.8,Aa,saline,327.3229422365896,10.8,,b,-1,0.08,soma,70.590886178,239.0041999487817,-661.37031781207,854.4214926647072,,239.0,-660.8775097237512,854.4426744480114,none,0.0,success,105.0,0.005,"(239, -218, 164)",239.0,-218.0,164.0,,,,
3261,realistic,3,x0y0,utah,12.902,15.6,Aa,saline,279.2128777050856,15.6,,b,-1,0.08,soma,83.93915606600001,1273.7250575111032,-147.20445715068942,28.76653369169617,,1274.0,-147.3016704763745,28.39782944308334,central,5.185000000000111,success,14.703369140625,0.005,"(1274, 669, -104)",1274.0,669.0,-104.0,1274.0,,669.0,-104.0
3262,realistic,3,x0y0,utah,8.987,11.1,Aa,saline,49.244954734596995,11.1,,b,-1,0.08,soma,71.42515304599999,340.2941269080817,739.7953905632758,721.110890264215,,340.0,739.6897767161727,720.7611699542147,none,0.0,success,105.0,0.005,"(340, 118, 185)",340.0,118.0,185.0,,,,
3263,realistic,3,x0y0,utah,12.032,14.6,Aa,saline,348.30941795276345,14.6,,b,-1,0.08,soma,81.15826650599999,1471.954344796113,-260.41935305405417,812.1422682983293,,1472.0,-260.2623323970579,812.4896451946631,none,0.0,success,105.0,0.005,"(1472, -93, 4)",1472.0,-93.0,4.0,,,,
3264,realistic,3,x0y0,utah,10.292,12.6,Aa,saline,198.212328429722,12.6,,b,-1,0.08,soma,75.596487386,554.6502580847409,-682.107999036748,-1271.7909081998062,,555.0,-682.1244511540626,-1271.576051683981,none,0.0,success,105.0,0.005,"(555, -425, -490)",555.0,-425.0,-490.0,,,,
3265,realistic,3,x0y0,utah,10.727,13.1,Aa,saline,-16.356032928471297,13.1,,b,-1,0.08,soma,76.986932166,-321.09042550236137,-578.8591208574157,1327.1551434989906,,-321.0,-578.8957600489729,1327.1419807066386,none,0.0,success,105.0,0.005,"(-321, -347, 537)",-321.0,-347.0,537.0,,,,
3266,realistic,3,x0y0,utah,9.943999999999999,12.2,Aa,saline,-23.72634148928255,12.2,,b,-1,0.08,soma,74.484131562,-1108.4304744108638,-672.3133073232325,1187.6419325334673,,-1108.0,-671.8702072702745,1187.7626112225057,none,0.0,success,105.0,0.005,"(-1108, -341, 435)",-1108.0,-341.0,435.0,,,,
3267,realistic,3,x0y0,utah,12.467,15.1,Aa,saline,129.39618041114292,15.1,,b,-1,0.08,soma,82.548711286,-1812.012985138668,223.2526836881584,-219.25880298258699,,-1812.0,223.5448220409105,-219.4363335266122,none,0.0,success,105.0,0.005,"(-1812, -415, 305)",-1812.0,-415.0,305.0,,,,
3268,realistic,3,x0y0,utah,12.119,14.7,Aa,saline,99.64302445756832,14.7,,b,-1,0.08,soma,81.436355462,101.36291249174678,1451.9239915445569,-81.53357913556601,,101.0,1452.0755514249931,-81.30779476994255,tjn,5.100000000000097,success,6.88323974609375,0.005,"(101, 638, 57)",101.0,638.0,57.0,101.0,,638.0,57.0
3269,realistic,3,x0y0,utah,10.379,12.7,Aa,saline,7.202212763712375,12.7,,b,-1,0.08,soma,75.874576342,1250.2158614843229,96.44939348284105,795.5606005466707,,1250.0,96.19633593664344,795.4360835944493,none,0.0,success,105.0,0.005,"(1250, -7, -21)",1250.0,-7.0,-21.0,,,,
3270,realistic,3,x0y0,utah,10.379,12.7,Aa,saline,112.9780001954297,12.7,,b,-1,0.08,soma,75.874576342,-1779.7028154295278,879.5837213093628,-406.5958579422786,,-1780.0,879.6783612190399,-406.2747173019585,none,0.0,success,105.0,0.005,"(-1780, 122, -85)",-1780.0,122.0,-85.0,,,,
3271,realistic,3,x0y0,utah,11.336,13.8,Aa,saline,212.6536068078801,13.8,,b,-1,0.08,soma,78.93355485800001,-381.9836170918076,-67.08677682138887,-141.06987027326068,,-382.0,-66.88227310068851,-141.11857991747524,none,0.0,success,105.0,0.005,"(-382, 378, 553)",-382.0,378.0,553.0,,,,
3272,realistic,3,x0y0,utah,10.292,12.6,Aa,saline,194.39425605858207,12.6,,b,-1,0.08,soma,75.596487386,1810.9629152595414,-186.43628901375172,-1037.0694547469905,,1811.0,-186.54764338207985,-1036.96237884104,none,0.0,success,105.0,0.005,"(1811, 18, -240)",1811.0,18.0,-240.0,,,,
3273,realistic,3,x0y0,utah,14.12,17.0,Aa,saline,128.18036721186115,17.0,,b,-1,0.08,soma,87.83240144999998,507.3866555479505,322.9443958102279,-246.10477482945046,,507.0,322.6110253899227,-246.35310366812269,none,0.0,success,105.0,0.005,"(507, -329, 266)",507.0,-329.0,266.0,,,,
3274,realistic,3,x0y0,utah,10.205,12.5,Aa,saline,159.23375276048304,12.5,,b,-1,0.08,soma,75.31839843,443.90705576093904,705.3208790751805,-1259.5908993221394,,444.0,705.7149520416391,-1259.1863512660252,central,5.215000000000115,success,95.361328125,0.005,"(444, 414, -490)",444.0,414.0,-490.0,444.0,,414.0,-490.0
3275,realistic,3,x0y0,utah,11.858,14.4,Aa,saline,195.48739371400455,14.4,,b,-1,0.08,soma,80.60208859400001,-62.25435233380416,-541.8086022189908,-1259.9528389367795,,-62.0,-541.3553788272991,-1260.342616389019,none,0.0,success,105.0,0.005,"(-62, -321, -465)",-62.0,-321.0,-465.0,,,,
3276,realistic,3,x0y0,utah,10.64,13.0,Aa,saline,112.80292549143265,13.0,,b,-1,0.08,soma,76.70884321,1455.0696553821679,799.9485948697072,-469.71785168087575,,1455.0,799.9681058354892,-470.13217381409805,none,0.0,success,105.0,0.005,"(1455, 41, -151)",1455.0,41.0,-151.0,,,,
3277,realistic,3,x0y0,utah,10.64,13.0,Aa,saline,119.80704424336906,13.0,,b,-1,0.08,soma,76.70884321,-1539.8495705074502,986.9518851310104,-534.2236120759617,,-1540.0,987.4246316266587,-534.2894829798456,periphery,5.265000000000123,success,70.098876953125,0.005,"(-1540, 273, -125)",-1540.0,273.0,-125.0,-1540.0,,273.0,-125.0
3278,realistic,3,x0y0,utah,9.77,12.0,Aa,saline,187.807089737952,12.0,,b,-1,0.08,soma,73.92795365,-98.91942176372193,21.852258102823725,-1333.7565390702969,,-99.0,22.377291947164963,-1333.3197118405278,none,0.0,success,105.0,0.005,"(-99, 134, -519)",-99.0,134.0,-519.0,,,,
3279,realistic,3,x0y0,utah,11.423,13.9,Aa,saline,96.22201727612465,13.9,,b,-1,0.08,soma,79.211643814,138.60327890024493,1413.8166024449524,-342.52177135799775,,139.0,1413.740647557749,-342.3872710947188,periphery,5.160000000000107,success,33.026123046875,0.005,"(139, 594, -253)",139.0,594.0,-253.0,139.0,,594.0,-253.0
3280,realistic,3,x0y0,utah,10.466000000000001,12.8,Aa,saline,35.946903407456716,12.8,,b,-1,0.08,soma,76.152665298,-605.7132501140065,84.58578106630284,126.41899387666537,,-606.0,84.14580726496308,126.36259891263057,none,0.0,success,105.0,0.005,"(-606, -399, -540)",-606.0,-399.0,-540.0,,,,
3281,realistic,3,x0y0,utah,10.031,12.3,Aa,saline,92.67656320054779,12.3,,b,-1,0.08,soma,74.76222051799998,-19.377847303241325,1429.3329845056269,-301.93492885218393,,-19.0,1429.4764910377153,-302.4051978490953,periphery,5.150000000000105,success,35.296630859375,0.005,"(-19, 608, -264)",-19.0,608.0,-264.0,-19.0,,608.0,-264.0
3282,realistic,3,x0y0,utah,12.293000000000001,14.9,Aa,saline,210.0713554276027,14.9,,b,-1,0.08,soma,81.99253337399999,1850.3422978648155,-560.4409516830638,-971.7365516487984,,1850.0,-560.9067292368559,-971.8171691909299,none,0.0,success,105.0,0.005,"(1850, -147, -257)",1850.0,-147.0,-257.0,,,,
3283,realistic,3,x0y0,utah,13.25,16.0,Aa,saline,59.9168624783953,16.0,,b,-1,0.08,soma,85.05151189,229.47383661956246,510.37268712021523,383.42526045874,,229.0,510.0580366192087,383.8386614552286,none,0.0,success,105.0,0.005,"(229, -206, -31)",229.0,-206.0,-31.0,,,,
3284,realistic,3,x0y0,utah,9.161000000000001,11.3,Aa,saline,52.18981430460521,11.3,,b,-1,0.08,soma,71.981330958,201.96912832144488,917.4779565018573,868.1159124735506,,202.0,917.5826257284102,868.2672779386271,none,0.0,success,105.0,0.005,"(202, 269, 365)",202.0,269.0,365.0,,,,
3285,realistic,3,x0y0,utah,9.857,12.1,Aa,saline,37.614889558766265,12.1,,b,-1,0.08,soma,74.206042606,-957.73935166343,597.4331133877072,957.8901307990944,,-958.0,597.8116842033514,958.1878031741065,none,0.0,success,105.0,0.005,"(-958, 96, 307)",-958.0,96.0,307.0,,,,
3286,realistic,3,x0y0,utah,13.076,15.8,Aa,saline,57.10627986447129,15.8,,b,-1,0.08,soma,84.495333978,1111.913123442662,162.98327569368348,128.50096316438248,,1112.0,162.63986597066344,128.278207941726,none,0.0,success,105.0,0.005,"(1112, -532, -321)",1112.0,-532.0,-321.0,,,,
3287,realistic,3,x0y0,utah,11.336,13.8,Aa,saline,-11.771574271441894,13.8,,b,-1,0.08,soma,78.93355485800001,-821.5633316792563,-483.4098116129544,1224.5277251469604,,-822.0,-483.191222595516,1224.1529751029911,none,0.0,success,105.0,0.005,"(-822, -315, 417)",-822.0,-315.0,417.0,,,,
3288,realistic,3,x0y0,utah,10.292,12.6,Aa,saline,121.74130821464372,12.6,,b,-1,0.08,soma,75.596487386,-217.1471072111386,1093.064417428085,-966.029048123467,,-217.0,1092.7076264365273,-965.8741560068875,none,0.0,success,105.0,0.005,"(-217, 393, -533)",-217.0,393.0,-533.0,,,,
3289,realistic,3,x0y0,utah,9.248000000000001,11.4,Aa,saline,62.569874286029155,11.4,,b,-1,0.08,soma,72.25941991399999,-841.2156909250493,1235.1043492840708,694.5295067207901,,-841.0,1234.8347305578332,694.2944573771899,periphery,5.24500000000012,success,57.6416015625,0.005,"(-841, 506, 316)",-841.0,506.0,316.0,-841.0,,506.0,316.0
3290,realistic,3,x0y0,utah,11.945,14.5,Aa,saline,108.2922775033296,14.5,,b,-1,0.08,soma,80.88017755,282.2513671748224,1424.4188213590787,-293.4083476279938,,282.0,1424.7553642918626,-293.1056438664726,central,5.150000000000105,success,5.9234619140625,0.005,"(282, 641, -34)",282.0,641.0,-34.0,282.0,,641.0,-34.0
3291,realistic,3,x0y0,utah,12.902,15.6,Aa,saline,68.1758328505376,15.6,,b,-1,0.08,soma,83.93915606600001,195.19320720326846,462.20190917013815,212.681755506118,,195.0,462.6758592880342,212.4672891126695,periphery,5.445000000000151,success,87.78076171875,0.005,"(195, -305, -95)",195.0,-305.0,-95.0,195.0,,-305.0,-95.0
3292,realistic,3,x0y0,utah,11.858,14.4,Aa,saline,73.5240365602975,14.4,,b,-1,0.08,soma,80.60208859400001,1733.2096270818397,525.637409808578,178.39350095182186,,1733.0,525.3811713763935,178.05537616262927,none,0.0,success,105.0,0.005,"(1733, -266, -56)",1733.0,-266.0,-56.0,,,,
3293,realistic,3,x0y0,utah,14.642000000000001,17.6,Aa,saline,68.99758365568157,17.6,,b,-1,0.08,soma,89.500935186,1498.2181702519094,298.47730503716593,112.80141912276213,,1498.0,298.65503654482495,112.38256758533123,none,0.0,success,105.0,0.005,"(1498, -476, -185)",1498.0,-476.0,-185.0,,,,
3294,realistic,3,x0y0,utah,12.902,15.6,Aa,saline,224.86898926544228,15.6,,b,-1,0.08,soma,83.93915606600001,1198.6353325181774,-99.68918424962294,-105.778127928887,,1199.0,-99.42703730228175,-106.07333995198735,none,0.0,success,105.0,0.005,"(1199, 484, 480)",1199.0,484.0,480.0,,,,
3295,realistic,3,x0y0,utah,11.161999999999999,13.6,Aa,saline,-18.575789505668613,13.6,,b,-1,0.08,soma,78.377376946,-877.4725554501939,-556.6603787368549,1277.0250503709167,,-877.0,-556.5865161474978,1277.248457803557,none,0.0,success,105.0,0.005,"(-877, -294, 496)",-877.0,-294.0,496.0,,,,
3296,realistic,3,x0y0,utah,13.25,16.0,Aa,saline,116.52651280253912,16.0,,b,-1,0.08,soma,85.05151189,1014.303817776176,260.1596892824796,-151.5912115284041,,1014.0,260.38729384399176,-151.57300260503712,none,0.0,success,105.0,0.005,"(1014, -480, 218)",1014.0,-480.0,218.0,,,,
3297,realistic,3,x0y0,utah,12.293000000000001,14.9,Aa,saline,131.16280321671653,14.9,,b,-1,0.08,soma,81.99253337399999,1624.7587700237189,294.763966180471,-307.3987749271132,,1625.0,294.8099895619738,-307.6707427333836,none,0.0,success,105.0,0.005,"(1625, -327, 236)",1625.0,-327.0,236.0,,,,
3298,realistic,3,x0y0,utah,15.598999999999998,18.7,Aa,saline,364.20937073160115,18.7,,b,-1,0.08,soma,92.559913702,-1302.1055404116526,-6.176186070197217,156.9882288810145,,-1302.0,-5.98405116713657,157.03550096750257,none,0.0,success,105.0,0.005,"(-1302, -67, -672)",-1302.0,-67.0,-672.0,,,,
3299,realistic,3,x0y0,utah,12.206000000000001,14.8,Aa,saline,99.03247673930728,14.8,,b,-1,0.08,soma,81.714444418,-1544.4435391043255,587.6980352585863,-63.58005113398031,,-1544.0,587.6165926536086,-63.65958388681304,none,0.0,success,105.0,0.005,"(-1544, -228, 66)",-1544.0,-228.0,66.0,,,,
3300,realistic,3,x0y0,utah,11.075,13.5,Aa,saline,96.25460166590616,13.5,,b,-1,0.08,soma,78.09928799,-1806.3320506215632,1052.6278623233893,47.33747009781882,,-1806.0,1052.1053461310303,47.26099376894447,periphery,5.305000000000129,success,77.2705078125,0.005,"(-1806, 233, 137)",-1806.0,233.0,137.0,-1806.0,,233.0,137.0
3301,realistic,3,x0y0,utah,12.988999999999999,15.7,Aa,saline,109.44442229260568,15.7,,b,-1,0.08,soma,84.217245022,-1352.8731307642074,194.09813426440903,-41.320389678036925,,-1353.0,193.96343102787318,-41.344460433911934,none,0.0,success,105.0,0.005,"(-1353, -586, 234)",-1353.0,-586.0,234.0,,,,
3302,realistic,3,x0y0,utah,10.553,12.9,Aa,saline,159.10297392228304,12.9,,b,-1,0.08,soma,76.430754254,100.10487815503487,494.89474275808425,-1219.7122378257966,,100.0,494.640925021201,-1220.0478053120437,none,0.0,success,105.0,0.005,"(100, 201, -451)",100.0,201.0,-451.0,,,,
3303,realistic,3,x0y0,utah,10.727,13.1,Aa,saline,123.17196732843695,13.1,,b,-1,0.08,soma,76.986932166,-238.33518555135646,322.46929290197613,-190.13974049698163,,-238.0,322.2640311114711,-190.61562464061768,none,0.0,success,105.0,0.005,"(-238, -367, 260)",-238.0,-367.0,260.0,,,,
3304,realistic,3,x0y0,utah,11.423,13.9,Aa,saline,38.540370275371814,13.9,,b,-1,0.08,soma,79.211643814,-813.354253894296,1017.7147595745804,974.645565766577,,-813.0,1017.8118876302518,975.0066738956556,periphery,5.240000000000119,success,56.396484375,0.005,"(-813, 504, 330)",-813.0,504.0,330.0,-813.0,,504.0,330.0
3305,realistic,3,x0y0,utah,10.466000000000001,12.8,Aa,saline,17.124980409766625,12.8,,b,-1,0.08,soma,76.152665298,392.94047715685923,364.3194914241512,1293.1718425133024,,393.0,364.39597996513055,1293.6140511126496,none,0.0,success,105.0,0.005,"(393, 122, 507)",393.0,122.0,507.0,,,,
3306,realistic,3,x0y0,utah,9.248000000000001,11.4,Aa,saline,200.58352260073696,11.4,,b,-1,0.08,soma,72.25941991399999,-1783.3560260045874,-627.6170337188943,-1105.897370320529,,-1783.0,-627.7092060208813,-1105.7416344617436,none,0.0,success,105.0,0.005,"(-1783, -339, -337)",-1783.0,-339.0,-337.0,,,,
3307,realistic,3,x0y0,utah,11.945,14.5,Aa,saline,113.11421179027452,14.5,,b,-1,0.08,soma,80.88017755,240.3249215922023,741.9340166968643,-309.79384177745305,,240.0,742.1572496463676,-310.0677788530651,periphery,5.385000000000142,success,73.2666015625,0.005,"(240, -17, 14)",240.0,-17.0,14.0,240.0,,-17.0,14.0
3308,realistic,3,x0y0,utah,10.031,12.3,Aa,saline,50.29860081357519,12.3,,b,-1,0.08,soma,74.76222051799998,820.1697783355313,364.7021249107197,332.6911841392539,,820.0,364.74002623327465,332.3370532334493,none,0.0,success,105.0,0.005,"(820, -268, -193)",820.0,-268.0,-193.0,,,,
3309,realistic,3,x0y0,utah,10.553,12.9,Aa,saline,198.9068328458017,12.9,,b,-1,0.08,soma,76.430754254,1796.891240667555,-326.9092959938621,-1224.5769568979103,,1797.0,-326.7217821891481,-1224.7617467621421,none,0.0,success,105.0,0.005,"(1797, -60, -446)",1797.0,-60.0,-446.0,,,,
3310,realistic,3,x0y0,utah,10.205,12.5,Aa,saline,102.12845400555342,12.5,,b,-1,0.08,soma,75.31839843,-261.39077443028754,1379.3773211156797,-461.0820624272328,,-261.0,1379.3138990725056,-460.8406977550716,periphery,5.1650000000001075,success,42.29736328125,0.005,"(-261, 575, -288)",-261.0,575.0,-288.0,-261.0,,575.0,-288.0
3311,realistic,3,x0y0,utah,8.639,10.7,Aa,saline,74.9783478745623,10.7,,b,-1,0.08,soma,70.312797222,1593.2060837962667,1214.4109259696015,235.46598218477948,,1593.0,1214.107049778504,235.58453851997123,central,5.2100000000001145,success,39.056396484375,0.005,"(1593, 422, 23)",1593.0,422.0,23.0,1593.0,,422.0,23.0
3312,realistic,3,x0y0,utah,9.508999999999999,11.7,Aa,saline,108.96894916965374,11.7,,b,-1,0.08,soma,73.09368678199999,-1293.7438732852095,1034.3865231815562,-500.86875905093257,,-1294.0,1033.936849794869,-501.08487878641415,periphery,5.260000000000122,success,89.044189453125,0.005,"(-1294, 257, -234)",-1294.0,257.0,-234.0,-1294.0,,257.0,-234.0
3313,realistic,3,x0y0,utah,12.032,14.6,Aa,saline,192.0473799857849,14.6,,b,-1,0.08,soma,81.15826650599999,-1535.7359407198373,-485.24898187846384,-1202.0615755546826,,-1536.0,-485.29836510990117,-1202.4163923214342,none,0.0,success,105.0,0.005,"(-1536, -313, -395)",-1536.0,-313.0,-395.0,,,,
3314,realistic,3,x0y0,utah,12.293000000000001,14.9,Aa,saline,131.67381324743394,14.9,,b,-1,0.08,soma,81.99253337399999,-1686.9233450569434,203.16938598508025,-205.97808140326612,,-1687.0,202.93661158852046,-206.20491772018647,none,0.0,success,105.0,0.005,"(-1687, -414, 343)",-1687.0,-414.0,343.0,,,,
3315,realistic,3,x0y0,utah,12.641,15.3,Aa,saline,121.97148606353876,15.3,,b,-1,0.08,soma,83.104889198,-1727.8762197945487,427.28227333129234,-288.98792414416494,,-1728.0,427.164438753332,-288.6595194151706,none,0.0,success,105.0,0.005,"(-1728, -274, 149)",-1728.0,-274.0,149.0,,,,
3316,realistic,3,x0y0,utah,12.641,15.3,Aa,saline,196.0709694724036,15.3,,b,-1,0.08,soma,83.104889198,-691.5277397469122,-20.61406733420381,-159.20807180082375,,-692.0,-20.789716665003283,-159.23424401517934,none,0.0,success,105.0,0.005,"(-692, 208, 635)",-692.0,208.0,635.0,,,,
3317,realistic,3,x0y0,utah,10.901,13.3,Aa,saline,27.47165753515676,13.3,,b,-1,0.08,soma,77.54311007800001,-1850.359310957348,222.10247663620478,663.0774533392209,,-1850.0,222.00581833949082,662.850123630601,none,0.0,success,105.0,0.005,"(-1850, -158, -68)",-1850.0,-158.0,-68.0,,,,
3318,realistic,3,x0y0,utah,11.771,14.3,Aa,saline,68.32231022081378,14.3,,b,-1,0.08,soma,80.323999638,-1976.5372745893287,268.4404656562346,69.15355834732281,,-1977.0,268.8230464317969,68.81484273313868,none,0.0,success,105.0,0.005,"(-1977, -498, -236)",-1977.0,-498.0,-236.0,,,,
3319,realistic,3,x0y0,utah,10.64,13.0,Aa,saline,15.104147697450493,13.0,,b,-1,0.08,soma,76.70884321,-100.76230336112243,502.2666343197079,1366.9273110493914,,-101.0,502.566162270263,1366.9486940596275,none,0.0,success,105.0,0.005,"(-101, 288, 572)",-101.0,288.0,572.0,,,,
3320,realistic,3,x0y0,utah,10.988,13.4,Aa,saline,109.24948979181782,13.4,,b,-1,0.08,soma,77.821199034,-360.278783839211,1290.9617616868527,-660.4076855197902,,-360.0,1290.853997004,-660.643324660755,periphery,5.24500000000012,success,68.39599609375,0.005,"(-360, 513, -389)",-360.0,513.0,-389.0,-360.0,,513.0,-389.0
3321,realistic,3,x0y0,utah,11.336,13.8,Aa,saline,116.18931601826091,13.8,,b,-1,0.08,soma,78.93355485800001,1782.0189486821146,337.9882193450294,-162.05852629301626,,1782.0,337.79403938704183,-161.8371888794178,none,0.0,success,105.0,0.005,"(1782, -402, 202)",1782.0,-402.0,202.0,,,,
3322,realistic,3,x0y0,utah,9.943999999999999,12.2,Aa,saline,18.226507756667093,12.2,,b,-1,0.08,soma,74.484131562,739.9090767038458,521.9680214255826,1295.5108806121182,,740.0,522.1973181762969,1295.965514078794,none,0.0,success,105.0,0.005,"(740, 265, 515)",740.0,265.0,515.0,,,,
3323,realistic,3,x0y0,utah,14.467999999999998,17.4,Aa,saline,89.91898360570057,17.4,,b,-1,0.08,soma,88.944757274,1787.0429016820535,490.91961918872454,-26.671070174443685,,1787.0,490.47237863700025,-26.8387386699082,none,0.0,success,105.0,0.005,"(1787, -339, -28)",1787.0,-339.0,-28.0,,,,
3324,realistic,3,x0y0,utah,10.814,13.2,Aa,saline,-6.8670054208242215,13.2,,b,-1,0.08,soma,77.26502112200002,-1847.667323038075,-146.03522520710794,1041.0493049912739,,-1848.0,-146.50644826309562,1040.702356484961,none,0.0,success,105.0,0.005,"(-1848, -48, 223)",-1848.0,-48.0,223.0,,,,
3325,realistic,3,x0y0,utah,9.422,11.6,Aa,saline,79.83957416745312,11.6,,b,-1,0.08,soma,72.815597826,1353.7276463097066,1124.99704623638,69.72978293544111,,1354.0,1124.511696470066,69.89633572825326,central,5.230000000000118,success,53.6376953125,0.005,"(1354, 316, -75)",1354.0,316.0,-75.0,1354.0,,316.0,-75.0
3326,realistic,3,x0y0,utah,10.727,13.1,Aa,saline,192.017803320692,13.1,,b,-1,0.08,soma,76.986932166,-1454.0849386851978,-39.850758138852136,-183.68923715628216,,-1454.0,-39.45133963848062,-183.4589591757824,none,0.0,success,105.0,0.005,"(-1454, 132, 622)",-1454.0,132.0,622.0,,,,
3327,realistic,3,x0y0,utah,12.206000000000001,14.8,Aa,saline,101.60380992228279,14.8,,b,-1,0.08,soma,81.714444418,-125.65300297732084,542.6795286105612,-118.94135618823248,,-126.0,543.0097348759366,-119.07988738622993,tjn,5.625000000000179,success,39.95361328125,0.005,"(-126, -266, 47)",-126.0,-266.0,47.0,-126.0,,-266.0,47.0
3328,realistic,3,x0y0,utah,9.596,11.8,Aa,saline,181.47178569877568,11.8,,b,-1,0.08,soma,73.371775738,-527.5993635190157,-21.606383130986615,-1224.572431741008,,-528.0,-22.117327318233308,-1224.4393821026397,none,0.0,success,105.0,0.005,"(-528, -1, -403)",-528.0,-1.0,-403.0,,,,
3329,realistic,3,x0y0,utah,9.508999999999999,11.7,Aa,saline,-16.608964346749758,11.7,,b,-1,0.08,soma,73.09368678199999,823.6501535287648,-317.5810191738205,1305.285097980518,,824.0,-317.79808784114783,1305.2883400215956,none,0.0,success,105.0,0.005,"(824, -83, 518)",824.0,-83.0,518.0,,,,
3330,realistic,3,x0y0,utah,12.554,15.2,Aa,saline,283.8591180814264,15.2,,b,-1,0.08,soma,82.82680024199999,233.2604500476163,-106.47266993110772,20.93301820233455,,233.0,-106.36477017747916,20.926009328979546,tjn,5.145000000000104,success,25.341796875,0.005,"(233, 696, -177)",233.0,696.0,-177.0,233.0,,696.0,-177.0
3331,realistic,3,x0y0,utah,10.814,13.2,Aa,saline,220.00573374384368,13.2,,b,-1,0.08,soma,77.26502112200002,-274.480558252884,-49.31389012206091,-75.4835188230727,,-274.0,-49.513341039667125,-75.90250308972622,none,0.0,success,105.0,0.005,"(-274, 480, 555)",-274.0,480.0,555.0,,,,
3332,realistic,3,x0y0,utah,14.033,16.9,Aa,saline,89.07850501030475,16.9,,b,-1,0.08,soma,87.55431249399997,1100.1789112304482,255.5266371985909,-8.006443770124859,,1100.0,255.69427853137552,-7.656687784423296,none,0.0,success,105.0,0.005,"(1100, -573, -21)",1100.0,-573.0,-21.0,,,,
3333,realistic,3,x0y0,utah,13.25,16.0,Aa,saline,227.6331260188097,16.0,,b,-1,0.08,soma,85.05151189,-129.21085480097804,-34.31353009329814,-34.70146645998466,,-129.0,-34.37602849216614,-34.66960693133569,none,0.0,success,105.0,0.005,"(-129, 577, 523)",-129.0,577.0,523.0,,,,
3334,realistic,3,x0y0,utah,9.77,12.0,Aa,saline,174.44057432077545,12.0,,b,-1,0.08,soma,73.92795365,-654.8721580424177,129.32856702805657,-1420.9288773534522,,-655.0,129.64830935434253,-1421.1007461339227,none,0.0,success,105.0,0.005,"(-655, 50, -603)",-655.0,50.0,-603.0,,,,
3335,realistic,3,x0y0,utah,9.422,11.6,Aa,saline,52.99634214678456,11.6,,b,-1,0.08,soma,72.815597826,-1617.9842098248193,804.4290353980522,828.1635680882068,,-1618.0,803.976268211922,828.4053541657349,none,0.0,success,105.0,0.005,"(-1618, 148, 334)",-1618.0,148.0,334.0,,,,
3336,realistic,3,x0y0,utah,14.642000000000001,17.6,Aa,saline,101.80027840332292,17.6,,b,-1,0.08,soma,89.500935186,529.4049460534351,531.1629406489219,-135.15425299977733,,529.0,531.2427327267878,-134.68397062276853,periphery,5.430000000000149,success,78.11279296875,0.005,"(529, -281, 35)",529.0,-281.0,35.0,529.0,,-281.0,35.0
3337,realistic,3,x0y0,utah,10.466000000000001,12.8,Aa,saline,85.77914533067606,12.8,,b,-1,0.08,soma,76.152665298,1330.694466488226,945.4028203743808,109.45412433797172,,1331.0,945.8540265508478,109.57841808296641,none,0.0,success,105.0,0.005,"(1331, 125, 49)",1331.0,125.0,49.0,,,,
3338,realistic,3,x0y0,utah,12.032,14.6,Aa,saline,254.1361660843414,14.6,,b,-1,0.08,soma,81.15826650599999,-778.9126458618643,-142.78814178484345,-46.08075653968446,,-779.0,-143.12456827606093,-45.713335031370235,periphery,5.195000000000112,success,29.8187255859375,0.005,"(-779, 651, 180)",-779.0,651.0,180.0,-779.0,,651.0,180.0
3339,realistic,3,x0y0,utah,12.815,15.5,Aa,saline,68.68625887624137,15.5,,b,-1,0.08,soma,83.66106711,-1701.3739951766966,292.5358405741681,92.17901314042685,,-1701.0,292.2753250598382,92.55289894724257,none,0.0,success,105.0,0.005,"(-1701, -478, -208)",-1701.0,-478.0,-208.0,,,,
3340,realistic,3,x0y0,utah,14.729,17.7,Aa,saline,77.14663720559538,17.7,,b,-1,0.08,soma,89.77902414200001,957.4635017787203,434.7371476416202,175.45928516877618,,957.0,435.05928531801817,175.65041643579755,none,0.0,success,105.0,0.005,"(957, -374, -9)",957.0,-374.0,-9.0,,,,
3341,realistic,3,x0y0,utah,11.945,14.5,Aa,saline,58.14651529605022,14.5,,b,-1,0.08,soma,80.88017755,1980.1507547281108,400.4506631745121,279.59151224464813,,1980.0,400.1288114054852,279.5847348465675,none,0.0,success,105.0,0.005,"(1980, -301, -156)",1980.0,-301.0,-156.0,,,,
3342,realistic,3,x0y0,utah,13.163,15.9,Aa,saline,43.81560873833068,15.9,,b,-1,0.08,soma,84.773422934,1477.1457907466308,157.40250864109746,157.0129654618495,,1477.0,157.79982034860427,157.04225099458733,none,0.0,success,105.0,0.005,"(1477, -415, -440)",1477.0,-415.0,-440.0,,,,
3343,realistic,3,x0y0,utah,10.205,12.5,Aa,saline,-4.818960533668131,12.5,,b,-1,0.08,soma,75.31839843,493.2124845396286,-58.10290636070795,1424.9998159530649,,493.0,-58.10337273406002,1424.7798920177477,none,0.0,success,105.0,0.005,"(493, 11, 605)",493.0,11.0,605.0,,,,
3344,realistic,3,x0y0,utah,14.207,17.1,Aa,saline,228.4481191858524,17.1,,b,-1,0.08,soma,88.110490406,-1964.4130009863047,-63.85891014406252,-61.46748907755909,,-1964.0,-63.464945509925315,-61.91234414315011,periphery,5.330000000000133,success,89.4561767578125,0.005,"(-1964, 557, 488)",-1964.0,557.0,488.0,-11042.145409777171,,557.0,488.0
3345,realistic,3,x0y0,utah,13.859,16.7,Aa,saline,78.16393894956175,16.7,,b,-1,0.08,soma,86.998134582,-459.857430751905,382.5086503461016,88.95563840309843,,-460.0,382.85203715770206,88.92515870138416,periphery,5.385000000000142,success,105.0,0.005,"(-460, -428, -81)",-460.0,-428.0,-81.0,-460.0,,-428.0,-81.0
3346,realistic,3,x0y0,utah,13.772000000000002,16.6,Aa,saline,238.31559700095184,16.6,,b,-1,0.08,soma,86.720045626,329.72905903219174,-59.982451444238905,-43.78303731083224,,330.0,-59.93437941386321,-44.05468398138771,periphery,5.215000000000115,success,76.025390625,0.005,"(330, 645, 391)",330.0,645.0,391.0,330.0,,645.0,391.0
3347,realistic,3,x0y0,utah,13.25,16.0,Aa,saline,210.15716254997864,16.0,,b,-1,0.08,soma,85.05151189,1582.0828482253196,-523.1407762358253,-892.1450643199513,,1582.0,-522.748939786768,-892.5615211656417,none,0.0,success,105.0,0.005,"(1582, -107, -177)",1582.0,-107.0,-177.0,,,,
3348,realistic,3,x0y0,utah,13.424,16.2,Aa,saline,53.87870042937664,16.2,,b,-1,0.08,soma,85.607689802,-678.3680707977843,140.61430824067656,92.07268371318968,,-678.0,140.69994591102795,91.99036656913961,none,0.0,success,105.0,0.005,"(-678, -528, -396)",-678.0,-528.0,-396.0,,,,
3349,realistic,3,x0y0,utah,11.945,14.5,Aa,saline,-25.211871186010512,14.5,,b,-1,0.08,soma,80.88017755,-465.15921185638496,-688.524628684313,1197.2804536740641,,-465.0,-688.63747781815,1196.7756483147427,none,0.0,success,105.0,0.005,"(-465, -337, 450)",-465.0,-337.0,450.0,,,,
3350,realistic,3,x0y0,utah,9.248000000000001,11.4,Aa,saline,179.75014624617896,11.4,,b,-1,0.08,soma,72.25941991399999,264.27462031316986,-32.85526821300891,-1354.9740522773868,,264.0,-32.387029276189196,-1355.1297099570002,none,0.0,success,105.0,0.005,"(264, -36, -534)",264.0,-36.0,-534.0,,,,
3351,realistic,3,x0y0,utah,13.337000000000002,16.1,Aa,saline,114.85960281937024,16.1,,b,-1,0.08,soma,85.329600846,-922.0647167007396,381.00589417403086,-162.82093640045426,,-922.0,380.9402734237881,-162.9502820978293,none,0.0,success,105.0,0.005,"(-922, -370, 185)",-922.0,-370.0,185.0,,,,
3352,realistic,3,x0y0,utah,10.118,12.4,Aa,saline,31.17977945254065,12.4,,b,-1,0.08,soma,75.040309474,-1277.5190947551964,439.42189857611396,749.3727351493179,,-1278.0,439.81868410734506,749.6659923775037,none,0.0,success,105.0,0.005,"(-1278, 14, 46)",-1278.0,14.0,46.0,,,,
3353,realistic,3,x0y0,utah,14.642000000000001,17.6,Aa,saline,71.51934402413002,17.6,,b,-1,0.08,soma,89.500935186,863.4368218265988,529.2412165718706,125.98223858477877,,863.0,528.9353434652014,126.03089822698104,none,0.0,success,105.0,0.005,"(863, -258, -137)",863.0,-258.0,-137.0,,,,
3354,realistic,3,x0y0,utah,12.119,14.7,Aa,saline,0.2645898881740681,14.7,,b,-1,0.08,soma,81.436355462,1713.951241370673,-75.85246861431007,1063.8892087361364,,1714.0,-76.2016963824374,1063.7181777310002,none,0.0,success,105.0,0.005,"(1714, -80, 238)",1714.0,-80.0,238.0,,,,
3355,realistic,3,x0y0,utah,12.988999999999999,15.7,Aa,saline,74.69058762771624,15.7,,b,-1,0.08,soma,84.217245022,1564.1709079084135,448.098857959817,88.71380240804457,,1564.0,447.7462664118598,88.35667634290408,none,0.0,success,105.0,0.005,"(1564, -350, -130)",1564.0,-350.0,-130.0,,,,
3356,realistic,3,x0y0,utah,11.336,13.8,Aa,saline,44.70310866268422,13.8,,b,-1,0.08,soma,78.93355485800001,-1003.2578586570364,1034.3723928231689,916.4030775962874,,-1003.0,1033.9299312435587,916.0309853965333,periphery,5.24500000000012,success,60.0494384765625,0.005,"(-1003, 454, 330)",-1003.0,454.0,330.0,-1003.0,,454.0,330.0
3357,realistic,3,x0y0,utah,12.641,15.3,Aa,saline,106.41825090644757,15.3,,b,-1,0.08,soma,83.104889198,-568.9419948087904,224.7289097311232,-59.6648264007199,,-569.0,224.8291048593611,-59.5837208436775,none,0.0,success,105.0,0.005,"(-569, -568, 174)",-569.0,-568.0,174.0,,,,
3358,realistic,3,x0y0,utah,12.119,14.7,Aa,saline,102.36392040998044,14.7,,b,-1,0.08,soma,81.436355462,-601.9389251162924,420.16703680653154,-114.68471255309713,,-602.0,420.561516007641,-114.78626185220716,none,0.0,success,105.0,0.005,"(-602, -386, 62)",-602.0,-386.0,62.0,,,,
3359,realistic,3,x0y0,utah,11.336,13.8,Aa,saline,29.622012084850645,13.8,,b,-1,0.08,soma,78.93355485800001,-230.79614121391919,795.6726062574892,1119.3968322212786,,-231.0,795.5339280831548,1119.7089696190299,periphery,5.205000000000114,success,75.29296875,0.005,"(-231, 388, 403)",-231.0,388.0,403.0,-231.0,,388.0,403.0
3360,realistic,3,x0y0,utah,11.684,14.2,Aa,saline,114.11254911225737,14.2,,b,-1,0.08,soma,80.045910682,-372.19857548025794,1382.898585244342,-440.08546698811637,,-372.0,1382.9984513397308,-440.0218772567986,periphery,5.140000000000104,success,13.092041015625,0.005,"(-372, 630, -103)",-372.0,630.0,-103.0,-372.0,,630.0,-103.0
3361,realistic,3,x0y0,utah,8.552,10.6,Aa,saline,162.60595709632074,10.6,,b,-1,0.08,soma,70.03470826600001,-1847.3454744454432,281.00263719571376,-1043.5936812680825,,-1847.0,281.10318715035373,-1043.542561049122,none,0.0,success,105.0,0.005,"(-1847, 36, -261)",-1847.0,36.0,-261.0,,,,
3362,realistic,3,x0y0,utah,10.205,12.5,Aa,saline,39.95749414531818,12.5,,b,-1,0.08,soma,75.31839843,282.12268171870505,872.3696772789107,965.8479105381323,,282.0,872.3117377358731,965.5682761982976,central,5.190000000000111,success,74.1455078125,0.005,"(282, 344, 335)",282.0,344.0,335.0,282.0,,344.0,335.0
3363,realistic,3,x0y0,utah,9.508999999999999,11.7,Aa,saline,24.99218723323093,11.7,,b,-1,0.08,soma,73.09368678199999,-862.6051147232547,540.2436993989713,1040.192969470666,,-863.0,540.1035413326975,1040.6500588496024,none,0.0,success,105.0,0.005,"(-863, 193, 296)",-863.0,193.0,296.0,,,,
3364,realistic,3,x0y0,utah,10.988,13.4,Aa,saline,174.91067336616862,13.4,,b,-1,0.08,soma,77.821199034,-1805.8796375943207,28.80848493217217,-127.76875604291357,,-1806.0,29.08087017715792,-127.69734817888389,none,0.0,success,105.0,0.005,"(-1806, -44, 693)",-1806.0,-44.0,693.0,,,,
3365,realistic,3,x0y0,utah,9.77,12.0,Aa,saline,74.72879625123252,12.0,,b,-1,0.08,soma,73.92795365,-71.63307803247277,1343.0379771100625,578.5680083181383,,-72.0,1342.9486484430777,578.5053114957051,periphery,5.185000000000111,success,57.6416015625,0.005,"(-72, 550, 362)",-72.0,550.0,362.0,-72.0,,550.0,362.0
3366,realistic,3,x0y0,utah,12.988999999999999,15.7,Aa,saline,92.0026892574566,15.7,,b,-1,0.08,soma,84.217245022,-191.81235989127086,377.8288902880204,20.800998835024075,,-192.0,377.61235733749356,21.13390907436609,neck0,5.855000000000215,success,68.39599609375,0.005,"(-192, -449, 50)",-192.0,-449.0,50.0,-192.0,,212.28988586999483,26.907127259492874
3367,realistic,3,x0y0,utah,11.161999999999999,13.6,Aa,saline,44.62707467433496,13.6,,b,-1,0.08,soma,78.377376946,179.12767744150867,757.6079156916168,1086.8321287158928,,179.0,757.9925536522827,1086.5750895862343,none,0.0,success,105.0,0.005,"(179, 179, 500)",179.0,179.0,500.0,,,,
3368,realistic,3,x0y0,utah,16.642999999999997,19.9,Aa,saline,261.7867707251218,19.9,,b,-1,0.08,soma,95.89698117399999,-263.66338522488644,-124.60119138598976,-30.841631222654534,,-264.0,-124.36912113395408,-31.028339304882323,periphery,5.130000000000102,success,16.9891357421875,0.005,"(-264, 700, 88)",-264.0,700.0,88.0,-264.0,,700.0,88.0
3369,realistic,3,x0y0,utah,12.293000000000001,14.9,Aa,saline,134.18070888863394,14.9,,b,-1,0.08,soma,81.99253337399999,-1568.7876648249521,179.79097816567582,-214.20151789399142,,-1569.0,179.32192284124778,-214.63679825417046,none,0.0,success,105.0,0.005,"(-1569, -413, 361)",-1569.0,-413.0,361.0,,,,
3370,realistic,3,x0y0,utah,11.684,14.2,Aa,saline,98.7559929944167,14.2,,b,-1,0.08,soma,80.045910682,1141.242681267827,688.5687793823607,-78.25988630794427,,1141.0,688.3701867635104,-78.56849380290022,none,0.0,success,105.0,0.005,"(1141, -127, 47)",1141.0,-127.0,47.0,,,,
3371,realistic,3,x0y0,utah,10.292,12.6,Aa,saline,206.20776609531742,12.6,,b,-1,0.08,soma,75.596487386,-1678.003501170688,-458.35024037098367,-680.3127255583986,,-1678.0,-458.3477044148289,-680.2145842413598,none,0.0,success,105.0,0.005,"(-1678, -95, 58)",-1678.0,-95.0,58.0,,,,
3372,realistic,3,x0y0,utah,11.684,14.2,Aa,saline,-15.815926004480838,14.2,,b,-1,0.08,soma,80.045910682,402.390574825954,-513.2164550025814,1100.7892408062253,,402.0,-512.8187553304226,1100.7545853335762,none,0.0,success,105.0,0.005,"(402, -288, 307)",402.0,-288.0,307.0,,,,
3373,realistic,3,x0y0,utah,10.292,12.6,Aa,saline,10.840376446307356,12.6,,b,-1,0.08,soma,75.596487386,1031.4524330071938,328.5613231478096,1221.1655818484687,,1031.0,328.7683496386534,1221.1524349552647,none,0.0,success,105.0,0.005,"(1031, 174, 413)",1031.0,174.0,413.0,,,,
3374,realistic,3,x0y0,utah,11.597,14.1,Aa,saline,68.7138332868909,14.1,,b,-1,0.08,soma,79.76782172600001,-985.7642443095928,329.56433724946737,161.13291413582238,,-986.0,329.6268281421436,161.43285964326907,none,0.0,success,105.0,0.005,"(-986, -439, -138)",-986.0,-439.0,-138.0,,,,
3375,realistic,3,x0y0,utah,9.248000000000001,11.4,Aa,saline,165.781984149214,11.4,,b,-1,0.08,soma,72.25941991399999,906.644397295658,284.0012436904421,-1151.2319804014614,,907.0,283.66945676543924,-1151.0031408323161,none,0.0,success,105.0,0.005,"(907, 82, -355)",907.0,82.0,-355.0,,,,
3376,realistic,3,x0y0,utah,11.248999999999999,13.7,Aa,saline,75.63355275406137,13.7,,b,-1,0.08,soma,78.655465902,-1512.0363160910827,306.4033001540947,105.05086167269884,,-1512.0,306.5262749096339,105.51571054514315,none,0.0,success,105.0,0.005,"(-1512, -492, -99)",-1512.0,-492.0,-99.0,,,,
3377,realistic,3,x0y0,utah,9.596,11.8,Aa,saline,187.63166754341918,11.8,,b,-1,0.08,soma,73.371775738,-220.50179244482868,-146.5813442727781,-1399.5218327579917,,-221.0,-146.11988590900324,-1399.372883466966,none,0.0,success,105.0,0.005,"(-221, -37, -585)",-221.0,-37.0,-585.0,,,,
3378,realistic,3,x0y0,utah,11.597,14.1,Aa,saline,54.44277722617821,14.1,,b,-1,0.08,soma,79.76782172600001,-1001.3044114165448,278.2453322203592,224.36746843677474,,-1001.0,278.04306148705064,224.6699941668346,none,0.0,success,105.0,0.005,"(-1001, -393, -255)",-1001.0,-393.0,-255.0,,,,
3379,realistic,3,x0y0,utah,10.205,12.5,Aa,saline,173.7355604242159,12.5,,b,-1,0.08,soma,75.31839843,278.14620170679126,172.00576158768672,-1336.667126370171,,278.0,171.75211863435652,-1336.7232440197101,none,0.0,success,105.0,0.005,"(278, 82, -519)",278.0,82.0,-519.0,,,,
3380,realistic,3,x0y0,utah,15.338,18.4,Aa,saline,82.55974857651522,18.4,,b,-1,0.08,soma,91.725646834,-1205.0706501958725,533.7388276759239,5.100581139904988,,-1205.0,533.8835757002976,5.596735632501549,none,0.0,success,105.0,0.005,"(-1205, -290, -102)",-1205.0,-290.0,-102.0,,,,
3381,realistic,3,x0y0,utah,9.596,11.8,Aa,saline,101.168268803691,11.8,,b,-1,0.08,soma,73.371775738,-604.5365129932376,1347.8710170954691,-505.56118020296935,,-605.0,1348.156024588276,-505.16055648022535,periphery,5.200000000000113,success,63.525390625,0.005,"(-605, 542, -346)",-605.0,542.0,-346.0,-605.0,,542.0,-346.0
3382,realistic,3,x0y0,utah,11.336,13.8,Aa,saline,131.14629227024375,13.8,,b,-1,0.08,soma,78.93355485800001,1927.867976142962,454.3735479313491,-539.1702826090177,,1928.0,454.8234834040371,-539.4991395482822,none,0.0,success,105.0,0.005,"(1928, -166, 3)",1928.0,-166.0,3.0,,,,
3383,realistic,3,x0y0,utah,9.248000000000001,11.4,Aa,saline,44.257889936210354,11.4,,b,-1,0.08,soma,72.25941991399999,-1482.0153616910566,797.0924365171772,758.2271248766648,,-1482.0,797.0664245789903,758.0930982712034,periphery,5.250000000000121,success,87.286376953125,0.005,"(-1482, 224, 170)",-1482.0,224.0,170.0,-1482.0,,224.0,170.0
3384,realistic,3,x0y0,utah,11.075,13.5,Aa,saline,54.12653359702753,13.5,,b,-1,0.08,soma,78.09928799,204.98138992032142,1188.0785694507629,843.5800198091829,,205.0,1187.7274265291487,843.8930913810701,central,5.175000000000109,success,55.9814453125,0.005,"(205, 520, 361)",205.0,520.0,361.0,205.0,,520.0,361.0
3385,realistic,3,x0y0,utah,10.64,13.0,Aa,saline,74.83461828252824,13.0,,b,-1,0.08,soma,76.70884321,997.1372082681823,556.4674215132814,141.6385448634683,,997.0,556.7016877331462,141.38951669186804,none,0.0,success,105.0,0.005,"(997, -238, -74)",997.0,-238.0,-74.0,,,,
3386,realistic,3,x0y0,utah,10.379,12.7,Aa,saline,115.35575007590492,12.7,,b,-1,0.08,soma,75.874576342,-497.7572045644558,1245.3622345239528,-730.1144534394261,,-498.0,1245.6884273201329,-730.3817467948223,periphery,5.2100000000001145,success,68.890380859375,0.005,"(-498, 502, -378)",-498.0,502.0,-378.0,-498.0,,502.0,-378.0
3387,realistic,3,x0y0,utah,9.943999999999999,12.2,Aa,saline,77.48713771513562,12.2,,b,-1,0.08,soma,74.484131562,1498.2094039126498,1093.4131059565352,388.46185601249636,,1498.0,1093.6727046154124,388.17985565474277,central,5.265000000000123,success,78.11279296875,0.005,"(1498, 291, 210)",1498.0,291.0,210.0,1498.0,,291.0,210.0
3388,realistic,3,x0y0,utah,10.118,12.4,Aa,saline,78.80577819115338,12.4,,b,-1,0.08,soma,75.040309474,-711.6896672437036,1397.7437996003935,151.0509130751575,,-712.0,1397.8922717969972,150.65116203445174,periphery,5.140000000000104,success,11.480712890625,0.005,"(-712, 591, -9)",-712.0,591.0,-9.0,-712.0,,591.0,-9.0
3389,realistic,3,x0y0,utah,15.598999999999998,18.7,Aa,saline,132.2907096654057,18.7,,b,-1,0.08,soma,92.559913702,-555.2349054262427,110.29355036289508,-98.64121778481103,,-555.0,109.8977840826849,-98.36828296503813,none,0.0,success,105.0,0.005,"(-555, -505, 461)",-555.0,-505.0,461.0,,,,
3390,realistic,3,x0y0,utah,9.683,11.9,Aa,saline,127.60283395205835,11.9,,b,-1,0.08,soma,73.649864694,-1231.0751902115974,1083.6664318020057,-839.5494759825465,,-1231.0,1084.1318938985282,-839.4775737181396,periphery,5.220000000000116,success,67.041015625,0.005,"(-1231, 433, -338)",-1231.0,433.0,-338.0,-1231.0,,433.0,-338.0
3391,realistic,3,x0y0,utah,11.161999999999999,13.6,Aa,saline,348.20889573816567,13.6,,b,-1,0.08,soma,78.377376946,-1175.4323569807846,-11.54501244321682,58.70394280466462,,-1175.0,-11.381749055033964,58.79830714621994,none,0.0,success,105.0,0.005,"(-1175, 157, -748)",-1175.0,157.0,-748.0,,,,
3392,realistic,3,x0y0,utah,13.511000000000001,16.3,Aa,saline,291.8594124140593,16.3,,b,-1,0.08,soma,85.885778758,1375.9719341336768,-96.25586892565524,44.69762922175869,,1376.0,-96.41379563265014,44.24313771580182,central,5.250000000000121,success,42.791748046875,0.005,"(1376, 672, -264)",1376.0,672.0,-264.0,1376.0,,672.0,-264.0
3393,realistic,3,x0y0,utah,11.858,14.4,Aa,saline,48.85828651879832,14.4,,b,-1,0.08,soma,80.60208859400001,1965.9617934053088,614.8265478702066,623.7864991601341,,1966.0,614.5342164600709,623.9655570429965,none,0.0,success,105.0,0.005,"(1966, -7, 81)",1966.0,-7.0,81.0,,,,
3394,realistic,3,x0y0,utah,8.987,11.1,Aa,saline,276.8788530006493,11.1,,b,-1,0.08,soma,71.42515304599999,-1537.1646314610025,-123.12723876202654,11.693719272264387,,-1537.0,-122.80344597203464,11.321366667455436,periphery,5.1650000000001075,success,26.03759765625,0.005,"(-1537, 692, -87)",-1537.0,692.0,-87.0,-1537.0,,692.0,-87.0
3395,realistic,3,x0y0,utah,9.074,11.2,Aa,saline,142.77300542251922,11.2,,b,-1,0.08,soma,71.703242002,-1935.4253307813344,521.3488692516921,-677.5901516787147,,-1935.0,521.6152307056052,-677.5620606409964,none,0.0,success,105.0,0.005,"(-1935, 25, -24)",-1935.0,25.0,-24.0,,,,
3396,realistic,3,x0y0,utah,13.511000000000001,16.3,Aa,saline,133.96382065036562,16.3,,b,-1,0.08,soma,85.885778758,1498.9427015751403,81.8459178770745,-90.16219603349779,,1499.0,81.95329177500435,-89.75795380690204,none,0.0,success,105.0,0.005,"(1499, -514, 485)",1499.0,-514.0,485.0,,,,
3397,realistic,3,x0y0,utah,10.553,12.9,Aa,saline,35.8418862360812,12.9,,b,-1,0.08,soma,76.430754254,-1792.5235564310187,709.752368581556,1010.4924688596202,,-1793.0,710.0749248455713,1010.2983846991464,periphery,5.195000000000112,success,105.0,0.005,"(-1793, 228, 343)",-1793.0,228.0,343.0,-1793.0,,228.0,343.0
3398,realistic,3,x0y0,utah,11.858,14.4,Aa,saline,123.91176816869532,14.4,,b,-1,0.08,soma,80.60208859400001,-1749.820225134668,279.027835306887,-179.18174038236657,,-1750.0,278.9173366620804,-179.43545261329638,none,0.0,success,105.0,0.005,"(-1750, -406, 281)",-1750.0,-406.0,281.0,,,,
3399,realistic,3,x0y0,utah,8.987,11.1,Aa,saline,50.848982212251215,11.1,,b,-1,0.08,soma,71.42515304599999,-1582.9123455132271,232.67874957786944,211.90686326432208,,-1583.0,232.46260309358672,212.1979208166224,none,0.0,success,105.0,0.005,"(-1583, -404, -306)",-1583.0,-404.0,-306.0,,,,
3400,realistic,3,x0y0,utah,9.683,11.9,Aa,saline,204.4221706148216,11.9,,b,-1,0.08,soma,73.649864694,-1522.246246322068,-549.3320468531773,-955.0154014151548,,-1522.0,-549.8246095254847,-955.2716009019438,none,0.0,success,105.0,0.005,"(-1522, -210, -207)",-1522.0,-210.0,-207.0,,,,
3401,realistic,3,x0y0,utah,9.683,11.9,Aa,saline,90.49872323224892,11.9,,b,-1,0.08,soma,73.649864694,297.0339775605284,78.79952017947699,5.709931235566272,,297.0,78.8249323470003,5.850123088581098,none,0.0,success,105.0,0.005,"(297, -743, 13)",297.0,-743.0,13.0,,,,
3402,realistic,3,x0y0,utah,12.293000000000001,14.9,Aa,saline,222.76382530336429,14.9,,b,-1,0.08,soma,81.99253337399999,-622.0803099227834,-94.28752715153088,-142.5394813840576,,-622.0,-93.85146508047319,-142.44645900159549,none,0.0,success,105.0,0.005,"(-622, 467, 464)",-622.0,467.0,464.0,,,,
3403,realistic,3,x0y0,utah,12.641,15.3,Aa,saline,92.09027293157669,15.3,,b,-1,0.08,soma,83.104889198,1049.9829224149858,592.2185213428503,-39.37897671351493,,1050.0,591.9738578877809,-39.169164227863504,none,0.0,success,105.0,0.005,"(1050, -234, -9)",1050.0,-234.0,-9.0,,,,
3404,realistic,3,x0y0,utah,8.639,10.7,Aa,saline,44.61132332438565,10.7,,b,-1,0.08,soma,70.312797222,-434.5218319160575,841.8505772178346,757.3400373077535,,-435.0,841.9958387445055,756.8693401711711,periphery,5.215000000000115,success,78.55224609375,0.005,"(-435, 266, 173)",-435.0,266.0,173.0,-435.0,,266.0,173.0
3405,realistic,3,x0y0,utah,13.25,16.0,Aa,saline,101.63075541158706,16.0,,b,-1,0.08,soma,85.05151189,1200.9855722890406,317.07019120058015,-61.692589296232214,,1201.0,317.56147794812773,-61.82919239851205,none,0.0,success,105.0,0.005,"(1201, -493, 105)",1201.0,-493.0,105.0,,,,
3406,realistic,3,x0y0,utah,8.726,10.8,Aa,saline,-14.829476855027867,10.8,,b,-1,0.08,soma,70.590886178,-14.536962883942016,-321.3921036221177,1157.7310706048866,,-15.0,-320.91360388647513,1157.9796048341364,none,0.0,success,105.0,0.005,"(-15, -111, 365)",-15.0,-111.0,365.0,,,,
3407,realistic,3,x0y0,utah,11.858,14.4,Aa,saline,67.19241780076996,14.4,,b,-1,0.08,soma,80.60208859400001,-434.8504483092368,567.7045130524098,229.87952682883724,,-435.0,567.7625026329747,229.88668476951727,tjn,5.410000000000146,success,84.5947265625,0.005,"(-435, -193, -90)",-435.0,-193.0,-90.0,-435.0,,-193.0,-90.0
3408,realistic,3,x0y0,utah,14.033,16.9,Aa,saline,113.82806733943985,16.9,,b,-1,0.08,soma,87.55431249399997,-299.99756710183016,403.4408793645266,-224.71838330098493,,-300.0,403.1653425347557,-224.82597112378812,none,0.0,success,105.0,0.005,"(-300, -355, 110)",-300.0,-355.0,110.0,,,,
3409,realistic,3,x0y0,utah,9.857,12.1,Aa,saline,84.43953767885878,12.1,,b,-1,0.08,soma,74.206042606,374.1200554895878,1347.7105292518727,302.0322587245896,,374.0,1347.2391371028762,301.6617827642607,central,5.175000000000109,success,34.637451171875,0.005,"(374, 529, 222)",374.0,529.0,222.0,374.0,,529.0,222.0
3410,realistic,3,x0y0,utah,10.64,13.0,Aa,saline,-0.6035496571464318,13.0,,b,-1,0.08,soma,76.70884321,228.94324013553936,-49.27677971275716,1283.230145292372,,229.0,-49.6452214268525,1283.2720861628397,none,0.0,success,105.0,0.005,"(229, -41, 460)",229.0,-41.0,460.0,,,,
3411,realistic,3,x0y0,utah,12.032,14.6,Aa,saline,-27.30279360458261,14.6,,b,-1,0.08,soma,81.15826650599999,324.74932001059443,-581.2070866679393,1263.272357771366,,325.0,-581.6931484231512,1263.609617808616,none,0.0,success,105.0,0.005,"(325, -203, 530)",325.0,-203.0,530.0,,,,
3412,realistic,3,x0y0,utah,15.077000000000002,18.1,Aa,saline,224.2927103725484,18.1,,b,-1,0.08,soma,90.891379966,-1150.899154729756,-85.50300511366186,-88.55691147420794,,-1151.0,-85.90022531512909,-88.43302488983159,none,0.0,success,105.0,0.005,"(-1151, 494, 506)",-1151.0,494.0,506.0,,,,
3413,realistic,3,x0y0,utah,10.205,12.5,Aa,saline,180.27672431563565,12.5,,b,-1,0.08,soma,75.31839843,1153.643546136696,-154.18569902448644,-1138.7952742854545,,1154.0,-153.948764156232,-1138.6591992150002,none,0.0,success,105.0,0.005,"(1154, -150, -316)",1154.0,-150.0,-316.0,,,,
3414,realistic,3,x0y0,utah,13.946,16.8,Aa,saline,343.3535195534471,16.8,,b,-1,0.08,soma,87.27622353800001,709.2163350986673,-32.862410979755175,103.0732620785334,,709.0,-32.404819021818554,102.91817488587913,none,0.0,success,105.0,0.005,"(709, 205, -691)",709.0,205.0,-691.0,,,,
3415,realistic,3,x0y0,utah,13.597999999999999,16.4,Aa,saline,45.24835607238674,16.4,,b,-1,0.08,soma,86.16386771399998,-1816.713592596112,343.2237100357829,434.0178328533975,,-1817.0,343.10378942524153,433.9696814353281,none,0.0,success,105.0,0.005,"(-1817, -245, -149)",-1817.0,-245.0,-149.0,,,,
3416,realistic,3,x0y0,utah,14.555,17.5,Aa,saline,66.39663249530146,17.5,,b,-1,0.08,soma,89.22284623,-243.0598410658036,556.8527660335567,227.35598363510414,,-243.0,557.1729470002747,227.17641381524606,periphery,5.405000000000145,success,68.890380859375,0.005,"(-243, -203, -105)",-243.0,-203.0,-105.0,-243.0,,-203.0,-105.0
3417,realistic,3,x0y0,utah,10.901,13.3,Aa,saline,134.62446137302604,13.3,,b,-1,0.08,soma,77.54311007800001,422.2890150642675,216.9474331487213,-229.63311963440674,,422.0,217.27821572125652,-229.69951741489774,none,0.0,success,105.0,0.005,"(422, -369, 349)",422.0,-369.0,349.0,,,,
3418,realistic,3,x0y0,utah,12.206000000000001,14.8,Aa,saline,122.6147038452967,14.8,,b,-1,0.08,soma,81.714444418,-1139.722660805699,434.974656722472,-307.58446116396726,,-1140.0,434.6195382666409,-307.13704277065114,none,0.0,success,105.0,0.005,"(-1140, -261, 138)",-1140.0,-261.0,138.0,,,,
3419,realistic,3,x0y0,utah,13.337000000000002,16.1,Aa,saline,190.121383083016,16.1,,b,-1,0.08,soma,85.329600846,903.0363175434848,-13.249734623915176,-97.17366354789507,,903.0,-13.420705434321121,-96.75322953640148,none,0.0,success,105.0,0.005,"(903, 132, 718)",903.0,132.0,718.0,,,,
3420,realistic,3,x0y0,utah,15.164,18.2,Aa,saline,96.37370252478891,18.2,,b,-1,0.08,soma,91.16946892200001,-933.6253137112959,177.12082914845269,-19.24026039452019,,-934.0,177.435109107342,-19.194905525171023,none,0.0,success,105.0,0.005,"(-934, -648, 73)",-934.0,-648.0,73.0,,,,
3421,realistic,3,x0y0,utah,12.293000000000001,14.9,Aa,saline,201.45827355058998,14.9,,b,-1,0.08,soma,81.99253337399999,1336.9637412715965,-383.31886936433375,-775.1389651194772,,1337.0,-383.1494343541047,-774.7547254055911,none,0.0,success,105.0,0.005,"(1337, -81, -6)",1337.0,-81.0,-6.0,,,,
3422,realistic,3,x0y0,utah,12.641,15.3,Aa,saline,98.73674369736156,15.3,,b,-1,0.08,soma,83.104889198,-301.81622401638316,594.4333051640174,-44.12090406605557,,-302.0,593.9644362416518,-44.553316334588146,tjn,5.495000000000159,success,34.197998046875,0.005,"(-302, -223, 81)",-302.0,-223.0,81.0,-302.0,,-223.0,81.0
3423,realistic,3,x0y0,utah,12.467,15.1,Aa,saline,54.39747236217183,15.1,,b,-1,0.08,soma,82.548711286,306.1121315804893,348.0396242617644,243.07467788191616,,306.0,347.8436785733235,243.05692985535472,none,0.0,success,105.0,0.005,"(306, -324, -238)",306.0,-324.0,-238.0,,,,
3424,realistic,3,x0y0,utah,8.813,10.9,Aa,saline,100.20027482960572,10.9,,b,-1,0.08,soma,70.86897513400001,404.40339100126124,1415.1608697415213,-198.81327075893296,,404.0,1415.4716226634416,-199.29894774811575,central,5.140000000000104,success,6.10198974609375,0.005,"(404, 608, -54)",404.0,608.0,-54.0,404.0,,608.0,-54.0
3425,realistic,3,x0y0,utah,13.076,15.8,Aa,saline,358.0609876483152,15.8,,b,-1,0.08,soma,84.495333978,29.367467182992435,-8.410473630112392,144.11409930340778,,29.0,-7.960971144228203,143.7513183888068,none,0.0,success,105.0,0.005,"(29, 20, -683)",29.0,20.0,-683.0,,,,
3426,realistic,3,x0y0,utah,14.033,16.9,Aa,saline,124.33812524877231,16.9,,b,-1,0.08,soma,87.55431249399997,1121.8753913241085,208.26272916838798,-155.17982940161937,,1122.0,208.3212979131481,-155.51319383893286,none,0.0,success,105.0,0.005,"(1122, -476, 312)",1122.0,-476.0,312.0,,,,
3427,realistic,3,x0y0,utah,8.552,10.6,Aa,saline,70.29643162345548,10.6,,b,-1,0.08,soma,70.03470826600001,-143.49889722427926,1374.636219986527,442.02982718916985,,-143.0,1374.9643371808065,442.5098518136477,tjn,5.135000000000103,success,19.6380615234375,0.005,"(-143, 603, 166)",-143.0,603.0,166.0,-143.0,,603.0,166.0
3428,realistic,3,x0y0,utah,12.554,15.2,Aa,saline,74.93671733868759,15.2,,b,-1,0.08,soma,82.82680024199999,1962.039767486113,721.6406949654373,297.7715621726438,,1962.0,721.9847791568378,297.784842691448,none,0.0,success,105.0,0.005,"(1962, -76, 83)",1962.0,-76.0,83.0,,,,
3429,realistic,3,x0y0,utah,9.857,12.1,Aa,saline,44.40507062191281,12.1,,b,-1,0.08,soma,74.206042606,-1973.400313797538,833.5242391473579,847.6479502097186,,-1973.0,833.2254840057093,847.3103984188634,periphery,5.290000000000127,success,78.11279296875,0.005,"(-1973, 258, 260)",-1973.0,258.0,260.0,-1973.0,,258.0,260.0
3430,realistic,3,x0y0,utah,12.467,15.1,Aa,saline,77.02249568953519,15.1,,b,-1,0.08,soma,82.548711286,1253.5470588140736,446.05507607952904,91.09083593989814,,1254.0,446.2043595741037,91.58122027741783,none,0.0,success,105.0,0.005,"(1254, -359, -94)",1254.0,-359.0,-94.0,,,,
3431,realistic,3,x0y0,utah,12.641,15.3,Aa,saline,91.2436133934225,15.3,,b,-1,0.08,soma,83.104889198,1590.8295237020648,561.2721310181305,11.50530663836571,,1591.0,561.3871341100805,11.063811952201693,none,0.0,success,105.0,0.005,"(1591, -265, 29)",1591.0,-265.0,29.0,,,,
3432,realistic,3,x0y0,utah,10.814,13.2,Aa,saline,88.48299418189754,13.2,,b,-1,0.08,soma,77.26502112200002,-429.7361424117049,1411.1238255860553,285.2227846355745,,-430.0,1411.303057556776,284.8262615298665,periphery,5.175000000000109,success,39.95361328125,0.005,"(-430, 588, 263)",-430.0,588.0,263.0,-430.0,,588.0,263.0
3433,realistic,3,x0y0,utah,12.988999999999999,15.7,Aa,saline,78.30528445864786,15.7,,b,-1,0.08,soma,84.217245022,-277.5183612604504,428.92971287890435,40.12776429131783,,-278.0,428.90476316277136,39.65491778297974,neck0,5.725000000000195,success,56.7626953125,0.005,"(-278, -381, -128)",-278.0,-381.0,-128.0,-278.0,,266.9238105302171,6.123934226383788
3434,realistic,3,x0y0,utah,14.033,16.9,Aa,saline,55.09701634201605,16.9,,b,-1,0.08,soma,87.55431249399997,1486.0594855748252,81.5036953426229,78.33038414755265,,1486.0,81.68014583816489,78.22628880453357,none,0.0,success,105.0,0.005,"(1486, -598, -396)",1486.0,-598.0,-396.0,,,,
3435,realistic,3,x0y0,utah,12.728,15.4,Aa,saline,49.17823844213922,15.4,,b,-1,0.08,soma,83.382978154,1482.7163838232711,366.0559093445072,369.93345737770005,,1483.0,365.5574497845661,370.40822640963506,none,0.0,success,105.0,0.005,"(1483, -260, -170)",1483.0,-260.0,-170.0,,,,
3436,realistic,3,x0y0,utah,9.77,12.0,Aa,saline,64.01188733935946,12.0,,b,-1,0.08,soma,73.92795365,264.13631968161025,1390.2520118112634,436.02002808751365,,264.0,1389.8634187679927,436.1846146447151,central,5.125000000000101,success,10.5743408203125,0.005,"(264, 651, 76)",264.0,651.0,76.0,264.0,,651.0,76.0
3437,realistic,3,x0y0,utah,10.118,12.4,Aa,saline,197.12397225023003,12.4,,b,-1,0.08,soma,75.040309474,1768.1792687821537,-413.6287239487248,-1177.6489970673802,,1768.0,-413.14993355457284,-1178.0825118821513,none,0.0,success,105.0,0.005,"(1768, -171, -392)",1768.0,-171.0,-392.0,,,,
3438,realistic,3,x0y0,utah,14.207,17.1,Aa,saline,119.75167665199554,17.1,,b,-1,0.08,soma,88.110490406,664.5879191288706,251.84404122457954,-141.72060591380796,,665.0,251.78576388524482,-141.3772126697287,none,0.0,success,105.0,0.005,"(665, -468, 270)",665.0,-468.0,270.0,,,,
3439,realistic,3,x0y0,utah,11.075,13.5,Aa,saline,331.2208082881605,13.5,,b,-1,0.08,soma,78.09928799,1634.1639599723292,-615.4705643680668,767.9605408447322,,1634.0,-615.6974986191931,768.2795129616177,none,0.0,success,105.0,0.005,"(1634, -219, 46)",1634.0,-219.0,46.0,,,,
3440,realistic,3,x0y0,utah,12.38,15.0,Aa,saline,71.24225107175398,15.0,,b,-1,0.08,soma,82.27062233000002,184.07905229707856,198.62736959121457,84.31567732463782,,184.0,198.26752614213876,84.6851160706641,none,0.0,success,105.0,0.005,"(184, -584, -181)",184.0,-584.0,-181.0,,,,
3441,realistic,3,x0y0,utah,11.858,14.4,Aa,saline,135.19413904658978,14.4,,b,-1,0.08,soma,80.60208859400001,-913.3757852279114,175.75265898181806,-185.99475229875588,,-913.0,175.58964591609606,-185.5510909287217,none,0.0,success,105.0,0.005,"(-913, -406, 400)",-913.0,-406.0,400.0,,,,
3442,realistic,3,x0y0,utah,9.857,12.1,Aa,saline,92.17879426521574,12.1,,b,-1,0.08,soma,74.206042606,391.842908434161,364.8472842409657,-12.951038311859064,,392.0,364.5275491880881,-13.239914809514008,neck0,5.935000000000228,success,98.73046875,0.005,"(392, -457, 18)",392.0,-457.0,18.0,392.0,,200.22203935047045,-6.991931847611206
3443,realistic,3,x0y0,utah,10.031,12.3,Aa,saline,106.9262501496868,12.3,,b,-1,0.08,soma,74.76222051799998,-1278.9246804862646,604.650273604304,-110.65869713642405,,-1279.0,604.7720081847855,-110.39514119639497,none,0.0,success,105.0,0.005,"(-1279, -182, 129)",-1279.0,-182.0,129.0,,,,
3444,realistic,3,x0y0,utah,12.38,15.0,Aa,saline,93.7387371112614,15.0,,b,-1,0.08,soma,82.27062233000002,-1500.5521001060456,479.96714599661937,-101.54835310337604,,-1501.0,480.4004270115538,-101.86402228795802,none,0.0,success,105.0,0.005,"(-1501, -344, -48)",-1501.0,-344.0,-48.0,,,,
3445,realistic,3,x0y0,utah,12.641,15.3,Aa,saline,237.2906629288672,15.3,,b,-1,0.08,soma,83.104889198,-473.6652631076328,-104.47661746661561,-57.68914564713669,,-474.0,-104.46122688559888,-57.66894106129973,periphery,5.265000000000123,success,80.45654296875,0.005,"(-474, 591, 389)",-474.0,591.0,389.0,-474.0,,591.0,389.0
3446,realistic,3,x0y0,utah,10.814,13.2,Aa,saline,50.43590407859189,13.2,,b,-1,0.08,soma,77.26502112200002,-1464.783410009304,182.66671772369858,116.30190958234924,,-1465.0,182.93830239147508,116.57154597630108,none,0.0,success,105.0,0.005,"(-1465, -452, -408)",-1465.0,-452.0,-408.0,,,,
3447,realistic,3,x0y0,utah,10.379,12.7,Aa,saline,158.24871701125474,12.7,,b,-1,0.08,soma,75.874576342,-227.89499278791348,705.3969366525798,-1269.1982246724597,,-228.0,704.9805589961727,-1269.344153253225,periphery,5.255000000000122,success,96.533203125,0.005,"(-228, 400, -505)",-228.0,400.0,-505.0,-228.0,,400.0,-505.0
3448,realistic,3,x0y0,utah,10.553,12.9,Aa,saline,101.03073530384265,12.9,,b,-1,0.08,soma,76.430754254,-73.43853835076519,1230.0518304851919,-352.41597240975534,,-73.0,1229.9858926501506,-352.48110164439515,tjn,5.155000000000106,success,37.07275390625,0.005,"(-73, 422, -195)",-73.0,422.0,-195.0,-73.0,,422.0,-195.0
3449,realistic,3,x0y0,utah,13.163,15.9,Aa,saline,61.05862817407174,15.9,,b,-1,0.08,soma,84.773422934,-1377.2199483886286,335.8596472290724,210.367481950605,,-1377.0,336.0461112047718,210.37242967888136,none,0.0,success,105.0,0.005,"(-1377, -388, -190)",-1377.0,-388.0,-190.0,,,,
3450,realistic,3,x0y0,utah,11.51,14.0,Aa,saline,86.95675495701647,14.0,,b,-1,0.08,soma,79.48973277,590.6540332714745,214.60089324456933,47.29240283928221,,591.0,214.5902235720613,47.79395240504351,none,0.0,success,105.0,0.005,"(591, -609, 4)",591.0,-609.0,4.0,,,,
3451,realistic,3,x0y0,utah,10.64,13.0,Aa,saline,330.99634944863215,13.0,,b,-1,0.08,soma,76.70884321,1394.9221689441165,-599.3611067609054,758.6903300868422,,1395.0,-599.2445590362646,759.1057771357332,none,0.0,success,105.0,0.005,"(1395, -200, 39)",1395.0,-200.0,39.0,,,,
3452,realistic,3,x0y0,utah,10.553,12.9,Aa,saline,67.51938214358589,12.9,,b,-1,0.08,soma,76.430754254,1408.9524340244898,262.24417343650157,140.762157198345,,1409.0,262.65100846534824,140.79756021336493,none,0.0,success,105.0,0.005,"(1409, -498, -174)",1409.0,-498.0,-174.0,,,,
3453,realistic,3,x0y0,utah,9.508999999999999,11.7,Aa,saline,83.16065555360261,11.7,,b,-1,0.08,soma,73.09368678199999,-892.6329338662391,1351.0750721229915,64.62231327099015,,-893.0,1350.713860802924,64.84622904786812,periphery,5.160000000000107,success,13.995361328125,0.005,"(-893, 535, -33)",-893.0,535.0,-33.0,-893.0,,535.0,-33.0
3454,realistic,3,x0y0,utah,11.336,13.8,Aa,saline,182.62699631593503,13.8,,b,-1,0.08,soma,78.93355485800001,-1112.2032177597744,-146.68955929060394,-849.860834095361,,-1112.0,-146.76057840624821,-849.5598639738283,none,0.0,success,105.0,0.005,"(-1112, -109, -26)",-1112.0,-109.0,-26.0,,,,
3455,realistic,3,x0y0,utah,12.467,15.1,Aa,saline,102.72583882773677,15.1,,b,-1,0.08,soma,82.548711286,653.4086226098613,485.4175632416082,-71.54822222700614,,653.0,484.94800649418244,-72.02824054815292,periphery,5.465000000000154,success,98.73046875,0.005,"(653, -321, 110)",653.0,-321.0,110.0,653.0,,-321.0,110.0
3456,realistic,3,x0y0,utah,15.512000000000002,18.6,Aa,saline,120.10711055350376,18.6,,b,-1,0.08,soma,92.281824746,492.7042837206681,237.38708667382443,-87.23131905416678,,493.0,237.0200032938825,-86.90028164629695,none,0.0,success,105.0,0.005,"(493, -482, 330)",493.0,-482.0,330.0,,,,
3457,realistic,3,x0y0,utah,13.424,16.2,Aa,saline,135.69096085506558,16.2,,b,-1,0.08,soma,85.607689802,-1138.9106403013645,61.91415897185653,-59.08490991200733,,-1139.0,62.22098566334864,-59.37643141115575,none,0.0,success,105.0,0.005,"(-1139, -516, 533)",-1139.0,-516.0,533.0,,,,
3458,realistic,3,x0y0,utah,13.772000000000002,16.6,Aa,saline,178.47486543331033,16.6,,b,-1,0.08,soma,86.720045626,585.3115787730331,24.06040337906279,-155.2351819952014,,585.0,24.034376606825806,-155.0286788038751,none,0.0,success,105.0,0.005,"(585, 2, 673)",585.0,2.0,673.0,,,,
3459,realistic,3,x0y0,utah,11.684,14.2,Aa,saline,104.17435194966886,14.2,,b,-1,0.08,soma,80.045910682,-1774.9303728609161,426.5568267669564,-126.0997134650015,,-1775.0,426.9422574986338,-126.04812176301095,none,0.0,success,105.0,0.005,"(-1775, -373, 76)",-1775.0,-373.0,76.0,,,,
3460,realistic,3,x0y0,utah,8.987,11.1,Aa,saline,38.61433656173744,11.1,,b,-1,0.08,soma,71.42515304599999,1063.1789272064534,632.5183947678665,740.8772942488597,,1063.0,632.2067190080045,741.3048072950724,none,0.0,success,105.0,0.005,"(1063, 120, 100)",1063.0,120.0,100.0,,,,
3461,realistic,3,x0y0,utah,12.293000000000001,14.9,Aa,saline,212.8342450393795,14.9,,b,-1,0.08,soma,81.99253337399999,-383.57853787069604,-689.1517297248747,-1269.9889130629574,,-384.0,-688.8551757976916,-1270.0020632704177,none,0.0,success,105.0,0.005,"(-384, -241, -576)",-384.0,-241.0,-576.0,,,,
3462,realistic,3,x0y0,utah,11.161999999999999,13.6,Aa,saline,190.6994933342252,13.6,,b,-1,0.08,soma,78.377376946,383.69680718966316,-477.93615610404686,-1357.5272931090808,,384.0,-478.05183944943616,-1357.8478052935702,none,0.0,success,105.0,0.005,"(384, -325, -548)",384.0,-325.0,-548.0,,,,
3463,realistic,3,x0y0,utah,13.25,16.0,Aa,saline,135.67466263214044,16.0,,b,-1,0.08,soma,85.05151189,-395.17941358660113,237.11993972765086,-292.3696180686611,,-395.0,237.19224567877166,-292.01192580305326,none,0.0,success,105.0,0.005,"(-395, -341, 300)",-395.0,-341.0,300.0,,,,
3464,realistic,3,x0y0,utah,10.379,12.7,Aa,saline,183.32262160248402,12.7,,b,-1,0.08,soma,75.874576342,-1472.8400783895581,-146.0072564946563,-1105.0052486334368,,-1473.0,-145.730362713918,-1104.5382947811095,none,0.0,success,105.0,0.005,"(-1473, -98, -283)",-1473.0,-98.0,-283.0,,,,
3465,realistic,3,x0y0,utah,13.772000000000002,16.6,Aa,saline,122.55894853456465,16.6,,b,-1,0.08,soma,86.720045626,-1251.770175115044,198.9482954193063,-149.48516087247938,,-1252.0,199.14182722679664,-149.82336427795673,none,0.0,success,105.0,0.005,"(-1252, -499, 296)",-1252.0,-499.0,296.0,,,,
3466,realistic,3,x0y0,utah,13.859,16.7,Aa,saline,104.40151815574059,16.7,,b,-1,0.08,soma,86.998134582,788.1187718515481,487.0554078833966,-76.07961534036167,,788.0,487.4841965780629,-76.04771803527177,none,0.0,success,105.0,0.005,"(788, -315, 130)",788.0,-315.0,130.0,,,,
3467,realistic,3,x0y0,utah,11.684,14.2,Aa,saline,213.29561256809646,14.2,,b,-1,0.08,soma,80.045910682,-1218.6992039630327,-586.5746996181142,-787.7503695692649,,-1219.0,-586.9376024822091,-787.5541860740079,none,0.0,success,105.0,0.005,"(-1219, -134, -98)",-1219.0,-134.0,-98.0,,,,
3468,realistic,3,x0y0,utah,8.291,10.3,Aa,saline,131.46954480501364,10.3,,b,-1,0.08,soma,69.20044139800001,-494.02792237819534,994.9221663694832,-950.4871156576525,,-494.0,995.1264453697609,-950.739266146878,periphery,5.215000000000115,success,94.775390625,0.005,"(-494, 381, -408)",-494.0,381.0,-408.0,-494.0,,381.0,-408.0
3469,realistic,3,x0y0,utah,10.292,12.6,Aa,saline,7.9453713278802525,12.6,,b,-1,0.08,soma,75.596487386,574.8594780175507,217.1593801300837,1426.6079115770099,,575.0,216.7107172783726,1426.8993805535474,none,0.0,success,105.0,0.005,"(575, 103, 612)",575.0,103.0,612.0,,,,
3470,realistic,3,x0y0,utah,8.639,10.7,Aa,saline,-24.823156760316447,10.7,,b,-1,0.08,soma,70.312797222,940.9077390069597,-338.83947665135065,1182.5062308398176,,941.0,-339.3016561368979,1182.373947379344,none,0.0,success,105.0,0.005,"(941, 5, 438)",941.0,5.0,438.0,,,,
3471,realistic,3,x0y0,utah,12.206000000000001,14.8,Aa,saline,44.30508008881445,14.8,,b,-1,0.08,soma,81.714444418,-99.36373134437004,1041.1602412435273,958.761118589604,,-99.0,1040.8612697129865,958.9834282127605,periphery,5.185000000000111,success,59.637451171875,0.005,"(-99, 464, 368)",-99.0,464.0,368.0,-99.0,,464.0,368.0
3472,realistic,3,x0y0,utah,11.597,14.1,Aa,saline,49.89890855374633,14.1,,b,-1,0.08,soma,79.76782172600001,-1784.5915282876642,822.0674008772539,787.9910557069618,,-1785.0,821.9537034191089,788.3077269868585,periphery,5.350000000000136,success,95.361328125,0.005,"(-1785, 191, 257)",-1785.0,191.0,257.0,-1785.0,,191.0,257.0
3473,realistic,3,x0y0,utah,9.857,12.1,Aa,saline,60.23893233866272,12.1,,b,-1,0.08,soma,74.206042606,-708.2252612584492,253.74980742142543,144.09375351438757,,-708.0,253.66763279313443,144.0919397748093,none,0.0,success,105.0,0.005,"(-708, -460, -264)",-708.0,-460.0,-264.0,,,,
3474,realistic,3,x0y0,utah,15.512000000000002,18.6,Aa,saline,92.03705493309413,18.6,,b,-1,0.08,soma,92.281824746,-1829.352598086762,388.43047407706075,-23.50139117873641,,-1829.0,388.64222782557636,-23.505502389241506,none,0.0,success,105.0,0.005,"(-1829, -442, 6)",-1829.0,-442.0,6.0,,,,
3475,realistic,3,x0y0,utah,14.555,17.5,Aa,saline,105.77593202916151,17.5,,b,-1,0.08,soma,89.22284623,-439.6404153301997,398.5037401381192,-63.41568298754965,,-440.0,398.33507246356476,-63.57134594496853,periphery,5.520000000000163,success,90.07415771484375,0.005,"(-440, -400, 162)",-440.0,-400.0,162.0,-440.0,,-400.0,162.0
3476,realistic,3,x0y0,utah,9.77,12.0,Aa,saline,155.96501135356442,12.0,,b,-1,0.08,soma,73.92795365,-1698.8496432354784,540.8167271727954,-917.3878153192552,,-1699.0,540.7859277608226,-917.6997000342727,periphery,5.300000000000129,success,86.46240234375,0.005,"(-1699, 206, -167)",-1699.0,206.0,-167.0,-1699.0,,206.0,-167.0
3477,realistic,3,x0y0,utah,10.466000000000001,12.8,Aa,saline,56.00930542893326,12.8,,b,-1,0.08,soma,76.152665298,-927.7913864133712,103.65662849425915,73.99064362427998,,-928.0,103.41258739928594,74.18197758405603,none,0.0,success,105.0,0.005,"(-928, -579, -386)",-928.0,-579.0,-386.0,,,,
3478,realistic,3,x0y0,utah,15.164,18.2,Aa,saline,142.67595098421708,18.2,,b,-1,0.08,soma,91.16946892200001,654.1241911401493,82.85018093769077,-121.45781598419715,,654.0,82.58352450370433,-121.48098084338733,none,0.0,success,105.0,0.005,"(654, -421, 539)",654.0,-421.0,539.0,,,,
3479,realistic,3,x0y0,utah,7.943,9.9,Aa,saline,-7.30392893863154,9.9,,b,-1,0.08,soma,68.08808557399999,596.4132807239504,-197.55004723496086,1189.3692313498038,,596.0,-197.1004978382277,1189.4097860404254,none,0.0,success,105.0,0.005,"(596, -93, 377)",596.0,-93.0,377.0,,,,
3480,realistic,3,x0y0,utah,9.857,12.1,Aa,saline,297.28569194352474,12.1,,b,-1,0.08,soma,74.206042606,-58.97277511855337,-40.63834468142613,22.864564042958136,,-59.0,-40.60295503197631,22.8520249652953,central,5.18000000000011,success,57.6416015625,0.005,"(-59, 690, -354)",-59.0,690.0,-354.0,-59.0,,690.0,-354.0
3481,realistic,3,x0y0,utah,9.074,11.2,Aa,saline,7.424104915760022,11.2,,b,-1,0.08,soma,71.703242002,-877.646832487779,18.16204092546468,1278.418391832587,,-878.0,18.054029433329234,1277.9564673845919,none,0.0,success,105.0,0.005,"(-878, -88, 464)",-878.0,-88.0,464.0,,,,
3482,realistic,3,x0y0,utah,9.596,11.8,Aa,saline,151.86430881206147,11.8,,b,-1,0.08,soma,73.371775738,38.08106359982922,608.6568943850216,-1083.252653279626,,38.0,608.5070647190205,-1083.5626159228846,tjn,5.145000000000104,success,105.0,0.005,"(38, 221, -359)",38.0,221.0,-359.0,38.0,,221.0,-359.0
3483,realistic,3,x0y0,utah,13.163,15.9,Aa,saline,116.23225482823923,15.9,,b,-1,0.08,soma,84.773422934,1054.5666217173489,554.9288335974497,-278.21000285156606,,1055.0,555.1658801858991,-277.7049264684141,none,0.0,success,105.0,0.005,"(1055, -187, 88)",1055.0,-187.0,88.0,,,,
3484,realistic,3,x0y0,utah,10.466000000000001,12.8,Aa,saline,198.09470605351697,12.8,,b,-1,0.08,soma,76.152665298,219.9632384894512,-624.5276477679176,-1240.4418459595267,,220.0,-624.6475089207795,-1240.3340541828748,none,0.0,success,105.0,0.005,"(220, -369, -458)",220.0,-369.0,-458.0,,,,
3485,realistic,3,x0y0,utah,8.987,11.1,Aa,saline,37.75663717077861,11.1,,b,-1,0.08,soma,71.42515304599999,-1511.4174223644775,618.2746140331087,917.2863075784776,,-1511.0,618.522310605033,916.855362999084,none,0.0,success,105.0,0.005,"(-1511, 116, 268)",-1511.0,116.0,268.0,,,,
3486,realistic,3,x0y0,utah,13.685,16.5,Aa,saline,71.63915075801205,16.5,,b,-1,0.08,soma,86.44195667,-598.2442534181628,406.55609336271255,116.33524910102324,,-598.0,406.06453053774874,115.88960817552504,none,0.0,success,105.0,0.005,"(-598, -380, -145)",-598.0,-380.0,-145.0,,,,
3487,realistic,3,x0y0,utah,14.293999999999999,17.2,Aa,saline,132.532182271449,17.2,,b,-1,0.08,soma,88.388579362,1675.9062578384626,357.0638105802691,-348.0525463631402,,1676.0,357.03327206592905,-348.53533982435613,none,0.0,success,105.0,0.005,"(1676, -254, 212)",1676.0,-254.0,212.0,,,,
3488,realistic,3,x0y0,utah,13.511000000000001,16.3,Aa,saline,84.12469048305466,16.3,,b,-1,0.08,soma,85.885778758,714.2731909061473,35.540894378882506,4.751522539056623,,714.0,35.55479206529151,4.78135187240963,none,0.0,success,105.0,0.005,"(714, -788, -80)",714.0,-788.0,-80.0,,,,
3489,realistic,3,x0y0,utah,13.337000000000002,16.1,Aa,saline,128.72432593104537,16.1,,b,-1,0.08,soma,85.329600846,-694.1261925188022,396.3433070130568,-415.1277669867436,,-694.0,396.74407729002473,-414.787099144629,none,0.0,success,105.0,0.005,"(-694, -249, 103)",-694.0,-249.0,103.0,,,,
3490,realistic,3,x0y0,utah,10.118,12.4,Aa,saline,89.23860263416296,12.4,,b,-1,0.08,soma,75.040309474,-512.4945458719599,1431.4984053185271,140.94544314750556,,-512.0,1431.4379027215264,140.9395180580021,periphery,5.150000000000105,success,16.5130615234375,0.005,"(-512, 609, 130)",-512.0,609.0,130.0,-512.0,,609.0,130.0
3491,realistic,3,x0y0,utah,14.555,17.5,Aa,saline,83.8768571868478,17.5,,b,-1,0.08,soma,89.22284623,-4.756441473376283,479.4058225826384,17.556397651590487,,-5.0,479.88263800324467,17.519538846370523,neck0,5.580000000000172,success,24.407958984375,0.005,"(-5, -345, -71)",-5.0,-345.0,-71.0,-5.0,,314.9061104025957,-0.18436892290358387
3492,realistic,3,x0y0,utah,12.902,15.6,Aa,saline,175.0284977662877,15.6,,b,-1,0.08,soma,83.93915606600001,-1130.235895284327,12.014072949355068,-135.35529589020823,,-1130.0,11.69826241546113,-134.82709363647484,none,0.0,success,105.0,0.005,"(-1130, -60, 689)",-1130.0,-60.0,689.0,,,,
3493,realistic,3,x0y0,utah,14.99,18.0,Aa,saline,93.6008067692625,18.0,,b,-1,0.08,soma,90.61329101,-877.5322429980013,491.97177924172007,-59.42221689365897,,-878.0,491.6460322139902,-59.14325733771401,none,0.0,success,105.0,0.005,"(-878, -337, -7)",-878.0,-337.0,-7.0,,,,
3494,realistic,3,x0y0,utah,12.119,14.7,Aa,saline,2.374148334596444,14.7,,b,-1,0.08,soma,81.436355462,-763.0269312143132,5.5238863341669475,116.96542148234768,,-763.0,5.184732558063409,116.97503137104229,none,0.0,success,105.0,0.005,"(-763, -29, -708)",-763.0,-29.0,-708.0,,,,
3495,realistic,3,x0y0,utah,12.988999999999999,15.7,Aa,saline,23.70705707782938,15.7,,b,-1,0.08,soma,84.217245022,1565.736801064953,17.408069551155222,53.467551195199576,,1566.0,17.580377111673215,53.30065477107178,none,0.0,success,105.0,0.005,"(1566, -315, -704)",1566.0,-315.0,-704.0,,,,
3496,realistic,3,x0y0,utah,10.727,13.1,Aa,saline,98.92905821146971,13.1,,b,-1,0.08,soma,76.986932166,1465.4462464825315,289.22097037920554,-25.587336679164768,,1465.0,289.5291951433959,-25.806185936081633,none,0.0,success,105.0,0.005,"(1465, -524, 102)",1465.0,-524.0,102.0,,,,
3497,realistic,3,x0y0,utah,14.12,17.0,Aa,saline,84.05478522018701,17.0,,b,-1,0.08,soma,87.83240144999998,-1732.047065615655,296.8340684977475,2.3744849277131834,,-1732.0,296.44005324108537,2.8757183951100274,none,0.0,success,105.0,0.005,"(-1732, -528, -83)",-1732.0,-528.0,-83.0,,,,
3498,realistic,3,x0y0,utah,13.076,15.8,Aa,saline,128.50037131903414,15.8,,b,-1,0.08,soma,84.495333978,-1354.3847461346782,165.55812032807762,-151.05709641369458,,-1354.0,165.40402418559154,-150.96167270065268,none,0.0,success,105.0,0.005,"(-1354, -482, 364)",-1354.0,-482.0,364.0,,,,
3499,realistic,3,x0y0,utah,10.466000000000001,12.8,Aa,saline,88.34721635928874,12.8,,b,-1,0.08,soma,76.152665298,-216.9628461835325,117.29580721442244,7.7316861261324465,,-217.0,117.7471021159406,7.7045983802912055,none,0.0,success,105.0,0.005,"(-217, -705, -16)",-217.0,-705.0,-16.0,,,,
3500,realistic,3,x0y0,utah,11.248999999999999,13.7,Aa,saline,107.18603402299568,13.7,,b,-1,0.08,soma,78.655465902,-1120.9268558421613,505.74228664931206,-188.7866623069767,,-1121.0,505.5627160613857,-188.58884508702056,none,0.0,success,105.0,0.005,"(-1121, -282, 55)",-1121.0,-282.0,55.0,,,,
3501,realistic,3,x0y0,utah,12.293000000000001,14.9,Aa,saline,104.8862821669068,14.9,,b,-1,0.08,soma,81.99253337399999,83.99996010679244,477.7957310777183,-155.70846065749447,,84.0,478.242792126317,-156.19844091189037,tjn,5.4850000000001575,success,65.61279296875,0.005,"(84, -320, 56)",84.0,-320.0,56.0,84.0,,-320.0,56.0
3502,realistic,3,x0y0,utah,10.727,13.1,Aa,saline,339.7110307725504,13.1,,b,-1,0.08,soma,76.986932166,-888.1823034787959,-51.34561440230164,126.13540556788394,,-888.0,-51.587534037584476,126.4368711858541,none,0.0,success,105.0,0.005,"(-888, 234, -646)",-888.0,234.0,-646.0,,,,
3503,realistic,3,x0y0,utah,11.684,14.2,Aa,saline,30.536091235616087,14.2,,b,-1,0.08,soma,80.045910682,-1357.6592807210366,329.34093928779293,581.0303865188639,,-1358.0,329.1941636087622,580.5922714352034,none,0.0,success,105.0,0.005,"(-1358, -90, -130)",-1358.0,-90.0,-130.0,,,,
3504,realistic,3,x0y0,utah,8.9,11.0,Aa,saline,5.096553227900603,11.0,,b,-1,0.08,soma,71.14706409,-1704.287308827207,-29.678190685350273,1204.4772079988807,,-1704.0,-30.133070354403984,1204.2912379168201,none,0.0,success,105.0,0.005,"(-1704, -103, 387)",-1704.0,-103.0,387.0,,,,
3505,realistic,3,x0y0,utah,16.642999999999997,19.9,Aa,saline,79.94250201625357,19.9,,b,-1,0.08,soma,95.89698117399999,1655.3238515553014,423.3843116607112,96.08545324889108,,1655.0,423.1210838319604,96.43280645649023,none,0.0,success,105.0,0.005,"(1655, -397, -49)",1655.0,-397.0,-49.0,,,,
3506,realistic,3,x0y0,utah,10.64,13.0,Aa,saline,323.32108882497465,13.0,,b,-1,0.08,soma,76.70884321,-790.0286301988398,-72.82606254391203,79.52959853518905,,-790.0,-72.78959602466665,79.33024612721022,none,0.0,success,105.0,0.005,"(-790, 419, -581)",-790.0,419.0,-581.0,,,,
3507,realistic,3,x0y0,utah,13.424,16.2,Aa,saline,66.65427872627883,16.2,,b,-1,0.08,soma,85.607689802,1322.9035437507707,225.42036198248346,88.11190362243359,,1323.0,225.0067100036083,88.05866373426636,none,0.0,success,105.0,0.005,"(1323, -535, -240)",1323.0,-535.0,-240.0,,,,
3508,realistic,3,x0y0,utah,13.076,15.8,Aa,saline,67.27292288327924,15.8,,b,-1,0.08,soma,84.495333978,-1263.7174798791696,432.4013274471095,214.18674576018475,,-1264.0,432.0532480306538,214.56577375785076,none,0.0,success,105.0,0.005,"(-1264, -331, -105)",-1264.0,-331.0,-105.0,,,,
3509,realistic,3,x0y0,utah,10.466000000000001,12.8,Aa,saline,137.52241798539606,12.8,,b,-1,0.08,soma,76.152665298,212.8114165653729,1114.6231788345613,-935.5244631591432,,213.0,1114.8234474378698,-935.0187953286377,central,5.170000000000108,success,46.47216796875,0.005,"(213, 559, -328)",213.0,559.0,-328.0,213.0,,559.0,-328.0
3510,realistic,3,x0y0,utah,16.555999999999997,19.8,Aa,saline,141.4307995378995,19.8,,b,-1,0.08,soma,95.618892218,1868.6276725368368,24.62298795965262,-42.240232022218606,,1869.0,24.256689648961697,-42.17370591262738,none,0.0,success,105.0,0.005,"(1869, -495, 609)",1869.0,-495.0,609.0,,,,
3511,realistic,3,x0y0,utah,9.943999999999999,12.2,Aa,saline,28.07170890279665,12.2,,b,-1,0.08,soma,74.484131562,3.3729876963495284,264.20733490661996,704.0565918151332,,3.0,263.94711615653875,704.5463988451546,none,0.0,success,105.0,0.005,"(3, -123, -21)",3.0,-123.0,-21.0,,,,
3512,realistic,3,x0y0,utah,8.9,11.0,Aa,saline,166.37084327782551,11.0,,b,-1,0.08,soma,71.14706409,-872.5370690179483,258.8320009857244,-1371.5373380614105,,-873.0,258.32712414980205,-1371.4333584413312,none,0.0,success,105.0,0.005,"(-873, 65, -574)",-873.0,65.0,-574.0,,,,
3513,realistic,3,x0y0,utah,12.032,14.6,Aa,saline,86.180692352098,14.6,,b,-1,0.08,soma,81.15826650599999,-1970.9400526757565,385.3703716902942,38.3333748699506,,-1971.0,385.76285915984363,37.98357027464982,none,0.0,success,105.0,0.005,"(-1971, -438, -17)",-1971.0,-438.0,-17.0,,,,
3514,realistic,3,x0y0,utah,9.596,11.8,Aa,saline,201.3855568892357,11.8,,b,-1,0.08,soma,73.371775738,1103.0460041602955,-514.2051473547467,-1082.0090070023464,,1103.0,-514.5866747170375,-1082.0717301948262,none,0.0,success,105.0,0.005,"(1103, -215, -317)",1103.0,-215.0,-317.0,,,,
3515,realistic,3,x0y0,utah,11.248999999999999,13.7,Aa,saline,47.17528772596122,13.7,,b,-1,0.08,soma,78.655465902,-1710.1738882341892,559.4194030227945,688.2537526734727,,-1710.0,559.5619593462636,688.37799286009,none,0.0,success,105.0,0.005,"(-1710, -45, 128)",-1710.0,-45.0,128.0,,,,
3516,realistic,3,x0y0,utah,10.64,13.0,Aa,saline,194.62233213277787,13.0,,b,-1,0.08,soma,76.70884321,-321.7807950824712,-554.7378406708814,-1325.1969357499609,,-322.0,-554.8146560131021,-1325.6777383449983,none,0.0,success,105.0,0.005,"(-322, -347, -529)",-322.0,-347.0,-529.0,,,,
3517,realistic,3,x0y0,utah,9.683,11.9,Aa,saline,40.11512686085431,11.9,,b,-1,0.08,soma,73.649864694,20.875425364845107,1013.709389403702,1044.3073871245397,,21.0,1013.5018039111723,1044.5317082589859,central,5.190000000000111,success,69.27490234375,0.005,"(21, 484, 416)",21.0,484.0,416.0,21.0,,484.0,416.0
3518,realistic,3,x0y0,utah,10.901,13.3,Aa,saline,139.9231852861548,13.3,,b,-1,0.08,soma,77.54311007800001,896.8006295451538,156.87515464756325,-193.5439351128571,,897.0,157.34412713410848,-193.34999391584302,none,0.0,success,105.0,0.005,"(897, -373, 437)",897.0,-373.0,437.0,,,,
3519,realistic,3,x0y0,utah,8.987,11.1,Aa,saline,13.744395568988779,11.1,,b,-1,0.08,soma,71.42515304599999,464.3548985616349,109.60779647069513,1446.8704937734783,,464.0,110.00130818186486,1447.2401968344425,none,0.0,success,105.0,0.005,"(464, -85, 650)",464.0,-85.0,650.0,,,,
3520,realistic,3,x0y0,utah,10.205,12.5,Aa,saline,53.25323638144204,12.5,,b,-1,0.08,soma,75.31839843,-597.9407802863988,1061.8632104181338,678.5787336508779,,-598.0,1062.1968163309798,678.1969988903347,periphery,5.220000000000116,success,45.9228515625,0.005,"(-598, 403, 186)",-598.0,403.0,186.0,-598.0,,403.0,186.0
3521,realistic,3,x0y0,utah,7.421000000000001,9.3,Aa,saline,117.05569677277865,9.3,,b,-1,0.08,soma,66.419551838,477.2491553363594,1229.0406588384121,-644.3967334936924,,477.0,1228.6976264334617,-644.2036270655533,central,5.185000000000111,success,50.1953125,0.005,"(477, 500, -272)",477.0,500.0,-272.0,477.0,,500.0,-272.0
3522,realistic,3,x0y0,utah,13.25,16.0,Aa,saline,78.89605182348298,16.0,,b,-1,0.08,soma,85.05151189,1399.7822872877548,446.9864721872786,134.51196613166576,,1400.0,447.0510243088287,134.38146059500704,none,0.0,success,105.0,0.005,"(1400, -365, -25)",1400.0,-365.0,-25.0,,,,
3523,realistic,3,x0y0,utah,8.116999999999999,10.1,Aa,saline,-0.4876755022259502,10.1,,b,-1,0.08,soma,68.644263486,1425.2725890340655,66.68968969965908,1249.1424808338224,,1425.0,67.0357618801845,1249.3221317430002,none,0.0,success,105.0,0.005,"(1425, 74, 430)",1425.0,74.0,430.0,,,,
3524,realistic,3,x0y0,utah,10.379,12.7,Aa,saline,124.19717539739887,12.7,,b,-1,0.08,soma,75.874576342,-527.0425130456948,1146.4398680027534,-876.960888867521,,-527.0,1146.6514310462344,-876.4907559521022,periphery,5.225000000000117,success,79.541015625,0.005,"(-527, 466, -414)",-527.0,466.0,-414.0,-527.0,,466.0,-414.0
3525,realistic,3,x0y0,utah,9.161000000000001,11.3,Aa,saline,96.48366739618844,11.3,,b,-1,0.08,soma,71.981330958,-1262.756820972363,949.9055985603412,-93.98090915222838,,-1263.0,949.7363252199347,-93.68984613257912,none,0.0,success,105.0,0.005,"(-1263, 134, -1)",-1263.0,134.0,-1.0,,,,
3526,realistic,3,x0y0,utah,13.424,16.2,Aa,saline,10.450352529368857,16.2,,b,-1,0.08,soma,85.607689802,302.3253838621458,35.53203836414832,153.26781350882038,,302.0,35.163617465041426,153.06230107564363,none,0.0,success,105.0,0.005,"(302, -115, -661)",302.0,-115.0,-661.0,,,,
3527,realistic,3,x0y0,utah,9.857,12.1,Aa,saline,3.5210046143297067,12.1,,b,-1,0.08,soma,74.206042606,-615.9782088171846,323.49487841080827,1404.7310564585625,,-616.0,323.47712550800424,1404.5410255625245,none,0.0,success,105.0,0.005,"(-616, 273, 584)",-616.0,273.0,584.0,,,,
3528,realistic,3,x0y0,utah,13.511000000000001,16.3,Aa,saline,311.3277447442806,16.3,,b,-1,0.08,soma,85.885778758,-628.93275898472,-51.97726519097478,49.77815955607275,,-629.0,-51.70231563469133,49.77348414589176,none,0.0,success,105.0,0.005,"(-629, 570, -497)",-629.0,570.0,-497.0,,,,
3529,realistic,3,x0y0,utah,10.64,13.0,Aa,saline,60.17531467437235,13.0,,b,-1,0.08,soma,76.70884321,-1624.2171580206368,340.42301095400904,212.62789708471428,,-1624.0,340.3422961844982,212.45415386416664,none,0.0,success,105.0,0.005,"(-1624, -374, -197)",-1624.0,-374.0,-197.0,,,,
3530,realistic,3,x0y0,utah,8.987,11.1,Aa,saline,72.56014080522918,11.1,,b,-1,0.08,soma,71.42515304599999,555.7955912722745,1259.3264931443387,516.2667554690906,,556.0,1258.959798002942,515.9675591839432,central,5.195000000000112,success,53.9306640625,0.005,"(556, 476, 270)",556.0,476.0,270.0,556.0,,476.0,270.0
3531,realistic,3,x0y0,utah,9.857,12.1,Aa,saline,300.50571080636405,12.1,,b,-1,0.08,soma,74.206042606,-1807.6467111542565,-109.91439612853355,57.99226500103259,,-1808.0,-110.32396315466497,58.299493613402944,periphery,5.250000000000121,success,67.041015625,0.005,"(-1808, 598, -359)",-1808.0,598.0,-359.0,-1808.0,,598.0,-359.0
3532,realistic,3,x0y0,utah,10.553,12.9,Aa,saline,-21.036344550375507,12.9,,b,-1,0.08,soma,76.430754254,-1285.5287921743145,-509.6562846761327,1174.2200802160878,,-1286.0,-509.5343203885931,1174.3892330103422,none,0.0,success,105.0,0.005,"(-1286, -214, 406)",-1286.0,-214.0,406.0,,,,
3533,realistic,3,x0y0,utah,12.293000000000001,14.9,Aa,saline,228.33139027255902,14.9,,b,-1,0.08,soma,81.99253337399999,481.6337272752544,-119.139863752112,-107.9846981522296,,482.0,-119.01921121518922,-108.12231809351772,none,0.0,success,105.0,0.005,"(482, 498, 441)",482.0,498.0,441.0,,,,
3534,realistic,3,x0y0,utah,9.683,11.9,Aa,saline,133.56290172093608,11.9,,b,-1,0.08,soma,73.649864694,-1199.8510544465598,906.057884769753,-1029.551122508758,,-1200.0,906.4943459786365,-1029.4017433735526,none,0.0,success,105.0,0.005,"(-1200, 311, -463)",-1200.0,311.0,-463.0,,,,
3535,realistic,3,x0y0,utah,9.943999999999999,12.2,Aa,saline,189.8611891631289,12.2,,b,-1,0.08,soma,74.484131562,-983.5234439438844,-294.95921774829134,-1287.0138530225,,-984.0,-294.85006586828536,-1287.0728832074415,none,0.0,success,105.0,0.005,"(-984, -154, -477)",-984.0,-154.0,-477.0,,,,
3536,realistic,3,x0y0,utah,16.642999999999997,19.9,Aa,saline,44.313045550089576,19.9,,b,-1,0.08,soma,95.89698117399999,-177.01488758558304,295.456138017802,400.7478891903334,,-177.0,295.8978155240783,400.9746450149986,none,0.0,success,105.0,0.005,"(-177, -286, -195)",-177.0,-286.0,-195.0,,,,
3537,realistic,3,x0y0,utah,10.205,12.5,Aa,saline,53.56547959685293,12.5,,b,-1,0.08,soma,75.31839843,1123.4297384117026,289.24312149622534,197.0296935505676,,1123.0,288.8293257684676,196.57729841378858,none,0.0,success,105.0,0.005,"(1123, -373, -292)",1123.0,-373.0,-292.0,,,,
3538,realistic,3,x0y0,utah,12.641,15.3,Aa,saline,137.08923681859218,15.3,,b,-1,0.08,soma,83.104889198,-1170.711949389158,166.40646838841076,-242.30880143971717,,-1171.0,166.79955952745922,-242.36701042430786,none,0.0,success,105.0,0.005,"(-1171, -396, 363)",-1171.0,-396.0,363.0,,,,
3539,realistic,3,x0y0,utah,13.772000000000002,16.6,Aa,saline,22.422040626778607,16.6,,b,-1,0.08,soma,86.720045626,451.47583232894027,76.01061763147119,133.60499376387634,,451.0,75.93651270087832,133.73600508833738,none,0.0,success,105.0,0.005,"(451, -240, -632)",451.0,-240.0,-632.0,,,,
3540,realistic,3,x0y0,utah,10.031,12.3,Aa,saline,108.69196535455194,12.3,,b,-1,0.08,soma,74.76222051799998,-51.57204625297851,1074.8615046565226,-330.4893887124017,,-52.0,1075.0416257483507,-330.57314583800957,tjn,5.160000000000107,success,28.52783203125,0.005,"(-52, 296, -67)",-52.0,296.0,-67.0,-52.0,,296.0,-67.0
3541,realistic,3,x0y0,utah,14.816,17.8,Aa,saline,6.165013724632972,17.8,,b,-1,0.08,soma,90.05711309799999,-256.44973965352716,10.599770835282472,112.56839129380931,,-256.0,10.145066973362617,112.21439092101593,none,0.0,success,105.0,0.005,"(-256, -79, -713)",-256.0,-79.0,-713.0,,,,
3542,realistic,3,x0y0,utah,12.206000000000001,14.8,Aa,saline,333.39102162026745,14.8,,b,-1,0.08,soma,81.714444418,1186.2762857536818,-427.9569435139765,831.7828789464943,,1186.0,-427.90144982741117,831.3989423770671,none,0.0,success,105.0,0.005,"(1186, -58, 93)",1186.0,-58.0,93.0,,,,
3543,realistic,3,x0y0,utah,13.511000000000001,16.3,Aa,saline,48.10563924650616,16.3,,b,-1,0.08,soma,85.885778758,-1981.2440241976267,45.83597747604927,35.775340597238475,,-1981.0,46.32068685372769,35.900261527296266,none,0.0,success,105.0,0.005,"(-1981, -570, -517)",-1981.0,-570.0,-517.0,,,,
3544,realistic,3,x0y0,utah,8.987,11.1,Aa,saline,85.48813151260265,11.1,,b,-1,0.08,soma,71.42515304599999,-192.154357107714,1023.3556512165297,191.58203712597103,,-192.0,1023.168367535779,191.59007977236013,tjn,5.2100000000001145,success,35.0494384765625,0.005,"(-192, 205, 127)",-192.0,205.0,127.0,-192.0,,205.0,127.0
3545,realistic,3,x0y0,utah,13.076,15.8,Aa,saline,233.46365387672768,15.8,,b,-1,0.08,soma,84.495333978,-1502.7570186265837,-121.716677812919,-107.46033848047043,,-1503.0,-121.69350042566168,-107.46053615855186,periphery,5.290000000000127,success,74.51171875,0.005,"(-1503, 543, 385)",-1503.0,543.0,385.0,-1503.0,,543.0,385.0
3546,realistic,3,x0y0,utah,10.988,13.4,Aa,saline,129.24888433860974,13.4,,b,-1,0.08,soma,77.821199034,-724.1994414793445,169.4006870928938,-148.32582793789382,,-724.0,169.03636826596494,-148.28823631440605,none,0.0,success,105.0,0.005,"(-724, -469, 373)",-724.0,-469.0,373.0,,,,
3547,realistic,3,x0y0,utah,16.642999999999997,19.9,Aa,saline,342.2552209002804,19.9,,b,-1,0.08,soma,95.89698117399999,-240.68465545824603,-79.1070313138689,151.98312029024598,,-241.0,-78.88269993091765,152.300142435059,none,0.0,success,105.0,0.005,"(-241, 175, -641)",-241.0,175.0,-641.0,,,,
3548,realistic,3,x0y0,utah,11.423,13.9,Aa,saline,110.48112524367858,13.9,,b,-1,0.08,soma,79.211643814,-951.0225218870157,503.634689430948,-101.7868101858362,,-951.0,503.49073396247786,-101.5295770852594,none,0.0,success,105.0,0.005,"(-951, -269, 187)",-951.0,-269.0,187.0,,,,
3549,realistic,3,x0y0,utah,12.119,14.7,Aa,saline,332.02158566450436,14.7,,b,-1,0.08,soma,81.436355462,-1119.8225059362705,-676.1180679824148,940.67441963562,,-1120.0,-676.3443971736122,940.1917227542463,none,0.0,success,105.0,0.005,"(-1120, -289, 211)",-1120.0,-289.0,211.0,,,,
3550,realistic,3,x0y0,utah,11.423,13.9,Aa,saline,47.47598920902399,13.9,,b,-1,0.08,soma,79.211643814,-826.5959551768125,181.6746131681239,173.48623896528625,,-827.0,181.7344907454592,173.35107502694143,none,0.0,success,105.0,0.005,"(-827, -426, -384)",-827.0,-426.0,-384.0,,,,
3551,realistic,3,x0y0,utah,16.034,19.2,Aa,saline,121.48969349762557,19.2,,b,-1,0.08,soma,93.95035848200001,1653.079060526266,290.3116825598313,-164.0315640847057,,1653.0,290.4252353388009,-163.54063611757442,none,0.0,success,105.0,0.005,"(1653, -419, 271)",1653.0,-419.0,271.0,,,,
3552,realistic,3,x0y0,utah,11.597,14.1,Aa,saline,212.5614372316008,14.1,,b,-1,0.08,soma,79.76782172600001,326.957497378453,-565.0694051332707,-1339.7080666468826,,327.0,-564.9525208264668,-1339.2121600753367,none,0.0,success,105.0,0.005,"(327, -121, -644)",327.0,-121.0,-644.0,,,,
3553,realistic,3,x0y0,utah,11.161999999999999,13.6,Aa,saline,56.22482425962128,13.6,,b,-1,0.08,soma,78.377376946,-673.0733318622075,495.3331185988623,298.04330608007064,,-673.0,495.0656378587579,298.16649192214084,none,0.0,success,105.0,0.005,"(-673, -190, -160)",-673.0,-190.0,-160.0,,,,
3554,realistic,3,x0y0,utah,10.988,13.4,Aa,saline,180.11603403850052,13.4,,b,-1,0.08,soma,77.821199034,-174.72441728784057,-230.14535205070754,-1438.7853041995672,,-175.0,-229.647821199034,-1438.9105995170003,none,0.0,success,105.0,0.005,"(-175, -228, -615)",-175.0,-228.0,-615.0,,,,
3555,realistic,3,x0y0,utah,10.901,13.3,Aa,saline,286.17156567901213,13.3,,b,-1,0.08,soma,77.54311007800001,1898.400663694996,-140.89021992632797,40.52430788256152,,1898.0,-141.15020145945596,40.42037807836161,central,5.24500000000012,success,33.5205078125,0.005,"(1898, 650, -189)",1898.0,650.0,-189.0,1898.0,,650.0,-189.0
3556,realistic,3,x0y0,utah,11.248999999999999,13.7,Aa,saline,241.66815003638501,13.7,,b,-1,0.08,soma,78.655465902,921.4259409004984,-90.92357684410854,-47.69648149699606,,921.0,-90.57327054347036,-47.22594205854472,central,5.285000000000126,success,65.0634765625,0.005,"(921, 635, 344)",921.0,635.0,344.0,921.0,,635.0,344.0
3557,realistic,3,x0y0,utah,12.38,15.0,Aa,saline,65.54317221286932,15.0,,b,-1,0.08,soma,82.27062233000002,-1204.93300505075,324.8087530969465,181.10607800253,,-1205.0,325.0309737534998,181.02001882231013,none,0.0,success,105.0,0.005,"(-1205, -427, -161)",-1205.0,-427.0,-161.0,,,,
3558,realistic,3,x0y0,utah,14.033,16.9,Aa,saline,118.12119039781388,16.9,,b,-1,0.08,soma,87.55431249399997,270.07013865492536,206.9103743684477,-98.01033733622671,,270.0,206.9814518098542,-97.60267373921118,none,0.0,success,105.0,0.005,"(270, -524, 293)",270.0,-524.0,293.0,,,,
3559,realistic,3,x0y0,utah,10.988,13.4,Aa,saline,167.83641236908014,13.4,,b,-1,0.08,soma,77.821199034,1201.5407335282325,517.209905297449,-1272.211633221703,,1202.0,517.5979633182319,-1272.3726110278676,central,5.290000000000127,success,105.0,0.005,"(1202, 344, -467)",1202.0,344.0,-467.0,1202.0,,344.0,-467.0
3560,realistic,3,x0y0,utah,9.943999999999999,12.2,Aa,saline,59.498703648907906,12.2,,b,-1,0.08,soma,74.484131562,-1936.6735707934656,865.2678850127959,519.9933659935955,,-1937.0,865.4437638769099,520.3700725904357,periphery,5.2800000000001255,success,90.4449462890625,0.005,"(-1937, 157, 103)",-1937.0,157.0,103.0,-1937.0,,157.0,103.0
3561,realistic,3,x0y0,utah,10.379,12.7,Aa,saline,156.1757701299536,12.7,,b,-1,0.08,soma,75.874576342,200.53371123152058,592.1837034821998,-1322.774293785365,,201.0,592.3843706922669,-1322.823031218831,none,0.0,success,105.0,0.005,"(201, 260, -570)",201.0,260.0,-570.0,,,,
3562,realistic,3,x0y0,utah,11.248999999999999,13.7,Aa,saline,278.7621497702156,13.7,,b,-1,0.08,soma,78.655465902,1104.7050880096544,-162.36848265316303,21.90436533827005,,1105.0,-162.68309847547357,21.54511372843733,central,5.18000000000011,success,12.432861328125,0.005,"(1105, 652, -104)",1105.0,652.0,-104.0,1105.0,,652.0,-104.0
3563,realistic,3,x0y0,utah,11.684,14.2,Aa,saline,130.64811696735148,14.2,,b,-1,0.08,soma,80.045910682,28.99845708780746,1233.6622975853081,-779.6772576358899,,29.0,1233.9449162172168,-779.4199531091275,tjn,5.145000000000104,success,29.095458984375,0.005,"(29, 608, -242)",29.0,608.0,-242.0,29.0,,608.0,-242.0
3564,realistic,3,x0y0,utah,15.947000000000001,19.1,Aa,saline,151.81397797538955,19.1,,b,-1,0.08,soma,93.67226952600001,-914.2627533926564,64.65098318669243,-131.20418345790995,,-914.0,64.87620644856503,-131.1803691801084,none,0.0,success,105.0,0.005,"(-914, -328, 602)",-914.0,-328.0,602.0,,,,
3565,realistic,3,x0y0,utah,15.598999999999998,18.7,Aa,saline,326.88059387550635,18.7,,b,-1,0.08,soma,92.559913702,1886.2647940038805,-670.0724824356225,875.4277309372889,,1886.0,-670.2113684233866,875.1969638627128,none,0.0,success,105.0,0.005,"(1886, -216, 179)",1886.0,-216.0,179.0,,,,
3566,realistic,3,x0y0,utah,10.988,13.4,Aa,saline,137.1922921422413,13.4,,b,-1,0.08,soma,77.821199034,78.5403755379439,821.7273656493558,-1198.6864379068381,,79.0,821.8472523718016,-1198.4208158056713,none,0.0,success,105.0,0.005,"(79, 262, -594)",79.0,262.0,-594.0,,,,
3567,realistic,3,x0y0,utah,11.597,14.1,Aa,saline,-19.75940691435117,14.1,,b,-1,0.08,soma,79.76782172600001,1015.9095278797772,-529.797409948972,1183.2780773532213,,1016.0,-529.8932502627804,1183.2982485131695,none,0.0,success,105.0,0.005,"(1016, -251, 407)",1016.0,-251.0,407.0,,,,
3568,realistic,3,x0y0,utah,14.293999999999999,17.2,Aa,saline,246.5139230881722,17.2,,b,-1,0.08,soma,88.388579362,-1883.691182847195,-117.93491618879257,-51.99845045031088,,-1884.0,-117.53700249541339,-52.4339244378786,periphery,5.2350000000001184,success,43.6431884765625,0.005,"(-1884, 643, 278)",-1884.0,643.0,278.0,-1884.0,,643.0,278.0
3569,realistic,3,x0y0,utah,8.203999999999999,10.2,Aa,saline,50.26829841745677,10.2,,b,-1,0.08,soma,68.922352442,-1130.9123120381335,736.6163654523466,732.7749313166478,,-1131.0,736.1656445139492,732.7995838404634,none,0.0,success,105.0,0.005,"(-1131, 106, 209)",-1131.0,106.0,209.0,,,,
3570,realistic,3,x0y0,utah,11.075,13.5,Aa,saline,161.96763936451356,13.5,,b,-1,0.08,soma,78.09928799,-1726.0511452568733,16.031838794748634,-89.25031172355648,,-1726.0,16.125769780852067,-89.58880647484568,none,0.0,success,105.0,0.005,"(-1726, -239, 694)",-1726.0,-239.0,694.0,,,,
3571,realistic,3,x0y0,utah,9.508999999999999,11.7,Aa,saline,42.55689541789642,11.7,,b,-1,0.08,soma,73.09368678199999,-973.2360135990953,951.4685665355893,1026.2543136069999,,-973.0,951.6121301853334,1026.1514048418107,periphery,5.255000000000122,success,91.845703125,0.005,"(-973, 396, 421)",-973.0,396.0,421.0,-973.0,,396.0,421.0
3572,realistic,3,x0y0,utah,12.38,15.0,Aa,saline,91.90920283415278,15.0,,b,-1,0.08,soma,82.27062233000002,190.80774022229232,351.9770105787848,8.15083112703087,,191.0,351.6396299783013,8.489694138205486,neck0,5.7600000000002005,success,80.45654296875,0.005,"(191, -474, 36)",191.0,-474.0,36.0,191.0,,186.51170398264102,13.99175531056439
3573,realistic,3,x0y0,utah,13.25,16.0,Aa,saline,107.13087944687888,16.0,,b,-1,0.08,soma,85.05151189,-312.0315904167825,106.19735732777008,-35.2003005972274,,-312.0,105.78361238104219,-34.78908770139705,none,0.0,success,105.0,0.005,"(-312, -685, 209)",-312.0,-685.0,209.0,,,,
3574,realistic,3,x0y0,utah,11.771,14.3,Aa,saline,123.87562938405873,14.3,,b,-1,0.08,soma,80.323999638,-244.45226415424167,453.3577007472168,-290.1542099032981,,-244.0,453.04949224973404,-289.94529869911077,none,0.0,success,105.0,0.005,"(-244, -232, 170)",-244.0,-232.0,170.0,,,,
3575,realistic,3,x0y0,utah,11.684,14.2,Aa,saline,72.24846480435599,14.2,,b,-1,0.08,soma,80.045910682,-1916.8047249460687,123.43877542507198,38.47999324561488,,-1917.0,123.7518626667686,38.54949908347095,none,0.0,success,105.0,0.005,"(-1917, -662, -213)",-1917.0,-662.0,-213.0,,,,
3576,realistic,3,x0y0,utah,9.161000000000001,11.3,Aa,saline,180.81240678511318,11.3,,b,-1,0.08,soma,71.981330958,-238.3095190406799,-15.0617760847108,-1449.7349805381368,,-238.0,-14.658067449801804,-1449.9085664124523,none,0.0,success,105.0,0.005,"(-238, -3, -629)",-238.0,-3.0,-629.0,,,,
3577,realistic,3,x0y0,utah,9.683,11.9,Aa,saline,162.0386987670363,11.9,,b,-1,0.08,soma,73.649864694,-180.27476689609355,253.4272463423104,-838.742071174328,,-180.0,253.4508091358149,-838.8020581417014,none,0.0,success,105.0,0.005,"(-180, 0, -57)",-180.0,0.0,-57.0,,,,
3578,realistic,3,x0y0,utah,15.251000000000001,18.3,Aa,saline,323.03546593694415,18.3,,b,-1,0.08,soma,91.447557878,567.5044446151703,-70.6279152742818,102.48159716578951,,568.0,-70.51420827602078,102.74829937226127,none,0.0,success,105.0,0.005,"(568, 429, -561)",568.0,429.0,-561.0,,,,
3579,realistic,3,x0y0,utah,11.858,14.4,Aa,saline,156.06462906236086,14.4,,b,-1,0.08,soma,80.60208859400001,-615.794567028528,27.764927504242223,-59.921497963242466,,-616.0,27.824633671292986,-60.325154487458235,none,0.0,success,105.0,0.005,"(-616, -307, 694)",-616.0,-307.0,694.0,,,,
3580,realistic,3,x0y0,utah,10.64,13.0,Aa,saline,108.6615867128776,13.0,,b,-1,0.08,soma,76.70884321,1530.3986417992194,342.38742143900663,-126.41386279022072,,1530.0,342.0459790285772,-126.4734149136001,none,0.0,success,105.0,0.005,"(1530, -438, 137)",1530.0,-438.0,137.0,,,,
3581,realistic,3,x0y0,utah,9.074,11.2,Aa,saline,161.11396234885274,11.2,,b,-1,0.08,soma,71.703242002,-600.6172750298806,614.6270251155153,-1181.703486571948,,-601.0,614.7096697180237,-1181.6898037911465,periphery,5.225000000000117,success,91.1865234375,0.005,"(-601, 349, -405)",-601.0,349.0,-405.0,-601.0,,349.0,-405.0
3582,realistic,3,x0y0,utah,14.729,17.7,Aa,saline,86.81658869714056,17.7,,b,-1,0.08,soma,89.77902414200001,1113.9817822516666,73.57967741866378,3.100465697967593,,1114.0,73.64467780289374,3.0588679199405107,none,0.0,success,105.0,0.005,"(1114, -755, -43)",1114.0,-755.0,-43.0,,,,
3583,realistic,3,x0y0,utah,10.553,12.9,Aa,saline,128.99023609787682,12.9,,b,-1,0.08,soma,76.430754254,1569.459197512695,208.60490554799844,-177.56985557089317,,1569.0,208.88531264081723,-177.9671152883085,none,0.0,success,105.0,0.005,"(1569, -431, 340)",1569.0,-431.0,340.0,,,,
3584,realistic,3,x0y0,utah,11.51,14.0,Aa,saline,55.42820185938535,14.0,,b,-1,0.08,soma,79.48973277,-338.59589280619275,193.70182452838435,121.42927003063733,,-339.0,194.09492298140924,120.96023718684916,none,0.0,success,105.0,0.005,"(-339, -485, -347)",-339.0,-485.0,-347.0,,,,
3585,realistic,3,x0y0,utah,12.815,15.5,Aa,saline,92.7976794027591,15.5,,b,-1,0.08,soma,83.66106711,944.8525409026248,360.02249765839485,-63.009080292224105,,945.0,359.8383369147342,-63.349330037484016,none,0.0,success,105.0,0.005,"(945, -466, -23)",945.0,-466.0,-23.0,,,,
3586,realistic,3,x0y0,utah,10.988,13.4,Aa,saline,233.16055560006882,13.4,,b,-1,0.08,soma,77.821199034,-1388.1165654169815,-67.43771976935659,-47.497611816729204,,-1388.0,-67.37565279345517,-48.01679547039333,periphery,5.305000000000129,success,96.533203125,0.005,"(-1388, 592, 446)",-1388.0,592.0,446.0,-1388.0,,592.0,446.0
3587,realistic,3,x0y0,utah,8.726,10.8,Aa,saline,258.4849689884893,10.8,,b,-1,0.08,soma,70.590886178,-806.0570500078106,-44.56113365746933,-10.59762120717187,,-806.0,-44.80750468291126,-10.730970440564448,periphery,5.215000000000115,success,38.470458984375,0.005,"(-806, 759, 153)",-806.0,759.0,153.0,-806.0,,759.0,153.0
3588,realistic,3,x0y0,utah,12.206000000000001,14.8,Aa,saline,79.30679413752456,14.8,,b,-1,0.08,soma,81.714444418,541.6161848860125,450.4009288784005,75.121404906879,,542.0,450.4873065425636,75.27910044199041,tjn,5.475000000000156,success,94.04296875,0.005,"(542, -361, -78)",542.0,-361.0,-78.0,542.0,,-361.0,-78.0
3589,realistic,3,x0y0,utah,16.208,19.4,Aa,saline,73.792507310559,19.4,,b,-1,0.08,soma,94.506536394,1984.0419004446185,397.3349053707012,145.7725981169715,,1984.0,397.21281344957936,145.28188715378278,none,0.0,success,105.0,0.005,"(1984, -402, -87)",1984.0,-402.0,-87.0,,,,
3590,realistic,3,x0y0,utah,10.379,12.7,Aa,saline,75.5033162523019,12.7,,b,-1,0.08,soma,75.874576342,1772.4659284614154,431.42029623343427,93.47933962153955,,1772.0,431.76788240716235,92.98120322920138,none,0.0,success,105.0,0.005,"(1772, -365, -113)",1772.0,-365.0,-113.0,,,,
3591,realistic,3,x0y0,utah,10.64,13.0,Aa,saline,-28.51511134031482,13.0,,b,-1,0.08,soma,76.70884321,531.7483179042691,-546.4542273820716,1329.7351246207672,,532.0,-546.0694008742271,1329.4815302643137,none,0.0,success,105.0,0.005,"(532, -153, 606)",532.0,-153.0,606.0,,,,
3592,realistic,3,x0y0,utah,14.729,17.7,Aa,saline,226.19152632887642,17.7,,b,-1,0.08,soma,89.77902414200001,1953.82871076482,-98.00485624788507,-92.86652672580976,,1954.0,-97.93126086164091,-92.44952025554642,central,5.345000000000136,success,90.07415771484375,0.005,"(1954, 501, 482)",1954.0,501.0,482.0,1954.0,,501.0,482.0
3593,realistic,3,x0y0,utah,12.119,14.7,Aa,saline,72.25780513540032,14.7,,b,-1,0.08,soma,81.436355462,-977.96444524455,1242.0669271825466,597.5879537182382,,-978.0,1242.4139924710046,597.5963287546358,periphery,5.24500000000012,success,66.05224609375,0.005,"(-978, 456, 346)",-978.0,456.0,346.0,-978.0,,456.0,346.0
3594,realistic,3,x0y0,utah,14.816,17.8,Aa,saline,65.89250646413966,17.8,,b,-1,0.08,soma,90.05711309799999,203.2787926748132,91.34283225416176,47.63331785693208,,203.0,91.65006641792729,47.98366249461168,none,0.0,success,105.0,0.005,"(203, -666, -291)",203.0,-666.0,-291.0,,,,
3595,realistic,3,x0y0,utah,9.422,11.6,Aa,saline,-19.646898356169828,11.6,,b,-1,0.08,soma,72.815597826,1589.0583341362546,-606.2152468114509,1132.8124082968395,,1589.0,-606.1573019945507,1132.6018650162637,none,0.0,success,105.0,0.005,"(1589, -330, 359)",1589.0,-330.0,359.0,,,,
3596,realistic,3,x0y0,utah,13.597999999999999,16.4,Aa,saline,1.3863198890418456,16.4,,b,-1,0.08,soma,86.16386771399998,1112.6941074470756,8.163578157803839,155.23902756331472,,1113.0,8.039582799339403,154.83350927684307,none,0.0,success,105.0,0.005,"(1113, -12, -673)",1113.0,-12.0,-673.0,,,,
3597,realistic,3,x0y0,utah,13.424,16.2,Aa,saline,53.32226881865331,16.2,,b,-1,0.08,soma,85.607689802,1926.1049085299494,286.52698324694074,178.39847648210025,,1926.0,286.8986836106021,178.44723655936747,none,0.0,success,105.0,0.005,"(1926, -377, -316)",1926.0,-377.0,-316.0,,,,
3598,realistic,3,x0y0,utah,9.074,11.2,Aa,saline,116.27231040245876,11.2,,b,-1,0.08,soma,71.703242002,1959.6814818227688,42.49955218330842,-19.45683518947908,,1960.0,42.05764855159691,-19.308927455042692,none,0.0,success,105.0,0.005,"(1960, -694, 344)",1960.0,-694.0,344.0,,,,
3599,realistic,3,x0y0,utah,14.033,16.9,Aa,saline,46.76487960015388,16.9,,b,-1,0.08,soma,87.55431249399997,-90.40927742639559,253.7340461779268,194.0409824649414,,-90.0,253.76415832593966,193.71235202919524,none,0.0,success,105.0,0.005,"(-90, -350, -374)",-90.0,-350.0,-374.0,,,,
3600,realistic,3,x0y0,utah,12.032,14.6,Aa,saline,113.07550865122356,14.6,,b,-1,0.08,soma,81.15826650599999,1012.8989402785415,493.01828855194844,-227.30075648754382,,1013.0,492.5328025927603,-227.5444623218508,none,0.0,success,105.0,0.005,"(1013, -267, 96)",1013.0,-267.0,96.0,,,,
3601,realistic,3,x0y0,utah,12.815,15.5,Aa,saline,317.4112310647295,15.5,,b,-1,0.08,soma,83.66106711,-387.09926863344117,-678.2802519555621,606.6862926307954,,-387.0,-678.5162220566687,606.7126388031911,none,0.0,success,105.0,0.005,"(-387, -119, -2)",-387.0,-119.0,-2.0,,,,
3602,realistic,3,x0y0,utah,12.554,15.2,Aa,saline,138.4272607627406,15.2,,b,-1,0.08,soma,82.82680024199999,1225.815968116994,281.24643474302275,-377.0166458890613,,1226.0,281.4079323202957,-377.2398646305203,none,0.0,success,105.0,0.005,"(1226, -267, 241)",1226.0,-267.0,241.0,,,,
3603,realistic,3,x0y0,utah,14.293999999999999,17.2,Aa,saline,56.815964707970714,17.2,,b,-1,0.08,soma,88.388579362,268.89363047582714,192.42421119074692,124.48139039706577,,269.0,191.95270103402902,124.81803474241144,none,0.0,success,105.0,0.005,"(269, -502, -329)",269.0,-502.0,-329.0,,,,
3604,realistic,3,x0y0,utah,14.293999999999999,17.2,Aa,saline,84.38530075330421,17.2,,b,-1,0.08,soma,88.388579362,-753.0956242331528,461.1231081549795,31.56103555903109,,-753.0,461.21415709053144,31.095201530801816,none,0.0,success,105.0,0.005,"(-753, -364, -50)",-753.0,-364.0,-50.0,,,,
3605,realistic,3,x0y0,utah,9.508999999999999,11.7,Aa,saline,-18.38420921176131,11.7,,b,-1,0.08,soma,73.09368678199999,1118.842937196205,-609.9033314899339,1134.137906564404,,1119.0,-610.1158744055215,1134.6479543780592,none,0.0,success,105.0,0.005,"(1119, -351, 355)",1119.0,-351.0,355.0,,,,
3606,realistic,3,x0y0,utah,10.64,13.0,Aa,saline,142.878276687566,13.0,,b,-1,0.08,soma,76.70884321,-1729.4915397489444,842.6924067224472,-945.2620555219464,,-1729.0,842.8943934386177,-945.5428157878272,periphery,5.275000000000125,success,71.8017578125,0.005,"(-1729, 346, -289)",-1729.0,346.0,-289.0,-1729.0,,346.0,-289.0
3607,realistic,3,x0y0,utah,10.379,12.7,Aa,saline,319.0625952285626,12.7,,b,-1,0.08,soma,75.874576342,174.98584400742257,-682.4226941525085,790.8595691101863,,175.0,-682.1885112096394,790.6468274843735,none,0.0,success,105.0,0.005,"(175, -143, 169)",175.0,-143.0,169.0,,,,
3608,realistic,3,x0y0,utah,11.248999999999999,13.7,Aa,saline,147.4940070177038,13.7,,b,-1,0.08,soma,78.655465902,117.52361480324569,60.2407339515621,-116.9492346736597,,118.0,59.99372368786754,-117.15557719757851,none,0.0,success,105.0,0.005,"(118, -383, 578)",118.0,-383.0,578.0,,,,
3609,realistic,3,x0y0,utah,11.684,14.2,Aa,saline,62.973877868281576,14.2,,b,-1,0.08,soma,80.045910682,-437.84743386892194,251.38289621803867,117.57901512697526,,-438.0,250.93044861776298,117.89043090695048,none,0.0,success,105.0,0.005,"(-438, -484, -257)",-438.0,-484.0,-257.0,,,,
3610,realistic,3,x0y0,utah,11.075,13.5,Aa,saline,159.2293391251001,13.5,,b,-1,0.08,soma,78.09928799,-241.41415305469314,46.69727062701486,-100.48768755098354,,-241.0,46.20800376062709,-100.48641713532527,none,0.0,success,105.0,0.005,"(-241, -246, 670)",-241.0,-246.0,670.0,,,,
3611,realistic,3,x0y0,utah,11.771,14.3,Aa,saline,54.197719163629685,14.3,,b,-1,0.08,soma,80.323999638,1676.4237300003565,246.93952704834962,227.65684565712127,,1676.0,247.20638185320922,227.71976989411513,none,0.0,success,105.0,0.005,"(1676, -422, -255)",1676.0,-422.0,-255.0,,,,
3612,realistic,3,x0y0,utah,9.596,11.8,Aa,saline,109.13524943244364,11.8,,b,-1,0.08,soma,73.371775738,1111.051754892557,1020.7029865065052,-274.49634012618617,,1111.0,1020.2466582698445,-274.3486340434583,central,5.285000000000126,success,73.2666015625,0.005,"(1111, 244, -5)",1111.0,244.0,-5.0,1111.0,,244.0,-5.0
3613,realistic,3,x0y0,utah,13.772000000000002,16.6,Aa,saline,105.37271294348352,16.6,,b,-1,0.08,soma,86.720045626,30.815807935399732,273.65930782288024,-63.6927328338993,,31.0,273.70473399629475,-63.59824204772636,none,0.0,success,105.0,0.005,"(31, -525, 156)",31.0,-525.0,156.0,,,,
3614,realistic,3,x0y0,utah,13.597999999999999,16.4,Aa,saline,205.26722277810097,16.4,,b,-1,0.08,soma,86.16386771399998,34.106480055749785,-590.4269988729402,-955.192305396678,,34.0,-590.4253693701677,-954.8344927868852,none,0.0,success,105.0,0.005,"(34, -237, -206)",34.0,-237.0,-206.0,,,,
3615,realistic,3,x0y0,utah,14.207,17.1,Aa,saline,5.305690043489707,17.1,,b,-1,0.08,soma,88.110490406,-1852.899682750562,12.648212818714,84.16849790701826,,-1853.0,12.68761018127752,84.49030764862732,none,0.0,success,105.0,0.005,"(-1853, -64, -741)",-1853.0,-64.0,-741.0,,,,
3616,realistic,3,x0y0,utah,10.205,12.5,Aa,saline,173.74805841713658,12.5,,b,-1,0.08,soma,75.31839843,-1470.014545811864,66.56096691799712,-1214.3044258946818,,-1470.0,66.58758679451351,-1214.8055099396315,none,0.0,success,105.0,0.005,"(-1470, -23, -397)",-1470.0,-23.0,-397.0,,,,
3617,realistic,3,x0y0,utah,8.552,10.6,Aa,saline,5.039734555819228,10.6,,b,-1,0.08,soma,70.03470826600001,936.842480546024,301.73404832421875,1292.3853454296395,,937.0,301.9975236928774,1292.8192864518815,none,0.0,success,105.0,0.005,"(937, 230, 476)",937.0,230.0,476.0,,,,
3618,realistic,3,x0y0,utah,11.51,14.0,Aa,saline,103.92698275084946,14.0,,b,-1,0.08,soma,79.48973277,1966.9581619737269,371.0180822086022,-39.90912485617629,,1967.0,371.4973673132813,-39.51608933886956,none,0.0,success,105.0,0.005,"(1967, -429, 159)",1967.0,-429.0,159.0,,,,
3619,realistic,3,x0y0,utah,10.292,12.6,Aa,saline,162.41433200781583,12.6,,b,-1,0.08,soma,75.596487386,-1267.4499802645892,573.5362273713234,-1224.6428464608239,,-1267.0,573.5673494196553,-1224.3735657125371,periphery,5.200000000000113,success,105.0,0.005,"(-1267, 325, -440)",-1267.0,325.0,-440.0,-1267.0,,325.0,-440.0
3620,realistic,3,x0y0,utah,15.338,18.4,Aa,saline,249.36432720963646,18.4,,b,-1,0.08,soma,91.725646834,1079.8192824423234,-111.85313630264635,-50.78895805038519,,1080.0,-111.5214301536289,-50.79605897215089,central,5.270000000000124,success,35.736083984375,0.005,"(1080, 666, 242)",1080.0,666.0,242.0,1080.0,,666.0,242.0
3621,realistic,3,x0y0,utah,12.293000000000001,14.9,Aa,saline,106.29743906660748,14.9,,b,-1,0.08,soma,81.99253337399999,-1881.1180265172995,576.6178206399059,-211.4428515725617,,-1881.0,576.7912167661829,-211.77455243237227,none,0.0,success,105.0,0.005,"(-1881, -216, 20)",-1881.0,-216.0,20.0,,,,
3622,realistic,3,x0y0,utah,13.772000000000002,16.6,Aa,saline,237.5133036898697,16.6,,b,-1,0.08,soma,86.720045626,-153.23547433816498,-128.607403461378,-73.86279509851465,,-153.0,-128.72167924276573,-73.91216825286244,periphery,5.215000000000115,success,66.05224609375,0.005,"(-153, 570, 371)",-153.0,570.0,371.0,-153.0,,570.0,371.0
3623,realistic,3,x0y0,utah,16.555999999999997,19.8,Aa,saline,-7.428443270023004,19.8,,b,-1,0.08,soma,95.618892218,332.1771597382035,-429.2931282064674,1380.5826356147134,,332.0,-429.68226138189374,1380.8138467616848,none,0.0,success,105.0,0.005,"(332, -322, 555)",332.0,-322.0,555.0,,,,
3624,realistic,3,x0y0,utah,9.683,11.9,Aa,saline,25.97329438270303,11.9,,b,-1,0.08,soma,73.649864694,859.0597784304347,40.54531138494258,93.4475933324261,,859.0,40.95932036798615,93.82061417995328,none,0.0,success,105.0,0.005,"(859, -319, -645)",859.0,-319.0,-645.0,,,,
3625,realistic,3,x0y0,utah,9.683,11.9,Aa,saline,50.25790422148521,11.9,,b,-1,0.08,soma,73.649864694,1201.9790527008295,1071.5394122471498,811.5770679843954,,1202.0,1071.9011904816084,811.3926792494373,central,5.250000000000121,success,53.9306640625,0.005,"(1202, 440, 286)",1202.0,440.0,286.0,1202.0,,440.0,286.0
3626,realistic,3,x0y0,utah,10.553,12.9,Aa,saline,189.23063126809646,12.9,,b,-1,0.08,soma,76.430754254,-4.344372220198123,-148.68340034337143,-1351.235499418124,,-4.0,-149.04374649117082,-1351.595898762062,none,0.0,success,105.0,0.005,"(-4, -17, -539)",-4.0,-17.0,-539.0,,,,
3627,realistic,3,x0y0,utah,13.337000000000002,16.1,Aa,saline,122.37195499642901,16.1,,b,-1,0.08,soma,85.329600846,-983.183190445326,264.78449917620134,-157.2877900650974,,-983.0,265.045690437266,-157.1317341464743,none,0.0,success,105.0,0.005,"(-983, -434, 286)",-983.0,-434.0,286.0,,,,
3628,realistic,3,x0y0,utah,15.598999999999998,18.7,Aa,saline,305.78253563099213,18.7,,b,-1,0.08,soma,92.559913702,1753.010928649987,-85.83518463719383,66.18969412773549,,1753.0,-85.3343009975315,66.0493907707799,central,5.340000000000135,success,78.55224609375,0.005,"(1753, 589, -420)",1753.0,589.0,-420.0,1753.0,,589.0,-420.0
3629,realistic,3,x0y0,utah,11.075,13.5,Aa,saline,130.23647505388797,13.5,,b,-1,0.08,soma,78.09928799,-465.05120814942086,169.14695374356415,-130.89600070369852,,-465.0,169.07949822578314,-131.25366505637066,none,0.0,success,105.0,0.005,"(-465, -460, 401)",-465.0,-460.0,401.0,,,,
3630,realistic,3,x0y0,utah,12.728,15.4,Aa,saline,92.65052462204876,15.4,,b,-1,0.08,soma,83.382978154,1638.1150899508289,509.95441117874816,-66.25137925805075,,1638.0,509.78212843901554,-66.1931467953574,none,0.0,success,105.0,0.005,"(1638, -316, -28)",1638.0,-316.0,-28.0,,,,
3631,realistic,3,x0y0,utah,9.943999999999999,12.2,Aa,saline,120.01247584243737,12.2,,b,-1,0.08,soma,74.484131562,-1966.3703406606412,120.00778363767496,-66.79062789840327,,-1966.0,119.97940475976816,-67.28548130365635,none,0.0,success,105.0,0.005,"(-1966, -592, 344)",-1966.0,-592.0,344.0,,,,
3632,realistic,3,x0y0,utah,13.076,15.8,Aa,saline,69.09292666109552,15.8,,b,-1,0.08,soma,84.495333978,-1062.1702216701103,90.52401688624786,38.758064844016644,,-1062.0,90.81477050112403,39.244692348374144,none,0.0,success,105.0,0.005,"(-1062, -682, -256)",-1062.0,-682.0,-256.0,,,,
3633,realistic,3,x0y0,utah,9.77,12.0,Aa,saline,75.4752878700657,12.0,,b,-1,0.08,soma,73.92795365,-891.2613277669392,1168.7562802409202,402.1741717158052,,-891.0,1168.6611295666003,402.14856538771005,periphery,5.24500000000012,success,55.615234375,0.005,"(-891, 373, 196)",-891.0,373.0,196.0,-891.0,,373.0,196.0
3634,realistic,3,x0y0,utah,11.423,13.9,Aa,saline,106.31799440519708,13.9,,b,-1,0.08,soma,79.211643814,1854.040326965748,366.93333315180826,-125.82614237277176,,1854.0,367.37420728414816,-125.71423595586711,none,0.0,success,105.0,0.005,"(1854, -424, 106)",1854.0,-424.0,106.0,,,,
3635,realistic,3,x0y0,utah,9.422,11.6,Aa,saline,30.72859674923005,11.6,,b,-1,0.08,soma,72.815597826,229.02476285818275,523.8953920838558,1359.924845910472,,229.0,523.7393852445432,1360.0821439456151,none,0.0,success,105.0,0.005,"(229, 104, 654)",229.0,104.0,654.0,,,,
3636,realistic,3,x0y0,utah,11.161999999999999,13.6,Aa,saline,178.929899589755,13.6,,b,-1,0.08,soma,78.377376946,-441.1153720067582,-188.14276034997283,-1434.3930626171066,,-441.0,-188.5876715255549,-1434.0238507353056,none,0.0,success,105.0,0.005,"(-441, -204, -610)",-441.0,-204.0,-610.0,,,,
3637,realistic,3,x0y0,utah,10.118,12.4,Aa,saline,121.59822929287468,12.4,,b,-1,0.08,soma,75.040309474,1473.4635382119598,364.39702552737845,-182.181123084552,,1473.0,364.5404157895031,-182.00056108218814,none,0.0,success,105.0,0.005,"(1473, -336, 249)",1473.0,-336.0,249.0,,,,
3638,realistic,3,x0y0,utah,10.727,13.1,Aa,saline,124.24704499742779,13.1,,b,-1,0.08,soma,76.986932166,185.46463379258068,1051.2306962605994,-586.8492618683549,,185.0,1051.6996990642078,-586.4621227115124,tjn,5.155000000000106,success,38.470458984375,0.005,"(185, 371, -123)",185.0,371.0,-123.0,185.0,,371.0,-123.0
3639,realistic,3,x0y0,utah,10.901,13.3,Aa,saline,93.71128156134924,13.3,,b,-1,0.08,soma,77.54311007800001,-1448.767174911665,1303.570405278776,69.32096155532146,,-1449.0,1304.0416347734185,69.7019803889767,periphery,5.18000000000011,success,28.38134765625,0.005,"(-1449, 482, 123)",-1449.0,482.0,123.0,-1449.0,,482.0,123.0
3640,realistic,3,x0y0,utah,9.161000000000001,11.3,Aa,saline,37.798026839183606,11.3,,b,-1,0.08,soma,71.981330958,-429.84561499319466,558.0761027434487,832.0693416630647,,-430.0,558.1851788720792,831.746823861506,none,0.0,success,105.0,0.005,"(-430, 55, 183)",-430.0,55.0,183.0,,,,
3641,realistic,3,x0y0,utah,14.207,17.1,Aa,saline,81.32193208752075,17.1,,b,-1,0.08,soma,88.110490406,-1835.9246292569974,275.12886918274944,65.97907190105389,,-1836.0,275.6040154076861,66.10443650113274,none,0.0,success,105.0,0.005,"(-1836, -544, -59)",-1836.0,-544.0,-59.0,,,,
3642,realistic,3,x0y0,utah,15.424999999999999,18.5,Aa,saline,75.67709965181837,18.5,,b,-1,0.08,soma,92.00373579,-1565.4735003402225,199.19241664898567,83.35100889380647,,-1565.0,199.15770980346565,83.58986211722305,none,0.0,success,105.0,0.005,"(-1565, -606, -122)",-1565.0,-606.0,-122.0,,,,
3643,realistic,3,x0y0,utah,10.901,13.3,Aa,saline,105.93424888691588,13.3,,b,-1,0.08,soma,77.54311007800001,1983.5384682626568,827.6901679351962,-223.9443078695972,,1984.0,828.1387273255027,-224.1252918582056,none,0.0,success,105.0,0.005,"(1984, 36, 2)",1984.0,36.0,2.0,,,,
3644,realistic,3,x0y0,utah,12.206000000000001,14.8,Aa,saline,330.49485710535464,14.8,,b,-1,0.08,soma,81.714444418,124.0056893449506,-470.15452530880975,885.3666590791862,,124.0,-469.7346819379326,885.7435404884928,none,0.0,success,105.0,0.005,"(124, -63, 167)",124.0,-63.0,167.0,,,,
3645,realistic,3,x0y0,utah,9.248000000000001,11.4,Aa,saline,-15.349914614350356,11.4,,b,-1,0.08,soma,72.25941991399999,-1149.3495145234913,-480.39164867013284,1298.2314085058126,,-1149.0,-480.35303422561793,1297.8153793115353,none,0.0,success,105.0,0.005,"(-1149, -263, 506)",-1149.0,-263.0,506.0,,,,
3646,realistic,3,x0y0,utah,12.728,15.4,Aa,saline,45.051212275187986,15.4,,b,-1,0.08,soma,83.382978154,-536.6464377127578,145.3062891303639,115.98629200033336,,-537.0,145.04956681979309,116.05753703290065,none,0.0,success,105.0,0.005,"(-537, -440, -468)",-537.0,-440.0,-468.0,,,,
3647,realistic,3,x0y0,utah,9.943999999999999,12.2,Aa,saline,94.40965226514123,12.2,,b,-1,0.08,soma,74.484131562,1562.5105007295458,227.10510446767103,-44.336046353346774,,1563.0,226.77533958365734,-44.230414858558916,none,0.0,success,105.0,0.005,"(1563, -593, 19)",1563.0,-593.0,19.0,,,,
3648,realistic,3,x0y0,utah,10.988,13.4,Aa,saline,44.37750064787565,13.4,,b,-1,0.08,soma,77.821199034,-1363.3559948138925,38.33333302209029,38.341696599940406,,-1363.0,38.24307330218994,37.84890547480006,none,0.0,success,105.0,0.005,"(-1363, -538, -551)",-1363.0,-538.0,-551.0,,,,
3649,realistic,3,x0y0,utah,10.814,13.2,Aa,saline,89.64885237518152,13.2,,b,-1,0.08,soma,77.26502112200002,1356.6440169869302,493.712171880024,-48.41923406153045,,1357.0,493.63251056100023,-47.9758416855779,none,0.0,success,105.0,0.005,"(1357, -330, -53)",1357.0,-330.0,-53.0,,,,
3650,realistic,3,x0y0,utah,12.467,15.1,Aa,saline,95.3605195407825,15.1,,b,-1,0.08,soma,82.548711286,-308.12438841424574,504.6660646611914,-74.36283408208466,,-308.0,504.638748478171,-74.1740248170562,neck0,5.665000000000186,success,46.8017578125,0.005,"(-308, -318, 3)",-308.0,-318.0,3.0,-308.0,,340.1109987825368,-58.73921985364497
3651,realistic,3,x0y0,utah,14.642000000000001,17.6,Aa,saline,136.46433161426802,17.6,,b,-1,0.08,soma,89.500935186,563.2926995922587,114.62071745350842,-104.94364263474972,,563.0,114.53212207805848,-104.48611395816579,none,0.0,success,105.0,0.005,"(563, -457, 497)",563.0,-457.0,497.0,,,,
3652,realistic,3,x0y0,utah,7.943,9.9,Aa,saline,51.43313354588701,9.9,,b,-1,0.08,soma,68.08808557399999,-1106.3875695445383,345.5775243732752,271.2660877124154,,-1106.0,345.4105370551555,271.5920562734159,none,0.0,success,105.0,0.005,"(-1106, -295, -239)",-1106.0,-295.0,-239.0,,,,
3653,realistic,3,x0y0,utah,13.511000000000001,16.3,Aa,saline,127.30599506663805,16.3,,b,-1,0.08,soma,85.885778758,785.5810275493125,133.76873031860123,-117.92158507699742,,786.0,133.5457742120568,-117.816185252612,none,0.0,success,105.0,0.005,"(786, -525, 384)",786.0,-525.0,384.0,,,,
3654,realistic,3,x0y0,utah,10.64,13.0,Aa,saline,294.9224544463524,13.0,,b,-1,0.08,soma,76.70884321,1583.2239120941244,-79.75783352921235,44.86969465472158,,1583.0,-79.70012495357469,44.96155326434706,central,5.260000000000122,success,60.296630859375,0.005,"(1583, 667, -302)",1583.0,667.0,-302.0,1583.0,,667.0,-302.0
3655,realistic,3,x0y0,utah,13.25,16.0,Aa,saline,300.2134486041138,16.0,,b,-1,0.08,soma,85.05151189,991.9520380575226,-86.92335012369404,35.736289287280215,,992.0,-87.14775828766915,35.4109603915241,central,5.340000000000135,success,72.900390625,0.005,"(992, 628, -381)",992.0,628.0,-381.0,992.0,,628.0,-381.0
3656,realistic,3,x0y0,utah,14.381,17.3,Aa,saline,88.33596075617096,17.3,,b,-1,0.08,soma,88.66666831799999,1077.5617488710957,324.85984396439426,44.22600345781984,,1078.0,325.0016008253367,44.05066669061101,none,0.0,success,105.0,0.005,"(1078, -504, 20)",1078.0,-504.0,20.0,,,,
3657,realistic,3,x0y0,utah,13.772000000000002,16.6,Aa,saline,104.83154084927207,16.6,,b,-1,0.08,soma,86.720045626,-414.4280889047576,78.05821231652591,-17.02938404504448,,-414.0,77.77563405332728,-17.060165840128064,none,0.0,success,105.0,0.005,"(-414, -723, 195)",-414.0,-723.0,195.0,,,,
3658,realistic,3,x0y0,utah,14.207,17.1,Aa,saline,75.48628674658647,17.1,,b,-1,0.08,soma,88.110490406,-856.4606684197336,548.0073908067434,201.79345489231358,,-856.0,547.6083828810246,201.76124444787186,none,0.0,success,105.0,0.005,"(-856, -255, -6)",-856.0,-255.0,-6.0,,,,
3659,realistic,3,x0y0,utah,13.511000000000001,16.3,Aa,saline,87.84311293198807,16.3,,b,-1,0.08,soma,85.885778758,1705.673475375273,415.4927926457791,6.557552624735763,,1706.0,415.36332935643486,6.1306526406504105,none,0.0,success,105.0,0.005,"(1706, -412, -25)",1706.0,-412.0,-25.0,,,,
3660,realistic,3,x0y0,utah,10.901,13.3,Aa,saline,90.18471704636336,13.3,,b,-1,0.08,soma,77.54311007800001,-470.19411612223007,1434.0305310454426,51.250495229065116,,-470.0,1433.7715550390003,51.363931023875196,periphery,5.130000000000102,success,5.8502197265625,0.005,"(-470, 610, 54)",-470.0,610.0,54.0,-470.0,,610.0,54.0
3661,realistic,3,x0y0,utah,12.38,15.0,Aa,saline,347.84304575552665,15.0,,b,-1,0.08,soma,82.27062233000002,-572.0928425620017,-175.931362380873,817.5550094907758,,-572.0,-175.98409653134908,817.6298801949043,none,0.0,success,105.0,0.005,"(-572, -2, 10)",-572.0,-2.0,10.0,,,,
3662,realistic,3,x0y0,utah,10.379,12.7,Aa,saline,116.99467891793535,12.7,,b,-1,0.08,soma,75.874576342,640.3907445826425,1326.4704936606822,-510.1355029991664,,640.0,1326.237123760361,-510.531235100817,central,5.18000000000011,success,23.236083984375,0.005,"(640, 593, -137)",640.0,593.0,-137.0,640.0,,593.0,-137.0
3663,realistic,3,x0y0,utah,10.379,12.7,Aa,saline,130.47965715922132,12.7,,b,-1,0.08,soma,75.874576342,572.7729780217891,892.9773848881946,-794.2589923493559,,573.0,892.9261013828628,-794.2508874806133,central,5.260000000000122,success,90.4449462890625,0.005,"(573, 267, -260)",573.0,267.0,-260.0,573.0,,267.0,-260.0
3664,realistic,3,x0y0,utah,8.552,10.6,Aa,saline,161.56591837229044,10.6,,b,-1,0.08,soma,70.03470826600001,412.9267074063434,531.9239037050666,-1168.9673889333847,,413.0,532.2894873768546,-1168.9504638659773,central,5.200000000000113,success,99.90234375,0.005,"(413, 273, -391)",413.0,273.0,-391.0,413.0,,273.0,-391.0
3665,realistic,3,x0y0,utah,13.946,16.8,Aa,saline,38.1335275758933,16.8,,b,-1,0.08,soma,87.27622353800001,-1259.7773916434155,27.709477655749197,39.01787737890164,,-1260.0,27.684034017357703,38.80673871749559,none,0.0,success,105.0,0.005,"(-1260, -484, -613)",-1260.0,-484.0,-613.0,,,,
3666,realistic,3,x0y0,utah,9.683,11.9,Aa,saline,49.24673389847339,11.9,,b,-1,0.08,soma,73.649864694,1911.5556217969047,468.3775236650868,423.4899932729659,,1912.0,468.5323862528527,423.48731583612187,none,0.0,success,105.0,0.005,"(1912, -154, -113)",1912.0,-154.0,-113.0,,,,
3667,realistic,3,x0y0,utah,9.683,11.9,Aa,saline,9.273911614927364,11.9,,b,-1,0.08,soma,73.649864694,-1485.7300947098763,13.818580212391224,993.0464237169999,,-1486.0,13.478179094336468,993.0590257332545,none,0.0,success,105.0,0.005,"(-1486, -119, 182)",-1486.0,-119.0,182.0,,,,
3668,realistic,3,x0y0,utah,9.335,11.5,Aa,saline,44.760184672336976,11.5,,b,-1,0.08,soma,72.53750887,669.1452590816505,496.5932102554552,512.0789772646431,,669.0,496.2553299976836,512.1829425242936,none,0.0,success,105.0,0.005,"(669, -82, -71)",669.0,-82.0,-71.0,,,,
3669,realistic,3,x0y0,utah,10.988,13.4,Aa,saline,126.13654172213283,13.4,,b,-1,0.08,soma,77.821199034,140.03188902269216,1204.4635632857974,-817.6118589462117,,140.0,1204.3902001699294,-817.860080535175,periphery,5.1650000000001075,success,48.2666015625,0.005,"(140, 539, -332)",140.0,539.0,-332.0,140.0,,539.0,-332.0
3670,realistic,3,x0y0,utah,9.335,11.5,Aa,saline,82.36166994397456,11.5,,b,-1,0.08,soma,72.53750887,1390.0117245279928,267.34349163243905,27.253995559916355,,1390.0,266.95946252052875,27.14661746441152,none,0.0,success,105.0,0.005,"(1390, -547, -82)",1390.0,-547.0,-82.0,,,,
3671,realistic,3,x0y0,utah,14.381,17.3,Aa,saline,51.16020621586381,17.3,,b,-1,0.08,soma,88.66666831799999,-811.3989595934893,342.3143712310166,335.9440979461733,,-811.0,341.9677339764454,336.0749338511091,none,0.0,success,105.0,0.005,"(-811, -304, -184)",-811.0,-304.0,-184.0,,,,
3672,realistic,3,x0y0,utah,11.771,14.3,Aa,saline,154.08403506762582,14.3,,b,-1,0.08,soma,80.323999638,-1226.3461909630514,42.10140214674357,-104.23279020986502,,-1226.0,41.67831012088499,-104.15070263720884,none,0.0,success,105.0,0.005,"(-1226, -319, 638)",-1226.0,-319.0,638.0,,,,
3673,realistic,3,x0y0,utah,9.943999999999999,12.2,Aa,saline,106.08261329475701,12.2,,b,-1,0.08,soma,74.484131562,582.7374793889144,1315.6343040356267,-279.2711890625737,,583.0,1316.0924010089632,-278.7610522213371,central,5.1650000000001075,success,16.4031982421875,0.005,"(583, 526, -51)",583.0,526.0,-51.0,583.0,,526.0,-51.0
3674,realistic,3,x0y0,utah,12.641,15.3,Aa,saline,14.898579199668074,15.3,,b,-1,0.08,soma,83.104889198,-581.1331787055362,13.14917007355234,87.57412427599866,,-581.0,13.506633506402977,87.78028246047393,none,0.0,success,105.0,0.005,"(-581, -199, -711)",-581.0,-199.0,-711.0,,,,
3675,realistic,3,x0y0,utah,10.379,12.7,Aa,saline,56.09267782774985,12.7,,b,-1,0.08,soma,75.874576342,488.7300509877628,318.2577841975808,156.87958936897212,,489.0,317.9556554531131,157.11671307060095,none,0.0,success,105.0,0.005,"(489, -365, -302)",489.0,-365.0,-302.0,,,,
3676,realistic,3,x0y0,utah,11.423,13.9,Aa,saline,144.21511304139474,13.9,,b,-1,0.08,soma,79.211643814,416.1053469834842,24.944552625175675,-39.54869209384425,,416.0,25.147024069023075,-39.92024273095865,none,0.0,success,105.0,0.005,"(416, -457, 629)",416.0,-457.0,629.0,,,,
3677,realistic,3,x0y0,utah,9.508999999999999,11.7,Aa,saline,143.24917422185985,11.7,,b,-1,0.08,soma,73.09368678199999,-1977.5326255542238,510.6505563867672,-826.3276327531337,,-1978.0,510.53147640083546,-826.2233309248693,none,0.0,success,105.0,0.005,"(-1978, 19, -168)",-1978.0,19.0,-168.0,,,,
3678,realistic,3,x0y0,utah,15.598999999999998,18.7,Aa,saline,220.9218182160104,18.7,,b,-1,0.08,soma,92.559913702,-252.7048930041105,-109.75739927849101,-134.19836645565738,,-253.0,-109.48837173740526,-134.11513539661587,none,0.0,success,105.0,0.005,"(-253, 435, 494)",-253.0,435.0,494.0,,,,
3679,realistic,3,x0y0,utah,10.379,12.7,Aa,saline,151.42133700113544,12.7,,b,-1,0.08,soma,75.874576342,878.5053535571762,678.2893631533684,-1214.2106588108513,,879.0,678.6931986610065,-1214.7035264717724,none,0.0,success,105.0,0.005,"(879, 285, -492)",879.0,285.0,-492.0,,,,
3680,realistic,3,x0y0,utah,13.685,16.5,Aa,saline,64.74280400934357,16.5,,b,-1,0.08,soma,86.44195667,1797.2312372786578,286.1155292933645,196.54004812963376,,1797.0,286.04305280617416,196.40189145554456,none,0.0,success,105.0,0.005,"(1797, -463, -157)",1797.0,-463.0,-157.0,,,,
3681,realistic,3,x0y0,utah,12.641,15.3,Aa,saline,105.401391813492,15.3,,b,-1,0.08,soma,83.104889198,-1693.4215966374154,343.9844103970308,-59.521122012768046,,-1693.0,343.87921183789615,-59.532329285494484,none,0.0,success,105.0,0.005,"(-1693, -453, 160)",-1693.0,-453.0,160.0,,,,
3682,realistic,3,x0y0,utah,10.814,13.2,Aa,saline,199.87438811864098,13.2,,b,-1,0.08,soma,77.26502112200002,892.0884365129426,-451.82850970050725,-930.2712404211087,,892.0,-452.0350535907401,-930.5440129315647,none,0.0,success,105.0,0.005,"(892, -172, -156)",892.0,-172.0,-156.0,,,,
3683,realistic,3,x0y0,utah,10.814,13.2,Aa,saline,111.40802110702542,13.2,,b,-1,0.08,soma,77.26502112200002,-449.8996608133458,1306.3281809269427,-360.6259014621619,,-450.0,1306.8018673322913,-360.6258663547651,periphery,5.140000000000104,success,10.324859619140625,0.005,"(-450, 540, -60)",-450.0,540.0,-60.0,-450.0,,540.0,-60.0
3684,realistic,3,x0y0,utah,11.684,14.2,Aa,saline,59.10691029711506,14.2,,b,-1,0.08,soma,80.045910682,822.9775847748938,232.37945533211902,137.09517849240456,,823.0,231.95219797811228,136.56678527206947,none,0.0,success,105.0,0.005,"(823, -476, -287)",823.0,-476.0,-287.0,,,,
3685,realistic,3,x0y0,utah,10.901,13.3,Aa,saline,73.43006409375015,13.3,,b,-1,0.08,soma,77.54311007800001,759.2295424625063,176.71186917024215,42.76056498008893,,759.0,176.58503550488183,42.939647497122905,none,0.0,success,105.0,0.005,"(759, -613, -192)",759.0,-613.0,-192.0,,,,
3686,realistic,3,x0y0,utah,10.814,13.2,Aa,saline,252.31774634689253,13.2,,b,-1,0.08,soma,77.26502112200002,606.5886945428991,-156.06402690371397,-42.07526660953681,,607.0,-155.75705606252097,-42.13719345737579,central,5.225000000000117,success,35.46142578125,0.005,"(607, 629, 208)",607.0,629.0,208.0,607.0,,629.0,208.0
3687,realistic,3,x0y0,utah,9.77,12.0,Aa,saline,134.04393192478858,12.0,,b,-1,0.08,soma,73.92795365,-623.5204052835018,1176.797018420444,-811.0304820503627,,-624.0,1176.8277065418101,-811.4293566887402,periphery,5.175000000000109,success,36.4501953125,0.005,"(-624, 586, -240)",-624.0,586.0,-240.0,-624.0,,586.0,-240.0
3688,realistic,3,x0y0,utah,13.511000000000001,16.3,Aa,saline,56.75552145394082,16.3,,b,-1,0.08,soma,85.885778758,1227.5538279328791,47.92335269380783,38.808318120129115,,1228.0,47.4086383876579,38.87829195756797,none,0.0,success,105.0,0.005,"(1228, -645, -415)",1228.0,-645.0,-415.0,,,,
3689,realistic,3,x0y0,utah,10.553,12.9,Aa,saline,80.58561020336356,12.9,,b,-1,0.08,soma,76.430754254,-389.3093329354158,303.88548449320615,63.693018706130246,,-389.0,304.10196953578577,63.678035697977236,none,0.0,success,105.0,0.005,"(-389, -508, -71)",-389.0,-508.0,-71.0,,,,
3690,realistic,3,x0y0,utah,11.597,14.1,Aa,saline,199.72080532268959,14.1,,b,-1,0.08,soma,79.76782172600001,1334.0797633341906,-59.062415246694854,-130.83870132741686,,1334.0,-59.315831525176236,-130.4632252953421,none,0.0,success,105.0,0.005,"(1334, 219, 646)",1334.0,219.0,646.0,,,,
3691,realistic,3,x0y0,utah,11.771,14.3,Aa,saline,117.70208749746405,14.3,,b,-1,0.08,soma,80.323999638,-1924.7054367062372,382.8106767066288,-162.09685234307017,,-1925.0,382.5984346397428,-162.61781371585317,none,0.0,success,105.0,0.005,"(-1925, -348, 221)",-1925.0,-348.0,221.0,,,,
3692,realistic,3,x0y0,utah,11.161999999999999,13.6,Aa,saline,92.28705665005012,13.6,,b,-1,0.08,soma,78.377376946,202.9278382519424,235.58274401561584,-49.60649854875783,,203.0,235.5293375222219,-49.88512867007271,none,0.0,success,105.0,0.005,"(203, -588, -17)",203.0,-588.0,-17.0,,,,
3693,realistic,3,x0y0,utah,9.683,11.9,Aa,saline,162.08145085597562,11.9,,b,-1,0.08,soma,73.649864694,46.70400226733595,267.86803907994357,-1436.7320313191876,,47.0,267.87553168317197,-1436.9664231281708,none,0.0,success,105.0,0.005,"(47, 15, -655)",47.0,15.0,-655.0,,,,
3694,realistic,3,x0y0,utah,11.075,13.5,Aa,saline,69.50876395364153,13.5,,b,-1,0.08,soma,78.09928799,-294.21554170538354,156.75367696254534,53.53671764537921,,-294.0,156.8873015301167,53.499780362649574,none,0.0,success,105.0,0.005,"(-294, -615, -235)",-294.0,-615.0,-235.0,,,,
3695,realistic,3,x0y0,utah,15.077000000000002,18.1,Aa,saline,119.19246712477684,18.1,,b,-1,0.08,soma,90.891379966,-1494.2500539205212,240.76944505199845,-144.52204688252414,,-1494.0,240.97908735515932,-144.00836300470928,none,0.0,success,105.0,0.005,"(-1494, -484, 261)",-1494.0,-484.0,261.0,,,,
3696,realistic,3,x0y0,utah,10.205,12.5,Aa,saline,195.28986043875926,12.5,,b,-1,0.08,soma,75.31839843,875.2456489217084,-391.7380885834191,-1315.777491558263,,875.0,-391.93523083299556,-1315.5370635627892,none,0.0,success,105.0,0.005,"(875, -175, -522)",875.0,-175.0,-522.0,,,,
3697,realistic,3,x0y0,utah,13.511000000000001,16.3,Aa,saline,203.04164719840642,16.3,,b,-1,0.08,soma,85.885778758,1473.9990769983488,-55.44889159921604,-124.30306150031085,,1474.0,-55.05684690294072,-123.87304680655598,none,0.0,success,105.0,0.005,"(1474, 269, 638)",1474.0,269.0,638.0,,,,
3698,realistic,3,x0y0,utah,10.553,12.9,Aa,saline,82.28704017367608,12.9,,b,-1,0.08,soma,76.430754254,1166.3218207476882,287.2882390824538,77.49528600418627,,1166.0,287.80643873285726,77.47550361044344,none,0.0,success,105.0,0.005,"(1166, -528, -33)",1166.0,-528.0,-33.0,,,,
3699,realistic,3,x0y0,utah,13.25,16.0,Aa,saline,50.165931010517255,16.0,,b,-1,0.08,soma,85.05151189,1710.6543420677624,177.74146329102226,135.82735993759388,,1711.0,177.45702799016567,136.11299925836715,none,0.0,success,105.0,0.005,"(1711, -458, -394)",1711.0,-458.0,-394.0,,,,
3700,realistic,3,x0y0,utah,15.598999999999998,18.7,Aa,saline,78.78516409296704,18.7,,b,-1,0.08,soma,92.559913702,504.99484143126864,362.02308245617684,55.21172125362955,,505.0,362.40250967514623,55.68395160751956,none,0.0,success,105.0,0.005,"(505, -453, -106)",505.0,-453.0,-106.0,,,,
3701,realistic,3,x0y0,utah,13.337000000000002,16.1,Aa,saline,167.03712596568946,16.1,,b,-1,0.08,soma,85.329600846,718.1754471596289,16.11124245269184,-165.82727690535557,,718.0,15.645214734878948,-165.55934801221372,none,0.0,success,105.0,0.005,"(718, -170, 641)",718.0,-170.0,641.0,,,,
3702,realistic,3,x0y0,utah,13.511000000000001,16.3,Aa,saline,106.65922735919943,16.3,,b,-1,0.08,soma,85.885778758,-372.89623203303887,413.13622797276,-146.28033608813033,,-373.0,413.1692880250822,-146.37122638495939,tjn,5.470000000000155,success,96.0205078125,0.005,"(-373, -380, 91)",-373.0,-380.0,91.0,-373.0,,-380.0,91.0
3703,realistic,3,x0y0,utah,13.511000000000001,16.3,Aa,saline,97.4769330155292,16.3,,b,-1,0.08,soma,85.885778758,-992.9462057036153,557.453232276016,-27.03976727381587,,-993.0,557.9053748192788,-26.71536990820792,none,0.0,success,105.0,0.005,"(-993, -263, 81)",-993.0,-263.0,81.0,,,,
3704,realistic,3,x0y0,utah,13.076,15.8,Aa,saline,348.16891085820686,15.8,,b,-1,0.08,soma,84.495333978,1794.040886825976,-29.86160017254497,139.41250247404696,,1794.0,-29.58577173274503,139.71001644883336,none,0.0,success,105.0,0.005,"(1794, 140, -670)",1794.0,140.0,-670.0,,,,
3705,realistic,3,x0y0,utah,14.816,17.8,Aa,saline,62.508487147695895,17.8,,b,-1,0.08,soma,90.05711309799999,-946.728314886428,188.57382989742646,96.42400333668185,,-947.0,188.31833251461808,96.1411817030185,none,0.0,success,105.0,0.005,"(-947, -548, -287)",-947.0,-548.0,-287.0,,,,
3706,realistic,3,x0y0,utah,14.033,16.9,Aa,saline,68.48965056585577,16.9,,b,-1,0.08,soma,87.55431249399997,1609.9758366366748,327.0643812539784,114.80002030742165,,1610.0,327.094266172209,114.91258319577503,none,0.0,success,105.0,0.005,"(1610, -444, -189)",1610.0,-444.0,-189.0,,,,
3707,realistic,3,x0y0,utah,13.337000000000002,16.1,Aa,saline,54.09196406924572,16.1,,b,-1,0.08,soma,85.329600846,1065.0947113818086,223.89404230552188,184.25757093830813,,1065.0,224.40848834263022,184.42540544808963,none,0.0,success,105.0,0.005,"(1065, -446, -301)",1065.0,-446.0,-301.0,,,,
3708,realistic,3,x0y0,utah,10.64,13.0,Aa,saline,-2.039325956633044,13.0,,b,-1,0.08,soma,76.70884321,-962.9778288742227,7.099293504892558,1368.2594354777102,,-963.0,6.688582590861994,1367.8604089520372,none,0.0,success,105.0,0.005,"(-963, 36, 545)",-963.0,36.0,545.0,,,,
3709,realistic,3,x0y0,utah,9.074,11.2,Aa,saline,178.0366646445303,11.2,,b,-1,0.08,soma,71.703242002,1453.4631827034063,117.37466072777123,-1001.780343771508,,1453.0,117.1552106003343,-1001.3591100283996,none,0.0,success,105.0,0.005,"(1453, 89, -181)",1453.0,89.0,-181.0,,,,
3710,realistic,3,x0y0,utah,15.424999999999999,18.5,Aa,saline,349.08187489330635,18.5,,b,-1,0.08,soma,92.00373579,1359.7868727075388,-12.385416703965802,89.95789299857006,,1360.0,-12.391753779313035,89.96073408610062,none,0.0,success,105.0,0.005,"(1360, 145, -726)",1360.0,145.0,-726.0,,,,
3711,realistic,3,x0y0,utah,10.901,13.3,Aa,saline,134.41953117689553,13.3,,b,-1,0.08,soma,77.54311007800001,1792.3218173582413,130.8170509360998,-141.93827847729926,,1792.0,130.33764460885402,-141.55771137179624,none,0.0,success,105.0,0.005,"(1792, -458, 435)",1792.0,-458.0,435.0,,,,
3712,realistic,3,x0y0,utah,12.119,14.7,Aa,saline,55.05517463098271,14.7,,b,-1,0.08,soma,81.436355462,-1116.7546517410556,392.6793087818583,328.5096835883478,,-1117.0,392.84119028610087,328.9713722043169,none,0.0,success,105.0,0.005,"(-1117, -284, -144)",-1117.0,-284.0,-144.0,,,,
3713,realistic,3,x0y0,utah,12.815,15.5,Aa,saline,324.62974993128245,15.5,,b,-1,0.08,soma,83.66106711,-1973.6168056731485,-83.09839101558782,110.29771598817295,,-1974.0,-82.65219587498962,110.19761706074723,none,0.0,success,105.0,0.005,"(-1974, 396, -564)",-1974.0,396.0,-564.0,,,,
3714,realistic,3,x0y0,utah,9.943999999999999,12.2,Aa,saline,130.61538653499628,12.2,,b,-1,0.08,soma,74.484131562,-698.1129340657727,801.455012516938,-821.0488074793732,,-698.0,801.1639521343574,-821.2795848234313,none,0.0,success,105.0,0.005,"(-698, 177, -286)",-698.0,177.0,-286.0,,,,
3715,realistic,3,x0y0,utah,13.597999999999999,16.4,Aa,saline,50.820109976169604,16.4,,b,-1,0.08,soma,86.16386771399998,-1267.9070403465848,461.9016956097757,472.6536184437073,,-1268.0,461.9291151259465,473.1821658108528,none,0.0,success,105.0,0.005,"(-1268, -180, -50)",-1268.0,-180.0,-50.0,,,,
3716,realistic,3,x0y0,utah,10.64,13.0,Aa,saline,117.7881339351188,13.0,,b,-1,0.08,soma,76.70884321,-556.3994271685386,454.5063238234179,-251.7030226604752,,-556.0,454.4216567939437,-251.8478313522511,none,0.0,success,105.0,0.005,"(-556, -274, 132)",-556.0,-274.0,132.0,,,,
3717,realistic,3,x0y0,utah,13.597999999999999,16.4,Aa,saline,274.62232623635293,16.4,,b,-1,0.08,soma,86.16386771399998,-494.1639554001422,-156.06683810737013,20.656555268988086,,-494.0,-156.3492634752721,20.743403868874225,periphery,5.150000000000105,success,8.762359619140625,0.005,"(-494, 669, -46)",-494.0,669.0,-46.0,-494.0,,669.0,-46.0
3718,realistic,3,x0y0,utah,8.987,11.1,Aa,saline,85.1781545559612,11.1,,b,-1,0.08,soma,71.42515304599999,-776.1471927762718,1114.9640778119085,29.324917664468106,,-776.0,1114.84008250517,29.021927685584316,central,5.205000000000114,success,67.4072265625,0.005,"(-776, 297, -40)",-776.0,297.0,-40.0,-776.0,,297.0,-40.0
3719,realistic,3,x0y0,utah,8.116999999999999,10.1,Aa,saline,172.92956195703357,10.1,,b,-1,0.08,soma,68.644263486,-1141.4645004040492,109.34089924674619,-1351.7885911269482,,-1141.0,108.85855441756333,-1352.0952835417534,none,0.0,success,105.0,0.005,"(-1141, 8, -539)",-1141.0,8.0,-539.0,,,,
3720,realistic,3,x0y0,utah,9.857,12.1,Aa,saline,205.477243134977,12.1,,b,-1,0.08,soma,74.206042606,1467.1072097467334,-664.9794636970246,-972.3716238780412,,1467.0,-664.6687197645507,-972.1946076323486,none,0.0,success,105.0,0.005,"(1467, -311, -230)",1467.0,-311.0,-230.0,,,,
3721,realistic,3,x0y0,utah,15.251000000000001,18.3,Aa,saline,63.21771431655854,18.3,,b,-1,0.08,soma,91.447557878,274.0475137458778,291.4474020012272,124.73017333866846,,274.0,291.58711745884557,124.3241347899135,none,0.0,success,105.0,0.005,"(274, -450, -250)",274.0,-450.0,-250.0,,,,
3722,realistic,3,x0y0,utah,13.337000000000002,16.1,Aa,saline,40.086650337714865,16.1,,b,-1,0.08,soma,85.329600846,-1773.6966795872747,38.26113240588711,37.96308155640736,,-1774.0,37.93336499236989,38.2463388036374,none,0.0,success,105.0,0.005,"(-1774, -495, -595)",-1774.0,-495.0,-595.0,,,,
3723,realistic,3,x0y0,utah,12.293000000000001,14.9,Aa,saline,330.1407872753029,14.9,,b,-1,0.08,soma,81.99253337399999,-988.2483754012424,-435.87097339876664,924.3780342454993,,-988.0,-436.26354118345745,924.3865620976353,none,0.0,success,105.0,0.005,"(-988, -25, 208)",-988.0,-25.0,208.0,,,,
3724,realistic,3,x0y0,utah,13.946,16.8,Aa,saline,337.31678920663694,16.8,,b,-1,0.08,soma,87.27622353800001,-1728.1723051455415,-509.28980638658965,833.6599839282608,,-1728.0,-509.5228558981265,833.5843857292565,none,0.0,success,105.0,0.005,"(-1728, -190, 69)",-1728.0,-190.0,69.0,,,,
3725,realistic,3,x0y0,utah,14.729,17.7,Aa,saline,317.0527164409036,17.7,,b,-1,0.08,soma,89.77902414200001,-1305.7133129233985,-56.234439147463945,72.0834042273509,,-1306.0,-56.403724573972454,72.47912283597213,none,0.0,success,105.0,0.005,"(-1306, 509, -535)",-1306.0,509.0,-535.0,,,,
3726,realistic,3,x0y0,utah,10.466000000000001,12.8,Aa,saline,202.3855137225366,12.8,,b,-1,0.08,soma,76.152665298,-1448.465281370451,-615.941883488354,-1181.009407891493,,-1448.0,-615.4274674727393,-1181.0163771672655,none,0.0,success,105.0,0.005,"(-1448, -302, -420)",-1448.0,-302.0,-420.0,,,,
3727,realistic,3,x0y0,utah,8.291,10.3,Aa,saline,119.13107724914269,10.3,,b,-1,0.08,soma,69.20044139800001,1827.7887654577005,557.2955849439081,-378.5432697544593,,1828.0,556.9207927805768,-378.98138743627334,none,0.0,success,105.0,0.005,"(1828, -159, 20)",1828.0,-159.0,20.0,,,,
3728,realistic,3,x0y0,utah,9.074,11.2,Aa,saline,9.528366455597473,11.2,,b,-1,0.08,soma,71.703242002,-911.3344065043034,104.68080098078873,1320.4673725323273,,-911.0,104.85094327566554,1320.5238686311864,none,0.0,success,105.0,0.005,"(-911, -31, 511)",-911.0,-31.0,511.0,,,,
3729,realistic,3,x0y0,utah,10.031,12.3,Aa,saline,85.85435165285405,12.3,,b,-1,0.08,soma,74.76222051799998,1379.7765753886404,204.24181021970253,-11.407906124966305,,1380.0,204.2429193723267,-11.54184572827429,none,0.0,success,105.0,0.005,"(1380, -616, -71)",1380.0,-616.0,-71.0,,,,
3730,realistic,3,x0y0,utah,9.422,11.6,Aa,saline,100.69160326364408,11.6,,b,-1,0.08,soma,72.815597826,1645.693737961975,391.6738815358958,-64.75319532786398,,1646.0,392.1153032119141,-64.37114669836154,none,0.0,success,105.0,0.005,"(1646, -415, 88)",1646.0,-415.0,88.0,,,,
3731,realistic,3,x0y0,utah,9.857,12.1,Aa,saline,40.64478421453988,12.1,,b,-1,0.08,soma,74.206042606,-26.828077378056697,1062.339397379429,997.7434873990544,,-27.0,1062.5179080767743,997.8117725647165,tjn,5.170000000000108,success,56.7626953125,0.005,"(-27, 527, 374)",-27.0,527.0,374.0,-27.0,,527.0,374.0
3732,realistic,3,x0y0,utah,11.858,14.4,Aa,saline,98.39557315436407,14.4,,b,-1,0.08,soma,80.60208859400001,104.14066031785921,484.70841947954386,-42.498817904046966,,104.0,484.47032312302224,-42.49395246736202,neck0,5.615000000000178,success,28.38134765625,0.005,"(104, -332, 78)",104.0,-332.0,78.0,104.0,,321.1762584984178,-18.395161973889614
3733,realistic,3,x0y0,utah,11.423,13.9,Aa,saline,63.29953415821511,13.9,,b,-1,0.08,soma,79.211643814,-217.79467834082772,314.86409018454736,188.53998884674908,,-218.0,314.702841291714,188.4953957828152,none,0.0,success,105.0,0.005,"(-218, -422, -182)",-218.0,-422.0,-182.0,,,,
3734,realistic,3,x0y0,utah,9.683,11.9,Aa,saline,133.0184132283737,11.9,,b,-1,0.08,soma,73.649864694,1206.199964741303,132.65046899131266,-106.33958015132704,,1206.0,132.83620803889187,-106.64896884712368,none,0.0,success,105.0,0.005,"(1206, -468, 454)",1206.0,-468.0,454.0,,,,
3735,realistic,3,x0y0,utah,15.686000000000002,18.8,Aa,saline,187.17010617787184,18.8,,b,-1,0.08,soma,92.838002658,-1359.8014657744498,-27.222057369393497,-164.15100231388578,,-1360.0,-26.76109136585923,-163.93393311863406,none,0.0,success,105.0,0.005,"(-1360, 77, 661)",-1360.0,77.0,661.0,,,,
3736,realistic,3,x0y0,utah,10.379,12.7,Aa,saline,172.9340549965567,12.7,,b,-1,0.08,soma,75.874576342,464.6281699579509,-65.22316803014473,-1446.080759675561,,465.0,-64.77871355496697,-1445.6829647809004,none,0.0,success,105.0,0.005,"(465, -166, -629)",465.0,-166.0,-629.0,,,,
3737,realistic,3,x0y0,utah,14.902999999999999,17.9,Aa,saline,80.17771524329919,17.9,,b,-1,0.08,soma,90.33520205399999,-426.4842935526906,580.1294776764903,86.40638677739389,,-426.0,579.9641372919032,86.62659273520623,periphery,5.415000000000147,success,52.3681640625,0.005,"(-426, -238, -55)",-426.0,-238.0,-55.0,-426.0,,-238.0,-55.0
3738,realistic,3,x0y0,utah,12.988999999999999,15.7,Aa,saline,6.101143884791178,15.7,,b,-1,0.08,soma,84.217245022,-678.5861061612158,1.9640257967244,137.27784533468142,,-679.0,1.9216465729193288,137.39410336268747,none,0.0,success,105.0,0.005,"(-679, -86, -685)",-679.0,-86.0,-685.0,,,,
3739,realistic,3,x0y0,utah,13.772000000000002,16.6,Aa,saline,240.8333273423288,16.6,,b,-1,0.08,soma,86.720045626,-989.9130969623233,-139.32299139547194,-82.93172058389564,,-990.0,-139.3239719203118,-82.74267511905629,periphery,5.260000000000122,success,54.26025390625,0.005,"(-990, 584, 321)",-990.0,584.0,321.0,-990.0,,584.0,321.0
3740,realistic,3,x0y0,utah,10.292,12.6,Aa,saline,54.18488206050614,12.6,,b,-1,0.08,soma,75.596487386,-607.3308790091205,202.30821979215847,146.9830520078972,,-607.0,202.20709581065387,147.50153220914376,none,0.0,success,105.0,0.005,"(-607, -465, -334)",-607.0,-465.0,-334.0,,,,
3741,realistic,3,x0y0,utah,11.075,13.5,Aa,saline,98.49293274948988,13.5,,b,-1,0.08,soma,78.09928799,1663.8240786606889,137.99334520154298,-17.61615236625039,,1664.0,137.98509791105516,-17.71213241806153,none,0.0,success,105.0,0.005,"(1664, -677, 104)",1664.0,-677.0,104.0,,,,
3742,realistic,3,x0y0,utah,12.119,14.7,Aa,saline,91.76872196296313,14.7,,b,-1,0.08,soma,81.436355462,-1565.7144533274802,196.95251587569786,-25.30542658856075,,-1566.0,197.3053186421347,-25.514691691887908,none,0.0,success,105.0,0.005,"(-1566, -628, 0)",-1566.0,-628.0,0.0,,,,
3743,realistic,3,x0y0,utah,10.553,12.9,Aa,saline,141.85001019380954,12.9,,b,-1,0.08,soma,76.430754254,-845.8849667086557,126.59907568735798,-142.58881884740458,,-846.0,126.50013845134805,-142.376572572673,none,0.0,success,105.0,0.005,"(-846, -382, 505)",-846.0,-382.0,505.0,,,,
3744,realistic,3,x0y0,utah,12.032,14.6,Aa,saline,58.941821964709156,14.6,,b,-1,0.08,soma,81.15826650599999,-1508.9824625247525,71.40509412388064,39.40318665429004,,-1509.0,71.19108554451998,38.91627484522286,none,0.0,success,105.0,0.005,"(-1509, -636, -387)",-1509.0,-636.0,-387.0,,,,
3745,realistic,3,x0y0,utah,11.771,14.3,Aa,saline,96.80389223016444,14.3,,b,-1,0.08,soma,80.323999638,1069.9545244489611,474.09756405728564,-90.65800813343641,,1070.0,474.3858658202672,-90.78169697855152,none,0.0,success,105.0,0.005,"(1070, -345, 7)",1070.0,-345.0,7.0,,,,
3746,realistic,3,x0y0,utah,13.25,16.0,Aa,saline,275.9025748162145,16.0,,b,-1,0.08,soma,85.05151189,840.6145396022632,-41.16979113430898,5.731953077995968,,841.0,-41.139869438491814,6.0696477111460325,central,5.270000000000124,success,31.396484375,0.005,"(841, 782, -79)",841.0,782.0,-79.0,841.0,,782.0,-79.0
3747,realistic,3,x0y0,utah,11.945,14.5,Aa,saline,49.84917769349738,14.5,,b,-1,0.08,soma,80.88017755,243.54962539117062,944.3485607698636,1107.5005042029145,,244.0,943.8838598507326,1107.2437692421202,none,0.0,success,105.0,0.005,"(244, 313, 575)",244.0,313.0,575.0,,,,
3748,realistic,3,x0y0,utah,9.335,11.5,Aa,saline,53.95085125046078,11.5,,b,-1,0.08,soma,72.53750887,474.7649532799263,1015.1721897848483,786.914476080457,,475.0,1014.9957879606977,787.3166619849976,central,5.200000000000113,success,76.94091796875,0.005,"(475, 351, 304)",475.0,351.0,304.0,475.0,,351.0,304.0
3749,realistic,3,x0y0,utah,11.161999999999999,13.6,Aa,saline,137.29226515889394,13.6,,b,-1,0.08,soma,78.377376946,728.0252893185876,148.77047374412996,-182.91092671937943,,728.0,149.0471873912361,-182.61384828996063,none,0.0,success,105.0,0.005,"(728, -410, 423)",728.0,-410.0,423.0,,,,
3750,realistic,3,x0y0,utah,9.596,11.8,Aa,saline,126.98710403170436,11.8,,b,-1,0.08,soma,73.371775738,-407.65485632630447,1101.7394244591496,-821.5082344938883,,-408.0,1101.3626872297573,-821.3262301419905,periphery,5.18000000000011,success,61.962890625,0.005,"(-408, 445, -327)",-408.0,445.0,-327.0,-408.0,,445.0,-327.0
3751,realistic,3,x0y0,utah,9.943999999999999,12.2,Aa,saline,107.0707991821064,12.2,,b,-1,0.08,soma,74.484131562,1108.373586233898,1369.716261736251,-218.0868134013372,,1108.0,1369.9811906800583,-218.4102705133017,central,5.150000000000105,success,3.2196044921875,0.005,"(1108, 584, 23)",1108.0,584.0,23.0,1108.0,,584.0,23.0
3752,realistic,3,x0y0,utah,12.032,14.6,Aa,saline,62.43020634274764,14.6,,b,-1,0.08,soma,81.15826650599999,-349.1203027983748,383.48976996565534,217.05881445177147,,-349.0,383.7933437154594,217.0780228694885,none,0.0,success,105.0,0.005,"(-349, -348, -165)",-349.0,-348.0,-165.0,,,,
3753,realistic,3,x0y0,utah,10.901,13.3,Aa,saline,358.71004407084746,13.3,,b,-1,0.08,soma,77.54311007800001,-1417.610790891291,-77.29260870225608,683.2765407342348,,-1418.0,-77.5348599883775,683.5244235724887,none,0.0,success,105.0,0.005,"(-1418, -59, -140)",-1418.0,-59.0,-140.0,,,,
3754,realistic,3,x0y0,utah,14.729,17.7,Aa,saline,95.59604905752528,17.7,,b,-1,0.08,soma,89.77902414200001,445.6762023869303,299.76249496523405,-25.29372390489971,,446.0,299.90604241305937,-24.914227426922523,none,0.0,success,105.0,0.005,"(446, -526, 56)",446.0,-526.0,56.0,,,,
3755,realistic,3,x0y0,utah,12.641,15.3,Aa,saline,67.5877482614718,15.3,,b,-1,0.08,soma,83.104889198,-1325.5806148324832,137.52844271438792,67.62870970243102,,-1326.0,137.1477350317757,67.16444712559877,none,0.0,success,105.0,0.005,"(-1326, -627, -248)",-1326.0,-627.0,-248.0,,,,
3756,realistic,3,x0y0,utah,9.248000000000001,11.4,Aa,saline,17.334385592616243,11.4,,b,-1,0.08,soma,72.25941991399999,609.5446288066101,388.51488549111673,1387.114191088773,,610.0,388.61454059619035,1386.8504211249524,none,0.0,success,105.0,0.005,"(610, 144, 603)",610.0,144.0,603.0,,,,
3757,realistic,3,x0y0,utah,14.467999999999998,17.4,Aa,saline,124.25257451003395,17.4,,b,-1,0.08,soma,88.944757274,-928.3784873789,295.21575418235443,-249.7385771644831,,-928.0,295.6418681813444,-249.8270546969037,none,0.0,success,105.0,0.005,"(-928, -390, 217)",-928.0,-390.0,217.0,,,,
3758,realistic,3,x0y0,utah,14.381,17.3,Aa,saline,332.16428620175174,17.3,,b,-1,0.08,soma,88.66666831799999,1039.6210705776878,-74.6316409949286,125.78762813007006,,1040.0,-74.21573371883721,125.37946739680399,none,0.0,success,105.0,0.005,"(1040, 313, -608)",1040.0,313.0,-608.0,,,,
3759,realistic,3,x0y0,utah,13.685,16.5,Aa,saline,75.43877489258334,16.5,,b,-1,0.08,soma,86.44195667,1486.4189748273966,232.17411735767655,39.58538386407463,,1486.0,232.63508493044662,39.21475395341906,none,0.0,success,105.0,0.005,"(1486, -569, -169)",1486.0,-569.0,-169.0,,,,
3760,realistic,3,x0y0,utah,12.728,15.4,Aa,saline,116.41009935505012,15.4,,b,-1,0.08,soma,83.382978154,-581.0225897531595,577.6651001962464,-303.7786549546886,,-581.0,577.3848976173614,-303.7123743414497,none,0.0,success,105.0,0.005,"(-581, -163, 64)",-581.0,-163.0,64.0,,,,
3761,realistic,3,x0y0,utah,8.987,11.1,Aa,saline,47.10970801111343,11.1,,b,-1,0.08,soma,71.42515304599999,-193.85057066932168,231.29068161043045,285.0512094941205,,-194.0,231.3361048184023,284.5769795815539,none,0.0,success,105.0,0.005,"(-194, -370, -274)",-194.0,-370.0,-274.0,,,,
3762,realistic,3,x0y0,utah,12.293000000000001,14.9,Aa,saline,34.73529333529087,14.9,,b,-1,0.08,soma,81.99253337399999,-1778.461728934923,342.7072934991888,556.5231550156614,,-1778.0,342.6526727582527,556.8037319633768,none,0.0,success,105.0,0.005,"(-1778, -128, -122)",-1778.0,-128.0,-122.0,,,,
3763,realistic,3,x0y0,utah,11.858,14.4,Aa,saline,72.22786195612177,14.4,,b,-1,0.08,soma,80.60208859400001,-1070.6665005120944,330.7085766440141,128.71881706780277,,-1071.0,330.93418448403327,128.88187871944447,none,0.0,success,105.0,0.005,"(-1071, -455, -123)",-1071.0,-455.0,-123.0,,,,
3764,realistic,3,x0y0,utah,12.554,15.2,Aa,saline,119.58099422821992,15.2,,b,-1,0.08,soma,82.82680024199999,-1682.4304359892678,140.12692424885063,-84.24160760529458,,-1682.0,139.73173408523394,-84.00029563973783,none,0.0,success,105.0,0.005,"(-1682, -579, 324)",-1682.0,-579.0,324.0,,,,
3765,realistic,3,x0y0,utah,16.208,19.4,Aa,saline,109.80168172059292,19.4,,b,-1,0.08,soma,94.506536394,766.2581304939911,358.79785773767344,-91.282650549349,,766.0,359.06710004655747,-90.96740726514366,none,0.0,success,105.0,0.005,"(766, -424, 191)",766.0,-424.0,191.0,,,,
3766,realistic,3,x0y0,utah,14.381,17.3,Aa,saline,110.30983409159836,17.3,,b,-1,0.08,soma,88.66666831799999,-77.82220606938716,74.1837187102119,-31.9269283927838,,-78.0,73.74880077431044,-31.86160028658901,none,0.0,success,105.0,0.005,"(-78, -704, 256)",-78.0,-704.0,256.0,,,,
3767,realistic,3,x0y0,utah,8.813,10.9,Aa,saline,185.202593265743,10.9,,b,-1,0.08,soma,70.86897513400001,488.78579731642884,70.69116405149134,-1449.4188546713206,,489.0,70.58659197767308,-1449.0707061679755,none,0.0,success,105.0,0.005,"(489, 145, -632)",489.0,145.0,-632.0,,,,
3768,realistic,3,x0y0,utah,11.51,14.0,Aa,saline,74.29348706332016,14.0,,b,-1,0.08,soma,79.48973277,290.0690465919631,375.9341457177262,101.4851780927843,,290.0,375.98188286883976,101.25843533041956,tjn,5.660000000000185,success,95.361328125,0.005,"(290, -418, -122)",290.0,-418.0,-122.0,290.0,,-418.0,-122.0
3769,realistic,3,x0y0,utah,13.076,15.8,Aa,saline,77.28028924002014,15.8,,b,-1,0.08,soma,84.495333978,843.9937893521997,189.41021048042415,42.0829185378152,,844.0,188.9800991477697,42.15993627097785,none,0.0,success,105.0,0.005,"(844, -618, -140)",844.0,-618.0,-140.0,,,,
3770,realistic,3,x0y0,utah,9.508999999999999,11.7,Aa,saline,165.07759229454877,11.7,,b,-1,0.08,soma,73.09368678199999,-588.786573395333,283.5735962870708,-1378.1557700213361,,-589.0,283.5483121731826,-1377.8607147687235,none,0.0,success,105.0,0.005,"(-589, 72, -584)",-589.0,72.0,-584.0,,,,
3771,realistic,3,x0y0,utah,12.293000000000001,14.9,Aa,saline,81.33678929929988,14.9,,b,-1,0.08,soma,81.99253337399999,96.47657473292969,625.3946756561245,102.57630047891598,,96.0,625.5799092467685,102.39503776306225,tjn,5.3700000000001396,success,29.095458984375,0.005,"(96, -191, -22)",96.0,-191.0,-22.0,96.0,,-191.0,-22.0
3772,realistic,3,x0y0,utah,13.772000000000002,16.6,Aa,saline,89.69178530957727,16.6,,b,-1,0.08,soma,86.720045626,-1343.124186228421,319.11491596252927,-47.02435854380428,,-1343.0,319.3600228130002,-46.5268558768098,none,0.0,success,105.0,0.005,"(-1343, -509, -51)",-1343.0,-509.0,-51.0,,,,
3773,realistic,3,x0y0,utah,9.335,11.5,Aa,saline,-12.152220746428736,11.5,,b,-1,0.08,soma,72.53750887,-449.14694376755637,-401.40886520824233,1385.2647418768909,,-449.0,-401.8770728085675,1384.8723343356562,none,0.0,success,105.0,0.005,"(-449, -229, 582)",-449.0,-229.0,582.0,,,,
3774,realistic,3,x0y0,utah,10.553,12.9,Aa,saline,4.916957747617121,12.9,,b,-1,0.08,soma,76.430754254,136.4704898183111,21.588549108337702,159.5063297547031,,136.0,21.549557819783914,159.16948023163036,none,0.0,success,105.0,0.005,"(136, -49, -661)",136.0,-49.0,-661.0,,,,
3775,realistic,3,x0y0,utah,11.248999999999999,13.7,Aa,saline,138.0566856538887,13.7,,b,-1,0.08,soma,78.655465902,-714.9128340985492,694.8236140992121,-829.9493835652429,,-715.0,694.9806567044486,-830.134967768954,none,0.0,success,105.0,0.005,"(-715, 144, -217)",-715.0,144.0,-217.0,,,,
3776,realistic,3,x0y0,utah,11.161999999999999,13.6,Aa,saline,59.0964076398182,13.6,,b,-1,0.08,soma,78.377376946,-900.1880071727727,281.5269789437598,207.1789563901366,,-900.0,281.1538947098343,207.30331039973294,none,0.0,success,105.0,0.005,"(-900, -426, -216)",-900.0,-426.0,-216.0,,,,
3777,realistic,3,x0y0,utah,10.814,13.2,Aa,saline,54.27502668131299,13.2,,b,-1,0.08,soma,77.26502112200002,540.8848570543972,222.14538140883224,130.25371133730278,,541.0,221.62487207341997,129.919022916568,none,0.0,success,105.0,0.005,"(541, -447, -351)",541.0,-447.0,-351.0,,,,
3778,realistic,3,x0y0,utah,14.12,17.0,Aa,saline,84.00680882128938,17.0,,b,-1,0.08,soma,87.83240144999998,-1899.4906950086765,228.9926061077031,25.559442155614306,,-1899.0,229.35716162101278,25.538851355690042,none,0.0,success,105.0,0.005,"(-1899, -595, -61)",-1899.0,-595.0,-61.0,,,,
3779,realistic,3,x0y0,utah,12.554,15.2,Aa,saline,276.9252640822998,15.2,,b,-1,0.08,soma,82.82680024199999,604.9539706720834,-59.941246433224926,8.664268161065138,,605.0,-60.380582300117,8.665456054592624,central,5.200000000000113,success,30.3955078125,0.005,"(605, 760, -91)",605.0,760.0,-91.0,605.0,,760.0,-91.0
3780,realistic,3,x0y0,utah,8.987,11.1,Aa,saline,213.48214709196952,11.1,,b,-1,0.08,soma,71.42515304599999,-423.8795671708269,-616.3689470268928,-1215.1537863065766,,-424.0,-616.7871284677392,-1215.5563600778346,none,0.0,success,105.0,0.005,"(-424, -164, -531)",-424.0,-164.0,-531.0,,,,
3781,realistic,3,x0y0,utah,13.597999999999999,16.4,Aa,saline,115.80793624777316,16.4,,b,-1,0.08,soma,86.16386771399998,-1877.5624772206586,246.6387449298227,-84.47790976216173,,-1878.0,246.52216505145725,-84.54687400133787,none,0.0,success,105.0,0.005,"(-1878, -499, 276)",-1878.0,-499.0,276.0,,,,
3782,realistic,3,x0y0,utah,9.943999999999999,12.2,Aa,saline,195.7900856389883,12.2,,b,-1,0.08,soma,74.484131562,124.94209952601221,-335.6798008403644,-728.6737152470738,,125.0,-335.7320660990102,-728.2435399010566,none,0.0,success,105.0,0.005,"(125, -112, 63)",125.0,-112.0,63.0,,,,
3783,realistic,3,x0y0,utah,9.857,12.1,Aa,saline,132.06452689791138,12.1,,b,-1,0.08,soma,74.206042606,-1359.3724933260135,330.017670430228,-319.9324115809004,,-1359.0,330.3292830153473,-319.8090242730102,none,0.0,success,105.0,0.005,"(-1359, -280, 231)",-1359.0,-280.0,231.0,,,,
3784,realistic,3,x0y0,utah,13.163,15.9,Aa,saline,110.91775125255266,15.9,,b,-1,0.08,soma,84.773422934,1317.5127684042498,265.0717153190567,-95.66781243955074,,1318.0,264.86192718132486,-95.37705599371907,none,0.0,success,105.0,0.005,"(1318, -508, 200)",1318.0,-508.0,200.0,,,,
3785,realistic,3,x0y0,utah,9.77,12.0,Aa,saline,139.59383399520553,12.0,,b,-1,0.08,soma,73.92795365,-1285.9675518694535,573.5235021347844,-807.2857308168605,,-1286.0,573.7970497779652,-806.9255683522376,none,0.0,success,105.0,0.005,"(-1286, 41, -181)",-1286.0,41.0,-181.0,,,,
3786,realistic,3,x0y0,utah,10.814,13.2,Aa,saline,45.74546737973369,13.2,,b,-1,0.08,soma,77.26502112200002,-353.4127506928608,116.07131069632578,123.64108950627316,,-353.0,115.88560406378838,123.73076586946593,none,0.0,success,105.0,0.005,"(-353, -474, -451)",-353.0,-474.0,-451.0,,,,
3787,realistic,3,x0y0,utah,12.554,15.2,Aa,saline,58.180134389685975,15.2,,b,-1,0.08,soma,82.82680024199999,-788.4656393695244,364.9229778592929,230.95446346602242,,-788.0,365.20346608281386,230.7677858838034,none,0.0,success,105.0,0.005,"(-788, -337, -205)",-788.0,-337.0,-205.0,,,,
3788,realistic,3,x0y0,utah,11.161999999999999,13.6,Aa,saline,131.03158847452843,13.6,,b,-1,0.08,soma,78.377376946,1948.634961483439,289.144884441881,-328.55065110755964,,1949.0,288.6855277151841,-328.07987398252465,none,0.0,success,105.0,0.005,"(1949, -333, 213)",1949.0,-333.0,213.0,,,,
3789,realistic,3,x0y0,utah,11.771,14.3,Aa,saline,109.95459865285584,14.3,,b,-1,0.08,soma,80.323999638,-92.94732585220844,458.65131583370385,-126.89731444511062,,-93.0,458.65227982986016,-126.62779053822476,tjn,5.7600000000002005,success,61.23046875,0.005,"(-93, -317, 155)",-93.0,-317.0,155.0,-93.0,,-317.0,155.0
3790,realistic,3,x0y0,utah,13.337000000000002,16.1,Aa,saline,46.669060353094,16.1,,b,-1,0.08,soma,85.329600846,-1191.6213687871975,227.28829815955123,189.34655290358702,,-1192.0,227.0433758276904,188.94358605026275,none,0.0,success,105.0,0.005,"(-1192, -375, -379)",-1192.0,-375.0,-379.0,,,,
3791,realistic,3,x0y0,utah,13.511000000000001,16.3,Aa,saline,208.2432196632185,16.3,,b,-1,0.08,soma,85.885778758,519.0425592048365,-537.9565047464421,-861.1489225122223,,519.0,-537.7825752541429,-861.3348912539614,none,0.0,success,105.0,0.005,"(519, -146, -132)",519.0,-146.0,-132.0,,,,
3792,realistic,3,x0y0,utah,8.9,11.0,Aa,saline,50.73968966456611,11.0,,b,-1,0.08,soma,71.14706409,-458.7794297296337,1005.3600122499374,1048.2494603829098,,-459.0,1005.3700858624436,1048.258931078076,none,0.0,success,105.0,0.005,"(-459, 370, 529)",-459.0,370.0,529.0,,,,
3793,realistic,3,x0y0,utah,9.335,11.5,Aa,saline,165.68317088719357,11.5,,b,-1,0.08,soma,72.53750887,-807.0946670412018,9.852444133053266,-127.26972038157601,,-807.0,10.099762971775561,-127.72729617207176,none,0.0,success,105.0,0.005,"(-807, -193, 668)",-807.0,-193.0,668.0,,,,
3794,realistic,3,x0y0,utah,9.596,11.8,Aa,saline,203.20566139451648,11.8,,b,-1,0.08,soma,73.371775738,71.5871689801495,-601.591108681273,-1232.3243331519745,,72.0,-601.7442398203862,-1232.211499540398,none,0.0,success,105.0,0.005,"(72, -278, -477)",72.0,-278.0,-477.0,,,,
3795,realistic,3,x0y0,utah,10.118,12.4,Aa,saline,63.090424271535596,12.4,,b,-1,0.08,soma,75.040309474,1344.5216747244012,1044.389512992383,669.0654334111869,,1345.0,1044.441221978983,669.2726220339663,central,5.275000000000125,success,82.598876953125,0.005,"(1345, 311, 297)",1345.0,311.0,297.0,1345.0,,311.0,297.0
3796,realistic,3,x0y0,utah,9.77,12.0,Aa,saline,68.30740910788244,12.0,,b,-1,0.08,soma,73.92795365,1680.3763134430853,1122.6035389690705,345.466824959979,,1680.0,1122.7689272657904,345.79788583452006,central,5.270000000000124,success,52.3681640625,0.005,"(1680, 359, 42)",1680.0,359.0,42.0,1680.0,,359.0,42.0
3797,realistic,3,x0y0,utah,14.381,17.3,Aa,saline,158.6828677881705,17.3,,b,-1,0.08,soma,88.66666831799999,1046.8033916773034,55.05441181568722,-146.4731513394313,,1047.0,55.462666966796576,-146.60693410252463,none,0.0,success,105.0,0.005,"(1047, -246, 626)",1047.0,-246.0,626.0,,,,
3798,realistic,3,x0y0,utah,13.597999999999999,16.4,Aa,saline,77.36936584801188,16.4,,b,-1,0.08,soma,86.16386771399998,-1888.486045604202,425.30417124547654,143.3486444665532,,-1888.0,425.04235105766077,143.10151893452596,none,0.0,success,105.0,0.005,"(-1888, -383, -38)",-1888.0,-383.0,-38.0,,,,
3799,realistic,3,x0y0,utah,11.336,13.8,Aa,saline,259.8757882450401,13.8,,b,-1,0.08,soma,78.93355485800001,-96.00768799399219,-110.1506257496485,-13.541643215629392,,-96.0,-110.60509570110787,-13.94125947201826,tjn,5.130000000000102,success,18.0419921875,0.005,"(-96, 701, 131)",-96.0,701.0,131.0,-96.0,,701.0,131.0
3800,realistic,3,x0y0,utah,13.25,16.0,Aa,saline,26.524887424136143,16.0,,b,-1,0.08,soma,85.05151189,1824.6461127353225,84.94905276949156,146.76170393761004,,1825.0,84.57300260503712,146.38729384399176,none,0.0,success,105.0,0.005,"(1825, -285, -594)",1825.0,-285.0,-594.0,,,,
3801,realistic,3,x0y0,utah,11.597,14.1,Aa,saline,52.08485227802653,14.1,,b,-1,0.08,soma,79.76782172600001,21.96814896233623,195.05324694576302,136.47689919425784,,22.0,194.7509172798209,136.89116322531368,none,0.0,success,105.0,0.005,"(22, -456, -370)",22.0,-456.0,-370.0,,,,
3802,realistic,3,x0y0,utah,10.205,12.5,Aa,saline,51.65727997259904,12.5,,b,-1,0.08,soma,75.31839843,1595.4104977180791,220.38252925521874,222.2366212642828,,1595.0,220.21160994432466,222.37776719298608,none,0.0,success,105.0,0.005,"(1595, -425, -288)",1595.0,-425.0,-288.0,,,,
3803,realistic,3,x0y0,utah,9.683,11.9,Aa,saline,-13.438926286479099,11.9,,b,-1,0.08,soma,73.649864694,561.6056135033425,-487.0024588361266,1254.0322009914814,,562.0,-486.99211427744285,1254.3069292006926,none,0.0,success,105.0,0.005,"(562, -296, 455)",562.0,-296.0,455.0,,,,
3804,realistic,3,x0y0,utah,11.248999999999999,13.7,Aa,saline,110.59825455902904,13.7,,b,-1,0.08,soma,78.655465902,-988.8499306399547,236.62269869663032,-52.270228058052,,-989.0,236.65319081543134,-51.99849645216187,none,0.0,success,105.0,0.005,"(-989, -535, 238)",-989.0,-535.0,238.0,,,,
3805,realistic,3,x0y0,utah,10.727,13.1,Aa,saline,237.44378555031292,13.1,,b,-1,0.08,soma,76.986932166,1318.1415603707314,-43.190531142100106,-31.103004841218535,,1318.0,-43.12264256136086,-31.1218340992624,central,5.2800000000001255,success,85.58349609375,0.005,"(1318, 651, 412)",1318.0,651.0,412.0,1318.0,,651.0,412.0
3806,realistic,3,x0y0,utah,11.945,14.5,Aa,saline,110.94886408865943,14.5,,b,-1,0.08,soma,80.88017755,1606.0261859158707,1185.4655796078432,-543.0866053022281,,1606.0,1185.8784989069727,-543.0948317370626,central,5.265000000000123,success,57.6416015625,0.005,"(1606, 415, -248)",1606.0,415.0,-248.0,1606.0,,415.0,-248.0
3807,realistic,3,x0y0,utah,14.207,17.1,Aa,saline,313.29508541745366,17.1,,b,-1,0.08,soma,88.110490406,900.9740920966376,-106.23052298137554,83.14017001492721,,901.0,-106.38640745874363,83.56608716021753,none,0.0,success,105.0,0.005,"(901, 497, -485)",901.0,497.0,-485.0,,,,
3808,realistic,3,x0y0,utah,10.205,12.5,Aa,saline,63.899085445802434,12.5,,b,-1,0.08,soma,75.31839843,-1969.8316920062048,409.1460260727095,171.05700248552876,,-1970.0,408.74796089507015,170.97004765460008,none,0.0,success,105.0,0.005,"(-1970, -330, -191)",-1970.0,-330.0,-191.0,,,,
3809,realistic,3,x0y0,utah,13.25,16.0,Aa,saline,51.828499364939915,16.0,,b,-1,0.08,soma,85.05151189,995.7428353744486,153.959351316641,151.07100092755218,,996.0,153.60074932395923,151.41091717401014,none,0.0,success,105.0,0.005,"(996, -497, -360)",996.0,-497.0,-360.0,,,,
3810,realistic,3,x0y0,utah,10.988,13.4,Aa,saline,319.4592756030207,13.4,,b,-1,0.08,soma,77.821199034,262.5501999064876,-592.2314387242923,765.6587254903587,,263.0,-592.5418896860501,766.0896645729684,none,0.0,success,105.0,0.005,"(263, -57, 140)",263.0,-57.0,140.0,,,,
3811,realistic,3,x0y0,utah,10.553,12.9,Aa,saline,21.856819586701427,12.9,,b,-1,0.08,soma,76.430754254,-513.8488208215701,468.2711248211298,1283.6727739681164,,-514.0,468.4830849043822,1284.0261915115689,none,0.0,success,105.0,0.005,"(-514, 162, 520)",-514.0,162.0,520.0,,,,
3812,realistic,3,x0y0,utah,10.988,13.4,Aa,saline,192.27348610164447,13.4,,b,-1,0.08,soma,77.821199034,310.3852924978971,-410.4176273512694,-1396.2389002127054,,310.0,-410.1633934573142,-1396.0430467880608,none,0.0,success,105.0,0.005,"(310, -235, -591)",310.0,-235.0,-591.0,,,,
3813,realistic,3,x0y0,utah,11.771,14.3,Aa,saline,135.4001065143278,14.3,,b,-1,0.08,soma,80.323999638,-1812.5290682078878,154.14233267642885,-154.98101949311373,,-1813.0,154.42875627290198,-154.51534387112815,none,0.0,success,105.0,0.005,"(-1813, -425, 433)",-1813.0,-425.0,433.0,,,,
3814,realistic,3,x0y0,utah,14.293999999999999,17.2,Aa,saline,130.8178419330233,17.2,,b,-1,0.08,soma,88.388579362,1759.7525529528873,239.6961380958778,-194.25085775840856,,1760.0,239.534238430581,-194.04430716446984,none,0.0,success,105.0,0.005,"(1760, -388, 348)",1760.0,-388.0,348.0,,,,
3815,realistic,3,x0y0,utah,10.64,13.0,Aa,saline,84.33446675769345,13.0,,b,-1,0.08,soma,76.70884321,-125.48414936291618,311.2309719635282,-5.294696538633616,,-125.0,311.3199849391357,-5.734918587586478,neck0,5.860000000000216,success,99.462890625,0.005,"(-125, -508, -87)",-125.0,-508.0,-87.0,-125.0,,147.45598795130854,-21.987934870069182
3816,realistic,3,x0y0,utah,11.858,14.4,Aa,saline,315.00219263766184,14.4,,b,-1,0.08,soma,80.60208859400001,-1411.3444595527828,-82.95179947890892,82.08752368616706,,-1411.0,-82.57036842240882,81.57036842240882,none,0.0,success,105.0,0.005,"(-1411, 501, -502)",-1411.0,501.0,-502.0,,,,
3817,realistic,3,x0y0,utah,12.38,15.0,Aa,saline,256.3309698844837,15.0,,b,-1,0.08,soma,82.27062233000002,234.6703590572781,-23.03869856127995,-5.652722440312117,,235.0,-22.7556818590308,-5.215774028289587,periphery,5.160000000000107,success,27.532958984375,0.005,"(235, 780, 190)",235.0,780.0,190.0,235.0,,780.0,190.0
3818,realistic,3,x0y0,utah,12.815,15.5,Aa,saline,352.86651983950446,15.5,,b,-1,0.08,soma,83.66106711,983.5070553021608,-11.081977578036003,104.6264051068647,,984.0,-10.692352267531035,104.46393844662668,none,0.0,success,105.0,0.005,"(984, 92, -716)",984.0,92.0,-716.0,,,,
3819,realistic,3,x0y0,utah,10.379,12.7,Aa,saline,145.76230681016818,12.7,,b,-1,0.08,soma,75.874576342,-1321.7862748003356,745.7547849154747,-1048.8717691098784,,-1322.0,745.9845183250047,-1049.3222561309658,periphery,5.285000000000126,success,98.291015625,0.005,"(-1322, 283, -369)",-1322.0,283.0,-369.0,-1322.0,,283.0,-369.0
3820,realistic,3,x0y0,utah,11.858,14.4,Aa,saline,26.18491818197672,14.4,,b,-1,0.08,soma,80.60208859400001,596.0552146358367,296.3748600910162,537.0622330157977,,596.0,296.2053508482662,536.6251571521279,none,0.0,success,105.0,0.005,"(596, -68, -204)",596.0,-68.0,-204.0,,,,
3821,realistic,3,x0y0,utah,13.25,16.0,Aa,saline,179.13895024308624,16.0,,b,-1,0.08,soma,85.05151189,1589.4785876546787,-2.0564264005906807,-126.94687071882757,,1589.0,-1.587113660824997,-127.4430033694058,none,0.0,success,105.0,0.005,"(1589, -14, 700)",1589.0,-14.0,700.0,,,,
3822,realistic,3,x0y0,utah,12.728,15.4,Aa,saline,200.0675177595496,15.4,,b,-1,0.08,soma,83.382978154,-1185.9340042286206,-10.38270191675474,-31.18636554030718,,-1186.0,-10.637849902318806,-31.511315690026322,none,0.0,success,105.0,0.005,"(-1186, 273, 745)",-1186.0,273.0,745.0,,,,
3823,realistic,3,x0y0,utah,8.552,10.6,Aa,saline,138.77415327112465,10.6,,b,-1,0.08,soma,70.03470826600001,-1352.1812876206943,510.86636780027357,-514.0156558119652,,-1352.0,510.39143637364714,-513.7350520434295,none,0.0,success,105.0,0.005,"(-1352, -30, 103)",-1352.0,-30.0,103.0,,,,
3824,realistic,3,x0y0,utah,9.335,11.5,Aa,saline,123.34136101958934,11.5,,b,-1,0.08,soma,72.53750887,703.5771390518712,871.8234685884108,-496.3970897738514,,704.0,872.0879174549992,-496.3693074374761,none,0.0,success,105.0,0.005,"(704, 186, -45)",704.0,186.0,-45.0,,,,
3825,realistic,3,x0y0,utah,11.597,14.1,Aa,saline,44.96313288547832,14.1,,b,-1,0.08,soma,79.76782172600001,-415.04272691833916,167.7291104503297,170.9845608232281,,-415.0,167.94545980688224,170.6878553266589,none,0.0,success,105.0,0.005,"(-415, -415, -413)",-415.0,-415.0,-413.0,,,,
3826,realistic,3,x0y0,utah,12.641,15.3,Aa,saline,98.75468355736092,15.3,,b,-1,0.08,soma,83.104889198,111.0137391786632,286.14139212450215,-9.198787027040908,,111.0,285.881780997192,-8.801282067967847,none,0.0,success,105.0,0.005,"(111, -531, 117)",111.0,-531.0,117.0,,,,
3827,realistic,3,x0y0,utah,13.25,16.0,Aa,saline,64.0639964081201,16.0,,b,-1,0.08,soma,85.05151189,-162.94384765967985,177.31727904499576,59.14971936436177,,-163.0,177.19391232133876,58.959765650343115,none,0.0,success,105.0,0.005,"(-163, -567, -303)",-163.0,-567.0,-303.0,,,,
3828,realistic,3,x0y0,utah,14.467999999999998,17.4,Aa,saline,117.65177184134916,17.4,,b,-1,0.08,soma,88.944757274,955.5217839127774,196.0168917000301,-115.49668515239635,,956.0,195.74663299665485,-115.95813092543182,none,0.0,success,105.0,0.005,"(956, -539, 269)",956.0,-539.0,269.0,,,,
3829,realistic,3,x0y0,utah,13.511000000000001,16.3,Aa,saline,221.8994121035301,16.3,,b,-1,0.08,soma,85.885778758,569.8515584839267,-89.26322852428076,-99.10951126041529,,570.0,-88.90026152729627,-99.23789256478983,none,0.0,success,105.0,0.005,"(570, 464, 517)",570.0,464.0,517.0,,,,
3830,realistic,3,x0y0,utah,13.597999999999999,16.4,Aa,saline,43.91879378470605,16.4,,b,-1,0.08,soma,86.16386771399998,-1792.7632266782339,138.3200043998877,146.84731248992833,,-1793.0,138.3576293232153,146.46741695719732,none,0.0,success,105.0,0.005,"(-1793, -436, -450)",-1793.0,-436.0,-450.0,,,,
3831,realistic,3,x0y0,utah,14.12,17.0,Aa,saline,217.96201775395969,17.0,,b,-1,0.08,soma,87.83240144999998,-1916.1313221510861,-91.64782337764154,-132.6507986358297,,-1916.0,-91.86635506594769,-132.51753265159027,none,0.0,success,105.0,0.005,"(-1916, 418, 521)",-1916.0,418.0,521.0,,,,
3832,realistic,3,x0y0,utah,13.511000000000001,16.3,Aa,saline,111.16221394830492,16.3,,b,-1,0.08,soma,85.885778758,417.0124851981623,126.10847467535405,-40.589261910530695,,417.0,126.13953863485563,-40.88738306581905,none,0.0,success,105.0,0.005,"(417, -646, 258)",417.0,-646.0,258.0,,,,
3833,realistic,3,x0y0,utah,10.553,12.9,Aa,saline,-7.09121410650488,12.9,,b,-1,0.08,soma,76.430754254,-189.5943058148619,-211.69932926958973,1427.2851887293134,,-190.0,-211.58477753747184,1426.9589402608349,none,0.0,success,105.0,0.005,"(-190, -110, 610)",-190.0,-110.0,610.0,,,,
3834,realistic,3,x0y0,utah,10.553,12.9,Aa,saline,95.98801446496,12.9,,b,-1,0.08,soma,76.430754254,-658.9712210637452,269.47009380290365,-24.875857693788014,,-659.0,269.68769255280176,-24.861363834346122,none,0.0,success,105.0,0.005,"(-659, -549, 61)",-659.0,-549.0,61.0,,,,
3835,realistic,3,x0y0,utah,10.292,12.6,Aa,saline,41.93216059611677,12.6,,b,-1,0.08,soma,75.596487386,1465.4170613639444,747.9258681521789,841.4539545652698,,1465.0,747.8760662600321,841.0796134832229,central,5.305000000000129,success,99.90234375,0.005,"(1465, 198, 229)",1465.0,198.0,229.0,1465.0,,198.0,229.0
3836,realistic,3,x0y0,utah,10.553,12.9,Aa,saline,-31.87972066505908,12.9,,b,-1,0.08,soma,76.430754254,-1530.869925794033,-546.8065416377021,966.2065928868196,,-1531.0,-546.7400406607688,966.0744982562486,none,0.0,success,105.0,0.005,"(-1531, -112, 267)",-1531.0,-112.0,267.0,,,,
3837,realistic,3,x0y0,utah,12.467,15.1,Aa,saline,142.67690089891576,15.1,,b,-1,0.08,soma,82.548711286,1421.191819226583,98.7066404066577,-142.53222368821937,,1421.0,98.97014182635093,-142.0533676073137,none,0.0,success,105.0,0.005,"(1421, -402, 515)",1421.0,-402.0,515.0,,,,
3838,realistic,3,x0y0,utah,9.857,12.1,Aa,saline,144.40958004855875,12.1,,b,-1,0.08,soma,74.206042606,1277.790032985341,676.2548608254169,-885.4465053189183,,1278.0,676.4639583983461,-885.5341769235998,central,5.285000000000126,success,95.361328125,0.005,"(1278, 198, -217)",1278.0,198.0,-217.0,1278.0,,198.0,-217.0
3839,realistic,3,x0y0,utah,10.118,12.4,Aa,saline,184.52012263858882,12.4,,b,-1,0.08,soma,75.040309474,94.01870196765438,-230.35727939527715,-1118.8888033634641,,94.0,-230.8145881932756,-1118.9703422573157,none,0.0,success,105.0,0.005,"(94, -166, -299)",94.0,-166.0,-299.0,,,,
3840,realistic,3,x0y0,utah,12.032,14.6,Aa,saline,78.79295715337776,14.6,,b,-1,0.08,soma,81.15826650599999,146.52253336436115,751.181325470628,181.76502871907903,,147.0,750.810571807868,181.49258350438325,tjn,5.315000000000131,success,32.220458984375,0.005,"(147, -59, 21)",147.0,-59.0,21.0,147.0,,-59.0,21.0
3841,realistic,3,x0y0,utah,10.466000000000001,12.8,Aa,saline,76.16404620427724,12.8,,b,-1,0.08,soma,76.152665298,1998.0679882724576,388.3826628834481,39.45043449352397,,1998.0,388.2071190021792,39.797551136375944,none,0.0,success,105.0,0.005,"(1998, -411, -157)",1998.0,-411.0,-157.0,,,,
3842,realistic,3,x0y0,utah,10.814,13.2,Aa,saline,205.8904021471172,13.2,,b,-1,0.08,soma,77.26502112200002,-381.48358171010216,-528.6432522038003,-1240.6750405859434,,-381.0,-528.6803173619887,-1240.9398065006758,none,0.0,success,105.0,0.005,"(-381, -169, -500)",-381.0,-169.0,-500.0,,,,
3843,realistic,3,x0y0,utah,12.206000000000001,14.8,Aa,saline,75.09957429175572,14.8,,b,-1,0.08,soma,81.714444418,584.2820409760002,311.8645313566367,65.14803051003128,,584.0,312.1084195427778,65.32789182993395,none,0.0,success,105.0,0.005,"(584, -486, -147)",584.0,-486.0,-147.0,,,,
3844,realistic,3,x0y0,utah,13.772000000000002,16.6,Aa,saline,103.58551746049092,16.6,,b,-1,0.08,soma,86.720045626,1721.8899476950296,357.7751361777382,-74.95577895025234,,1722.0,358.1659421742362,-74.58176935877376,none,0.0,success,105.0,0.005,"(1722, -447, 120)",1722.0,-447.0,120.0,,,,
3845,realistic,3,x0y0,utah,16.642999999999997,19.9,Aa,saline,218.64626242830624,19.9,,b,-1,0.08,soma,95.89698117399999,-1812.1835223249627,-41.86385221429464,-53.38527629221653,,-1812.0,-42.17633237158168,-53.53277114844718,none,0.0,success,105.0,0.005,"(-1812, 478, 597)",-1812.0,478.0,597.0,,,,
3846,realistic,3,x0y0,utah,11.597,14.1,Aa,saline,152.91461258116885,14.1,,b,-1,0.08,soma,79.76782172600001,-1705.8213464121275,63.85380460626948,-155.37788319855053,,-1706.0,63.569644615924005,-155.39414584132908,none,0.0,success,105.0,0.005,"(-1706, -312, 579)",-1706.0,-312.0,579.0,,,,
3847,realistic,3,x0y0,utah,13.076,15.8,Aa,saline,93.38534126737223,15.8,,b,-1,0.08,soma,84.495333978,-955.386565685492,436.9430718246199,-24.150340590691943,,-955.0,436.84134595511887,-23.89033711904991,none,0.0,success,105.0,0.005,"(-955, -389, 25)",-955.0,-389.0,25.0,,,,
3848,realistic,3,x0y0,utah,12.815,15.5,Aa,saline,116.57673743728006,15.5,,b,-1,0.08,soma,83.66106711,-55.882309271653384,224.01345852636499,-100.68576606466877,,-56.0,224.43454615823669,-100.9239807125071,none,0.0,success,105.0,0.005,"(-56, -515, 269)",-56.0,-515.0,269.0,,,,
3849,realistic,3,x0y0,utah,10.64,13.0,Aa,saline,68.77426712474177,13.0,,b,-1,0.08,soma,76.70884321,-1967.7266048452802,185.1133583439577,87.01795422346731,,-1968.0,185.53099182018116,87.05430062101004,none,0.0,success,105.0,0.005,"(-1968, -582, -211)",-1968.0,-582.0,-211.0,,,,
3850,realistic,3,x0y0,utah,15.164,18.2,Aa,saline,53.99906205746255,18.2,,b,-1,0.08,soma,91.16946892200001,833.8126216323196,328.31164061042546,198.10059876276642,,834.0,327.9430501789492,198.21770691617587,none,0.0,success,105.0,0.005,"(834, -344, -290)",834.0,-344.0,-290.0,,,,
3851,realistic,3,x0y0,utah,10.379,12.7,Aa,saline,166.84617625381608,12.7,,b,-1,0.08,soma,75.874576342,-634.3630420757082,364.96244786787383,-1388.01002178328,,-634.0,365.3005267877196,-1388.3763312209198,none,0.0,success,105.0,0.005,"(-634, 178, -587)",-634.0,178.0,-587.0,,,,
3852,realistic,3,x0y0,utah,13.337000000000002,16.1,Aa,saline,46.88081721576375,16.1,,b,-1,0.08,soma,85.329600846,-1493.463572164251,323.0537857972668,394.08743256448906,,-1493.0,323.1125378287478,393.7088910891206,none,0.0,success,105.0,0.005,"(-1493, -281, -172)",-1493.0,-281.0,-172.0,,,,
3853,realistic,3,x0y0,utah,12.119,14.7,Aa,saline,119.9256562020706,14.7,,b,-1,0.08,soma,81.436355462,-878.78196927901,100.56215141604523,-58.083207688404855,,-879.0,100.64994463945789,-57.95079886999599,none,0.0,success,105.0,0.005,"(-879, -615, 354)",-879.0,-615.0,354.0,,,,
3854,realistic,3,x0y0,utah,12.815,15.5,Aa,saline,77.46776255447931,15.5,,b,-1,0.08,soma,83.66106711,-1337.4893897449354,230.16191856092289,58.030575771824246,,-1337.0,230.15196685639114,58.42222578143503,none,0.0,success,105.0,0.005,"(-1337, -577, -121)",-1337.0,-577.0,-121.0,,,,
3855,realistic,3,x0y0,utah,13.511000000000001,16.3,Aa,saline,98.56437893887305,16.3,,b,-1,0.08,soma,85.885778758,455.70717633242583,617.0910386296255,-111.4594791106374,,456.0,616.6699290179555,-111.28069622853315,tjn,5.405000000000145,success,55.615234375,0.005,"(456, -202, 12)",456.0,-202.0,12.0,456.0,,-202.0,12.0
3856,realistic,3,x0y0,utah,7.682,9.6,Aa,saline,130.1671879532615,9.6,,b,-1,0.08,soma,67.253818706,634.6048981019333,1062.019737938468,-911.9092439008723,,635.0,1061.5946841275627,-912.0143565326852,central,5.2350000000001184,success,85.58349609375,0.005,"(635, 436, -384)",635.0,436.0,-384.0,635.0,,436.0,-384.0
3857,realistic,3,x0y0,utah,13.946,16.8,Aa,saline,339.9533349712489,16.8,,b,-1,0.08,soma,87.27622353800001,-326.74469858935214,-56.433804900755604,117.21659397031452,,-327.0,-56.05714471441331,117.42264219579886,none,0.0,success,105.0,0.005,"(-327, 228, -661)",-327.0,228.0,-661.0,,,,
3858,realistic,3,x0y0,utah,10.64,13.0,Aa,saline,16.600864880265814,13.0,,b,-1,0.08,soma,76.70884321,522.0198118873228,6.6187316206251126,25.177864924219648,,522.0,6.232358252548551,25.020542224071733,none,0.0,success,105.0,0.005,"(522, -229, -764)",522.0,-229.0,-764.0,,,,
3859,realistic,3,x0y0,utah,12.815,15.5,Aa,saline,49.450872177562324,15.5,,b,-1,0.08,soma,83.66106711,-1733.8685309188031,222.82519119991957,162.16884716331288,,-1734.0,223.22583939508922,162.52252986410565,none,0.0,success,105.0,0.005,"(-1734, -405, -375)",-1734.0,-405.0,-375.0,,,,
3860,realistic,3,x0y0,utah,13.424,16.2,Aa,saline,209.66455748843063,16.2,,b,-1,0.08,soma,85.607689802,-1057.8648302863032,-22.74981295674161,-50.45503630700569,,-1058.0,-22.68012284150501,-50.278760834479044,none,0.0,success,105.0,0.005,"(-1058, 387, 669)",-1058.0,387.0,669.0,,,,
3861,realistic,3,x0y0,utah,13.511000000000001,16.3,Aa,saline,194.53009736992595,16.3,,b,-1,0.08,soma,85.885778758,1734.4744365792515,-29.436999927712804,-109.535685240126,,1734.0,-29.730870945191157,-109.44871691887215,none,0.0,success,105.0,0.005,"(1734, 178, 692)",1734.0,178.0,692.0,,,,
3862,realistic,3,x0y0,utah,12.032,14.6,Aa,saline,42.99746470502817,14.6,,b,-1,0.08,soma,81.15826650599999,-825.2939026446431,111.59668881793141,109.2607563158549,,-825.0,112.04496887854623,108.82857806124446,none,0.0,success,105.0,0.005,"(-825, -451, -495)",-825.0,-451.0,-495.0,,,,
3863,realistic,3,x0y0,utah,14.033,16.9,Aa,saline,96.87974386699298,16.9,,b,-1,0.08,soma,87.55431249399997,1149.389017204082,397.64750066585157,-47.0554794890145,,1149.0,397.80996072202186,-47.287503318390634,none,0.0,success,105.0,0.005,"(1149, -425, 52)",1149.0,-425.0,52.0,,,,
3864,realistic,3,x0y0,utah,8.987,11.1,Aa,saline,68.22917414265426,11.1,,b,-1,0.08,soma,71.42515304599999,-640.955480549771,1264.7963163537324,686.8076154177597,,-641.0,1265.1957698169103,686.4022946323807,periphery,5.255000000000122,success,75.29296875,0.005,"(-641, 503, 382)",-641.0,503.0,382.0,-641.0,,503.0,382.0
3865,realistic,3,x0y0,utah,11.336,13.8,Aa,saline,2.255588566562864,13.8,,b,-1,0.08,soma,78.93355485800001,826.4003862456035,7.371720256388925,159.60024755749959,,826.0,7.4839910307026045,159.80720400705695,none,0.0,success,105.0,0.005,"(826, -25, -664)",826.0,-25.0,-664.0,,,,
3866,realistic,3,x0y0,utah,10.901,13.3,Aa,saline,18.90233646218389,13.3,,b,-1,0.08,soma,77.54311007800001,1385.6039543008285,245.45194798063085,638.7463804637819,,1386.0,245.90198383263612,638.3702682223982,none,0.0,success,105.0,0.005,"(1386, -21, -141)",1386.0,-21.0,-141.0,,,,
3867,realistic,3,x0y0,utah,11.423,13.9,Aa,saline,118.16297631596892,13.9,,b,-1,0.08,soma,79.211643814,-1972.3651959963195,274.1487310879911,-149.23710187347706,,-1972.0,273.97249259321154,-149.2139479401041,none,0.0,success,105.0,0.005,"(-1972, -453, 240)",-1972.0,-453.0,240.0,,,,
3868,realistic,3,x0y0,utah,11.248999999999999,13.7,Aa,saline,90.76554070553624,13.7,,b,-1,0.08,soma,78.655465902,-752.6420579335303,300.8194282576368,-1.073442887274723,,-753.0,301.2453001777052,-1.0459916215434042,none,0.0,success,105.0,0.005,"(-753, -523, 10)",-753.0,-523.0,10.0,,,,
3869,realistic,3,x0y0,utah,12.728,15.4,Aa,saline,196.09167155323811,15.4,,b,-1,0.08,soma,83.382978154,795.0409890594542,-25.778497615998287,-82.13481058083563,,795.0,-26.15888077214447,-82.2851827051818,none,0.0,success,105.0,0.005,"(795, 203, 712)",795.0,203.0,712.0,,,,
3870,realistic,3,x0y0,utah,11.075,13.5,Aa,saline,77.60429429727974,13.5,,b,-1,0.08,soma,78.09928799,-1560.4264871129271,504.1570308993155,96.42563735483692,,-1560.0,503.8492872899167,96.92345856572655,none,0.0,success,105.0,0.005,"(-1560, -301, -80)",-1560.0,-301.0,-80.0,,,,
3871,realistic,3,x0y0,utah,14.642000000000001,17.6,Aa,saline,23.477367425735807,17.6,,b,-1,0.08,soma,89.500935186,-1662.7127853038685,203.0192693660838,539.1765885991849,,-1663.0,202.57258628905123,539.0471288762998,none,0.0,success,105.0,0.005,"(-1663, -128, -222)",-1663.0,-128.0,-222.0,,,,
3872,realistic,3,x0y0,utah,9.508999999999999,11.7,Aa,saline,-24.73622309961261,11.7,,b,-1,0.08,soma,73.09368678199999,-375.07759147633385,-444.4296938340112,1374.1844438880526,,-375.0,-444.73519927479447,1374.1288431677062,none,0.0,success,105.0,0.005,"(-375, -101, 628)",-375.0,-101.0,628.0,,,,
3873,realistic,3,x0y0,utah,12.38,15.0,Aa,saline,333.67629925492,15.0,,b,-1,0.08,soma,82.27062233000002,-659.2608519483588,-562.5737653977085,926.647313186852,,-659.0,-562.3083969705611,926.4650793971898,none,0.0,success,105.0,0.005,"(-659, -196, 186)",-659.0,-196.0,186.0,,,,
3874,realistic,3,x0y0,utah,9.508999999999999,11.7,Aa,saline,259.50056132611013,11.7,,b,-1,0.08,soma,73.09368678199999,157.31006780374312,-157.53469141583582,-14.566058496584446,,157.0,-157.82701110637038,-14.685834865840235,tjn,5.130000000000102,success,16.9891357421875,0.005,"(157, 650, 135)",157.0,650.0,135.0,157.0,,650.0,135.0
3875,realistic,3,x0y0,utah,8.639,10.7,Aa,saline,54.38555917957361,10.7,,b,-1,0.08,soma,70.312797222,432.9066333587948,873.5624086634398,669.6013959825897,,433.0,873.7871520707431,669.5770709111855,none,0.0,success,105.0,0.005,"(433, 207, 192)",433.0,207.0,192.0,,,,
3876,realistic,3,x0y0,utah,12.815,15.5,Aa,saline,350.82614078986387,15.5,,b,-1,0.08,soma,83.66106711,1582.0213379148452,-14.604317147525759,147.93726339496152,,1582.0,-14.796787048667028,148.24710272549623,none,0.0,success,105.0,0.005,"(1582, 117, -668)",1582.0,117.0,-668.0,,,,
3877,realistic,3,x0y0,utah,12.554,15.2,Aa,saline,339.3179479125159,15.2,,b,-1,0.08,soma,82.82680024199999,-1142.7944840056994,-41.978703689246686,136.52432814165195,,-1143.0,-41.88921292273727,136.19237715320776,none,0.0,success,105.0,0.005,"(-1143, 250, -637)",-1143.0,250.0,-637.0,,,,
3878,realistic,3,x0y0,utah,11.51,14.0,Aa,saline,93.66127124133442,14.0,,b,-1,0.08,soma,79.48973277,1263.9009023332449,252.88276028462815,-21.179447165544392,,1264.0,253.09537665223024,-21.701196962001518,none,0.0,success,105.0,0.005,"(1264, -570, 31)",1264.0,-570.0,31.0,,,,
3879,realistic,3,x0y0,utah,14.12,17.0,Aa,saline,108.63083846986108,17.0,,b,-1,0.08,soma,87.83240144999998,-1056.734555454622,298.2511886368552,-87.08909559946959,,-1057.0,298.48099180701024,-86.8387261316376,none,0.0,success,105.0,0.005,"(-1057, -487, 178)",-1057.0,-487.0,178.0,,,,
3880,realistic,3,x0y0,utah,10.292,12.6,Aa,saline,124.91722217459805,12.6,,b,-1,0.08,soma,75.596487386,-401.84254546111697,382.0175298000877,-278.07067116019647,,-402.0,381.69455982826014,-277.96971468987334,none,0.0,success,105.0,0.005,"(-402, -293, 193)",-402.0,-293.0,193.0,,,,
3881,realistic,3,x0y0,utah,10.466000000000001,12.8,Aa,saline,38.1040055056073,12.8,,b,-1,0.08,soma,76.152665298,936.2949733331103,816.0917430745762,1131.1823477505004,,936.0,815.920404877698,1131.6787661614983,none,0.0,success,105.0,0.005,"(936, 308, 484)",936.0,308.0,484.0,,,,
3882,realistic,3,x0y0,utah,9.683,11.9,Aa,saline,149.29747097677563,11.9,,b,-1,0.08,soma,73.649864694,-93.12362732602142,734.0705078699089,-924.0053383614528,,-93.0,733.6238104563784,-923.6050768319509,tjn,5.185000000000111,success,58.19091796875,0.005,"(-93, 314, -217)",-93.0,314.0,-217.0,-93.0,,314.0,-217.0
3883,realistic,3,x0y0,utah,13.772000000000002,16.6,Aa,saline,135.05079838012122,16.6,,b,-1,0.08,soma,86.720045626,-13.944128346601081,214.0773958592736,-204.40815250504784,,-14.0,214.23635611738473,-204.23038814476024,none,0.0,success,105.0,0.005,"(-14, -371, 382)",-14.0,-371.0,382.0,,,,
3884,realistic,3,x0y0,utah,14.555,17.5,Aa,saline,-1.2154174857913251,17.5,,b,-1,0.08,soma,89.22284623,1260.4795238980967,7.226149173778595,109.10440674017806,,1260.0,7.412237829961995,109.44550083037723,none,0.0,success,105.0,0.005,"(1260, 25, -720)",1260.0,25.0,-720.0,,,,
3885,realistic,3,x0y0,utah,13.685,16.5,Aa,saline,89.51096606441963,16.5,,b,-1,0.08,soma,86.44195667,-839.3281521960694,418.68145659332464,28.11497137252991,,-839.0,418.22097833500015,28.039878315847503,none,0.0,success,105.0,0.005,"(-839, -410, 21)",-839.0,-410.0,21.0,,,,
3886,realistic,3,x0y0,utah,11.423,13.9,Aa,saline,145.33382522879558,13.9,,b,-1,0.08,soma,79.211643814,1810.925310615878,462.24100517160883,-778.7470883149797,,1811.0,462.03579150070175,-779.2382885185077,none,0.0,success,105.0,0.005,"(1811, -7, -101)",1811.0,-7.0,-101.0,,,,
3887,realistic,3,x0y0,utah,11.597,14.1,Aa,saline,191.13587947173468,14.1,,b,-1,0.08,soma,79.76782172600001,-348.7053298497296,-9.09459802502397,-43.30439077253004,,-349.0,-9.285083187645341,-43.37609333877572,none,0.0,success,105.0,0.005,"(-349, 150, 766)",-349.0,150.0,766.0,,,,
3888,realistic,3,x0y0,utah,9.422,11.6,Aa,saline,175.6009562325885,11.6,,b,-1,0.08,soma,72.815597826,1246.5983348609684,-42.93833980227828,-1232.5973410620754,,1247.0,-42.99802182337287,-1233.0257162961525,none,0.0,success,105.0,0.005,"(1247, -106, -414)",1247.0,-106.0,-414.0,,,,
3889,realistic,3,x0y0,utah,10.292,12.6,Aa,saline,87.41814554755804,12.6,,b,-1,0.08,soma,75.596487386,-1719.1952992053186,393.3068365531594,3.2565378452068217,,-1719.0,392.97544544930724,3.025920966185012,none,0.0,success,105.0,0.005,"(-1719, -429, -34)",-1719.0,-429.0,-34.0,,,,
3890,realistic,3,x0y0,utah,10.814,13.2,Aa,saline,189.7569531042929,13.2,,b,-1,0.08,soma,77.26502112200002,419.8817694339032,-214.08200814371185,-990.7493874962752,,420.0,-214.60571054008955,-990.6898391578658,none,0.0,success,105.0,0.005,"(420, -75, -179)",420.0,-75.0,-179.0,,,,
3891,realistic,3,x0y0,utah,10.031,12.3,Aa,saline,-10.010787935701613,12.3,,b,-1,0.08,soma,74.76222051799998,-700.1571671603847,-458.3976382868137,1294.9011345846664,,-700.0,-457.9298369630142,1294.8809173830632,none,0.0,success,105.0,0.005,"(-700, -315, 485)",-700.0,-315.0,485.0,,,,
3892,realistic,3,x0y0,utah,12.728,15.4,Aa,saline,28.75738128500753,15.4,,b,-1,0.08,soma,83.382978154,65.96549253781279,44.79881014823104,74.17954594021512,,66.0,44.721275394944826,73.7604284738062,none,0.0,success,105.0,0.005,"(66, -353, -651)",66.0,-353.0,-651.0,,,,
3893,realistic,3,x0y0,utah,9.683,11.9,Aa,saline,114.99300020963064,11.9,,b,-1,0.08,soma,73.649864694,224.4951911425104,1120.5111122100018,-639.2467695113783,,224.0,1120.9021186793211,-639.2210339166077,periphery,5.195000000000112,success,66.05224609375,0.005,"(224, 376, -292)",224.0,376.0,-292.0,224.0,,376.0,-292.0
3894,realistic,3,x0y0,utah,10.205,12.5,Aa,saline,272.1692056856176,12.5,,b,-1,0.08,soma,75.31839843,-710.1123487971088,-65.71666049330224,0.1801993656367813,,-710.0,-66.0833377755497,0.1787836502485085,periphery,5.170000000000108,success,25.341796875,0.005,"(-710, 756, -31)",-710.0,756.0,-31.0,-710.0,,756.0,-31.0
3895,realistic,3,x0y0,utah,12.554,15.2,Aa,saline,88.79813879255371,15.2,,b,-1,0.08,soma,82.82680024199999,1326.6060640951398,154.5070641610937,19.34318363742432,,1327.0,154.248117440976,19.354681402541004,none,0.0,success,105.0,0.005,"(1327, -672, 2)",1327.0,-672.0,2.0,,,,
3896,realistic,3,x0y0,utah,12.38,15.0,Aa,saline,116.1614930093607,15.0,,b,-1,0.08,soma,82.27062233000002,-1181.3053785518985,171.90897887820483,-83.75058990959951,,-1181.0,171.53905530170425,-84.24305869264862,none,0.0,success,105.0,0.005,"(-1181, -570, 280)",-1181.0,-570.0,280.0,,,,
3897,realistic,3,x0y0,utah,9.074,11.2,Aa,saline,178.21600004775814,11.2,,b,-1,0.08,soma,71.703242002,-1029.8194541009868,31.580476152794752,-1202.2763262442634,,-1030.0,31.528485413131108,-1202.4411951905,none,0.0,success,105.0,0.005,"(-1030, 6, -382)",-1030.0,6.0,-382.0,,,,
3898,realistic,3,x0y0,utah,16.294999999999998,19.5,Aa,saline,4.1532809064887335,19.5,,b,-1,0.08,soma,94.78462535,394.5477731564582,5.623237988389063,62.75937441176938,,395.0,5.265203437670017,63.22809266204513,none,0.0,success,105.0,0.005,"(395, -55, -767)",395.0,-55.0,-767.0,,,,
3899,realistic,3,x0y0,utah,11.336,13.8,Aa,saline,69.00001529546411,13.8,,b,-1,0.08,soma,78.93355485800001,-1485.3282171589742,485.74838542055664,248.779376959104,,-1485.0,485.7221834077146,248.4888930305537,none,0.0,success,105.0,0.005,"(-1485, -284, -47)",-1485.0,-284.0,-47.0,,,,
3900,realistic,3,x0y0,utah,14.729,17.7,Aa,saline,34.424195139540785,17.7,,b,-1,0.08,soma,89.77902414200001,1739.593608405314,74.94708624531631,116.16338169699112,,1740.0,75.13654117373648,116.57585850736803,none,0.0,success,105.0,0.005,"(1740, -394, -568)",1740.0,-394.0,-568.0,,,,
3901,realistic,3,x0y0,utah,9.77,12.0,Aa,saline,106.83617958364373,12.0,,b,-1,0.08,soma,73.92795365,337.7085430472657,1325.8736337111861,-598.4670553294453,,338.0,1325.7017222192076,-598.0407676885201,central,5.18000000000011,success,60.791015625,0.005,"(338, 539, -360)",338.0,539.0,-360.0,338.0,,539.0,-360.0
3902,realistic,3,x0y0,utah,10.031,12.3,Aa,saline,89.00168315580774,12.3,,b,-1,0.08,soma,74.76222051799998,-167.9348120023869,1404.9626221953836,262.6314172534876,,-168.0,1405.2166340369483,262.3094313185066,tjn,5.155000000000106,success,34.197998046875,0.005,"(-168, 583, 248)",-168.0,583.0,248.0,-168.0,,583.0,248.0
3903,realistic,3,x0y0,utah,11.075,13.5,Aa,saline,140.36724130457046,13.5,,b,-1,0.08,soma,78.09928799,251.79958109772892,79.06405302937173,-96.89367258753599,,252.0,78.66126790441069,-96.60063084054968,none,0.0,success,105.0,0.005,"(252, -447, 538)",252.0,-447.0,538.0,,,,
3904,realistic,3,x0y0,utah,12.988999999999999,15.7,Aa,saline,168.77971946369092,15.7,,b,-1,0.08,soma,84.217245022,1504.2798985956815,26.592339430262648,-177.66532795744843,,1504.0,26.955337940640646,-177.31084782104017,none,0.0,success,105.0,0.005,"(1504, -134, 634)",1504.0,-134.0,634.0,,,,
3905,realistic,3,x0y0,utah,13.946,16.8,Aa,saline,17.115062854478285,16.8,,b,-1,0.08,soma,87.27622353800001,518.6904402223837,19.585248650675567,118.16067936889613,,519.0,19.86819629361679,117.92944341763359,none,0.0,success,105.0,0.005,"(519, -224, -674)",519.0,-224.0,-674.0,,,,
3906,realistic,3,x0y0,utah,13.25,16.0,Aa,saline,324.5966640915904,16.0,,b,-1,0.08,soma,85.05151189,-118.76648398771385,-67.40735984957699,80.96055717316585,,-119.0,-67.38567041893867,80.51624367076977,none,0.0,success,105.0,0.005,"(-119, 412, -594)",-119.0,412.0,-594.0,,,,
3907,realistic,3,x0y0,utah,11.51,14.0,Aa,saline,104.73311632197886,14.0,,b,-1,0.08,soma,79.48973277,-1023.808494883766,398.7790442871328,-136.27022860496754,,-1024.0,398.61076028093373,-136.73261952170557,none,0.0,success,105.0,0.005,"(-1024, -399, 73)",-1024.0,-399.0,73.0,,,,
3908,realistic,3,x0y0,utah,8.465,10.5,Aa,saline,-21.584079601732807,10.5,,b,-1,0.08,soma,69.75661931,-1737.1757550956054,-556.9844244276146,1101.6072897158738,,-1737.0,-556.6332301220746,1101.4048401481846,none,0.0,success,105.0,0.005,"(-1737, -255, 339)",-1737.0,-255.0,339.0,,,,
3909,realistic,3,x0y0,utah,12.293000000000001,14.9,Aa,saline,26.776999999358697,14.9,,b,-1,0.08,soma,81.99253337399999,-1941.203739544567,252.74786834750603,674.3816289080263,,-1941.0,253.1113181424936,674.4494668981538,none,0.0,success,105.0,0.005,"(-1941, -119, -63)",-1941.0,-119.0,-63.0,,,,
3910,realistic,3,x0y0,utah,9.596,11.8,Aa,saline,135.37934142989914,11.8,,b,-1,0.08,soma,73.371775738,-1091.5939174956243,198.52019738453652,-215.1262134973204,,-1092.0,198.1521676391858,-214.87601498515437,none,0.0,success,105.0,0.005,"(-1092, -379, 370)",-1092.0,-379.0,370.0,,,,
3911,realistic,3,x0y0,utah,13.511000000000001,16.3,Aa,saline,53.21163222444556,16.3,,b,-1,0.08,soma,85.885778758,304.99574757545463,266.0841366245417,204.44116687013957,,305.0,266.09946010364126,204.85499644908322,none,0.0,success,105.0,0.005,"(305, -397, -291)",305.0,-397.0,-291.0,,,,
3912,realistic,3,x0y0,utah,11.075,13.5,Aa,saline,310.25246138412376,13.5,,b,-1,0.08,soma,78.09928799,276.29270265036257,-98.08580482511023,110.00144322026293,,276.0,-97.9146882969842,110.50087994956914,periphery,5.225000000000117,success,91.845703125,0.005,"(276, 531, -422)",276.0,531.0,-422.0,276.0,,531.0,-422.0
3913,realistic,3,x0y0,utah,9.857,12.1,Aa,saline,180.96426950280997,12.1,,b,-1,0.08,soma,74.206042606,1559.9230640427838,29.559044214563073,-1171.825935323898,,1560.0,29.188669242109597,-1172.0208110008698,none,0.0,success,105.0,0.005,"(1560, 43, -350)",1560.0,43.0,-350.0,,,,
3914,realistic,3,x0y0,utah,13.511000000000001,16.3,Aa,saline,128.36718769009954,16.3,,b,-1,0.08,soma,85.885778758,-1884.1235913924693,151.8569716564061,-102.29932201688234,,-1884.0,152.10722527313624,-101.90415143754547,none,0.0,success,105.0,0.005,"(-1884, -497, 412)",-1884.0,-497.0,412.0,,,,
3915,realistic,3,x0y0,utah,12.38,15.0,Aa,saline,119.93104662601331,15.0,,b,-1,0.08,soma,82.27062233000002,1274.612742756416,262.5256502220045,-218.44349119107073,,1275.0,262.92886065558935,-218.24152027133516,none,0.0,success,105.0,0.005,"(1275, -453, 194)",1275.0,-453.0,194.0,,,,
3916,realistic,3,x0y0,utah,10.031,12.3,Aa,saline,0.6938949332367296,12.3,,b,-1,0.08,soma,74.76222051799998,1784.5478663071838,66.50303498086761,1273.349746170894,,1785.0,66.9508114341339,1273.2988721479742,none,0.0,success,105.0,0.005,"(1785, 57, 451)",1785.0,57.0,451.0,,,,
3917,realistic,3,x0y0,utah,14.293999999999999,17.2,Aa,saline,257.4431770649029,17.2,,b,-1,0.08,soma,88.388579362,1172.301732971527,-104.91720724229252,-22.445722760677647,,1172.0,-105.37654615762426,-22.266838576649462,central,5.225000000000117,success,23.236083984375,0.005,"(1172, 704, 158)",1172.0,704.0,158.0,1172.0,,704.0,158.0
3918,realistic,3,x0y0,utah,10.814,13.2,Aa,saline,315.8448533787458,13.2,,b,-1,0.08,soma,77.26502112200002,1879.398973150755,-39.23270312029854,48.34942458340993,,1879.0,-38.74240685679274,47.95632632751767,none,0.0,success,105.0,0.005,"(1879, 535, -543)",1879.0,535.0,-543.0,,,,
3919,realistic,3,x0y0,utah,8.9,11.0,Aa,saline,188.2857131650006,11.0,,b,-1,0.08,soma,71.14706409,-547.6173022830293,-262.3569840710116,-1312.9743692715076,,-548.0,-262.2446459676845,-1313.0395673117323,none,0.0,success,105.0,0.005,"(-548, -144, -501)",-548.0,-144.0,-501.0,,,,
3920,realistic,3,x0y0,utah,12.293000000000001,14.9,Aa,saline,68.73785740779638,14.9,,b,-1,0.08,soma,81.99253337399999,68.76130267336666,323.88658201405536,129.31535809004615,,69.0,323.74592092561545,129.50624630070627,none,0.0,success,105.0,0.005,"(69, -446, -170)",69.0,-446.0,-170.0,,,,
3921,realistic,3,x0y0,utah,14.293999999999999,17.2,Aa,saline,118.51292510701694,17.2,,b,-1,0.08,soma,88.388579362,-1378.7542005110004,295.334451985962,-144.15383208663616,,-1379.0,295.6130223426949,-143.8573538937095,none,0.0,success,105.0,0.005,"(-1379, -433, 252)",-1379.0,-433.0,252.0,,,,
3922,realistic,3,x0y0,utah,9.335,11.5,Aa,saline,121.01424877751404,11.5,,b,-1,0.08,soma,72.53750887,-1051.5519149112113,821.6289660179117,-596.7460206515434,,-1052.0,821.8273225507952,-597.1997891603555,none,0.0,success,105.0,0.005,"(-1052, 118, -174)",-1052.0,118.0,-174.0,,,,
3923,realistic,3,x0y0,utah,10.205,12.5,Aa,saline,170.32690284760758,12.5,,b,-1,0.08,soma,75.31839843,-1034.6551201841341,260.2093742677789,-1358.2210560508165,,-1035.0,260.20674546812006,-1357.9774385861472,none,0.0,success,105.0,0.005,"(-1035, 122, -547)",-1035.0,122.0,-547.0,,,,
3924,realistic,3,x0y0,utah,12.641,15.3,Aa,saline,65.65755735319718,15.3,,b,-1,0.08,soma,83.104889198,1710.7875740283175,72.20941896189517,23.07437194223257,,1711.0,72.07193227414916,22.70491766370793,none,0.0,success,105.0,0.005,"(1711, -681, -318)",1711.0,-681.0,-318.0,,,,
3925,realistic,3,x0y0,utah,12.902,15.6,Aa,saline,103.51310690920224,15.6,,b,-1,0.08,soma,83.93915606600001,1858.603760384075,558.5298941126301,-59.185556504550284,,1859.0,558.0625207214862,-59.26279038631216,none,0.0,success,105.0,0.005,"(1859, -246, 134)",1859.0,-246.0,134.0,,,,
3926,realistic,3,x0y0,utah,11.858,14.4,Aa,saline,189.11659703640962,14.4,,b,-1,0.08,soma,80.60208859400001,-917.591886086308,-27.70275175218148,-141.6298375895344,,-918.0,-27.727685416644846,-141.902251138858,none,0.0,success,105.0,0.005,"(-918, 103, 673)",-918.0,103.0,673.0,,,,
3927,realistic,3,x0y0,utah,12.293000000000001,14.9,Aa,saline,125.16302213364624,14.9,,b,-1,0.08,soma,81.99253337399999,-75.00755920500612,365.07672248582094,-270.08191635610274,,-75.0,365.2519480166227,-269.6912499850434,none,0.0,success,105.0,0.005,"(-75, -310, 206)",-75.0,-310.0,206.0,,,,
3928,realistic,3,x0y0,utah,12.206000000000001,14.8,Aa,saline,91.32101558018114,14.8,,b,-1,0.08,soma,81.714444418,1628.2298417377856,445.4528103475254,-8.93885873393674,,1628.0,445.60946504233743,-9.077301833027903,none,0.0,success,105.0,0.005,"(1628, -380, 10)",1628.0,-380.0,10.0,,,,
3929,realistic,3,x0y0,utah,13.25,16.0,Aa,saline,306.02988925855794,16.0,,b,-1,0.08,soma,85.05151189,-1087.8459448420017,-121.092696077671,111.13452846303429,,-1088.0,-121.2200788327217,110.75064964684907,periphery,5.260000000000122,success,70.59326171875,0.005,"(-1088, 548, -376)",-1088.0,548.0,-376.0,-1088.0,,548.0,-376.0
3930,realistic,3,x0y0,utah,13.859,16.7,Aa,saline,116.39197114857274,16.7,,b,-1,0.08,soma,86.998134582,337.9101251912776,397.2347587185936,-190.0361366050233,,338.0,397.1694644792781,-190.2678354108496,none,0.0,success,105.0,0.005,"(338, -345, 178)",338.0,-345.0,178.0,,,,
3931,realistic,3,x0y0,utah,13.163,15.9,Aa,saline,190.66904251402408,15.9,,b,-1,0.08,soma,84.773422934,1818.7211073542844,-9.782980486270393,-154.83824450234854,,1819.0,-10.149280292541732,-155.0729213586211,none,0.0,success,105.0,0.005,"(1819, 143, 658)",1819.0,143.0,658.0,,,,
3932,realistic,3,x0y0,utah,13.076,15.8,Aa,saline,87.8244249098047,15.8,,b,-1,0.08,soma,84.495333978,-1237.1187401691427,313.546141617373,26.40040343067721,,-1237.0,313.6685936221079,26.435411345582008,none,0.0,success,105.0,0.005,"(-1237, -513, -5)",-1237.0,-513.0,-5.0,,,,
3933,realistic,3,x0y0,utah,12.119,14.7,Aa,saline,68.90525894550615,14.7,,b,-1,0.08,soma,81.436355462,817.0367571006218,322.09287654124273,88.535112643287,,817.0,322.3950598230232,88.17597216538695,none,0.0,success,105.0,0.005,"(817, -448, -209)",817.0,-448.0,-209.0,,,,
3934,realistic,3,x0y0,utah,10.988,13.4,Aa,saline,193.5763174350275,13.4,,b,-1,0.08,soma,77.821199034,130.2450498979357,-30.34865541341287,-161.72047837628497,,130.0,-30.371817706639916,-161.92349379047585,none,0.0,success,105.0,0.005,"(130, 163, 639)",130.0,163.0,639.0,,,,
3935,realistic,3,x0y0,utah,10.205,12.5,Aa,saline,221.117645623211,12.5,,b,-1,0.08,soma,75.31839843,-1170.0376061634727,-677.9178841253088,-782.9235336324327,,-1170.0,-677.980689403784,-782.7914406885811,none,0.0,success,105.0,0.005,"(-1170, -137, -163)",-1170.0,-137.0,-163.0,,,,
3936,realistic,3,x0y0,utah,9.248000000000001,11.4,Aa,saline,38.15840693115341,11.4,,b,-1,0.08,soma,72.25941991399999,-1650.5031145429507,746.1307602746051,1025.9429771663627,,-1651.0,746.2939348114347,1025.6542909391892,none,0.0,success,105.0,0.005,"(-1651, 239, 380)",-1651.0,239.0,380.0,,,,
3937,realistic,3,x0y0,utah,12.119,14.7,Aa,saline,51.92555263499288,14.7,,b,-1,0.08,soma,81.436355462,628.7599904159638,371.0709552314111,280.51623663439887,,629.0,371.0053495098433,280.22040020670784,none,0.0,success,105.0,0.005,"(629, -279, -229)",629.0,-279.0,-229.0,,,,
3938,realistic,3,x0y0,utah,12.119,14.7,Aa,saline,86.84756817229362,14.7,,b,-1,0.08,soma,81.436355462,-1436.6551526027765,240.05748282129207,6.5616093755666025,,-1437.0,240.4796004644037,6.414499775205009,none,0.0,success,105.0,0.005,"(-1437, -584, -39)",-1437.0,-584.0,-39.0,,,,
3939,realistic,3,x0y0,utah,9.422,11.6,Aa,saline,49.47462115821546,11.6,,b,-1,0.08,soma,72.815597826,-1399.7776920007395,955.3100864869556,634.3439366911498,,-1400.0,955.3520679537716,634.7507877336676,periphery,5.2100000000001145,success,51.513671875,0.005,"(-1400, 331, 101)",-1400.0,331.0,101.0,-1400.0,,331.0,101.0
3940,realistic,3,x0y0,utah,9.335,11.5,Aa,saline,140.7310514523349,11.5,,b,-1,0.08,soma,72.53750887,-86.38647184661006,120.02286526535818,-196.9428132643784,,-86.0,119.86312155735516,-196.82626968357715,none,0.0,success,105.0,0.005,"(-86, -400, 439)",-86.0,-400.0,439.0,,,,
3941,realistic,3,x0y0,utah,16.208,19.4,Aa,saline,109.35034361139836,19.4,,b,-1,0.08,soma,94.506536394,1959.1380588333227,419.0783869555271,-114.51411723920955,,1959.0,419.23095854386975,-114.7255077536662,none,0.0,success,105.0,0.005,"(1959, -366, 161)",1959.0,-366.0,161.0,,,,
3942,realistic,3,x0y0,utah,10.466000000000001,12.8,Aa,saline,153.2452719103426,12.8,,b,-1,0.08,soma,76.152665298,-1926.8384092358194,491.0402959070234,-1093.3121973606198,,-1927.0,491.54896495857986,-1092.9248574222922,none,0.0,success,105.0,0.005,"(-1927, 121, -358)",-1927.0,121.0,-358.0,,,,
3943,realistic,3,x0y0,utah,15.686000000000002,18.8,Aa,saline,155.06881738772003,18.8,,b,-1,0.08,soma,92.838002658,483.4024573346354,44.42705431250352,-144.17031136049673,,483.0,44.44310906017358,-143.93075040513747,none,0.0,success,105.0,0.005,"(483, -306, 610)",483.0,-306.0,610.0,,,,
3944,realistic,3,x0y0,utah,12.554,15.2,Aa,saline,201.4392444936371,15.2,,b,-1,0.08,soma,82.82680024199999,-133.9029235864091,-55.04605715787511,-121.60725139139187,,-134.0,-55.0540977442256,-121.22559283262694,none,0.0,success,105.0,0.005,"(-134, 247, 648)",-134.0,247.0,648.0,,,,
3945,realistic,3,x0y0,utah,11.597,14.1,Aa,saline,85.07364536437143,14.1,,b,-1,0.08,soma,79.76782172600001,-1752.2796889905096,513.6856436348435,23.098670823077555,,-1752.0,513.8318403928071,22.85752794313173,none,0.0,success,105.0,0.005,"(-1752, -308, -48)",-1752.0,-308.0,-48.0,,,,
3946,realistic,3,x0y0,utah,10.988,13.4,Aa,saline,68.65407715733339,13.4,,b,-1,0.08,soma,77.821199034,1461.3237501134709,378.67701010989197,130.28317483938102,,1461.0,378.39033239013395,129.90345822418806,none,0.0,success,105.0,0.005,"(1461, -389, -170)",1461.0,-389.0,-170.0,,,,
3947,realistic,3,x0y0,utah,8.9,11.0,Aa,saline,-30.46494519967151,11.0,,b,-1,0.08,soma,71.14706409,1988.7192250986475,-517.5949905262082,931.6005630295708,,1989.0,-518.030780746815,931.2523272695856,none,0.0,success,105.0,0.005,"(1989, -102, 224)",1989.0,-102.0,224.0,,,,
3948,realistic,3,x0y0,utah,10.814,13.2,Aa,saline,100.36842016043184,13.2,,b,-1,0.08,soma,77.26502112200002,-532.6195540870897,296.60426604948816,-59.488445239137036,,-533.0,296.20730063885594,-59.25385190098004,none,0.0,success,105.0,0.005,"(-533, -514, 89)",-533.0,-514.0,89.0,,,,
3949,realistic,3,x0y0,utah,12.119,14.7,Aa,saline,67.49943149969786,14.7,,b,-1,0.08,soma,81.436355462,-681.546299934058,598.6290298858858,360.689042419624,,-682.0,598.8810244056712,361.00234661765376,none,0.0,success,105.0,0.005,"(-682, -164, 45)",-682.0,-164.0,45.0,,,,
3950,realistic,3,x0y0,utah,7.856,9.8,Aa,saline,175.99785277552718,9.8,,b,-1,0.08,soma,67.809996618,644.9516105346678,161.2180629013551,-1258.0331821854554,,645.0,161.15956888196823,-1257.9396263130586,none,0.0,success,105.0,0.005,"(645, 104, -441)",645.0,104.0,-441.0,,,,
3951,realistic,3,x0y0,utah,11.075,13.5,Aa,saline,344.7949723119156,13.5,,b,-1,0.08,soma,78.09928799,1175.4989987710385,-53.850591719717606,168.91550620332373,,1175.0,-54.148221619888545,169.20790645517513,none,0.0,success,105.0,0.005,"(1175, 162, -626)",1175.0,162.0,-626.0,,,,
3952,realistic,3,x0y0,utah,10.466000000000001,12.8,Aa,saline,-12.016090495919766,12.8,,b,-1,0.08,soma,76.152665298,363.81302828082335,-421.10491343900094,1291.0973089012475,,364.0,-421.3644924575218,1291.050960963987,none,0.0,success,105.0,0.005,"(364, -250, 486)",364.0,-250.0,486.0,,,,
3953,realistic,3,x0y0,utah,9.857,12.1,Aa,saline,60.9768579281763,12.1,,b,-1,0.08,soma,74.206042606,-941.149071592629,431.93198901343015,272.6582293457568,,-941.0,431.8468818273434,272.8843859362157,none,0.0,success,105.0,0.005,"(-941, -287, -126)",-941.0,-287.0,-126.0,,,,
3954,realistic,3,x0y0,utah,13.337000000000002,16.1,Aa,saline,82.66668627338113,16.1,,b,-1,0.08,soma,85.329600846,1168.296131068295,208.52354978905305,19.821139676414987,,1168.0,208.8779490595316,19.610028533974813,none,0.0,success,105.0,0.005,"(1168, -612, -86)",1168.0,-612.0,-86.0,,,,
3955,realistic,3,x0y0,utah,12.554,15.2,Aa,saline,252.4407584541296,15.2,,b,-1,0.08,soma,82.82680024199999,-1279.3101917668764,-106.59195594806715,-28.324504456387785,,-1279.0,-106.9025356753616,-28.32892281650578,periphery,5.2100000000001145,success,33.70361328125,0.005,"(-1279, 681, 221)",-1279.0,681.0,221.0,-1279.0,,681.0,221.0
3956,realistic,3,x0y0,utah,10.553,12.9,Aa,saline,127.93787461569175,12.9,,b,-1,0.08,soma,76.430754254,-1035.4077989218679,962.1724952993233,-746.251934341557,,-1035.0,962.269967940065,-746.1128138576798,periphery,5.24500000000012,success,69.27490234375,0.005,"(-1035, 313, -240)",-1035.0,313.0,-240.0,-1035.0,,313.0,-240.0
3957,realistic,3,x0y0,utah,15.251000000000001,18.3,Aa,saline,322.4368979322711,18.3,,b,-1,0.08,soma,91.447557878,-1018.1034295508432,-50.452363463406975,62.27490679462835,,-1018.0,-50.40921564121459,62.514739564945444,none,0.0,success,105.0,0.005,"(-1018, 456, -596)",-1018.0,456.0,-596.0,,,,
3958,realistic,3,x0y0,utah,12.032,14.6,Aa,saline,99.47054410039186,14.6,,b,-1,0.08,soma,81.15826650599999,-1904.4645913273,517.5300660493285,-62.50708654373239,,-1904.0,517.3512570407595,-62.80776742011855,none,0.0,success,105.0,0.005,"(-1904, -297, 73)",-1904.0,-297.0,73.0,,,,
3959,realistic,3,x0y0,utah,11.336,13.8,Aa,saline,183.9787089316822,13.8,,b,-1,0.08,soma,78.93355485800001,-1468.4965435752042,-7.836432442885325,-101.50690539501284,,-1468.0,-8.217994353572621,-101.48805716317065,none,0.0,success,105.0,0.005,"(-1468, 49, 721)",-1468.0,49.0,721.0,,,,
3960,realistic,3,x0y0,utah,11.858,14.4,Aa,saline,106.21252765180435,14.4,,b,-1,0.08,soma,80.60208859400001,-653.602532798041,187.2202554657192,-25.240582001621533,,-654.0,187.45406273397964,-25.424051567722472,none,0.0,success,105.0,0.005,"(-654, -605, 205)",-654.0,-605.0,205.0,,,,
3961,realistic,3,x0y0,utah,12.38,15.0,Aa,saline,121.14960157686336,15.0,,b,-1,0.08,soma,82.27062233000002,-29.26559935638151,302.4628670822199,-175.01463464823246,,-29.0,302.0065992950073,-175.35979646565465,none,0.0,success,105.0,0.005,"(-29, -405, 252)",-29.0,-405.0,252.0,,,,
3962,realistic,3,x0y0,utah,10.901,13.3,Aa,saline,73.94857681628096,13.3,,b,-1,0.08,soma,77.54311007800001,-400.85367661670335,190.12135380746037,66.1959541933029,,-401.0,189.64446439247922,65.7728349682836,none,0.0,success,105.0,0.005,"(-401, -602, -162)",-401.0,-602.0,-162.0,,,,
3963,realistic,3,x0y0,utah,11.161999999999999,13.6,Aa,saline,143.50969515609708,13.6,,b,-1,0.08,soma,78.377376946,798.8795318301607,921.2057026305736,-1079.2710168071949,,799.0,921.1450130348933,-1079.6477055322923,central,5.290000000000127,success,83.09326171875,0.005,"(799, 431, -417)",799.0,431.0,-417.0,799.0,,431.0,-417.0
3964,realistic,3,x0y0,utah,10.814,13.2,Aa,saline,38.95584881467853,13.2,,b,-1,0.08,soma,77.26502112200002,929.9901926302553,91.9349220368581,109.35000997079169,,930.0,91.81775938970088,109.45664021223376,none,0.0,success,105.0,0.005,"(930, -426, -531)",930.0,-426.0,-531.0,,,,
3965,realistic,3,x0y0,utah,13.25,16.0,Aa,saline,75.15305319258741,16.0,,b,-1,0.08,soma,85.05151189,1058.630547852462,180.4852387911269,52.251451068772894,,1059.0,180.88639569643726,52.01209867310905,none,0.0,success,105.0,0.005,"(1059, -619, -160)",1059.0,-619.0,-160.0,,,,
3966,realistic,3,x0y0,utah,10.988,13.4,Aa,saline,84.8612973411792,13.4,,b,-1,0.08,soma,77.821199034,1288.571728312484,358.6623984796628,14.259581917749074,,1289.0,358.6149571189321,13.822389716723208,none,0.0,success,105.0,0.005,"(1289, -462, -60)",1289.0,-462.0,-60.0,,,,
3967,realistic,3,x0y0,utah,10.466000000000001,12.8,Aa,saline,189.98210012162176,12.8,,b,-1,0.08,soma,76.152665298,118.64532157261179,-307.3380436493244,-900.4699621560068,,119.0,-307.63912844807174,-900.6478800260003,none,0.0,success,105.0,0.005,"(119, -165, -90)",119.0,-165.0,-90.0,,,,
3968,realistic,3,x0y0,utah,14.293999999999999,17.2,Aa,saline,116.00153784165278,17.2,,b,-1,0.08,soma,88.388579362,-836.5554060340082,312.200364665553,-132.39643969763438,,-837.0,312.279827565283,-132.51877659615053,none,0.0,success,105.0,0.005,"(-837, -433, 231)",-837.0,-433.0,231.0,,,,
3969,realistic,3,x0y0,utah,10.727,13.1,Aa,saline,212.14734598572272,13.1,,b,-1,0.08,soma,76.986932166,-1228.9113645845953,-640.0377333564487,-865.6016542248703,,-1229.0,-640.1808733027644,-865.2519177324763,none,0.0,success,105.0,0.005,"(-1229, -202, -168)",-1229.0,-202.0,-168.0,,,,
3970,realistic,3,x0y0,utah,13.685,16.5,Aa,saline,128.99925502120274,16.5,,b,-1,0.08,soma,86.44195667,-778.9656499439044,385.4109404577231,-367.23237258475183,,-779.0,385.6933443619621,-367.1994616662156,none,0.0,success,105.0,0.005,"(-779, -258, 154)",-779.0,-258.0,154.0,,,,
3971,realistic,3,x0y0,utah,15.077000000000002,18.1,Aa,saline,193.48438506802052,18.1,,b,-1,0.08,soma,90.891379966,987.7803617810208,-17.449312201633806,-44.06802207540068,,988.0,-17.65993490403565,-44.52538893946951,none,0.0,success,105.0,0.005,"(988, 176, 763)",988.0,176.0,763.0,,,,
3972,realistic,3,x0y0,utah,13.163,15.9,Aa,saline,270.4719136938389,15.9,,b,-1,0.08,soma,84.773422934,396.00121304175735,-120.54752530516315,5.740804055998979,,396.0,-120.38671146700017,5.784571034029402,central,5.175000000000109,success,12.34130859375,0.005,"(396, 707, -1)",396.0,707.0,-1.0,396.0,,707.0,-1.0
3973,realistic,3,x0y0,utah,11.597,14.1,Aa,saline,46.22720135293541,14.1,,b,-1,0.08,soma,79.76782172600001,1268.960276768758,158.7552792317615,176.5050953445657,,1269.0,158.64867203417248,176.65468953502352,none,0.0,success,105.0,0.005,"(1269, -437, -394)",1269.0,-437.0,-394.0,,,,
3974,realistic,3,x0y0,utah,12.728,15.4,Aa,saline,117.44932091393468,15.4,,b,-1,0.08,soma,83.382978154,-1843.4260081617385,283.64397699946585,-168.04977729119219,,-1843.0,283.60602740693,-168.10477646449715,none,0.0,success,105.0,0.005,"(-1843, -450, 213)",-1843.0,-450.0,213.0,,,,
3975,realistic,3,x0y0,utah,10.292,12.6,Aa,saline,37.16949762002481,12.6,,b,-1,0.08,soma,75.596487386,173.54358021072548,960.2225489494632,1074.6711285376582,,174.0,960.1346988393107,1074.687920398952,central,5.185000000000111,success,71.47216796875,0.005,"(174, 463, 419)",174.0,463.0,419.0,174.0,,463.0,419.0
3976,realistic,3,x0y0,utah,12.38,15.0,Aa,saline,77.98898265092467,15.0,,b,-1,0.08,soma,82.27062233000002,-1408.29724564272,127.94224258559143,47.72404163062356,,-1408.0,128.04294785048683,47.91875825343658,none,0.0,success,105.0,0.005,"(-1408, -680, -124)",-1408.0,-680.0,-124.0,,,,
3977,realistic,3,x0y0,utah,13.25,16.0,Aa,saline,87.86373827336655,16.0,,b,-1,0.08,soma,85.05151189,1195.5912290484462,404.5310466234505,41.37137595047489,,1196.0,404.9464879158387,41.86671069674851,none,0.0,success,105.0,0.005,"(1196, -422, 11)",1196.0,-422.0,11.0,,,,
3978,realistic,3,x0y0,utah,10.379,12.7,Aa,saline,71.39016656965893,12.7,,b,-1,0.08,soma,75.874576342,191.6383776690498,1423.2298690663192,256.2350787520277,,192.0,1422.8976679996567,256.59928865536614,central,5.095000000000097,success,6.9976806640625,0.005,"(192, 643, -6)",192.0,643.0,-6.0,192.0,,643.0,-6.0
3979,realistic,3,x0y0,utah,11.771,14.3,Aa,saline,84.84327062797648,14.3,,b,-1,0.08,soma,80.323999638,1673.525455473293,220.49576727709427,34.577838678947955,,1674.0,220.8613518197243,34.18206378372811,none,0.0,success,105.0,0.005,"(1674, -601, -40)",1674.0,-601.0,-40.0,,,,
3980,realistic,3,x0y0,utah,13.772000000000002,16.6,Aa,saline,89.5521461133797,16.6,,b,-1,0.08,soma,86.720045626,1849.4295108811305,370.6992798971678,-0.8542136300438871,,1849.0,370.3600228130002,-0.5387918220585988,none,0.0,success,105.0,0.005,"(1849, -458, -7)",1849.0,-458.0,-7.0,,,,
3981,realistic,3,x0y0,utah,14.293999999999999,17.2,Aa,saline,203.14029294330226,17.2,,b,-1,0.08,soma,88.388579362,485.60637450618805,-27.791676323819495,-57.07201119959291,,486.0,-27.873355844633124,-57.444149361679706,none,0.0,success,105.0,0.005,"(486, 298, 705)",486.0,298.0,705.0,,,,
3982,realistic,3,x0y0,utah,11.423,13.9,Aa,saline,175.1113477321695,13.9,,b,-1,0.08,soma,79.211643814,213.824375895304,13.943003967773164,-160.99991683934832,,214.0,14.25641602647643,-160.63724094813506,none,0.0,success,105.0,0.005,"(214, -56, 661)",214.0,-56.0,661.0,,,,
3983,realistic,3,x0y0,utah,10.292,12.6,Aa,saline,110.31780873569392,12.6,,b,-1,0.08,soma,75.596487386,257.8599273854541,138.73784734397395,-38.68597327758107,,258.0,138.62019293529556,-38.67555021020968,none,0.0,success,105.0,0.005,"(258, -633, 247)",258.0,-633.0,247.0,,,,
3984,realistic,3,x0y0,utah,13.25,16.0,Aa,saline,204.0865978962402,16.0,,b,-1,0.08,soma,85.05151189,-1138.8265796688966,-393.03826059944095,-997.3689046370218,,-1139.0,-392.7132610011546,-997.4482626021908,none,0.0,success,105.0,0.005,"(-1139, -55, -242)",-1139.0,-55.0,-242.0,,,,
3985,realistic,3,x0y0,utah,10.466000000000001,12.8,Aa,saline,132.18626238187795,12.8,,b,-1,0.08,soma,76.152665298,-1538.6300921311483,84.38590309262555,-90.25907352840431,,-1539.0,84.89956249290913,-90.69575737380364,none,0.0,success,105.0,0.005,"(-1539, -525, 462)",-1539.0,-525.0,462.0,,,,
3986,realistic,3,x0y0,utah,11.945,14.5,Aa,saline,76.77514074431487,14.5,,b,-1,0.08,soma,80.88017755,402.4594038364859,444.29672561784446,41.79561961160198,,402.0,444.56592642246267,41.860692311720044,neck3,5.705000000000192,success,70.59326171875,0.005,"(402, -359, -147)",402.0,-359.0,-147.0,402.0,,-198.2868147155075,-109.227861537656
3987,realistic,3,x0y0,utah,9.074,11.2,Aa,saline,27.984211670303196,11.2,,b,-1,0.08,soma,71.703242002,-1674.6701319811013,635.3012087676277,1131.6959742843885,,-1675.0,635.1435805736694,1131.8940665059833,none,0.0,success,105.0,0.005,"(-1675, 250, 407)",-1675.0,250.0,407.0,,,,
3988,realistic,3,x0y0,utah,10.814,13.2,Aa,saline,43.89668718071633,13.2,,b,-1,0.08,soma,77.26502112200002,-1592.0781034767679,154.8090568299558,198.6491780481356,,-1592.0,155.10678282299762,198.5095871102568,none,0.0,success,105.0,0.005,"(-1592, -416, -395)",-1592.0,-416.0,-395.0,,,,
3989,realistic,3,x0y0,utah,12.902,15.6,Aa,saline,125.23328901419436,15.6,,b,-1,0.08,soma,83.93915606600001,356.4722978223688,288.71457776818534,-279.98303811712816,,356.0,288.46875133735466,-280.0787495672378,none,0.0,success,105.0,0.005,"(356, -387, 197)",356.0,-387.0,197.0,,,,
3990,realistic,3,x0y0,utah,13.511000000000001,16.3,Aa,saline,81.13947133208244,16.3,,b,-1,0.08,soma,85.885778758,74.94055798747513,159.52815816239672,17.729575057062902,,75.0,159.09036899539012,17.503204964366034,none,0.0,success,105.0,0.005,"(75, -659, -110)",75.0,-659.0,-110.0,,,,
3991,realistic,3,x0y0,utah,9.683,11.9,Aa,saline,38.436239464545906,11.9,,b,-1,0.08,soma,73.649864694,1409.8073046541172,728.2040744156267,1032.3508325898063,,1410.0,727.8463779468955,1032.7354695074055,none,0.0,success,105.0,0.005,"(1410, 217, 389)",1410.0,217.0,389.0,,,,
3992,realistic,3,x0y0,utah,9.943999999999999,12.2,Aa,saline,109.01581506090623,12.2,,b,-1,0.08,soma,74.484131562,-761.4282389594741,165.45031383947344,-75.20510004037395,,-761.0,165.3476489893577,-74.88646503144986,none,0.0,success,105.0,0.005,"(-761, -612, 193)",-761.0,-612.0,193.0,,,,
3993,realistic,3,x0y0,utah,11.597,14.1,Aa,saline,148.67368932143924,14.1,,b,-1,0.08,soma,79.76782172600001,1949.1498671494503,91.01401960387285,-127.15945874054114,,1949.0,90.85714525767384,-127.61583665917476,none,0.0,success,105.0,0.005,"(1949, -338, 577)",1949.0,-338.0,577.0,,,,
3994,realistic,3,x0y0,utah,10.901,13.3,Aa,saline,117.85715637051494,13.3,,b,-1,0.08,soma,77.54311007800001,807.9952406011189,261.26148465163084,-141.2561374648299,,808.0,261.29643180998016,-140.94844766972483,none,0.0,success,105.0,0.005,"(808, -467, 244)",808.0,-467.0,244.0,,,,
3995,realistic,3,x0y0,utah,11.248999999999999,13.7,Aa,saline,-17.87123747847375,13.7,,b,-1,0.08,soma,78.655465902,1863.6006500813025,-418.1595608663356,986.1283852667952,,1864.0,-417.986181242662,986.5127034494669,none,0.0,success,105.0,0.005,"(1864, -165, 202)",1864.0,-165.0,202.0,,,,
3996,realistic,3,x0y0,utah,12.815,15.5,Aa,saline,96.25005673749949,15.5,,b,-1,0.08,soma,83.66106711,-310.6256730337489,323.2233631188342,-11.023370838124723,,-311.0,322.9522334070257,-11.041845104139526,tjn,5.620000000000179,success,105.0,0.005,"(-311, -499, 79)",-311.0,-499.0,79.0,-311.0,,-499.0,79.0
3997,realistic,3,x0y0,utah,10.466000000000001,12.8,Aa,saline,213.4144591360327,12.8,,b,-1,0.08,soma,76.152665298,332.38363165765867,-499.5780103805682,-763.2193457174367,,332.0,-499.26813638980434,-763.0218148621204,none,0.0,success,105.0,0.005,"(332, -46, -76)",332.0,-46.0,-76.0,,,,
3998,realistic,3,x0y0,utah,9.422,11.6,Aa,saline,195.76461794242974,11.6,,b,-1,0.08,soma,72.815597826,1922.6899035135034,-149.6231031139514,-1219.7457963163479,,1923.0,-149.1764989646622,-1219.5228656738714,none,0.0,success,105.0,0.005,"(1923, 74, -429)",1923.0,74.0,-429.0,,,,
3999,realistic,3,x0y0,utah,12.728,15.4,Aa,saline,102.46119495736521,15.4,,b,-1,0.08,soma,83.382978154,-1085.3877590874124,159.72662201551884,-21.90120251791632,,-1085.0,160.18156993478306,-22.400023342816638,none,0.0,success,105.0,0.005,"(-1085, -647, 156)",-1085.0,-647.0,156.0,,,,
4000,realistic,3,x0y0,utah,10.466000000000001,12.8,Aa,saline,336.3920072147505,12.8,,b,-1,0.08,soma,76.152665298,169.77104416609956,-56.46816141750424,106.52852725415005,,170.0,-56.64207122592461,106.18484360627883,none,0.0,success,105.0,0.005,"(170, 273, -648)",170.0,273.0,-648.0,,,,
4001,realistic,3,x0y0,utah,11.336,13.8,Aa,saline,-8.799727388168037,13.8,,b,-1,0.08,soma,78.93355485800001,76.97118789243619,19.965216849064287,1456.969512063688,,77.0,19.856583053362968,1456.738069455338,none,0.0,success,105.0,0.005,"(77, 146, 642)",77.0,146.0,642.0,,,,
4002,realistic,3,x0y0,utah,8.813,10.9,Aa,saline,5.794263532295835,10.9,,b,-1,0.08,soma,70.86897513400001,-1906.6708842269093,122.9317175881988,1202.4789875965414,,-1907.0,122.86388324426703,1202.2502716804086,none,0.0,success,105.0,0.005,"(-1907, 40, 386)",-1907.0,40.0,386.0,,,,
4003,realistic,3,x0y0,utah,12.38,15.0,Aa,saline,126.29098571304482,15.0,,b,-1,0.08,soma,82.27062233000002,1998.3175603849586,165.5764076790242,-108.14110771735932,,1998.0,165.86506079899027,-107.98949067856364,none,0.0,success,105.0,0.005,"(1998, -500, 381)",1998.0,-500.0,381.0,,,,
4004,realistic,3,x0y0,utah,14.207,17.1,Aa,saline,97.85451364892808,17.1,,b,-1,0.08,soma,88.110490406,1005.416394073803,73.63490023848772,-8.849757564241827,,1005.0,73.26212589809211,-9.331852019250121,none,0.0,success,105.0,0.005,"(1005, -748, 104)",1005.0,-748.0,104.0,,,,
4005,realistic,3,x0y0,utah,13.424,16.2,Aa,saline,84.80439194987221,16.2,,b,-1,0.08,soma,85.607689802,-588.637747723237,135.77450884169278,13.068023373748927,,-589.0,135.40984913690602,12.99902834803062,none,0.0,success,105.0,0.005,"(-589, -689, -62)",-589.0,-689.0,-62.0,,,,
4006,realistic,3,x0y0,utah,12.293000000000001,14.9,Aa,saline,117.84027240254444,14.9,,b,-1,0.08,soma,81.99253337399999,211.0940690409371,282.8632541748916,-126.60687466181524,,211.0,282.42849863131426,-126.74025654282912,none,0.0,success,105.0,0.005,"(211, -448, 259)",211.0,-448.0,259.0,,,,
4007,realistic,3,x0y0,utah,14.293999999999999,17.2,Aa,saline,75.73967979147514,17.2,,b,-1,0.08,soma,88.388579362,-1704.1337972616375,169.85778310176917,54.27762350976036,,-1704.0,169.6551055588253,54.23055354843035,none,0.0,success,105.0,0.005,"(-1704, -634, -150)",-1704.0,-634.0,-150.0,,,,
4008,realistic,3,x0y0,utah,10.64,13.0,Aa,saline,221.78864995843796,13.0,,b,-1,0.08,soma,76.70884321,1676.585446682083,-87.95653004934637,-136.74342320303913,,1677.0,-87.68338655757213,-136.8930567486882,none,0.0,success,105.0,0.005,"(1677, 461, 477)",1677.0,461.0,477.0,,,,
4009,realistic,3,x0y0,utah,10.901,13.3,Aa,saline,190.3014098857674,13.3,,b,-1,0.08,soma,77.54311007800001,-1150.001887447211,-138.53935075810523,-1367.4794055540988,,-1150.0,-138.29035404097326,-1367.5088330028725,none,0.0,success,105.0,0.005,"(-1150, 9, -557)",-1150.0,9.0,-557.0,,,,
4010,realistic,3,x0y0,utah,10.988,13.4,Aa,saline,181.22101846809383,13.4,,b,-1,0.08,soma,77.821199034,751.8255720451798,-0.5415809698793055,-1327.904731577692,,752.0,-0.5492957697121028,-1327.7458173970967,none,0.0,success,105.0,0.005,"(752, 17, -504)",752.0,17.0,-504.0,,,,
4011,realistic,3,x0y0,utah,12.119,14.7,Aa,saline,115.83605811937952,14.7,,b,-1,0.08,soma,81.436355462,-663.9193975423461,334.86402260478326,-182.92474732676786,,-664.0,335.14635995790024,-182.8479818551699,none,0.0,success,105.0,0.005,"(-664, -408, 177)",-664.0,-408.0,177.0,,,,
4012,realistic,3,x0y0,utah,9.596,11.8,Aa,saline,-30.838389561417085,11.8,,b,-1,0.08,soma,73.371775738,-1775.3476541529126,-605.6695920694258,1057.4354474539768,,-1775.0,-605.1961861216495,1057.4995033243235,none,0.0,success,105.0,0.005,"(-1775, -184, 352)",-1775.0,-184.0,352.0,,,,
4013,realistic,3,x0y0,utah,16.208,19.4,Aa,saline,106.5124332727465,19.4,,b,-1,0.08,soma,94.506536394,-1710.7611421358413,570.5508552086047,-229.60705201955443,,-1711.0,570.9644335472838,-229.52637882158749,none,0.0,success,105.0,0.005,"(-1711, -227, 7)",-1711.0,-227.0,7.0,,,,
4014,realistic,3,x0y0,utah,14.467999999999998,17.4,Aa,saline,95.37174223487972,17.4,,b,-1,0.08,soma,88.944757274,876.4750617043558,556.0927726055229,-71.2731444362903,,876.0,555.8227001709975,-71.63861464042323,none,0.0,success,105.0,0.005,"(876, -270, 6)",876.0,-270.0,6.0,,,,
4015,realistic,3,x0y0,utah,11.858,14.4,Aa,saline,275.3600161768668,14.4,,b,-1,0.08,soma,80.60208859400001,-1646.3853987462796,-143.26515949543773,9.25723409969487,,-1646.0,-143.6697197020934,9.083117537339817,periphery,5.18000000000011,success,28.38134765625,0.005,"(-1646, 678, -68)",-1646.0,678.0,-68.0,-1646.0,,678.0,-68.0
4016,realistic,3,x0y0,utah,12.554,15.2,Aa,saline,86.44152527086514,15.2,,b,-1,0.08,soma,82.82680024199999,1881.1653859875935,288.7086339126654,40.62631787187729,,1881.0,288.8432146607703,40.32027214751412,none,0.0,success,105.0,0.005,"(1881, -536, -11)",1881.0,-536.0,-11.0,,,,
4017,realistic,3,x0y0,utah,10.205,12.5,Aa,saline,174.90264394641895,12.5,,b,-1,0.08,soma,75.31839843,1618.1961505275308,39.19510325800685,-1112.572600226955,,1618.0,39.05213689029202,-1112.3685624181403,none,0.0,success,105.0,0.005,"(1618, -34, -293)",1618.0,-34.0,-293.0,,,,
4018,realistic,3,x0y0,utah,9.161000000000001,11.3,Aa,saline,145.34628851517164,11.3,,b,-1,0.08,soma,71.981330958,660.0564421989335,142.55227375219602,-221.55036286499526,,660.0,142.8152923913595,-221.3469214230256,none,0.0,success,105.0,0.005,"(660, -324, 454)",660.0,-324.0,454.0,,,,
4019,realistic,3,x0y0,utah,10.292,12.6,Aa,saline,101.49777974035393,12.6,,b,-1,0.08,soma,75.596487386,1836.5675690841947,496.6073925863165,-144.33100111272097,,1837.0,496.25999899477097,-143.98368996801494,none,0.0,success,105.0,0.005,"(1837, -310, 20)",1837.0,-310.0,20.0,,,,
4020,realistic,3,x0y0,utah,11.684,14.2,Aa,saline,104.37744603807724,14.2,,b,-1,0.08,soma,80.045910682,1584.3514482142166,288.6233152004384,-100.83473645565664,,1584.0,288.1997368388269,-100.85319981117033,none,0.0,success,105.0,0.005,"(1584, -511, 104)",1584.0,-511.0,104.0,,,,
4021,realistic,3,x0y0,utah,12.293000000000001,14.9,Aa,saline,199.97315076622246,14.9,,b,-1,0.08,soma,81.99253337399999,1118.516013483719,-596.3039036844666,-1045.1601334750599,,1119.0,-596.1603247002793,-1045.3538910591114,none,0.0,success,105.0,0.005,"(1119, -314, -269)",1119.0,-314.0,-269.0,,,,
4022,realistic,3,x0y0,utah,13.597999999999999,16.4,Aa,saline,12.781385261421855,16.4,,b,-1,0.08,soma,86.16386771399998,-1930.09698455488,42.10785702693421,133.21779716143692,,-1930.0,42.17172376916844,133.54550189734653,none,0.0,success,105.0,0.005,"(-1930, -141, -674)",-1930.0,-141.0,-674.0,,,,
4023,realistic,3,x0y0,utah,8.813,10.9,Aa,saline,85.90084096198879,10.9,,b,-1,0.08,soma,70.86897513400001,241.58669849165702,1202.421621860276,196.8815063589259,,242.0,1202.301357899326,196.66106586104053,tjn,5.155000000000106,success,28.82080078125,0.005,"(242, 384, 138)",242.0,384.0,138.0,242.0,,384.0,138.0
4024,realistic,3,x0y0,utah,12.38,15.0,Aa,saline,256.5819218137105,15.0,,b,-1,0.08,soma,82.27062233000002,1530.1179746883756,-72.15597460944855,-26.589897347931128,,1530.0,-72.58181717019579,-26.746005721396557,central,5.220000000000116,success,35.90087890625,0.005,"(1530, 731, 165)",1530.0,731.0,165.0,1530.0,,731.0,165.0
4025,realistic,3,x0y0,utah,9.422,11.6,Aa,saline,334.75013308327163,11.6,,b,-1,0.08,soma,72.815597826,-1836.111145645878,-581.8772291548363,937.1133525717397,,-1836.0,-581.412567016286,936.9633541168088,none,0.0,success,105.0,0.005,"(-1836, -231, 194)",-1836.0,-231.0,194.0,,,,
4026,realistic,3,x0y0,utah,10.727,13.1,Aa,saline,120.59045975422876,13.1,,b,-1,0.08,soma,76.986932166,1429.9137612060697,1188.9969234763612,-502.5061445201453,,1430.0,1188.8631756042464,-502.0758248896388,central,5.195000000000112,success,23.40087890625,0.005,"(1430, 480, -83)",1430.0,480.0,-83.0,1430.0,,480.0,-83.0
4027,realistic,3,x0y0,utah,12.641,15.3,Aa,saline,128.0178634121206,15.3,,b,-1,0.08,soma,83.104889198,1039.6550683660398,424.8774407429264,-411.5721766172765,,1040.0,425.15801585509234,-411.07365062852426,none,0.0,success,105.0,0.005,"(1040, -226, 98)",1040.0,-226.0,98.0,,,,
4028,realistic,3,x0y0,utah,12.38,15.0,Aa,saline,334.7200426322556,15.0,,b,-1,0.08,soma,82.27062233000002,393.3836414681643,-664.7470193597668,1010.3642324350619,,393.0,-664.7597778674551,1009.9915483553933,none,0.0,success,105.0,0.005,"(393, -312, 263)",393.0,-312.0,263.0,,,,
4029,realistic,3,x0y0,utah,10.379,12.7,Aa,saline,95.27042817048492,12.7,,b,-1,0.08,soma,75.874576342,442.682253726452,483.9878666411464,-37.157748160069325,,443.0,484.480951560682,-37.627936782914915,neck0,5.735000000000197,success,67.041015625,0.005,"(443, -335, 38)",443.0,-335.0,38.0,443.0,,320.5847612485456,-22.502349426331932
4030,realistic,3,x0y0,utah,10.466000000000001,12.8,Aa,saline,100.43777730613178,12.8,,b,-1,0.08,soma,76.152665298,1237.5277074706635,505.2738934819158,-87.93680295369312,,1238.0,505.49557316029166,-88.14143147599884,none,0.0,success,105.0,0.005,"(1238, -304, 61)",1238.0,-304.0,61.0,,,,
4031,realistic,3,x0y0,utah,12.206000000000001,14.8,Aa,saline,123.92014806646549,14.8,,b,-1,0.08,soma,81.714444418,291.9763365170558,295.6776405782416,-173.90840829880062,,292.0,295.29632298902834,-173.82832999262212,none,0.0,success,105.0,0.005,"(292, -390, 287)",292.0,-390.0,287.0,,,,
4032,realistic,3,x0y0,utah,9.857,12.1,Aa,saline,171.6214051688177,12.1,,b,-1,0.08,soma,74.206042606,-393.31802451024413,261.0957337624118,-1295.006491105479,,-393.0,260.7804102038471,-1295.3065189750582,none,0.0,success,105.0,0.005,"(-393, 141, -482)",-393.0,141.0,-482.0,,,,
4033,realistic,3,x0y0,utah,11.336,13.8,Aa,saline,70.85425960918172,13.8,,b,-1,0.08,soma,78.93355485800001,-695.85616163489,363.5840951853329,133.6234491919049,,-696.0,363.87376463717646,133.4251029967121,none,0.0,success,105.0,0.005,"(-696, -415, -137)",-696.0,-415.0,-137.0,,,,
4034,realistic,3,x0y0,utah,8.378,10.4,Aa,saline,190.1165255389856,10.4,,b,-1,0.08,soma,69.478530354,-1529.7628565898349,-384.09832389583335,-1211.7784225421494,,-1530.0,-384.0281888915989,-1212.033306566757,none,0.0,success,105.0,0.005,"(-1530, -240, -405)",-1530.0,-240.0,-405.0,,,,
4035,realistic,3,x0y0,utah,11.858,14.4,Aa,saline,179.82271205965782,14.4,,b,-1,0.08,soma,80.60208859400001,1082.1226881263347,-9.5038420482706,-89.34511027526605,,1082.0,-9.4415667626793,-89.3010442970002,none,0.0,success,105.0,0.005,"(1082, -12, 736)",1082.0,-12.0,736.0,,,,
4036,realistic,3,x0y0,utah,9.422,11.6,Aa,saline,53.20242765918781,11.6,,b,-1,0.08,soma,72.815597826,-1302.0547436284226,259.922474670253,274.5075025221472,,-1302.0,259.78336536953066,274.0232715488872,none,0.0,success,105.0,0.005,"(-1302, -398, -218)",-1302.0,-398.0,-218.0,,,,
4037,realistic,3,x0y0,utah,15.512000000000002,18.6,Aa,saline,4.2724008028787575,18.6,,b,-1,0.08,soma,92.281824746,1970.94715681034,0.8024617073638183,135.19769133655063,,1971.0,0.9199979717885114,134.81371781835583,none,0.0,success,105.0,0.005,"(1971, -61, -694)",1971.0,-61.0,-694.0,,,,
4038,realistic,3,x0y0,utah,12.293000000000001,14.9,Aa,saline,55.85900718106711,14.9,,b,-1,0.08,soma,81.99253337399999,1699.5283238670404,347.6202592578711,214.14936409040504,,1700.0,347.6771099368301,214.54910486474455,none,0.0,success,105.0,0.005,"(1700, -336, -249)",1700.0,-336.0,-249.0,,,,
4039,realistic,3,x0y0,utah,11.597,14.1,Aa,saline,289.68630878280135,14.1,,b,-1,0.08,soma,79.76782172600001,-586.2810828310777,-146.90109585333718,59.19634626992138,,-586.0,-146.710690468601,58.903389569744775,periphery,5.185000000000111,success,34.637451171875,0.005,"(-586, 630, -219)",-586.0,630.0,-219.0,-586.0,,630.0,-219.0
4040,realistic,3,x0y0,utah,13.859,16.7,Aa,saline,58.72947509373208,16.7,,b,-1,0.08,soma,86.998134582,-482.2982886638472,342.9775645003274,209.61159011751442,,-482.0,343.11815281361794,210.07386583075828,none,0.0,success,105.0,0.005,"(-482, -365, -220)",-482.0,-365.0,-220.0,,,,
4041,realistic,3,x0y0,utah,9.248000000000001,11.4,Aa,saline,41.431803735898,11.4,,b,-1,0.08,soma,72.25941991399999,589.8614354110401,817.4805347462989,915.3353569940724,,590.0,817.341529078547,915.600943554763,central,5.2350000000001184,success,93.603515625,0.005,"(590, 274, 300)",590.0,274.0,300.0,590.0,,274.0,300.0
4042,realistic,3,x0y0,utah,10.553,12.9,Aa,saline,89.66242285963236,12.9,,b,-1,0.08,soma,76.430754254,1706.4166750888724,513.4481086804253,-4.4682807600297565,,1706.0,513.2153771270002,-4.143029274950699,none,0.0,success,105.0,0.005,"(1706, -310, -9)",1706.0,-310.0,-9.0,,,,
4043,realistic,3,x0y0,utah,11.684,14.2,Aa,saline,71.63303513508424,14.2,,b,-1,0.08,soma,80.045910682,-288.1640860540609,262.6436058567965,98.6728546999816,,-288.0,263.0292869141433,98.96473322794913,none,0.0,success,105.0,0.005,"(-288, -520, -161)",-288.0,-520.0,-161.0,,,,
4044,realistic,3,x0y0,utah,10.814,13.2,Aa,saline,39.653723214793494,13.2,,b,-1,0.08,soma,77.26502112200002,-1770.598656163572,239.49695493101945,383.41096587819357,,-1771.0,239.55990498897427,383.1146698809141,none,0.0,success,105.0,0.005,"(-1771, -286, -251)",-1771.0,-286.0,-251.0,,,,
4045,realistic,3,x0y0,utah,9.248000000000001,11.4,Aa,saline,131.6553678037138,11.4,,b,-1,0.08,soma,72.25941991399999,557.5813949315993,391.78690278320846,-415.25541329717225,,558.0,391.54811927987055,-414.72280523742234,none,0.0,success,105.0,0.005,"(558, -222, 131)",558.0,-222.0,131.0,,,,
4046,realistic,3,x0y0,utah,11.336,13.8,Aa,saline,248.39345303663856,13.8,,b,-1,0.08,soma,78.93355485800001,-1962.1503061089572,-155.19293625948558,-78.16109488655002,,-1962.0,-155.50676297574148,-78.56866744935792,periphery,5.2100000000001145,success,32.38525390625,0.005,"(-1962, 611, 225)",-1962.0,611.0,225.0,-1962.0,,611.0,225.0
4047,realistic,3,x0y0,utah,11.423,13.9,Aa,saline,312.93554801652147,13.9,,b,-1,0.08,soma,79.211643814,359.2010685574372,-128.4921497326295,93.53202707752688,,359.0,-128.69392221811484,93.72148588304867,none,0.0,success,105.0,0.005,"(359, 475, -468)",359.0,475.0,-468.0,,,,
4048,realistic,3,x0y0,utah,11.161999999999999,13.6,Aa,saline,44.79054827522464,13.6,,b,-1,0.08,soma,78.377376946,1086.0456222782498,83.0160655080108,82.12325871832445,,1086.0,82.64093102922868,81.92671220928833,none,0.0,success,105.0,0.005,"(1086, -498, -503)",1086.0,-498.0,-503.0,,,,
4049,realistic,3,x0y0,utah,11.684,14.2,Aa,saline,157.55947469427514,14.2,,b,-1,0.08,soma,80.045910682,-329.18812619081007,749.4766034473369,-1241.866179977461,,-329.0,749.9112620536598,-1241.5687176216866,periphery,5.2100000000001145,success,86.46240234375,0.005,"(-329, 435, -479)",-329.0,435.0,-479.0,-329.0,,435.0,-479.0
4050,realistic,3,x0y0,utah,9.508999999999999,11.7,Aa,saline,130.5361987386453,11.7,,b,-1,0.08,soma,73.09368678199999,823.2361199459648,948.8581870431523,-735.2650017581486,,823.0,948.3756009771602,-734.9232935198111,central,5.285000000000126,success,66.546630859375,0.005,"(823, 324, -201)",823.0,324.0,-201.0,823.0,,324.0,-201.0
4051,realistic,3,x0y0,utah,13.163,15.9,Aa,saline,87.53354368864633,15.9,,b,-1,0.08,soma,84.773422934,1569.1523959830622,96.72688230942595,-1.2990363999897454,,1569.0,96.6420634266799,-1.422371406918998,none,0.0,success,105.0,0.005,"(1569, -730, -37)",1569.0,-730.0,-37.0,,,,
4052,realistic,3,x0y0,utah,10.205,12.5,Aa,saline,91.36361225054878,12.5,,b,-1,0.08,soma,75.31839843,1734.1344745772915,168.94132280220762,-14.020036041948517,,1734.0,169.41240145523568,-13.579288941317007,none,0.0,success,105.0,0.005,"(1734, -653, 6)",1734.0,-653.0,6.0,,,,
4053,realistic,3,x0y0,utah,10.031,12.3,Aa,saline,65.23748463762938,12.3,,b,-1,0.08,soma,74.76222051799998,-235.1623120897699,1325.25477693237,431.2088676268713,,-235.0,1324.8042862261982,431.49544708749517,tjn,5.1200000000001005,success,12.73193359375,0.005,"(-235, 578, 87)",-235.0,578.0,87.0,-235.0,,578.0,87.0
4054,realistic,3,x0y0,utah,14.207,17.1,Aa,saline,94.339195267478,17.1,,b,-1,0.08,soma,88.110490406,623.1223354143649,333.3006148454752,-12.309981447992866,,623.0,333.6509849919115,-12.759482061867125,none,0.0,success,105.0,0.005,"(623, -493, 50)",623.0,-493.0,50.0,,,,
4055,realistic,3,x0y0,utah,10.466000000000001,12.8,Aa,saline,200.6968003125879,12.8,,b,-1,0.08,soma,76.152665298,542.8794391608607,-309.2237788299057,-842.7786725024997,,543.0,-308.87517595815666,-842.9879091931397,none,0.0,success,105.0,0.005,"(543, -18, -73)",543.0,-18.0,-73.0,,,,
4056,realistic,3,x0y0,utah,10.379,12.7,Aa,saline,336.13061527721635,12.7,,b,-1,0.08,soma,75.874576342,1171.0271084227722,-320.89961841611694,713.8962745956998,,1171.0,-321.0427205228038,713.5761500323797,none,0.0,success,105.0,0.005,"(1171, 12, -39)",1171.0,12.0,-39.0,,,,
4057,realistic,3,x0y0,utah,14.99,18.0,Aa,saline,74.40158791555615,18.0,,b,-1,0.08,soma,90.61329101,-514.3855308960048,79.89689080462358,19.415758760411336,,-514.0,79.75136095041614,19.26945697629455,none,0.0,success,105.0,0.005,"(-514, -720, -204)",-514.0,-720.0,-204.0,,,,
4058,realistic,3,x0y0,utah,11.945,14.5,Aa,saline,95.94179269863571,14.5,,b,-1,0.08,soma,80.88017755,-367.0217231449117,348.11072467647415,-85.11707715400325,,-367.0,347.9827122956152,-85.43304918821251,none,0.0,success,105.0,0.005,"(-367, -473, 0)",-367.0,-473.0,0.0,,,,
4059,realistic,3,x0y0,utah,11.075,13.5,Aa,saline,44.65423312929086,13.5,,b,-1,0.08,soma,78.09928799,95.37980975364599,278.8422726585386,295.95607768831087,,95.0,279.1420897996861,296.22891673804315,none,0.0,success,105.0,0.005,"(95, -300, -290)",95.0,-300.0,-290.0,,,,
4060,realistic,3,x0y0,utah,13.511000000000001,16.3,Aa,saline,293.7827381327959,16.3,,b,-1,0.08,soma,85.885778758,-1996.448218004692,-61.5377084968668,23.69450448207272,,-1996.0,-61.65053807072309,23.909367286550776,periphery,5.265000000000123,success,48.2666015625,0.005,"(-1996, 696, -310)",-1996.0,696.0,-310.0,-1996.0,,696.0,-310.0
4061,realistic,3,x0y0,utah,11.684,14.2,Aa,saline,51.54405241672839,14.2,,b,-1,0.08,soma,80.045910682,-1628.4151104443204,142.63607465143738,115.75342865980338,,-1628.0,143.07547632753722,116.08177592656796,none,0.0,success,105.0,0.005,"(-1628, -503, -397)",-1628.0,-503.0,-397.0,,,,
4062,realistic,3,x0y0,utah,13.337000000000002,16.1,Aa,saline,9.74883721271069,16.1,,b,-1,0.08,soma,85.329600846,-1577.0843087827564,39.93066317356625,164.52674549149515,,-1577.0,40.12365071161395,164.74642729690902,none,0.0,success,105.0,0.005,"(-1577, -100, -651)",-1577.0,-100.0,-651.0,,,,
4063,realistic,3,x0y0,utah,13.076,15.8,Aa,saline,85.68913177216773,15.8,,b,-1,0.08,soma,84.495333978,-101.822670205443,471.2886585178812,48.61009357811736,,-102.0,470.93137352143094,48.20902455757282,neck0,5.635000000000181,success,32.38525390625,0.005,"(-102, -354, -14)",-102.0,-354.0,-14.0,-102.0,,305.94509881714475,35.76721964605825
4064,realistic,3,x0y0,utah,10.553,12.9,Aa,saline,154.73295270301824,12.9,,b,-1,0.08,soma,76.430754254,-165.98035951913823,448.0222111554898,-1388.582833131232,,-166.0,448.3483229578037,-1388.4336655359461,none,0.0,success,105.0,0.005,"(-166, 97, -644)",-166.0,97.0,-644.0,,,,
4065,realistic,3,x0y0,utah,12.119,14.7,Aa,saline,43.29980154754155,14.7,,b,-1,0.08,soma,81.436355462,1552.3883237336822,108.90044473359421,143.89140603947772,,1552.0,109.27752628791995,143.95768975262195,none,0.0,success,105.0,0.005,"(1552, -457, -457)",1552.0,-457.0,-457.0,,,,
4066,realistic,3,x0y0,utah,11.423,13.9,Aa,saline,197.2744695205048,13.9,,b,-1,0.08,soma,79.211643814,-1221.7013028062606,-41.066715670027406,-107.44714359197133,,-1222.0,-40.82546852418838,-107.41609933899451,none,0.0,success,105.0,0.005,"(-1222, 204, 680)",-1222.0,204.0,680.0,,,,
4067,realistic,3,x0y0,utah,12.728,15.4,Aa,saline,178.07618645282923,15.4,,b,-1,0.08,soma,83.382978154,1388.1458130219046,6.816528775496862,-150.62544754113742,,1388.0,6.776834032987207,-150.19547418355398,none,0.0,success,105.0,0.005,"(1388, -21, 676)",1388.0,-21.0,676.0,,,,
4068,realistic,3,x0y0,utah,11.248999999999999,13.7,Aa,saline,132.5218420287692,13.7,,b,-1,0.08,soma,78.655465902,891.5618549833284,241.61425532782192,-235.94608755219951,,892.0,241.5295391848872,-236.16311470158098,none,0.0,success,105.0,0.005,"(892, -366, 321)",892.0,-366.0,321.0,,,,
4069,realistic,3,x0y0,utah,8.813,10.9,Aa,saline,60.293581180461466,10.9,,b,-1,0.08,soma,70.86897513400001,-136.04400539262042,1094.914428791129,571.7211686180873,,-136.0,1094.6293959006964,571.6073320382053,tjn,5.1650000000001075,success,42.572021484375,0.005,"(-136, 382, 165)",-136.0,382.0,165.0,-136.0,,382.0,165.0
4070,realistic,3,x0y0,utah,8.116999999999999,10.1,Ab,saline,66.60959249868183,10.1,,b,-1,0.08,soma,68.644263486,312.35310795694835,1173.3863987068153,420.90390145102486,,312.0,1172.9738525137254,421.27088630197113,central,5.145000000000104,success,30.3955078125,0.005,"(312, 421, 96)",312.0,421.0,96.0,312.0,,421.0,96.0
4071,realistic,3,x0y0,utah,4.985,6.5,Ab,saline,132.5996146712865,6.5,,b,-1,0.08,soma,58.63306107,184.3794454243153,739.861239379205,-867.4161092594652,,184.0,739.4183981268136,-867.2108595191415,none,0.0,success,105.0,0.005,"(184, 140, -316)",184.0,140.0,-316.0,,,,
4072,realistic,3,x0y0,utah,6.725,8.5,Ab,saline,193.69247458279682,8.5,,b,-1,0.08,soma,64.19484019000001,225.60035855129777,-165.85674761469954,-1276.0284986536,,226.0,-165.40695933648658,-1275.8918533643023,none,0.0,success,105.0,0.005,"(226, 28, -482)",226.0,28.0,-482.0,,,,
4073,realistic,3,x0y0,utah,6.725,8.5,Ab,saline,75.33909793830384,8.5,,b,-1,0.08,soma,64.19484019000001,-684.2321699482634,1314.2242429114006,120.4338622991768,,-684.0,1314.4600441999032,120.80735702604457,periphery,5.145000000000104,success,20.2239990234375,0.005,"(-684, 524, -86)",-684.0,524.0,-86.0,-684.0,,524.0,-86.0
4074,realistic,3,x0y0,utah,5.159,6.7,Ab,saline,172.8931026205825,6.7,,b,-1,0.08,soma,59.189238982000006,292.9831873816835,93.42904487002306,-1409.5923609449094,,293.0,93.76535443103673,-1409.3222409209195,none,0.0,success,105.0,0.005,"(293, -7, -601)",293.0,-7.0,-601.0,,,,
4075,realistic,3,x0y0,utah,4.985,6.5,Ab,saline,188.5111432622097,6.5,,b,-1,0.08,soma,58.63306107,-235.6851004701968,-122.66255816508965,-1461.692634662611,,-236.0,-122.51884651918002,-1461.3590486991152,none,0.0,success,105.0,0.005,"(-236, -2, -656)",-236.0,-2.0,-656.0,,,,
4076,realistic,3,x0y0,utah,8.639,10.7,Ab,saline,49.1904237719669,10.7,,b,-1,0.08,soma,70.312797222,435.6725890688109,1081.155824703018,751.12583141291,,436.0,1080.776378108666,750.9722064922886,central,5.18000000000011,success,40.447998046875,0.005,"(436, 460, 215)",436.0,460.0,215.0,436.0,,460.0,215.0
4077,realistic,3,x0y0,utah,5.855,7.5,Ab,saline,136.2942296487549,7.5,,b,-1,0.08,soma,61.41395063,175.28610551744842,848.3828471644179,-831.4383828775392,,175.0,848.6535199426652,-831.6745724552137,tjn,5.200000000000113,success,85.58349609375,0.005,"(175, 285, -242)",175.0,285.0,-242.0,175.0,,285.0,-242.0
4078,realistic,3,x0y0,utah,6.551000000000001,8.3,Ab,saline,37.30188585286452,8.3,,b,-1,0.08,soma,63.63866227800001,-698.9111721941588,932.6009962220343,1087.3109120871136,,-699.0,932.9925146702341,1087.7797779210746,periphery,5.18000000000011,success,105.0,0.005,"(-699, 438, 438)",-699.0,438.0,438.0,-699.0,,438.0,438.0
4079,realistic,3,x0y0,utah,6.377,8.1,Ab,saline,117.30155789027071,8.1,,b,-1,0.08,soma,63.082484366,1107.0378030751533,1231.2455016801414,-614.4444019621268,,1107.0,1231.578547803814,-614.5474677893421,central,5.2350000000001184,success,43.231201171875,0.005,"(1107, 506, -240)",1107.0,506.0,-240.0,1107.0,,506.0,-240.0
4080,realistic,3,x0y0,utah,8.203999999999999,10.2,Ab,saline,-8.316602559463268,10.2,,b,-1,0.08,soma,68.922352442,-1329.2784428294406,-184.75706596518918,1150.4912785019633,,-1329.0,-184.49408608155665,1150.8568338706798,none,0.0,success,105.0,0.005,"(-1329, -66, 340)",-1329.0,-66.0,340.0,,,,
4081,realistic,3,x0y0,utah,5.42,7.0,Ab,saline,60.406697844237655,7.0,,b,-1,0.08,soma,60.02350585000001,1964.5530551542315,992.6166298071812,648.8682239745622,,1965.0,992.7342203435802,648.4528035943652,none,0.0,success,105.0,0.005,"(1965, 284, 246)",1965.0,284.0,246.0,,,,
4082,realistic,3,x0y0,utah,5.42,7.0,Ab,saline,22.67272210803317,7.0,,b,-1,0.08,soma,60.02350585000001,576.2396208171994,488.5630536745117,1281.003519572223,,576.0,488.1870307525876,1281.0113444238978,none,0.0,success,105.0,0.005,"(576, 174, 529)",576.0,174.0,529.0,,,,
4083,realistic,3,x0y0,utah,5.594,7.2,Ab,saline,84.7848524105735,7.2,,b,-1,0.08,soma,60.579683761999995,-814.1378615829817,1143.701048681939,228.94075969636424,,-814.0,1143.947153529288,229.10984662698291,periphery,5.225000000000117,success,79.541015625,0.005,"(-814, 332, 155)",-814.0,332.0,155.0,-814.0,,332.0,155.0
4084,realistic,3,x0y0,utah,5.333,6.9,Ab,saline,124.1365284345145,6.9,,b,-1,0.08,soma,59.745416893999995,-1472.411669483794,785.7119787501751,-542.0994005176635,,-1472.0,785.470140781582,-542.3065639804565,none,0.0,success,105.0,0.005,"(-1472, 111, -85)",-1472.0,111.0,-85.0,,,,
4085,realistic,3,x0y0,utah,6.029,7.7,Ab,saline,67.07940009025448,7.7,,b,-1,0.08,soma,61.970128542,1218.1876854544666,1151.369207992322,516.2710267711577,,1218.0,1151.5222441935912,515.8261825335546,central,5.2350000000001184,success,53.02734375,0.005,"(1218, 400, 198)",1218.0,400.0,198.0,1218.0,,400.0,198.0
4086,realistic,3,x0y0,utah,5.072,6.6,Ab,saline,89.5779698489826,6.6,,b,-1,0.08,soma,58.911150026,-113.47571491029764,1292.6362789186933,63.71705536052286,,-113.0,1292.4555750130003,64.0269712550962,tjn,5.125000000000101,success,13.092041015625,0.005,"(-113, 478, 58)",-113.0,478.0,58.0,-113.0,,478.0,58.0
4087,realistic,3,x0y0,utah,5.681,7.3,Ab,saline,164.177487724614,7.3,,b,-1,0.08,soma,60.857772718,-756.6915395158247,393.2480980439458,-1281.5785988785879,,-757.0,393.3674573100993,-1281.5241315659941,none,0.0,success,105.0,0.005,"(-757, 171, -497)",-757.0,171.0,-497.0,,,,
4088,realistic,3,x0y0,utah,6.116,7.8,Ab,saline,36.90741849391382,7.8,,b,-1,0.08,soma,62.248217498,1323.614279957354,884.2404806005379,971.2115004835001,,1324.0,884.0825273037747,971.5728373557006,central,5.260000000000122,success,85.58349609375,0.005,"(1324, 394, 319)",1324.0,394.0,319.0,1324.0,,394.0,319.0
4089,realistic,3,x0y0,utah,4.724,6.2,Ab,saline,31.505922977749425,6.2,,b,-1,0.08,soma,57.798794201999996,184.9449327181907,645.5298231760262,1060.547472405011,,185.0,645.3438249249826,1060.9306259683128,none,0.0,success,105.0,0.005,"(185, 220, 367)",185.0,220.0,367.0,,,,
4090,realistic,3,x0y0,utah,6.116,7.8,Ab,saline,101.82886816921732,7.8,,b,-1,0.08,soma,62.248217498,-1315.084224167176,1278.1582433058702,-144.84511809347168,,-1315.0,1277.8222776435214,-145.30544229354504,periphery,5.155000000000106,success,18.316650390625,0.005,"(-1315, 479, 22)",-1315.0,479.0,22.0,-1315.0,,479.0,22.0
4091,realistic,3,x0y0,utah,8.291,10.3,Ab,saline,55.53902061410408,10.3,,b,-1,0.08,soma,69.20044139800001,1853.6714421752488,840.235191367437,711.0446789021263,,1854.0,839.7603819663257,710.7298048714943,none,0.0,success,105.0,0.005,"(1854, 164, 247)",1854.0,164.0,247.0,,,,
4092,realistic,3,x0y0,utah,5.072,6.6,Ab,saline,9.039740007181127,6.6,,b,-1,0.08,soma,58.911150026,510.46704180336303,246.08996943421062,1348.7014701475016,,510.0,245.95097083454232,1348.356325882839,none,0.0,success,105.0,0.005,"(510, 118, 544)",510.0,118.0,544.0,,,,
4093,realistic,3,x0y0,utah,5.594,7.2,Ab,saline,59.725901909154345,7.2,,b,-1,0.08,soma,60.579683761999995,1267.4190581713588,1132.3303553114165,584.5078480078132,,1267.0,1132.084307448432,583.9876092922121,central,5.225000000000117,success,45.037078857421875,0.005,"(1267, 428, 173)",1267.0,428.0,173.0,1267.0,,428.0,173.0
4094,realistic,3,x0y0,utah,8.552,10.6,Ab,saline,16.11479684804036,10.6,,b,-1,0.08,soma,70.03470826600001,-621.1920753412375,223.03605439397145,1266.5053813971135,,-621.0,222.63681750732087,1266.7906721155732,none,0.0,success,105.0,0.005,"(-621, -5, 479)",-621.0,-5.0,479.0,,,,
4095,realistic,3,x0y0,utah,6.377,8.1,Ab,saline,156.8507160700721,8.1,,b,-1,0.08,soma,63.082484366,1670.7113877771185,335.1631945021418,-1027.97846197448,,1671.0,334.9823623021374,-1027.8096721872687,none,0.0,success,105.0,0.005,"(1671, 14, -277)",1671.0,14.0,-277.0,,,,
4096,realistic,3,x0y0,utah,5.681,7.3,Ab,saline,86.39239878465756,7.3,,b,-1,0.08,soma,60.857772718,1677.4098792598752,1173.8629244688655,-27.41650625881175,,1677.0,1173.7980285862823,-27.709523048018887,central,5.240000000000119,success,77.2705078125,0.005,"(1677, 360, -79)",1677.0,360.0,-79.0,1677.0,,360.0,-79.0
4097,realistic,3,x0y0,utah,4.637,6.1,Ab,saline,173.2621737900915,6.1,,b,-1,0.08,soma,57.520705246000006,433.407732107989,24.02310926174777,-1455.250236054571,,433.0,24.454089362677934,-1455.1454061899017,none,0.0,success,105.0,0.005,"(433, -71, -647)",433.0,-71.0,-647.0,,,,
4098,realistic,3,x0y0,utah,9.335,11.5,Ab,saline,140.91816290907997,11.5,,b,-1,0.08,soma,72.53750887,-612.1019579676407,1021.3871040986968,-962.148684227459,,-612.0,1021.7278227958241,-962.4688071924472,periphery,5.220000000000116,success,56.7626953125,0.005,"(-612, 504, -325)",-612.0,504.0,-325.0,-612.0,,504.0,-325.0
4099,realistic,3,x0y0,utah,5.594,7.2,Ab,saline,-7.5798214635193615,7.2,,b,-1,0.08,soma,60.579683761999995,973.5343815027223,-288.9689436605663,1211.9648497022445,,974.0,-288.5367301441039,1212.1968202566354,none,0.0,success,105.0,0.005,"(974, -181, 404)",974.0,-181.0,404.0,,,,
4100,realistic,3,x0y0,utah,8.291,10.3,Ab,saline,82.63330335904611,10.3,,b,-1,0.08,soma,69.20044139800001,-1695.9745840113198,989.9314134536377,115.35475227136068,,-1696.0,989.7975388671986,115.07274829361184,periphery,5.215000000000115,success,105.0,0.005,"(-1696, 177, 10)",-1696.0,177.0,10.0,-1696.0,,177.0,10.0
4101,realistic,3,x0y0,utah,7.247,9.1,Ab,saline,104.15157504282328,9.1,,b,-1,0.08,soma,65.86337392600001,-614.7949411082194,1404.2225687975174,-263.03725271397343,,-615.0,1404.1483568480212,-262.9842974624535,periphery,5.125000000000101,success,9.76409912109375,0.005,"(-615, 611, -63)",-615.0,611.0,-63.0,-615.0,,611.0,-63.0
4102,realistic,3,x0y0,utah,7.247,9.1,Ab,saline,75.31291495426129,9.1,,b,-1,0.08,soma,65.86337392600001,1337.066632352685,1312.398414291134,228.32264567453151,,1337.0,1312.1853207993101,228.34568264512055,central,5.170000000000108,success,13.2568359375,0.005,"(1337, 521, 21)",1337.0,521.0,21.0,1337.0,,521.0,21.0
4103,realistic,3,x0y0,utah,5.42,7.0,Ab,saline,19.412669090055555,7.0,,b,-1,0.08,soma,60.02350585000001,947.0473141112334,378.38170322805536,1241.1533434711573,,947.0,377.90990667227004,1240.6375841835677,none,0.0,success,105.0,0.005,"(947, 107, 472)",947.0,107.0,472.0,,,,
4104,realistic,3,x0y0,utah,8.03,10.0,Ab,saline,218.9373364950248,10.0,,b,-1,0.08,soma,68.36617453,-1444.8473369808994,-538.8490584525307,-602.9827138899362,,-1445.0,-538.8565703460525,-603.1606052747171,none,0.0,success,105.0,0.005,"(-1445, -24, 34)",-1445.0,-24.0,34.0,,,,
4105,realistic,3,x0y0,utah,5.855,7.5,Ab,saline,122.901411943495,7.5,,b,-1,0.08,soma,61.41395063,384.668121696403,827.3557209982637,-573.4537362903358,,385.0,826.8675764744743,-573.0920289911081,none,0.0,success,105.0,0.005,"(385, 142, -130)",385.0,142.0,-130.0,,,,
4106,realistic,3,x0y0,utah,6.898999999999999,8.7,Ab,saline,-1.6877700034113958,8.7,,b,-1,0.08,soma,64.751018102,1812.5488830460727,66.0328464481695,1153.3874832330484,,1813.0,65.88742248299549,1153.0485588473798,none,0.0,success,105.0,0.005,"(1813, 90, 336)",1813.0,90.0,336.0,,,,
4107,realistic,3,x0y0,utah,4.985,6.5,Ab,saline,-7.6288842207243714,6.5,,b,-1,0.08,soma,58.63306107,-710.0276771397478,43.550027506719296,1298.4458626162932,,-710.0,43.85876474495197,1298.0691134132387,none,0.0,success,105.0,0.005,"(-710, 152, 491)",-710.0,152.0,491.0,,,,
4108,realistic,3,x0y0,utah,6.29,8.0,Ab,saline,47.966179052043344,8.0,,b,-1,0.08,soma,62.80439541,91.05926795032929,1132.1607570385452,714.0475508191412,,91.0,1132.3419122355035,713.662911583268,tjn,5.140000000000104,success,22.796630859375,0.005,"(91, 526, 167)",91.0,526.0,167.0,91.0,,526.0,167.0
4109,realistic,3,x0y0,utah,7.073,8.9,Ab,saline,0.11567343369584655,8.9,,b,-1,0.08,soma,65.307196014,-1382.5184071979218,-167.59335047234208,1216.138927484798,,-1383.0,-167.364692803986,1215.6535980070003,none,0.0,success,105.0,0.005,"(-1383, -169, 398)",-1383.0,-169.0,398.0,,,,
4110,realistic,3,x0y0,utah,7.421000000000001,9.3,Ab,saline,189.37833581796832,9.3,,b,-1,0.08,soma,66.419551838,1183.6692826619853,-205.22100009776887,-1312.36699766793,,1184.0,-205.36819347479704,-1312.2457649216856,none,0.0,success,105.0,0.005,"(1184, -72, -505)",1184.0,-72.0,-505.0,,,,
4111,realistic,3,x0y0,utah,6.898999999999999,8.7,Ab,saline,181.86263176870014,8.7,,b,-1,0.08,soma,64.751018102,-1708.1075680412516,-173.42336984001804,-1269.3738602827643,,-1708.0,-173.5647040441575,-1268.9668212964748,none,0.0,success,105.0,0.005,"(-1708, -147, -452)",-1708.0,-147.0,-452.0,,,,
4112,realistic,3,x0y0,utah,8.03,10.0,Ab,saline,-4.0709967405291705,10.0,,b,-1,0.08,soma,68.36617453,1696.0583845990686,-199.04675576540512,1224.3329953213126,,1696.0,-199.161999195815,1224.1351295468376,none,0.0,success,105.0,0.005,"(1696, -141, 407)",1696.0,-141.0,407.0,,,,
4113,realistic,3,x0y0,utah,5.333,6.9,Ab,saline,200.44572187651107,6.9,,b,-1,0.08,soma,59.745416893999995,1010.9950174115587,-386.71631959784514,-1216.4903826506054,,1011.0,-386.6350370605372,-1216.5357278148392,none,0.0,success,105.0,0.005,"(1011, -102, -453)",1011.0,-102.0,-453.0,,,,
4114,realistic,3,x0y0,utah,4.55,6.0,Ab,saline,8.42860192620075,6.0,,b,-1,0.08,soma,57.24261629,-1279.8576426314607,219.02502613926708,1286.4506270723116,,-1280.0,219.27688377405707,1286.8341980170344,none,0.0,success,105.0,0.005,"(-1280, 100, 482)",-1280.0,100.0,482.0,,,,
4115,realistic,3,x0y0,utah,5.507,7.1,Ab,saline,103.27414410119458,7.1,,b,-1,0.08,soma,60.301594806000004,-426.87696194672094,1348.6682861797508,-538.572854496445,,-427.0,1348.3862711123402,-538.1586230837288,periphery,5.190000000000111,success,74.1455078125,0.005,"(-427, 555, -351)",-427.0,555.0,-351.0,-427.0,,555.0,-351.0
4116,realistic,3,x0y0,utah,6.725,8.5,Ab,saline,34.757206330198834,8.5,,b,-1,0.08,soma,64.19484019000001,779.0103217542578,518.4985772790747,892.5923213651248,,779.0,518.8272391961598,892.3272403500522,none,0.0,success,105.0,0.005,"(779, 53, 221)",779.0,53.0,221.0,,,,
4117,realistic,3,x0y0,utah,7.508000000000001,9.4,Ab,saline,192.80743192903145,9.4,,b,-1,0.08,soma,66.697640794,1313.141150435385,-310.2234713323782,-1232.4743286165008,,1313.0,-310.42793348201496,-1231.9719347691148,none,0.0,success,105.0,0.005,"(1313, -129, -434)",1313.0,-129.0,-434.0,,,,
4118,realistic,3,x0y0,utah,6.29,8.0,Ab,saline,205.2801560121324,8.0,,b,-1,0.08,soma,62.80439541,1203.9228728826545,-438.5679874311968,-1100.6872683195008,,1204.0,-438.6037384200351,-1100.1908671648612,none,0.0,success,105.0,0.005,"(1204, -90, -362)",1204.0,-90.0,-362.0,,,,
4119,realistic,3,x0y0,utah,5.507,7.1,Ab,saline,162.08846865262657,7.1,,b,-1,0.08,soma,60.301594806000004,-721.6519062948607,493.43795309705087,-1192.520589105977,,-722.0,493.6588702014226,-1192.6159837289547,none,0.0,success,105.0,0.005,"(-722, 243, -417)",-722.0,243.0,-417.0,,,,
4120,realistic,3,x0y0,utah,7.334,9.2,Ab,saline,17.712510768735015,9.2,,b,-1,0.08,soma,66.141462882,204.32283632065798,447.6550860019384,1386.0061963483456,,204.0,447.8571165043523,1386.2941787706968,none,0.0,success,105.0,0.005,"(204, 199, 607)",204.0,199.0,607.0,,,,
4121,realistic,3,x0y0,utah,7.16,9.0,Ab,saline,65.50442372023507,9.0,,b,-1,0.08,soma,65.58528497,1952.3132147165202,1173.7431146729284,353.02450872551935,,1952.0,1174.1913046613504,353.0568295742811,central,5.260000000000122,success,34.197998046875,0.005,"(1952, 430, 14)",1952.0,430.0,14.0,1952.0,,430.0,14.0
4122,realistic,3,x0y0,utah,9.335,11.5,Ab,saline,52.2734223048797,11.5,,b,-1,0.08,soma,72.53750887,-1392.3407227202008,404.3801084050156,337.73415946006526,,-1392.0,404.5414578826417,337.5343508387766,none,0.0,success,105.0,0.005,"(-1392, -245, -165)",-1392.0,-245.0,-165.0,,,,
4123,realistic,3,x0y0,utah,5.855,7.5,Ab,saline,51.83115597591394,7.5,,b,-1,0.08,soma,61.41395063,1101.3129600734856,1096.23490526792,640.9481647544171,,1101.0,1096.3088239926533,641.1069107446701,central,5.215000000000115,success,31.7626953125,0.005,"(1101, 455, 137)",1101.0,455.0,137.0,1101.0,,455.0,137.0
4124,realistic,3,x0y0,utah,5.159,6.7,Ab,saline,187.60385651237453,6.7,,b,-1,0.08,soma,59.189238982000006,1773.326332598632,-302.580160336639,-1118.797675143163,,1773.0,-302.7708681586593,-1118.4261868394794,none,0.0,success,105.0,0.005,"(1773, -195, -311)",1773.0,-195.0,-311.0,,,,
4125,realistic,3,x0y0,utah,5.072,6.6,Ab,saline,175.77196604897406,6.6,,b,-1,0.08,soma,58.911150026,-155.29488664437397,-70.98991951844937,-1320.683885283695,,-155.0,-70.9746241215419,-1320.256544960465,none,0.0,success,105.0,0.005,"(-155, -131, -508)",-155.0,-131.0,-508.0,,,,
4126,realistic,3,x0y0,utah,6.551000000000001,8.3,Ab,saline,-10.051334998872123,8.3,,b,-1,0.08,soma,63.63866227800001,-648.2139371976132,-140.53669036713154,1180.3369125249635,,-648.0,-140.5349732837555,1180.3219953725734,none,0.0,success,105.0,0.005,"(-648, 2, 376)",-648.0,2.0,376.0,,,,
4127,realistic,3,x0y0,utah,8.465,10.5,Ab,saline,93.9818618246696,10.5,,b,-1,0.08,soma,69.75661931,1212.8745496613492,1365.8554857126728,116.74279766012025,,1213.0,1365.9106017118283,117.10044530994298,central,5.200000000000113,success,23.84033203125,0.005,"(1213, 548, 174)",1213.0,548.0,174.0,1213.0,,548.0,174.0
4128,realistic,3,x0y0,utah,4.985,6.5,Ab,saline,38.137305314345284,6.5,,b,-1,0.08,soma,58.63306107,650.1414670189123,715.6485813546332,970.6921579856796,,650.0,715.8404576053626,970.4599512657776,none,0.0,success,105.0,0.005,"(650, 213, 330)",650.0,213.0,330.0,,,,
4129,realistic,3,x0y0,utah,6.898999999999999,8.7,Ab,saline,56.5600403836828,8.7,,b,-1,0.08,soma,64.751018102,-1496.027023808012,900.273704232924,768.2327912085266,,-1496.0,900.0998623030597,768.4556430380062,none,0.0,success,105.0,0.005,"(-1496, 218, 318)",-1496.0,218.0,318.0,,,,
4130,realistic,3,x0y0,utah,4.985,6.5,Ab,saline,25.48322979217588,6.5,,b,-1,0.08,soma,58.63306107,-872.8983578658983,442.188275854016,1344.6183965839627,,-873.0,442.3189714361571,1345.0835321139448,none,0.0,success,105.0,0.005,"(-873, 92, 610)",-873.0,92.0,610.0,,,,
4131,realistic,3,x0y0,utah,5.681,7.3,Ab,saline,357.32667922904193,7.3,,b,-1,0.08,soma,60.857772718,815.9140347874909,-181.4712220635083,1068.0188749478377,,816.0,-180.99898610432942,1067.5319145840053,none,0.0,success,105.0,0.005,"(816, -143, 253)",816.0,-143.0,253.0,,,,
4132,realistic,3,x0y0,utah,14.642000000000001,17.6,Ab,saline,41.982057943223374,17.6,,b,-1,0.08,soma,89.500935186,613.8495966111707,66.96386664039665,63.12156414364426,,614.0,67.02008777295782,62.83649760863625,none,0.0,success,105.0,0.005,"(614, -488, -554)",614.0,-488.0,-554.0,,,,
4133,realistic,3,x0y0,utah,6.203,7.9,Ab,saline,29.89305366479465,7.9,,b,-1,0.08,soma,62.52630645400001,-1658.6840819799322,687.5713269027417,860.6465467569217,,-1659.0,687.8255555683369,860.7001538478091,periphery,5.260000000000122,success,87.78076171875,0.005,"(-1659, 281, 153)",-1659.0,281.0,153.0,-1659.0,,281.0,153.0
4134,realistic,3,x0y0,utah,6.4639999999999995,8.2,Ab,saline,72.65749913229727,8.2,,b,-1,0.08,soma,63.360573322,-1101.4922851163972,1157.4356478929076,269.19410318679144,,-1101.0,1157.521333617925,269.45239345364416,periphery,5.195000000000112,success,36.083984375,0.005,"(-1101, 378, 26)",-1101.0,378.0,26.0,-1101.0,,378.0,26.0
4135,realistic,3,x0y0,utah,7.247,9.1,Ab,saline,81.51194664637421,9.1,,b,-1,0.08,soma,65.86337392600001,-892.5182793894268,1271.593150592791,125.32054378963494,,-893.0,1271.934438406407,125.72671699573883,periphery,5.170000000000108,success,23.236083984375,0.005,"(-893, 463, 5)",-893.0,463.0,5.0,-893.0,,463.0,5.0
4136,realistic,3,x0y0,utah,4.811,6.3,Ab,saline,247.25780113318143,6.3,,b,-1,0.08,soma,58.076883158,849.9942661254105,-632.0062624978373,-341.8492869710394,,850.0,-631.7876546683118,-341.7072615144415,none,0.0,success,105.0,0.005,"(850, 119, -27)",850.0,119.0,-27.0,,,,
4137,realistic,3,x0y0,utah,5.159,6.7,Ab,saline,105.38752815670816,6.7,,b,-1,0.08,soma,59.189238982000006,-1520.7963151787985,1042.3950455336999,-312.7882242767828,,-1521.0,1042.4321321132225,-313.1119525509623,periphery,5.220000000000116,success,99.462890625,0.005,"(-1521, 257, -97)",-1521.0,257.0,-97.0,-1521.0,,257.0,-97.0
4138,realistic,3,x0y0,utah,6.203,7.9,Ab,saline,142.29374766702622,7.9,,b,-1,0.08,soma,62.52630645400001,105.1600139006641,756.3899830993628,-1141.6022240929362,,105.0,756.2265445136334,-1141.8274068332025,none,0.0,success,105.0,0.005,"(105, 257, -496)",105.0,257.0,-496.0,,,,
4139,realistic,3,x0y0,utah,8.378,10.4,Ab,saline,151.45040880649168,10.4,,b,-1,0.08,soma,69.478530354,1570.7435505741141,607.9635970087656,-995.2289229291864,,1571.0,607.7533948280884,-995.0589705314769,none,0.0,success,105.0,0.005,"(1571, 216, -275)",1571.0,216.0,-275.0,,,,
4140,realistic,3,x0y0,utah,9.857,12.1,Ab,saline,193.16055198009263,12.1,,b,-1,0.08,soma,74.206042606,-845.3916968501425,-551.2230328556798,-1298.6327843466654,,-845.0,-551.1928579506932,-1298.4817118427313,none,0.0,success,105.0,0.005,"(-845, -364, -498)",-845.0,-364.0,-498.0,,,,
4141,realistic,3,x0y0,utah,6.116,7.8,Ab,saline,171.11494807774417,7.8,,b,-1,0.08,soma,62.248217498,-1476.716159342417,223.86644362850944,-1294.2257623935816,,-1477.0,224.09117480172054,-1294.3306194440122,none,0.0,success,105.0,0.005,"(-1477, 98, -488)",-1477.0,98.0,-488.0,,,,
4142,realistic,3,x0y0,utah,4.898000000000001,6.4,Ab,saline,129.16707307151458,6.4,,b,-1,0.08,soma,58.354972114000006,440.4045516138559,763.6629783837958,-864.335091500292,,440.0,763.2318049399922,-864.2345001936014,none,0.0,success,105.0,0.005,"(440, 132, -350)",440.0,132.0,-350.0,,,,
4143,realistic,3,x0y0,utah,6.986000000000001,8.8,Ab,saline,179.91162111045526,8.8,,b,-1,0.08,soma,65.02910705800001,-1888.3685584390603,-154.1114216033443,-1232.5541239656986,,-1888.0,-153.7737281697065,-1232.5145535290003,none,0.0,success,105.0,0.005,"(-1888, -155, -415)",-1888.0,-155.0,-415.0,,,,
4144,realistic,3,x0y0,utah,6.203,7.9,Ab,saline,96.34905623991364,7.9,,b,-1,0.08,soma,62.52630645400001,-154.2411678033391,1178.500733874529,53.53754856989325,,-154.0,1178.2839479923155,53.72129525309377,tjn,5.145000000000104,success,20.2239990234375,0.005,"(-154, 367, 144)",-154.0,367.0,144.0,-154.0,,367.0,144.0
4145,realistic,3,x0y0,utah,7.769,9.7,Ab,saline,-16.78026267886276,9.7,,b,-1,0.08,soma,67.531907662,1504.0921205094992,-175.7928909991547,1289.7561996012544,,1504.0,-175.37773087100976,1289.8865241977996,none,0.0,success,105.0,0.005,"(1504, 61, 506)",1504.0,61.0,506.0,,,,
4146,realistic,3,x0y0,utah,5.159,6.7,Ab,saline,92.14981017087892,6.7,,b,-1,0.08,soma,59.189238982000006,-1575.0073492511408,1141.3197700801531,-174.78408632524682,,-1575.0,1141.0244032573564,-174.5472982309125,periphery,5.205000000000114,success,83.09326171875,0.005,"(-1575, 327, -144)",-1575.0,327.0,-144.0,-1575.0,,327.0,-144.0
4147,realistic,3,x0y0,utah,6.551000000000001,8.3,Ab,saline,-14.425898929838393,8.3,,b,-1,0.08,soma,63.63866227800001,-1444.0843682981672,-372.9680951825535,1057.9186769453872,,-1444.0,-372.46969538672494,1058.0895222081217,none,0.0,success,105.0,0.005,"(-1444, -169, 267)",-1444.0,-169.0,267.0,,,,
4148,realistic,3,x0y0,utah,5.942,7.6,Ab,saline,128.00506756442815,7.6,,b,-1,0.08,soma,61.69203958600001,979.4037066557553,872.2785031611978,-727.2177897840147,,979.0,871.8866635968842,-727.3163943865502,none,0.0,success,105.0,0.005,"(979, 229, -225)",979.0,229.0,-225.0,,,,
4149,realistic,3,x0y0,utah,6.811999999999999,8.6,Ab,saline,45.64523232988922,8.6,,b,-1,0.08,soma,64.472929146,-544.5078802637595,847.8939931093141,806.3957899466901,,-545.0,848.3240721696951,806.3300123829845,periphery,5.240000000000119,success,97.6318359375,0.005,"(-545, 264, 235)",-545.0,264.0,235.0,-545.0,,264.0,235.0
4150,realistic,3,x0y0,utah,5.2459999999999996,6.8,Ab,saline,133.05418251459008,6.8,,b,-1,0.08,soma,59.467327938000004,1972.4447253106653,698.5338596836932,-832.0376240585138,,1972.0,698.3258882621485,-832.2186723916365,none,0.0,success,105.0,0.005,"(1972, 103, -276)",1972.0,103.0,-276.0,,,,
4151,realistic,3,x0y0,utah,4.724,6.2,Ab,saline,99.80935633900795,6.2,,b,-1,0.08,soma,57.798794201999996,651.3484155701108,1113.0375443760468,-63.08892037252736,,651.0,1113.0164659033258,-62.68845726601043,tjn,5.215000000000115,success,52.3681640625,0.005,"(651, 311, 76)",651.0,311.0,76.0,651.0,,311.0,76.0
4152,realistic,3,x0y0,utah,4.637,6.1,Ab,saline,126.18794491856798,6.1,,b,-1,0.08,soma,57.520705246000006,-896.0783900274997,958.4085556574248,-664.168952259557,,-896.0,958.7859806020235,-664.4441121886193,periphery,5.24500000000012,success,94.04296875,0.005,"(-896, 302, -184)",-896.0,302.0,-184.0,-896.0,,302.0,-184.0
4153,realistic,3,x0y0,utah,6.116,7.8,Ab,saline,124.99454240793392,7.8,,b,-1,0.08,soma,62.248217498,-1991.4229131922186,744.3805205887306,-561.2969425787319,,-1991.0,744.568869887181,-561.0471763675516,none,0.0,success,105.0,0.005,"(-1991, 76, -93)",-1991.0,76.0,-93.0,,,,
4154,realistic,3,x0y0,utah,7.073,8.9,Ab,saline,90.39788831386429,8.9,,b,-1,0.08,soma,65.307196014,-483.7218041729139,1200.800924562729,27.447679745323967,,-484.0,1200.6535980070003,27.358190173751698,tjn,5.160000000000107,success,30.9814453125,0.005,"(-484, 383, 33)",-484.0,383.0,33.0,-484.0,,383.0,33.0
4155,realistic,3,x0y0,utah,4.811,6.3,Ab,saline,102.39224329430985,6.3,,b,-1,0.08,soma,58.076883158,-916.528441886534,1312.4619212709522,-531.5845108055073,,-917.0,1312.0713458902096,-531.6926495628534,periphery,5.225000000000117,success,91.1865234375,0.005,"(-917, 517, -357)",-917.0,517.0,-357.0,-917.0,,517.0,-357.0
4156,realistic,3,x0y0,utah,5.594,7.2,Ab,saline,3.0687197207706483,7.2,,b,-1,0.08,soma,60.579683761999995,849.5885598284233,181.8136835649197,1154.2099432798575,,850.0,181.6180065406335,1154.1484361023668,none,0.0,success,105.0,0.005,"(850, 138, 340)",850.0,138.0,340.0,,,,
4157,realistic,3,x0y0,utah,5.333,6.9,Ab,saline,356.58709363423264,6.9,,b,-1,0.08,soma,59.745416893999995,361.5378589747364,-10.64373352692428,208.2143916754676,,362.0,-10.484926152596508,208.40593757179556,none,0.0,success,105.0,0.005,"(362, 38, -605)",362.0,38.0,-605.0,,,,
4158,realistic,3,x0y0,utah,5.681,7.3,Ab,saline,13.082200084769738,7.3,,b,-1,0.08,soma,60.857772718,-103.48414304479836,207.92362160100947,1276.9408616231958,,-103.0,207.53155698304175,1277.2277353136662,none,0.0,success,105.0,0.005,"(-103, 23, 483)",-103.0,23.0,483.0,,,,
4159,realistic,3,x0y0,utah,6.898999999999999,8.7,Ab,saline,108.85010595620487,8.7,,b,-1,0.08,soma,64.751018102,-1107.8288529162444,955.0868616248932,-361.17658104049536,,-1108.0,955.5641817658666,-361.09402697437815,none,0.0,success,105.0,0.005,"(-1108, 182, -97)",-1108.0,182.0,-97.0,,,,
4160,realistic,3,x0y0,utah,4.724,6.2,Ab,saline,0.16592437107817154,6.2,,b,-1,0.08,soma,57.798794201999996,-894.0423211156477,-52.20963986062816,1258.136156698508,,-894.0,-52.6396917484071,1257.8993971010002,none,0.0,success,105.0,0.005,"(-894, -55, 444)",-894.0,-55.0,444.0,,,,
4161,realistic,3,x0y0,utah,5.42,7.0,Ab,saline,205.32532657198382,7.0,,b,-1,0.08,soma,60.02350585000001,-859.2260276955641,-457.2138571354589,-1259.8259090145239,,-859.0,-457.6620279013151,-1259.6891234689078,none,0.0,success,105.0,0.005,"(-859, -109, -523)",-859.0,-109.0,-523.0,,,,
4162,realistic,3,x0y0,utah,5.507,7.1,Ab,saline,40.05508593913921,7.1,,b,-1,0.08,soma,60.301594806000004,-893.9089124071643,537.995428673612,826.6297995094474,,-894.0,537.5495381288307,826.9164203322564,none,0.0,success,105.0,0.005,"(-894, 13, 203)",-894.0,13.0,203.0,,,,
4163,realistic,3,x0y0,utah,7.682,9.6,Ab,saline,32.82390563720974,9.6,,b,-1,0.08,soma,67.253818706,-1859.5900403699984,486.90158028158476,951.5642854857233,,-1860.0,486.7776475602614,951.8921919293261,none,0.0,success,105.0,0.005,"(-1860, 43, 264)",-1860.0,43.0,264.0,,,,
4164,realistic,3,x0y0,utah,4.985,6.5,Ab,saline,88.06654706527222,6.5,,b,-1,0.08,soma,58.63306107,1206.794313763822,1155.9398448898064,87.87758094755236,,1207.0,1155.8279406166791,87.44246707902951,central,5.240000000000119,success,57.6416015625,0.005,"(1207, 342, 60)",1207.0,342.0,60.0,1207.0,,342.0,60.0
4165,realistic,3,x0y0,utah,7.595000000000001,9.5,Ab,saline,1.954919784723992,9.5,,b,-1,0.08,soma,66.97572975,354.00460241010666,20.29972876220017,1250.804232436467,,354.0,19.91043619223751,1250.9967721560752,none,0.0,success,105.0,0.005,"(354, -8, 433)",354.0,-8.0,433.0,,,,
4166,realistic,3,x0y0,utah,8.726,10.8,Ab,saline,44.04790610661407,10.8,,b,-1,0.08,soma,70.590886178,1261.6046835288444,681.2876491266275,830.6668861568414,,1262.0,681.3514215797818,830.6283644923733,none,0.0,success,105.0,0.005,"(1262, 111, 241)",1262.0,111.0,241.0,,,,
4167,realistic,3,x0y0,utah,5.333,6.9,Ab,saline,159.51065349322306,6.9,,b,-1,0.08,soma,59.745416893999995,1197.1671475312635,421.8018149798481,-1107.2655099399253,,1197.0,422.20544795645003,-1107.291266002305,none,0.0,success,105.0,0.005,"(1197, 137, -344)",1197.0,137.0,-344.0,,,,
4168,realistic,3,x0y0,utah,7.682,9.6,Ab,saline,67.8497525782739,9.6,,b,-1,0.08,soma,67.253818706,-1189.7913894958724,908.4616822226892,280.90087765888984,,-1190.0,908.2122434427488,280.6223448260811,none,0.0,success,105.0,0.005,"(-1190, 150, -28)",-1190.0,150.0,-28.0,,,,
4169,realistic,3,x0y0,utah,4.898000000000001,6.4,Ab,saline,183.51815661543068,6.4,,b,-1,0.08,soma,58.354972114000006,-1036.46139198114,-89.34296276334227,-1150.3344867555845,,-1036.0,-88.99049764389981,-1150.630548833492,none,0.0,success,105.0,0.005,"(-1036, -39, -338)",-1036.0,-39.0,-338.0,,,,
4170,realistic,3,x0y0,utah,7.421000000000001,9.3,Ab,saline,89.2430834498043,9.3,,b,-1,0.08,soma,66.419551838,1184.457225280763,1137.0797682704276,-3.859184068068772,,1184.0,1137.1279549414085,-4.199630957869198,central,5.225000000000117,success,51.513671875,0.005,"(1184, 319, -15)",1184.0,319.0,-15.0,1184.0,,319.0,-15.0
4171,realistic,3,x0y0,utah,4.985,6.5,Ab,saline,4.3003385597769785,6.5,,b,-1,0.08,soma,58.63306107,771.0963256151038,195.66755785867372,1411.0098761371335,,771.0,196.07373979012502,1411.0364442495022,none,0.0,success,105.0,0.005,"(771, 135, 599)",771.0,135.0,599.0,,,,
4172,realistic,3,x0y0,utah,9.857,12.1,Ab,saline,73.74620484354084,12.1,,b,-1,0.08,soma,74.206042606,-827.1599664954538,268.1530173262008,86.16852112386324,,-827.0,268.21890045088014,86.10663566270975,none,0.0,success,105.0,0.005,"(-827, -521, -144)",-827.0,-521.0,-144.0,,,,
4173,realistic,3,x0y0,utah,8.639,10.7,Ab,saline,43.50160617908104,10.7,,b,-1,0.08,soma,70.312797222,506.3561439643811,944.7167152739473,891.3512944156064,,506.0,944.5956648038126,890.9414515524196,central,5.200000000000113,success,68.39599609375,0.005,"(506, 380, 296)",506.0,380.0,296.0,506.0,,380.0,296.0
4174,realistic,3,x0y0,utah,4.985,6.5,Ab,saline,262.4036977800631,6.5,,b,-1,0.08,soma,58.63306107,-1943.3125810913239,-113.14746120123436,-6.828856205623653,,-1943.0,-113.15054506629212,-6.6526453367270335,periphery,5.220000000000116,success,25.7568359375,0.005,"(-1943, 694, 101)",-1943.0,694.0,101.0,-1943.0,,694.0,101.0
4175,realistic,3,x0y0,utah,5.942,7.6,Ab,saline,92.91977972759432,7.6,,b,-1,0.08,soma,61.69203958600001,831.65476879448,1047.6135249969361,-57.977943356251224,,832.0,1047.7854199672693,-57.526562407463715,tjn,5.24500000000012,success,90.07415771484375,0.005,"(832, 233, -16)",832.0,233.0,-16.0,832.0,,233.0,-16.0
4176,realistic,3,x0y0,utah,5.594,7.2,Ab,saline,243.60979617357827,7.2,,b,-1,0.08,soma,60.579683761999995,1879.5111028270373,-79.33541624759255,-53.81796045388546,,1880.0,-79.33664035699996,-53.39633471610455,central,5.3250000000001325,success,92.9443359375,0.005,"(1880, 651, 309)",1880.0,651.0,309.0,1880.0,,651.0,309.0
4177,realistic,3,x0y0,utah,5.681,7.3,Ab,saline,121.54485468652568,7.3,,b,-1,0.08,soma,60.857772718,-1668.2109272399646,831.0266255287828,-401.2334243284549,,-1668.0,830.90849695514,-401.6323933430289,none,0.0,success,105.0,0.005,"(-1668, 136, 25)",-1668.0,136.0,25.0,,,,
4178,realistic,3,x0y0,utah,5.681,7.3,Ab,saline,-13.194433107565189,7.3,,b,-1,0.08,soma,60.857772718,-1933.132325909032,-290.0011900331292,1044.0683694801987,,-1933.0,-290.16241475575976,1043.9015637591226,none,0.0,success,105.0,0.005,"(-1933, -104, 250)",-1933.0,-104.0,250.0,,,,
4179,realistic,3,x0y0,utah,6.29,8.0,Ab,saline,131.73237663096148,8.0,,b,-1,0.08,soma,62.80439541,1818.4609751039288,794.8063996911038,-851.7112088137593,,1818.0,795.2809601472416,-851.4789430122186,none,0.0,success,105.0,0.005,"(1818, 186, -308)",1818.0,186.0,-308.0,,,,
4180,realistic,3,x0y0,utah,6.203,7.9,Ab,saline,89.71604787032412,7.9,,b,-1,0.08,soma,62.52630645400001,-828.9398288023863,1270.9778756271198,71.3555338561273,,-829.0,1271.2631532270002,71.081315766135,periphery,5.185000000000111,success,30.9814453125,0.005,"(-829, 455, 67)",-829.0,455.0,67.0,-829.0,,455.0,67.0
4181,realistic,3,x0y0,utah,5.072,6.6,Ab,saline,123.21165648000543,6.6,,b,-1,0.08,soma,58.911150026,852.400350824597,1196.5888223098427,-593.8662842827381,,852.0,1196.4549796133772,-594.0773184346201,central,5.250000000000121,success,37.255859375,0.005,"(852, 515, -148)",852.0,515.0,-148.0,852.0,,515.0,-148.0
4182,realistic,3,x0y0,utah,5.159,6.7,Ab,saline,130.06747660793658,6.7,,b,-1,0.08,soma,59.189238982000006,1238.0106385320626,708.2028775070253,-641.6407191382888,,1238.0,708.4092622964624,-641.3545565663569,none,0.0,success,105.0,0.005,"(1238, 85, -117)",1238.0,85.0,-117.0,,,,
4183,realistic,3,x0y0,utah,4.724,6.2,Ab,saline,128.15082623828985,6.2,,b,-1,0.08,soma,57.798794201999996,-1928.0682367207908,920.6104081359126,-758.9338507153461,,-1928.0,921.0504858802266,-758.7456575892879,none,0.0,success,105.0,0.005,"(-1928, 281, -256)",-1928.0,281.0,-256.0,,,,
4184,realistic,3,x0y0,utah,5.42,7.0,Ab,saline,17.568954684330347,7.0,,b,-1,0.08,soma,60.02350585000001,1373.3199564918318,348.85740529203207,1240.3857288139259,,1373.0,349.05204820805756,1240.0322052386953,none,0.0,success,105.0,0.005,"(1373, 103, 463)",1373.0,103.0,463.0,,,,
4185,realistic,3,x0y0,utah,7.682,9.6,Ab,saline,67.83044671622301,9.6,,b,-1,0.08,soma,67.253818706,265.39667863703454,1029.6014781173858,461.6635877314511,,265.0,1029.1303807518134,461.867932898887,tjn,5.185000000000111,success,61.962890625,0.005,"(265, 271, 153)",265.0,271.0,153.0,265.0,,271.0,153.0
4186,realistic,3,x0y0,utah,5.855,7.5,Ab,saline,131.73114351048343,7.5,,b,-1,0.08,soma,61.41395063,1373.8783798248812,776.6047288407373,-806.8228790027342,,1374.0,776.7621156775847,-806.9345627696641,none,0.0,success,105.0,0.005,"(1374, 168, -264)",1374.0,168.0,-264.0,,,,
4187,realistic,3,x0y0,utah,7.16,9.0,Ab,saline,9.767820500108165,9.0,,b,-1,0.08,soma,65.58528497,674.0613666290227,293.18431438574413,1251.0741511625247,,674.0,292.7794114297045,1250.9346491689678,none,0.0,success,105.0,0.005,"(674, 154, 445)",674.0,154.0,445.0,,,,
4188,realistic,3,x0y0,utah,5.333,6.9,Ab,saline,51.1524120944071,6.9,,b,-1,0.08,soma,59.745416893999995,321.4135412311077,960.0461469165068,636.0428140525714,,321.0,959.6228653385238,636.1696500088032,tjn,5.195000000000112,success,61.962890625,0.005,"(321, 325, 125)",321.0,325.0,125.0,321.0,,325.0,125.0
4189,realistic,3,x0y0,utah,6.4639999999999995,8.2,Ab,saline,87.42367109884869,8.2,,b,-1,0.08,soma,63.360573322,122.0517358268458,1290.1760676479935,185.21288661473233,,122.0,1289.8636063743393,185.75061289974502,tjn,5.150000000000105,success,25.4638671875,0.005,"(122, 474, 149)",122.0,474.0,149.0,122.0,,474.0,149.0
4190,realistic,3,x0y0,utah,6.116,7.8,Ab,saline,75.02927712439525,7.8,,b,-1,0.08,soma,62.248217498,-244.77231995263352,1039.0092744114343,439.4995604978385,,-245.0,1039.4575014624093,439.80485728986673,tjn,5.220000000000116,success,84.5947265625,0.005,"(-245, 251, 229)",-245.0,251.0,229.0,-245.0,,251.0,229.0
4191,realistic,3,x0y0,utah,6.029,7.7,Ab,saline,178.59771698428148,7.7,,b,-1,0.08,soma,61.970128542,-1943.61502361749,-24.274616091502594,-1116.354732033837,,-1944.0,-24.008365925360494,-1116.740268751719,none,0.0,success,105.0,0.005,"(-1944, -44, -301)",-1944.0,-44.0,-301.0,,,,
4192,realistic,3,x0y0,utah,4.811,6.3,Ab,saline,-15.837588928851625,6.3,,b,-1,0.08,soma,58.076883158,-411.43580143691287,-421.23804100563393,1250.722343802816,,-411.0,-421.15109070690914,1251.104980798998,none,0.0,success,105.0,0.005,"(-411, -199, 468)",-411.0,-199.0,468.0,,,,
4193,realistic,3,x0y0,utah,5.942,7.6,Ab,saline,40.45456842714914,7.6,,b,-1,0.08,soma,61.69203958600001,76.58021796997217,673.553533129927,757.9070493301051,,77.0,673.3208976416986,757.7772364604939,none,0.0,success,105.0,0.005,"(77, 144, 137)",77.0,144.0,137.0,,,,
4194,realistic,3,x0y0,utah,5.333,6.9,Ab,saline,176.3282729227045,6.9,,b,-1,0.08,soma,59.745416893999995,175.92092833221955,171.89400937261692,-964.367640264948,,176.0,172.151853340608,-964.1614757592614,none,0.0,success,105.0,0.005,"(176, 120, -151)",176.0,120.0,-151.0,,,,
4195,realistic,3,x0y0,utah,6.029,7.7,Ab,saline,31.55366471757844,7.7,,b,-1,0.08,soma,61.970128542,-1600.9294203527616,577.5692452679777,885.4806692189743,,-1601.0,578.0049841330144,885.3824717717464,none,0.0,success,105.0,0.005,"(-1601, 151, 190)",-1601.0,151.0,190.0,,,,
4196,realistic,3,x0y0,utah,5.594,7.2,Ab,saline,211.9763699088197,7.2,,b,-1,0.08,soma,60.579683761999995,824.6710600739901,-628.0857176644428,-1285.4427151684595,,825.0,-627.7775002601777,-1285.6103728676526,none,0.0,success,105.0,0.005,"(825, -196, -594)",825.0,-196.0,-594.0,,,,
4197,realistic,3,x0y0,utah,5.507,7.1,Ab,saline,59.70598679608217,7.1,,b,-1,0.08,soma,60.301594806000004,641.4748587990862,1122.8720699465466,686.0953717971332,,641.0,1122.8011984777504,686.1620622100734,central,5.190000000000111,success,78.55224609375,0.005,"(641, 419, 275)",641.0,419.0,275.0,641.0,,419.0,275.0
4198,realistic,3,x0y0,utah,7.856,9.8,Ab,saline,86.21132430972173,9.8,,b,-1,0.08,soma,67.809996618,950.6418346592868,1382.4930851625384,260.40539341582235,,951.0,1382.1034073127205,260.1296203882249,central,5.230000000000118,success,31.94580078125,0.005,"(951, 565, 206)",951.0,565.0,206.0,951.0,,565.0,206.0
4199,realistic,3,x0y0,utah,7.247,9.1,Ab,saline,19.201940463670525,9.1,,b,-1,0.08,soma,65.86337392600001,-624.7035546774995,618.3113964256739,1250.8396959800866,,-625.0,618.0177318421308,1250.4546851678574,none,0.0,success,105.0,0.005,"(-625, 349, 478)",-625.0,349.0,478.0,,,,
4200,realistic,3,x0y0,utah,4.55,6.0,Ab,saline,-27.97228278590264,6.0,,b,-1,0.08,soma,57.24261629,767.9848090729231,-575.4509440337474,1044.9656711401253,,768.0,-575.5883935200052,1044.5903393536641,none,0.0,success,105.0,0.005,"(768, -194, 326)",768.0,-194.0,326.0,,,,
4201,realistic,3,x0y0,utah,6.29,8.0,Ab,saline,145.68055310297726,8.0,,b,-1,0.08,soma,62.80439541,-955.5935564711923,641.2545514291332,-1038.578243254496,,-956.0,641.287559066079,-1038.2665750845595,none,0.0,success,105.0,0.005,"(-956, 181, -364)",-956.0,181.0,-364.0,,,,
4202,realistic,3,x0y0,utah,5.768000000000001,7.4,Ab,saline,64.46757584308395,7.4,,b,-1,0.08,soma,61.135861674,357.58848606118045,973.5247283245416,290.01450807634734,,358.0,973.8869439942254,289.5097781907471,tjn,5.175000000000109,success,30.3955078125,0.005,"(358, 238, -62)",358.0,238.0,-62.0,358.0,,238.0,-62.0
4203,realistic,3,x0y0,utah,5.333,6.9,Ab,saline,71.65422858961902,6.9,,b,-1,0.08,soma,59.745416893999995,1577.1221426738925,972.3789363170886,395.5191877425568,,1577.0,972.4771748578926,395.52192861911567,none,0.0,success,105.0,0.005,"(1577, 199, 139)",1577.0,199.0,139.0,,,,
4204,realistic,3,x0y0,utah,4.637,6.1,Ab,saline,102.62034845075152,6.1,,b,-1,0.08,soma,57.520705246000006,-1586.5572969816587,941.3895787949907,-133.166473849461,,-1587.0,941.0673520895236,-132.80663704812557,none,0.0,success,105.0,0.005,"(-1587, 147, 45)",-1587.0,147.0,45.0,,,,
4205,realistic,3,x0y0,utah,5.942,7.6,Ab,saline,203.9114981817873,7.6,,b,-1,0.08,soma,61.69203958600001,-1826.990447169756,-434.8942476158786,-1149.4566080766326,,-1827.0,-434.66239182210296,-1149.8464312947608,none,0.0,success,105.0,0.005,"(-1827, -104, -404)",-1827.0,-104.0,-404.0,,,,
4206,realistic,3,x0y0,utah,6.811999999999999,8.6,Ab,saline,210.79806218765603,8.6,,b,-1,0.08,soma,64.472929146,289.3811912005275,-418.9262190876738,-713.1058345069732,,289.0,-418.4250698613761,-713.0061230682071,none,0.0,success,105.0,0.005,"(289, 0, -11)",289.0,0.0,-11.0,,,,
4207,realistic,3,x0y0,utah,6.898999999999999,8.7,Ab,saline,340.6814790012451,8.7,,b,-1,0.08,soma,64.751018102,515.7084093408425,-343.70234514826143,663.7407170151822,,516.0,-343.38781839407085,663.3572678914289,none,0.0,success,105.0,0.005,"(516, -73, -108)",516.0,-73.0,-108.0,,,,
4208,realistic,3,x0y0,utah,4.637,6.1,Ab,saline,45.36452700020425,6.1,,b,-1,0.08,soma,57.520705246000006,-1962.0292348875485,839.7049574067682,622.9813187049062,,-1962.0,840.071866926527,622.74802375292,periphery,5.290000000000127,success,90.07415771484375,0.005,"(-1962, 261, 51)",-1962.0,261.0,51.0,-1962.0,,261.0,51.0
4209,realistic,3,x0y0,utah,6.638,8.4,Ab,saline,133.13048925672572,8.4,,b,-1,0.08,soma,63.916751233999996,543.6490028813164,741.4536069656237,-675.535403279674,,544.0,741.2162225252868,-675.554441409343,none,0.0,success,105.0,0.005,"(544, 145, -117)",544.0,145.0,-117.0,,,,
4210,realistic,3,x0y0,utah,6.029,7.7,Ab,saline,13.038956163621561,7.7,,b,-1,0.08,soma,61.970128542,627.2702681556841,247.21629305374336,725.3730371757256,,627.0,247.08623049953766,724.9326496128084,none,0.0,success,105.0,0.005,"(627, 63, -70)",627.0,63.0,-70.0,,,,
4211,realistic,3,x0y0,utah,4.985,6.5,Ab,saline,-15.359638735009856,6.5,,b,-1,0.08,soma,58.63306107,1331.1419914844764,-253.20050118485284,1096.334165516495,,1331.0,-253.71244893872156,1096.2454303949007,none,0.0,success,105.0,0.005,"(1331, -38, 311)",1331.0,-38.0,311.0,,,,
4212,realistic,3,x0y0,utah,7.16,9.0,Ab,saline,109.65134789119429,9.0,,b,-1,0.08,soma,65.58528497,1178.514934503674,464.2644607805992,-187.8540730541058,,1179.0,464.19711069237314,-188.0236656677056,none,0.0,success,105.0,0.005,"(1179, -306, 87)",1179.0,-306.0,87.0,,,,
4213,realistic,3,x0y0,utah,7.769,9.7,Ab,saline,-15.121960975145965,9.7,,b,-1,0.08,soma,67.531907662,1290.5144948020265,-410.86112574313034,1064.15134856006,,1291.0,-410.61603735450797,1064.4366518284476,none,0.0,success,105.0,0.005,"(1291, -197, 274)",1291.0,-197.0,274.0,,,,
4214,realistic,3,x0y0,utah,5.594,7.2,Ab,saline,-4.183622634073311,7.2,,b,-1,0.08,soma,60.579683761999995,1889.041952131216,-40.690670860497896,1165.277763647554,,1889.0,-40.516158457313004,1165.0885593079215,none,0.0,success,105.0,0.005,"(1889, 19, 352)",1889.0,19.0,352.0,,,,
4215,realistic,3,x0y0,utah,5.42,7.0,Ab,saline,100.78138058978618,7.0,,b,-1,0.08,soma,60.02350585000001,-664.7084815135237,1177.681490314946,-178.36466812536668,,-665.0,1177.5860448982276,-178.48869897226754,tjn,5.185000000000111,success,49.7314453125,0.005,"(-665, 377, -26)",-665.0,377.0,-26.0,-665.0,,377.0,-26.0
4216,realistic,3,x0y0,utah,7.247,9.1,Ab,saline,75.36234900964651,9.1,,b,-1,0.08,soma,65.86337392600001,-358.63679673189597,1288.1485356169749,193.408834892622,,-359.0,1288.3489071367026,193.69133729555014,periphery,5.135000000000103,success,14.90936279296875,0.005,"(-359, 497, -13)",-359.0,497.0,-13.0,-359.0,,497.0,-13.0
4217,realistic,3,x0y0,utah,5.855,7.5,Ab,saline,129.97494178431498,7.5,,b,-1,0.08,soma,61.41395063,-492.1430117995305,1211.1467145105698,-791.6777035443297,,-492.0,1211.0762551838848,-792.0917316398876,periphery,5.175000000000109,success,45.9228515625,0.005,"(-492, 586, -268)",-492.0,586.0,-268.0,-492.0,,586.0,-268.0
4218,realistic,3,x0y0,utah,5.855,7.5,Ab,saline,18.82521529842213,7.5,,b,-1,0.08,soma,61.41395063,428.4063512040899,351.5541381224102,830.9060301620682,,428.0,351.2286409341506,831.0666521356477,none,0.0,success,105.0,0.005,"(428, 88, 59)",428.0,88.0,59.0,,,,
4219,realistic,3,x0y0,utah,4.724,6.2,Ab,saline,168.0741589745386,6.2,,b,-1,0.08,soma,57.798794201999996,465.89161645449127,213.8380073736089,-1285.4551499390418,,466.0,214.15161544106664,-1285.3191701236187,none,0.0,success,105.0,0.005,"(466, 46, -489)",466.0,46.0,-489.0,,,,
4220,realistic,3,x0y0,utah,7.247,9.1,Ab,saline,164.77518669414496,9.1,,b,-1,0.08,soma,65.86337392600001,1153.7914778201562,213.0138449475885,-1281.6381464679566,,1154.0,212.78886099648383,-1281.2222847505989,none,0.0,success,105.0,0.005,"(1154, -2, -492)",1154.0,-2.0,-492.0,,,,
4221,realistic,3,x0y0,utah,6.551000000000001,8.3,Ab,saline,25.468441946473817,8.3,,b,-1,0.08,soma,63.63866227800001,1844.150347977988,360.805753066742,1059.2250056101566,,1844.0,361.2323123897701,1059.4244921522895,none,0.0,success,105.0,0.005,"(1844, 10, 322)",1844.0,10.0,322.0,,,,
4222,realistic,3,x0y0,utah,6.898999999999999,8.7,Ab,saline,-8.373799182651807,8.7,,b,-1,0.08,soma,64.751018102,1788.4696510838196,-247.30598651540825,1026.8557108384655,,1788.0,-247.00987411782563,1026.6295911041543,none,0.0,success,105.0,0.005,"(1788, -128, 218)",1788.0,-128.0,218.0,,,,
4223,realistic,3,x0y0,utah,6.4639999999999995,8.2,Ab,saline,63.58401101022372,8.2,,b,-1,0.08,soma,63.360573322,1311.4018584916466,243.8699312265071,162.63082826947542,,1311.0,243.41886473359182,162.34105953547908,none,0.0,success,105.0,0.005,"(1311, -488, -201)",1311.0,-488.0,-201.0,,,,
4224,realistic,3,x0y0,utah,5.2459999999999996,6.8,Ab,saline,94.47027840126394,6.8,,b,-1,0.08,soma,59.467327938000004,-1011.204763560276,1261.7743256840258,-179.29959007888328,,-1011.0,1262.2894629770933,-179.46775242318512,periphery,5.18000000000011,success,31.201171875,0.005,"(-1011, 450, -116)",-1011.0,450.0,-116.0,-1011.0,,450.0,-116.0
4225,realistic,3,x0y0,utah,4.985,6.5,Ab,saline,26.649042827045733,6.5,,b,-1,0.08,soma,58.63306107,-1141.5698644339361,176.4254930095367,578.6272937537988,,-1142.0,176.22096394494758,578.8361149921832,none,0.0,success,105.0,0.005,"(-1142, -189, -149)",-1142.0,-189.0,-149.0,,,,
4226,realistic,3,x0y0,utah,6.203,7.9,Ab,saline,57.81270921394789,7.9,,b,-1,0.08,soma,62.52630645400001,1914.4707900120166,465.61630399076796,259.53397289299846,,1914.0,465.80350657601036,259.82338172402297,none,0.0,success,105.0,0.005,"(1914, -225, -175)",1914.0,-225.0,-175.0,,,,
4227,realistic,3,x0y0,utah,4.985,6.5,Ab,saline,191.65251681591096,6.5,,b,-1,0.08,soma,58.63306107,1261.7895762931312,-110.53621381502172,-1204.6584934638558,,1262.0,-110.49193916807005,-1204.5416100059792,none,0.0,success,105.0,0.005,"(1262, 54, -407)",1262.0,54.0,-407.0,,,,
4228,realistic,3,x0y0,utah,6.029,7.7,Ab,saline,146.00750743925124,7.7,,b,-1,0.08,soma,61.970128542,-676.5070325840296,834.35332421783,-1175.4826971380944,,-677.0,834.2172494339163,-1175.5332167870863,none,0.0,success,105.0,0.005,"(-677, 378, -499)",-677.0,378.0,-499.0,,,,
4229,realistic,3,x0y0,utah,5.507,7.1,Ab,saline,146.29887165458902,7.1,,b,-1,0.08,soma,60.301594806000004,350.5044278641907,520.6421761953443,-859.5029874890132,,351.0,520.3271774789248,-859.1239483595559,none,0.0,success,105.0,0.005,"(351, 68, -181)",351.0,68.0,-181.0,,,,
4230,realistic,3,x0y0,utah,6.986000000000001,8.8,Ab,saline,78.99403307602167,8.8,,b,-1,0.08,soma,65.02910705800001,-190.6598610669588,1130.3759703186881,236.98292001731892,,-191.0,1130.4722857440668,237.06352826868616,tjn,5.150000000000105,success,24.57275390625,0.005,"(-191, 328, 81)",-191.0,328.0,81.0,-191.0,,328.0,81.0
4231,realistic,3,x0y0,utah,4.811,6.3,Ab,saline,319.17691813121445,6.3,,b,-1,0.08,soma,58.076883158,1872.9808744350125,-445.2975065778205,476.93197465496627,,1873.0,-445.13692926019235,476.98288874282946,none,0.0,success,105.0,0.005,"(1873, 87, -139)",1873.0,87.0,-139.0,,,,
4232,realistic,3,x0y0,utah,4.55,6.0,Ab,saline,82.43748642027816,6.0,,b,-1,0.08,soma,57.24261629,-1986.6431651271287,901.9462811118268,134.93358998883923,,-1987.0,901.5428027641387,135.07256415188203,none,0.0,success,105.0,0.005,"(-1987, 95, 28)",-1987.0,95.0,28.0,,,,
4233,realistic,3,x0y0,utah,5.2459999999999996,6.8,Ab,saline,25.42485914652017,6.8,,b,-1,0.08,soma,59.467327938000004,-58.87592580014922,682.3249004561078,1295.9698544964522,,-59.0,682.7651619418918,1295.7859719304042,none,0.0,success,105.0,0.005,"(-59, 333, 560)",-59.0,333.0,560.0,,,,
4234,realistic,3,x0y0,utah,5.507,7.1,Ab,saline,137.93683136387966,7.1,,b,-1,0.08,soma,60.301594806000004,-274.94687246185225,796.7710806582559,-647.4639500657759,,-275.0,797.0695191802699,-647.1679519919874,tjn,5.200000000000113,success,71.8017578125,0.005,"(-275, 251, -42)",-275.0,251.0,-42.0,-275.0,,251.0,-42.0
4235,realistic,3,x0y0,utah,5.42,7.0,Ab,saline,171.6092271609405,7.0,,b,-1,0.08,soma,60.02350585000001,750.2635693820979,157.2598106340247,-1319.4611784483134,,750.0,156.91021475175754,-1319.2911271687026,none,0.0,success,105.0,0.005,"(750, 38, -513)",750.0,38.0,-513.0,,,,
4236,realistic,3,x0y0,utah,5.768000000000001,7.4,Ab,saline,27.433334340390267,7.4,,b,-1,0.08,soma,61.135861674,-1781.2058032705474,476.93204803709745,1104.7577699166195,,-1781.0,476.732145736606,1104.8165386178378,none,0.0,success,105.0,0.005,"(-1781, 101, 381)",-1781.0,101.0,381.0,,,,
4237,realistic,3,x0y0,utah,5.159,6.7,Ab,saline,67.31583429540792,6.7,,b,-1,0.08,soma,59.189238982000006,-54.168106347801,1070.0104972414417,262.4332678858095,,-54.0,1069.5449959423968,262.18914473767876,tjn,5.125000000000101,success,12.6708984375,0.005,"(-54, 318, -52)",-54.0,318.0,-52.0,-54.0,,318.0,-52.0
4238,realistic,3,x0y0,utah,4.55,6.0,Ab,saline,149.2184966190758,6.0,,b,-1,0.08,soma,57.24261629,899.0405904818442,555.0539149969319,-1050.9474961636427,,899.0,555.4113855086111,-1050.9820658273698,none,0.0,success,105.0,0.005,"(899, 139, -352)",899.0,139.0,-352.0,,,,
4239,realistic,3,x0y0,utah,6.811999999999999,8.6,Ab,saline,105.55676981273577,8.6,,b,-1,0.08,soma,64.472929146,-521.6993380283734,1318.3396406204324,-226.0650655588065,,-522.0,1318.3256099696282,-226.18281979847865,periphery,5.1200000000001005,success,8.65936279296875,0.005,"(-522, 531, -7)",-522.0,531.0,-7.0,-522.0,,531.0,-7.0
4240,realistic,3,x0y0,utah,4.811,6.3,Ab,saline,128.42859294518777,6.3,,b,-1,0.08,soma,58.076883158,244.48233840796038,1109.9968153656564,-795.7799156342144,,244.0,1109.7177151329888,-795.9248914413486,tjn,5.185000000000111,success,58.5205078125,0.005,"(244, 472, -290)",244.0,472.0,-290.0,244.0,,472.0,-290.0
4241,realistic,3,x0y0,utah,4.898000000000001,6.4,Ab,saline,98.52334249437722,6.4,,b,-1,0.08,soma,58.354972114000006,802.0095358433224,1132.8338297416444,-126.5421840405088,,802.0,1133.2215337103733,-126.66110343364744,tjn,5.24500000000012,success,75.29296875,0.005,"(802, 328, -6)",802.0,328.0,-6.0,802.0,,328.0,-6.0
4242,realistic,3,x0y0,utah,7.334,9.2,Ab,saline,174.43818110958136,9.2,,b,-1,0.08,soma,66.141462882,-1399.195766326846,82.9178515318563,-942.7197734962573,,-1399.0,83.27105387663292,-943.2257990032275,none,0.0,success,105.0,0.005,"(-1399, 4, -129)",-1399.0,4.0,-129.0,,,,
4243,realistic,3,x0y0,utah,6.116,7.8,Ab,saline,-18.775648657428263,7.8,,b,-1,0.08,soma,62.248217498,-1032.7264859133468,-491.8909743210074,1133.0494033751531,,-1033.0,-491.71035060630317,1132.7063061635536,none,0.0,success,105.0,0.005,"(-1033, -229, 360)",-1033.0,-229.0,360.0,,,,
4244,realistic,3,x0y0,utah,8.116999999999999,10.1,Ab,saline,36.39470719288982,10.1,,b,-1,0.08,soma,68.644263486,-800.0654166582052,762.0549899298949,1050.0299809318308,,-800.0,762.103820763122,1050.472383839941,none,0.0,success,105.0,0.005,"(-800, 276, 391)",-800.0,276.0,391.0,,,,
4245,realistic,3,x0y0,utah,6.898999999999999,8.7,Ab,saline,109.6435058074165,8.7,,b,-1,0.08,soma,64.751018102,564.4593947695731,1213.3209921411035,-326.0738628508216,,564.0,1213.804254424232,-325.80164614294625,central,5.160000000000107,success,29.40673828125,0.005,"(564, 444, -51)",564.0,444.0,-51.0,564.0,,444.0,-51.0
4246,realistic,3,x0y0,utah,5.594,7.2,Ab,saline,184.43317075778907,7.2,,b,-1,0.08,soma,60.579683761999995,-1746.4608719241342,-215.52669576049541,-1114.5414793025598,,-1746.0,-216.0219047774013,-1114.843972355357,none,0.0,success,105.0,0.005,"(-1746, -153, -302)",-1746.0,-153.0,-302.0,,,,
4247,realistic,3,x0y0,utah,8.116999999999999,10.1,Ab,saline,43.887606935942145,10.1,,b,-1,0.08,soma,68.644263486,1740.0163165049191,610.7684190278869,769.4544400764536,,1740.0,610.9541017242478,769.4854603471803,none,0.0,success,105.0,0.005,"(1740, 43, 179)",1740.0,43.0,179.0,,,,
4248,realistic,3,x0y0,utah,7.508000000000001,9.4,Ab,saline,173.24955628229844,9.4,,b,-1,0.08,soma,66.697640794,444.8303978967919,324.66427094884193,-1366.368863659866,,445.0,324.1559863966475,-1366.7022135362608,none,0.0,success,105.0,0.005,"(445, 228, -554)",445.0,228.0,-554.0,,,,
4249,realistic,3,x0y0,utah,7.073,8.9,Ab,saline,8.565800202488871,8.9,,b,-1,0.08,soma,65.307196014,195.243925909,187.5368857692197,1335.1615096753105,,195.0,187.74862074324233,1335.495877709322,none,0.0,success,105.0,0.005,"(195, 66, 527)",195.0,66.0,527.0,,,,
4250,realistic,3,x0y0,utah,5.072,6.6,Ab,saline,146.8763201849041,6.6,,b,-1,0.08,soma,58.911150026,521.1949493721003,598.8857182106493,-1151.7158294007966,,521.0,599.0185261871034,-1152.1065440733878,none,0.0,success,105.0,0.005,"(521, 154, -470)",521.0,154.0,-470.0,,,,
4251,realistic,3,x0y0,utah,5.072,6.6,Ab,saline,-18.93703601438553,6.6,,b,-1,0.08,soma,58.911150026,-648.39740484562,-632.4872822883926,1187.3415834877633,,-648.0,-632.2908340917186,1187.3935284047968,none,0.0,success,105.0,0.005,"(-648, -368, 417)",-648.0,-368.0,417.0,,,,
4252,realistic,3,x0y0,utah,6.029,7.7,Ab,saline,91.67019166328006,7.7,,b,-1,0.08,soma,61.970128542,700.3468471554146,1377.3209906672366,-156.95681646427602,,700.0,1377.658670245292,-156.74516537028612,central,5.150000000000105,success,30.3955078125,0.005,"(700, 562, -133)",700.0,562.0,-133.0,700.0,,562.0,-133.0
4253,realistic,3,x0y0,utah,8.987,11.1,Ab,saline,180.7024961922064,11.1,,b,-1,0.08,soma,71.42515304599999,-437.3789191202124,-5.276515048498368,-908.313709247538,,-437.0,-5.094764691232903,-908.630505265348,none,0.0,success,105.0,0.005,"(-437, 5, -88)",-437.0,5.0,-88.0,,,,
4254,realistic,3,x0y0,utah,9.943999999999999,12.2,Ab,saline,91.70251129151184,12.2,,b,-1,0.08,soma,74.484131562,-256.2664435983333,1365.5769211137622,31.298348303434977,,-256.0,1365.913168954688,31.57941064630429,tjn,5.1200000000001005,success,12.6708984375,0.005,"(-256, 544, 56)",-256.0,544.0,56.0,-256.0,,544.0,56.0
4255,realistic,3,x0y0,utah,7.856,9.8,Ab,saline,166.37150019574705,9.8,,b,-1,0.08,soma,67.809996618,904.5777180078876,327.4750286874141,-1351.6490511643453,,905.0,327.93401760160043,-1351.8118773566864,none,0.0,success,105.0,0.005,"(905, 135, -556)",905.0,135.0,-556.0,,,,
4256,realistic,3,x0y0,utah,5.2459999999999996,6.8,Ab,saline,-29.87387739539857,6.8,,b,-1,0.08,soma,59.467327938000004,-78.20109471221559,-622.7679727039954,1321.7989443806555,,-78.0,-622.818838022959,1321.4555600275203,none,0.0,success,105.0,0.005,"(-78, -217, 615)",-78.0,-217.0,615.0,,,,
4257,realistic,3,x0y0,utah,6.638,8.4,Ab,saline,162.50220720467703,8.4,,b,-1,0.08,soma,63.916751233999996,-1637.8105137042817,375.2212018956057,-1244.4780651953042,,-1638.0,375.659383548032,-1244.133202825933,none,0.0,success,105.0,0.005,"(-1638, 130, -465)",-1638.0,130.0,-465.0,,,,
4258,realistic,3,x0y0,utah,6.377,8.1,Ab,saline,192.83805116525986,8.1,,b,-1,0.08,soma,63.082484366,707.9368549144392,-194.6327747766691,-1285.8952129630438,,708.0,-194.43546401306267,-1286.1277111284253,none,0.0,success,105.0,0.005,"(708, -13, -490)",708.0,-13.0,-490.0,,,,
4259,realistic,3,x0y0,utah,8.203999999999999,10.2,Ab,saline,3.437883050176908,10.2,,b,-1,0.08,soma,68.922352442,944.37781067661,19.478398662143718,1258.6932049435727,,944.0,19.16767057326002,1258.9861461038026,none,0.0,success,105.0,0.005,"(944, -30, 441)",944.0,-30.0,441.0,,,,
4260,realistic,3,x0y0,utah,6.638,8.4,Ab,saline,134.84813247339946,8.4,,b,-1,0.08,soma,63.916751233999996,-608.1473031446508,746.4416276046173,-708.9011388401686,,-608.0,746.2234883124531,-709.1190464851086,none,0.0,success,105.0,0.005,"(-608, 167, -133)",-608.0,167.0,-133.0,,,,
4261,realistic,3,x0y0,utah,7.769,9.7,Ab,saline,129.56619451101201,9.7,,b,-1,0.08,soma,67.531907662,-477.9312062600418,314.764335580046,-275.65565015450835,,-478.0,315.186673808318,-275.55391259034707,none,0.0,success,105.0,0.005,"(-478, -316, 246)",-478.0,-316.0,246.0,,,,
4262,realistic,3,x0y0,utah,6.116,7.8,Ab,saline,130.87128250235713,7.8,,b,-1,0.08,soma,62.248217498,-0.760683878879842,919.7372212549943,-1085.4090964195623,,-1.0,920.1530510359939,-1085.0716167653459,none,0.0,success,105.0,0.005,"(-1, 303, -551)",-1.0,303.0,-551.0,,,,
4263,realistic,3,x0y0,utah,8.291,10.3,Ab,saline,64.1437188594024,10.3,,b,-1,0.08,soma,69.20044139800001,296.2666261439818,1210.0242471208505,576.6061902673846,,296.0,1209.5582386070305,576.427656246834,central,5.1650000000001075,success,38.470458984375,0.005,"(296, 472, 219)",296.0,472.0,219.0,296.0,,472.0,219.0
4264,realistic,3,x0y0,utah,7.595000000000001,9.5,Ab,saline,139.5592803596944,9.5,,b,-1,0.08,soma,66.97572975,-208.29445268026814,830.709925249031,-924.4828658713408,,-208.0,830.9530779444127,-924.9511139563626,tjn,5.2100000000001145,success,83.4228515625,0.005,"(-208, 300, -302)",-208.0,300.0,-302.0,-208.0,,300.0,-302.0
4265,realistic,3,x0y0,utah,8.116999999999999,10.1,Ab,saline,36.36613453248256,10.1,,b,-1,0.08,soma,68.644263486,-149.03243077907226,797.9417309002811,1171.7166365640373,,-149.0,797.7760919104248,1171.7181804794639,none,0.0,success,105.0,0.005,"(-149, 312, 512)",-149.0,312.0,512.0,,,,
4266,realistic,3,x0y0,utah,5.507,7.1,Ab,saline,195.75025309951496,7.1,,b,-1,0.08,soma,60.301594806000004,367.3029676935704,-238.907691449816,-1203.3988397598282,,367.0,-239.23192641517426,-1203.582642500388,none,0.0,success,105.0,0.005,"(367, -18, -419)",367.0,-18.0,-419.0,,,,
4267,realistic,3,x0y0,utah,5.42,7.0,Ab,saline,38.45502559970862,7.0,,b,-1,0.08,soma,60.02350585000001,-1202.535118750089,679.7651643339767,1114.576581807738,,-1203.0,679.8558091440577,1114.2357037155675,none,0.0,success,105.0,0.005,"(-1203, 173, 476)",-1203.0,173.0,476.0,,,,
4268,realistic,3,x0y0,utah,7.508000000000001,9.4,Ab,saline,197.6316299388645,9.4,,b,-1,0.08,soma,66.697640794,1160.6074320486819,-512.5998412523386,-1160.675298689689,,1161.0,-512.8778576982513,-1160.8864258383412,none,0.0,success,105.0,0.005,"(1161, -265, -381)",1161.0,-265.0,-381.0,,,,
4269,realistic,3,x0y0,utah,4.55,6.0,Ab,saline,109.70843751051426,6.0,,b,-1,0.08,soma,57.24261629,1001.539479027502,1106.282678982142,-364.32190336582335,,1002.0,1105.9430994877034,-364.35310510649407,central,5.275000000000125,success,72.16796875,0.005,"(1002, 340, -90)",1002.0,340.0,-90.0,1002.0,,340.0,-90.0
4270,realistic,3,x0y0,utah,6.986000000000001,8.8,Ab,saline,96.66347582607479,8.8,,b,-1,0.08,soma,65.02910705800001,399.3492808384156,982.3452566419646,-167.86374775007386,,399.0,981.955454565003,-167.83168820936405,tjn,5.220000000000116,success,42.572021484375,0.005,"(399, 170, -73)",399.0,170.0,-73.0,399.0,,170.0,-73.0
4271,realistic,3,x0y0,utah,6.725,8.5,Ab,saline,134.79904133791828,8.5,,b,-1,0.08,soma,64.19484019000001,-1359.3587182683686,814.6086221134598,-602.1259571924165,,-1359.0,814.8123292994122,-601.7268421989372,periphery,5.2100000000001145,success,81.77490234375,0.005,"(-1359, 235, -26)",-1359.0,235.0,-26.0,-1359.0,,235.0,-26.0
4272,realistic,3,x0y0,utah,4.724,6.2,Ab,saline,127.5225320738018,6.2,,b,-1,0.08,soma,57.798794201999996,1322.7836635745398,820.9999496124483,-717.7200566899776,,1323.0,820.5036118408033,-717.7461227742192,none,0.0,success,105.0,0.005,"(1323, 175, -222)",1323.0,175.0,-222.0,,,,
4273,realistic,3,x0y0,utah,6.811999999999999,8.6,Ab,saline,99.60899022553404,8.6,,b,-1,0.08,soma,64.472929146,-1965.14943062916,974.6417760307124,-228.22493902799167,,-1965.0,974.7951540689781,-228.3967659372337,periphery,5.2100000000001145,success,105.0,0.005,"(-1965, 169, -92)",-1965.0,169.0,-92.0,-1965.0,,169.0,-92.0
4274,realistic,3,x0y0,utah,5.681,7.3,Ab,saline,176.95867576436459,7.3,,b,-1,0.08,soma,60.857772718,-620.3424172039448,161.96021778478055,-1338.9071735469706,,-620.0,162.2992738656629,-1339.2872859180975,none,0.0,success,105.0,0.005,"(-620, 119, -525)",-620.0,119.0,-525.0,,,,
4275,realistic,3,x0y0,utah,4.55,6.0,Ab,saline,180.08283544835342,6.0,,b,-1,0.08,soma,57.24261629,-5.2102907238935625,10.6116775821215,-109.63516310354362,,-5.0,10.860930168597,-109.62130814500028,none,0.0,success,105.0,0.005,"(-5, 12, 704)",-5.0,12.0,704.0,,,,
4276,realistic,3,x0y0,utah,7.421000000000001,9.3,Ab,saline,154.56611948295563,9.3,,b,-1,0.08,soma,66.419551838,758.0075388042895,258.1523401153604,-492.9591990200502,,758.0,258.4210987572106,-492.9252486324491,none,0.0,success,105.0,0.005,"(758, -93, 246)",758.0,-93.0,246.0,,,,
4277,realistic,3,x0y0,utah,4.637,6.1,Ab,saline,116.51425535393116,6.1,,b,-1,0.08,soma,57.520705246000006,1021.3030688294408,358.2829335151305,-166.67666620091092,,1021.0,358.15276352706064,-166.26262141090734,none,0.0,success,105.0,0.005,"(1021, -370, 197)",1021.0,-370.0,197.0,,,,
4278,realistic,3,x0y0,utah,4.724,6.2,Ab,saline,75.11072592087636,6.2,,b,-1,0.08,soma,57.798794201999996,1750.608233729031,931.3386278841417,403.9946501212476,,1751.0,931.5523773584066,404.17214505495707,none,0.0,success,105.0,0.005,"(1751, 145, 195)",1751.0,145.0,195.0,,,,
4279,realistic,3,x0y0,utah,5.2459999999999996,6.8,Ab,saline,118.83251691677259,6.8,,b,-1,0.08,soma,59.467327938000004,-1563.0859758799195,1018.0124032342424,-401.82803094615167,,-1563.0,1017.7066896368443,-401.94604613224885,periphery,5.200000000000113,success,76.94091796875,0.005,"(-1563, 304, -9)",-1563.0,304.0,-9.0,-1563.0,,304.0,-9.0
4280,realistic,3,x0y0,utah,6.898999999999999,8.7,Ab,saline,3.255368856348995,8.7,,b,-1,0.08,soma,64.751018102,-338.7360709957545,-48.23405415420166,1259.545528632391,,-339.0,-48.57307108590319,1259.0677082365187,none,0.0,success,105.0,0.005,"(-339, -95, 443)",-339.0,-95.0,443.0,,,,
4281,realistic,3,x0y0,utah,6.377,8.1,Ab,saline,61.507336167353365,8.1,,b,-1,0.08,soma,63.082484366,-1816.6668030249161,849.1816134223491,672.8792294135974,,-1817.0,849.6580977546389,672.490172521291,none,0.0,success,105.0,0.005,"(-1817, 132, 283)",-1817.0,132.0,283.0,,,,
4282,realistic,3,x0y0,utah,5.42,7.0,Ab,saline,3.0377423377819266,7.0,,b,-1,0.08,soma,60.02350585000001,-1211.4814657155866,173.6110032850756,1070.5902039364896,,-1211.0,173.195622905025,1070.8707364709053,none,0.0,success,105.0,0.005,"(-1211, 130, 257)",-1211.0,130.0,257.0,,,,
4283,realistic,3,x0y0,utah,7.16,9.0,Ab,saline,185.95321644134285,9.0,,b,-1,0.08,soma,65.58528497,-1426.7042439071295,-202.5030595521393,-1116.0540549373002,,-1427.0,-202.80509702569452,-1116.376562215581,none,0.0,success,105.0,0.005,"(-1427, -118, -303)",-1427.0,-118.0,-303.0,,,,
4284,realistic,3,x0y0,utah,6.4639999999999995,8.2,Ab,saline,55.90635747433795,8.2,,b,-1,0.08,soma,63.360573322,-1357.1897875290276,776.2715598386144,521.4333783616489,,-1357.0,776.2929453839743,521.7493006734907,none,0.0,success,105.0,0.005,"(-1357, 100, 64)",-1357.0,100.0,64.0,,,,
4285,realistic,3,x0y0,utah,5.072,6.6,Ab,saline,86.48037000632648,6.6,,b,-1,0.08,soma,58.911150026,-1903.4954139420056,1171.2680156508839,31.30298576735004,,-1903.0,1170.9081094204753,31.007572305798213,periphery,5.260000000000122,success,53.02734375,0.005,"(-1903, 358, -19)",-1903.0,358.0,-19.0,-1903.0,,358.0,-19.0
4286,realistic,3,x0y0,utah,5.507,7.1,Ab,saline,163.81484928393732,7.1,,b,-1,0.08,soma,60.301594806000004,93.67009636417124,176.41300734419428,-827.7703268433506,,94.0,176.18252723621617,-827.8708258258415,none,0.0,success,105.0,0.005,"(94, -51, -45)",94.0,-51.0,-45.0,,,,
4287,realistic,3,x0y0,utah,4.898000000000001,6.4,Ab,saline,98.14935166733991,6.4,,b,-1,0.08,soma,58.354972114000006,1987.5646412775893,1103.2682027790795,-170.22380988698342,,1988.0,1102.9542934478245,-170.45036752288263,central,5.365000000000139,success,105.0,0.005,"(1988, 297, -55)",1988.0,297.0,-55.0,1988.0,,297.0,-55.0
4288,realistic,3,x0y0,utah,6.203,7.9,Ab,saline,79.4296416117015,7.9,,b,-1,0.08,soma,62.52630645400001,-1577.1067595917664,354.4949550448923,124.84000272411869,,-1577.0,354.3866796221412,124.70266230183185,none,0.0,success,105.0,0.005,"(-1577, -448, -25)",-1577.0,-448.0,-25.0,,,,
4289,realistic,3,x0y0,utah,4.55,6.0,Ab,saline,43.21708013707698,6.0,,b,-1,0.08,soma,57.24261629,-493.51919892551996,1059.6879469879514,1000.967755153506,,-494.0,1060.1678718176963,1000.9672093760762,periphery,5.145000000000104,success,105.0,0.005,"(-494, 503, 408)",-494.0,503.0,408.0,-494.0,,503.0,408.0
4290,realistic,3,x0y0,utah,5.159,6.7,Ab,saline,107.27450805380779,6.7,,b,-1,0.08,soma,59.189238982000006,1438.7712419346258,1238.7314353646198,-436.70646707294924,,1439.0,1238.856402151956,-436.93460198882707,central,5.2350000000001184,success,53.9306640625,0.005,"(1439, 461, -195)",1439.0,461.0,-195.0,1439.0,,461.0,-195.0
4291,realistic,3,x0y0,utah,8.116999999999999,10.1,Ab,saline,188.1774248319067,10.1,,b,-1,0.08,soma,68.644263486,990.4218501661867,-181.98180149636391,-1304.9380756712653,,990.0,-181.5076071338546,-1304.9650459992217,none,0.0,success,105.0,0.005,"(990, -65, -494)",990.0,-65.0,-494.0,,,,
4292,realistic,3,x0y0,utah,4.637,6.1,Ab,saline,66.63780720870949,6.1,,b,-1,0.08,soma,57.520705246000006,359.0380828181101,990.5417226740063,520.688822768871,,359.0,990.0320037079142,520.6559798150197,tjn,5.205000000000114,success,98.291015625,0.005,"(359, 243, 198)",359.0,243.0,198.0,359.0,,243.0,198.0
4293,realistic,3,x0y0,utah,6.116,7.8,Ab,saline,-14.895745908298702,7.8,,b,-1,0.08,soma,62.248217498,-1258.6481181275115,-355.2907038832968,1154.9390430598605,,-1259.0,-354.825508359368,1154.7023386950339,none,0.0,success,105.0,0.005,"(-1259, -145, 366)",-1259.0,-145.0,366.0,,,,
4294,realistic,3,x0y0,utah,6.203,7.9,Ab,saline,261.07825750629814,7.9,,b,-1,0.08,soma,62.52630645400001,-536.625324915513,-80.31331696520921,-21.280827396337365,,-537.0,-80.38636907295347,-21.602415065507728,periphery,5.155000000000106,success,24.005126953125,0.005,"(-537, 726, 105)",-537.0,726.0,105.0,-537.0,,726.0,105.0
4295,realistic,3,x0y0,utah,5.42,7.0,Ab,saline,120.5945960939348,7.0,,b,-1,0.08,soma,60.02350585000001,-91.34104191201908,989.931192894488,-561.2602209485058,,-91.0,989.5621169178402,-560.8409822388251,tjn,5.18000000000011,success,63.525390625,0.005,"(-91, 288, -146)",-91.0,288.0,-146.0,-91.0,,288.0,-146.0
4296,realistic,3,x0y0,utah,5.507,7.1,Ab,saline,174.44901481945047,7.1,,b,-1,0.08,soma,60.301594806000004,-728.6880435479828,74.39785812052149,-1346.8285817728208,,-729.0,74.82508210887012,-1347.3195886552062,none,0.0,success,105.0,0.005,"(-729, -4, -536)",-729.0,-4.0,-536.0,,,,
4297,realistic,3,x0y0,utah,6.725,8.5,Ab,saline,310.4109091887097,8.5,,b,-1,0.08,soma,64.19484019000001,1612.592438016623,-548.8604052137525,548.1519245570025,,1613.0,-549.1379756603332,547.7242574475887,none,0.0,success,105.0,0.005,"(1613, 73, 18)",1613.0,73.0,18.0,,,,
4298,realistic,3,x0y0,utah,4.898000000000001,6.4,Ab,saline,143.9135999136728,6.4,,b,-1,0.08,soma,58.354972114000006,-646.4213952972519,960.1771700565934,-1054.889355670731,,-646.0,960.5505392875731,-1054.936826482662,periphery,5.140000000000104,success,105.0,0.005,"(-646, 481, -397)",-646.0,481.0,-397.0,-646.0,,481.0,-397.0
4299,realistic,3,x0y0,utah,5.768000000000001,7.4,Ab,saline,321.6611767252058,7.4,,b,-1,0.08,soma,61.135861674,-612.4245854510699,-559.033593072564,827.5117299901876,,-612.0,-558.8967874981913,827.731484948543,none,0.0,success,105.0,0.005,"(-612, -53, 188)",-612.0,-53.0,188.0,,,,
4300,realistic,3,x0y0,utah,5.072,6.6,Ab,saline,105.13973488999778,6.6,,b,-1,0.08,soma,58.911150026,-1612.0904047662902,718.4025982254269,-197.75954335305283,,-1612.0,718.193966560049,-197.73579619339563,none,0.0,success,105.0,0.005,"(-1612, -68, 15)",-1612.0,-68.0,15.0,,,,
4301,realistic,3,x0y0,utah,5.333,6.9,Ab,saline,206.32676102292447,6.9,,b,-1,0.08,soma,59.745416893999995,999.1528727573344,-522.1904386223397,-830.6968348066039,,999.0,-522.3960461962446,-830.3704085810463,none,0.0,success,105.0,0.005,"(999, -161, -100)",999.0,-161.0,-100.0,,,,
4302,realistic,3,x0y0,utah,4.637,6.1,Ab,saline,179.72184230987506,6.1,,b,-1,0.08,soma,57.520705246000006,-1042.144445042347,-99.78462424880492,-1397.858758443498,,-1042.0,-100.0125742721473,-1397.7603526230002,none,0.0,success,105.0,0.005,"(-1042, -104, -584)",-1042.0,-104.0,-584.0,,,,
4303,realistic,3,x0y0,utah,7.595000000000001,9.5,Ab,saline,-21.027544148295192,9.5,,b,-1,0.08,soma,66.97572975,-395.73491249198577,-532.4690198258995,1159.8017780081855,,-396.0,-532.67344591715,1159.9765730743252,none,0.0,success,105.0,0.005,"(-396, -239, 396)",-396.0,-239.0,396.0,,,,
4304,realistic,3,x0y0,utah,4.724,6.2,Ab,saline,-10.86161657010116,6.2,,b,-1,0.08,soma,57.798794201999996,358.8089415803985,-198.75758651917613,1347.400934329581,,359.0,-198.33864641382846,1347.3305978928922,none,0.0,success,105.0,0.005,"(359, -45, 548)",359.0,-45.0,548.0,,,,
4305,realistic,3,x0y0,utah,4.985,6.5,Ab,saline,-0.01955657562877221,6.5,,b,-1,0.08,soma,58.63306107,-1931.727849506693,57.246096852371004,1047.6471832651312,,-1932.0,57.7557050408395,1047.3165305350003,none,0.0,success,105.0,0.005,"(-1932, 58, 233)",-1932.0,58.0,233.0,,,,
4306,realistic,3,x0y0,utah,5.42,7.0,Ab,saline,13.79885286080898,7.0,,b,-1,0.08,soma,60.02350585000001,-714.7387365967137,148.12380928948687,899.2270064338643,,-715.0,148.38030307261255,899.4579132654677,none,0.0,success,105.0,0.005,"(-715, -46, 108)",-715.0,-46.0,108.0,,,,
4307,realistic,3,x0y0,utah,6.551000000000001,8.3,Ab,saline,132.7702696429812,8.3,,b,-1,0.08,soma,63.63866227800001,-157.44681136164473,910.6123667491556,-729.4726217629242,,-157.0,910.62707098914,-729.7020077764951,tjn,5.175000000000109,success,65.61279296875,0.005,"(-157, 311, -175)",-157.0,311.0,-175.0,-157.0,,311.0,-175.0
4308,realistic,3,x0y0,utah,4.637,6.1,Ab,saline,35.08892057509737,6.1,,b,-1,0.08,soma,57.520705246000006,-1746.4710637700302,501.9918951104332,933.6770073874188,,-1746.0,501.7494506877005,933.9000965514011,none,0.0,success,105.0,0.005,"(-1746, 34, 268)",-1746.0,34.0,268.0,,,,
4309,realistic,3,x0y0,utah,9.074,11.2,Ab,saline,197.25249983710341,11.2,,b,-1,0.08,soma,71.703242002,925.8161853571007,-282.1863543015806,-1154.648368307575,,926.0,-282.46459078889666,-1154.9132980559552,none,0.0,success,105.0,0.005,"(926, -39, -371)",926.0,-39.0,-371.0,,,,
4310,realistic,3,x0y0,utah,6.551000000000001,8.3,Ab,saline,153.00980636509814,8.3,,b,-1,0.08,soma,63.63866227800001,1634.1043274593844,685.2093549497604,-1099.5842741614342,,1634.0,685.6726124708782,-1099.867705977963,none,0.0,success,105.0,0.005,"(1634, 315, -372)",1634.0,315.0,-372.0,,,,
4311,realistic,3,x0y0,utah,6.29,8.0,Ab,saline,15.577662454710385,8.0,,b,-1,0.08,soma,62.80439541,741.6427695589482,310.18316117132184,1192.8476457723182,,742.0,310.2039900837925,1192.4402370492267,none,0.0,success,105.0,0.005,"(742, 91, 406)",742.0,91.0,406.0,,,,
4312,realistic,3,x0y0,utah,6.4639999999999995,8.2,Ab,saline,24.01758428555057,8.2,,b,-1,0.08,soma,63.360573322,-74.198507293874,476.2142616490587,1105.2046549634924,,-74.0,476.3888766710271,1104.9557738361577,none,0.0,success,105.0,0.005,"(-74, 144, 359)",-74.0,144.0,359.0,,,,
4313,realistic,3,x0y0,utah,6.551000000000001,8.3,Ab,saline,80.3394901027766,8.3,,b,-1,0.08,soma,63.63866227800001,-248.37593306172695,967.498599831566,276.7774809754974,,-248.0,967.2204966368264,277.0622837651242,tjn,5.250000000000121,success,57.6416015625,0.005,"(-248, 162, 140)",-248.0,162.0,140.0,-248.0,,162.0,140.0
4314,realistic,3,x0y0,utah,7.508000000000001,9.4,Ab,saline,34.33647956199993,9.4,,b,-1,0.08,soma,66.697640794,1202.6711634459555,818.6897725692643,1092.7856918853777,,1203.0,818.6305695859479,1092.7106210018032,none,0.0,success,105.0,0.005,"(1203, 357, 417)",1203.0,357.0,417.0,,,,
4315,realistic,3,x0y0,utah,4.637,6.1,Ab,saline,13.215693234869844,6.1,,b,-1,0.08,soma,57.520705246000006,-1925.663482839702,283.598719374656,1218.448852678719,,-1926.0,284.0256166096178,1218.1957032784908,none,0.0,success,105.0,0.005,"(-1926, 98, 426)",-1926.0,98.0,426.0,,,,
4316,realistic,3,x0y0,utah,4.724,6.2,Ab,saline,0.22982778874212825,6.2,,b,-1,0.08,soma,57.798794201999996,-306.7711409466225,57.94699024320789,1289.8836173156988,,-307.0,58.255597588404,1289.8993971010002,none,0.0,success,105.0,0.005,"(-307, 55, 476)",-307.0,55.0,476.0,,,,
4317,realistic,3,x0y0,utah,4.724,6.2,Ab,saline,29.70707429914825,6.2,,b,-1,0.08,soma,57.798794201999996,-973.4776193505963,550.4869069891353,1031.3224652503036,,-973.0,550.3685412032557,1030.9530163219288,none,0.0,success,105.0,0.005,"(-973, 147, 324)",-973.0,147.0,324.0,,,,
4318,realistic,3,x0y0,utah,4.724,6.2,Ab,saline,163.60225410069128,6.2,,b,-1,0.08,soma,57.798794201999996,-1997.8168224834253,219.11275537917442,-1046.8134472036204,,-1998.0,218.76379980161235,-1046.7736916389895,none,0.0,success,105.0,0.005,"(-1998, -11, -266)",-1998.0,-11.0,-266.0,,,,
4319,realistic,3,x0y0,utah,7.247,9.1,Ab,saline,204.01877910668446,9.1,,b,-1,0.08,soma,65.86337392600001,305.75452400704626,-393.61198264467794,-918.9217441756036,,306.0,-393.89819659394107,-919.0988028720044,none,0.0,success,105.0,0.005,"(306, -61, -172)",306.0,-61.0,-172.0,,,,
4320,realistic,3,x0y0,utah,5.855,7.5,Ab,saline,233.1916083665201,7.5,,b,-1,0.08,soma,61.41395063,-1054.6433395511003,-466.9095869319608,-352.1940792726523,,-1055.0,-467.05500443718915,-351.69004891121665,periphery,5.160000000000107,success,105.0,0.005,"(-1055, 186, 137)",-1055.0,186.0,137.0,-1055.0,,186.0,137.0
4321,realistic,3,x0y0,utah,6.898999999999999,8.7,Ab,saline,75.5415251504971,8.7,,b,-1,0.08,soma,64.751018102,-565.4446209069266,944.2232740123732,346.09237424001816,,-565.0,944.4647054140836,346.09866461003475,none,0.0,success,105.0,0.005,"(-565, 153, 142)",-565.0,153.0,142.0,,,,
4322,realistic,3,x0y0,utah,5.42,7.0,Ab,saline,102.21421636611952,7.0,,b,-1,0.08,soma,60.02350585000001,-337.82174139874263,1007.4661099742624,-219.333567364275,,-338.0,1007.5924873088952,-219.45648691893007,tjn,5.195000000000112,success,34.4451904296875,0.005,"(-338, 211, -47)",-338.0,211.0,-47.0,-338.0,,211.0,-47.0
4323,realistic,3,x0y0,utah,4.898000000000001,6.4,Ab,saline,78.12535674865273,6.4,,b,-1,0.08,soma,58.354972114000006,876.8156634063216,1240.3601090374505,163.87620433339953,,877.0,1240.7540878553805,163.55772663053065,central,5.250000000000121,success,35.0494384765625,0.005,"(877, 444, -4)",877.0,444.0,-4.0,877.0,,444.0,-4.0
4324,realistic,3,x0y0,utah,5.594,7.2,Ab,saline,109.25225280064352,7.2,,b,-1,0.08,soma,60.579683761999995,-607.065172866418,1326.942650488385,-441.0474898610987,,-607.0,1326.7151397198522,-440.80106086816573,periphery,5.155000000000106,success,29.26025390625,0.005,"(-607, 557, -172)",-607.0,557.0,-172.0,-607.0,,557.0,-172.0
4325,realistic,3,x0y0,utah,8.726,10.8,Ab,saline,101.92961493330911,10.8,,b,-1,0.08,soma,70.590886178,192.15893248361698,1412.7451306546136,-288.1759233469338,,192.0,1412.5770615182778,-288.55506808649636,tjn,5.1200000000001005,success,14.190673828125,0.005,"(192, 610, -119)",192.0,610.0,-119.0,192.0,,610.0,-119.0
4326,realistic,3,x0y0,utah,5.768000000000001,7.4,Ab,saline,185.8217933281192,7.4,,b,-1,0.08,soma,61.135861674,-692.1011187329071,-176.9720759270449,-1418.3156141908332,,-692.0,-176.69858818687183,-1418.3269775966478,none,0.0,success,105.0,0.005,"(-692, -94, -607)",-692.0,-94.0,-607.0,,,,
4327,realistic,3,x0y0,utah,7.16,9.0,Ab,saline,135.60525082323065,9.0,,b,-1,0.08,soma,65.58528497,958.402722997314,874.0760969122243,-907.0512354992153,,958.0,874.1277326825061,-907.3128430555327,central,5.195000000000112,success,105.0,0.005,"(958, 302, -323)",958.0,302.0,-323.0,958.0,,302.0,-323.0
4328,realistic,3,x0y0,utah,4.55,6.0,Ab,saline,207.44432395841628,6.0,,b,-1,0.08,soma,57.24261629,1300.8570093878607,-572.0409382459442,-993.435917090359,,1301.0,-571.9980609240306,-993.0889109786877,none,0.0,success,105.0,0.005,"(1301, -197, -271)",1301.0,-197.0,-271.0,,,,
4329,realistic,3,x0y0,utah,5.681,7.3,Ab,saline,114.52578120462164,7.3,,b,-1,0.08,soma,60.857772718,1899.299007361109,763.1972900931564,-405.1529391947647,,1899.0,762.8772008094185,-405.484530727621,none,0.0,success,105.0,0.005,"(1899, 21, -67)",1899.0,21.0,-67.0,,,,
4330,realistic,3,x0y0,utah,6.203,7.9,Ab,saline,21.087128394203404,7.9,,b,-1,0.08,soma,62.52630645400001,189.67379559314446,455.1652177182845,1320.0604381908288,,190.0,454.69148253107466,1319.5735219607914,none,0.0,success,105.0,0.005,"(190, 161, 558)",190.0,161.0,558.0,,,,
4331,realistic,3,x0y0,utah,6.29,8.0,Ab,saline,58.0857745494171,8.0,,b,-1,0.08,soma,62.80439541,-1691.5247462949874,945.1356606902265,599.3429840945396,,-1692.0,944.9621854120041,599.550201706863,periphery,5.2800000000001255,success,99.90234375,0.005,"(-1692, 252, 168)",-1692.0,252.0,168.0,-1692.0,,252.0,168.0
4332,realistic,3,x0y0,utah,5.855,7.5,Ab,saline,73.75151689733913,7.5,,b,-1,0.08,soma,61.41395063,-817.1240341086003,1371.6508451980253,342.8442496429252,,-817.0,1372.1602669999315,343.2348116931371,periphery,5.1650000000001075,success,23.236083984375,0.005,"(-817, 589, 115)",-817.0,589.0,115.0,-817.0,,589.0,115.0
4333,realistic,3,x0y0,utah,4.637,6.1,Ab,saline,328.72643076040686,6.1,,b,-1,0.08,soma,57.520705246000006,-619.5501717710787,-177.5182878149135,305.68313587055263,,-620.0,-177.42299904659944,305.52097338687827,none,0.0,success,105.0,0.005,"(-620, 245, -390)",-620.0,245.0,-390.0,,,,
4334,realistic,3,x0y0,utah,7.421000000000001,9.3,Ab,saline,60.98206929648856,9.3,,b,-1,0.08,soma,66.419551838,-1170.6427462181664,509.6902630060545,339.21905725744364,,-1171.0,509.5244490411658,338.913562298307,none,0.0,success,105.0,0.005,"(-1171, -206, -58)",-1171.0,-206.0,-58.0,,,,
4335,realistic,3,x0y0,utah,6.203,7.9,Ab,saline,136.3210033214133,7.9,,b,-1,0.08,soma,62.52630645400001,413.9507615085327,985.2986635111642,-909.7862019781136,,414.0,985.7113336185663,-909.3215124137665,central,5.170000000000108,success,70.098876953125,0.005,"(414, 422, -319)",414.0,422.0,-319.0,414.0,,422.0,-319.0
4336,realistic,3,x0y0,utah,6.116,7.8,Ab,saline,111.260698239207,7.8,,b,-1,0.08,soma,62.248217498,1910.061432788608,991.7100498295586,-411.0261778203003,,1910.0,991.5460569431933,-410.92660183238746,none,0.0,success,105.0,0.005,"(1910, 231, -115)",1910.0,231.0,-115.0,,,,
4337,realistic,3,x0y0,utah,5.681,7.3,Ab,saline,42.19773361597204,7.3,,b,-1,0.08,soma,60.857772718,1545.6925022512687,812.2152520394587,986.345197147648,,1546.0,811.7235829673405,986.0697190147474,none,0.0,success,105.0,0.005,"(1546, 264, 382)",1546.0,264.0,382.0,,,,
4338,realistic,3,x0y0,utah,5.768000000000001,7.4,Ab,saline,91.27225873415877,7.4,,b,-1,0.08,soma,61.135861674,736.0739030773094,1035.7393253481414,-67.94314238327432,,736.0,1035.4048172508328,-68.1056080645814,tjn,5.250000000000121,success,76.3916015625,0.005,"(736, 220, -50)",736.0,220.0,-50.0,736.0,,220.0,-50.0
4339,realistic,3,x0y0,utah,5.855,7.5,Ab,saline,12.036036480132172,7.5,,b,-1,0.08,soma,61.41395063,-1575.6104298196951,397.7219366059958,1020.7428694100804,,-1576.0,398.07490435317754,1020.7614218580702,none,0.0,success,105.0,0.005,"(-1576, 228, 223)",-1576.0,228.0,223.0,,,,
4340,realistic,3,x0y0,utah,4.637,6.1,Ab,saline,232.9879806676581,6.1,,b,-1,0.08,soma,57.520705246000006,708.0333966461345,-643.005131667509,-455.6263839976688,,708.0,-642.7876415694657,-455.8837322790461,none,0.0,success,105.0,0.005,"(708, 7, 34)",708.0,7.0,34.0,,,,
4341,realistic,3,x0y0,utah,6.638,8.4,Ab,saline,196.17757153827282,8.4,,b,-1,0.08,soma,63.916751233999996,-1609.8628213280986,-473.9124022463593,-1150.4821845057593,,-1610.0,-473.60460344689625,-1150.6068239425672,none,0.0,success,105.0,0.005,"(-1610, -246, -366)",-1610.0,-246.0,-366.0,,,,
4342,realistic,3,x0y0,utah,6.203,7.9,Ab,saline,84.74839211758767,7.9,,b,-1,0.08,soma,62.52630645400001,582.6772595570069,1281.7811244276145,116.37549573776688,,583.0,1281.8348479834467,116.68807852027052,central,5.150000000000105,success,25.64697265625,0.005,"(583, 469, 42)",583.0,469.0,42.0,583.0,,469.0,42.0
4343,realistic,3,x0y0,utah,4.724,6.2,Ab,saline,80.52593883129876,6.2,,b,-1,0.08,soma,57.798794201999996,-146.9913073723683,1212.8303482728445,207.39661115148786,,-147.0,1212.8303653004266,206.96784076282464,tjn,5.135000000000103,success,16.4031982421875,0.005,"(-147, 410, 73)",-147.0,410.0,73.0,-147.0,,410.0,73.0
4344,realistic,3,x0y0,utah,5.333,6.9,Ab,saline,174.60848307770488,6.9,,b,-1,0.08,soma,59.745416893999995,-446.4524556691853,120.80206943771692,-1450.697112403567,,-446.0,120.59803459401802,-1450.2872685298335,none,0.0,success,105.0,0.005,"(-446, 44, -639)",-446.0,44.0,-639.0,,,,
4345,realistic,3,x0y0,utah,6.725,8.5,Ab,saline,103.38110453841671,8.5,,b,-1,0.08,soma,64.19484019000001,-234.44852478759205,1061.6857412802774,-364.17676147085785,,-234.0,1061.9540800104257,-364.0763430099831,tjn,5.18000000000011,success,58.19091796875,0.005,"(-234, 267, -175)",-234.0,267.0,-175.0,-234.0,,267.0,-175.0
4346,realistic,3,x0y0,utah,7.16,9.0,Ab,saline,193.62894880848492,9.0,,b,-1,0.08,soma,65.58528497,-393.8077978464847,-313.5240613053347,-1185.6770055527659,,-394.0,-313.67194656946606,-1185.7308899669233,none,0.0,success,105.0,0.005,"(-394, -121, -391)",-394.0,-121.0,-391.0,,,,
4347,realistic,3,x0y0,utah,5.594,7.2,Ab,saline,34.130715758490325,7.2,,b,-1,0.08,soma,60.579683761999995,120.36616410305555,587.29892323988,891.2137939676593,,120.0,587.4591302794292,890.896931109092,none,0.0,success,105.0,0.005,"(120, 130, 216)",120.0,130.0,216.0,,,,
4348,realistic,3,x0y0,utah,4.637,6.1,Ab,saline,94.63823682195421,6.1,,b,-1,0.08,soma,57.520705246000006,1699.6129506929806,1264.9438931341392,-43.373419338009626,,1700.0,1265.0749434593445,-43.833212527200715,central,5.255000000000122,success,71.47216796875,0.005,"(1700, 454, 22)",1700.0,454.0,22.0,1700.0,,454.0,22.0
4349,realistic,3,x0y0,utah,8.465,10.5,Ab,saline,58.36241876183885,10.5,,b,-1,0.08,soma,69.75661931,-1841.43285785144,959.1204132961624,560.5778155560456,,-1841.0,959.0443928402673,561.0261734140477,periphery,5.275000000000125,success,71.8017578125,0.005,"(-1841, 261, 131)",-1841.0,261.0,131.0,-1841.0,,261.0,131.0
4350,realistic,3,x0y0,utah,7.682,9.6,Ab,saline,45.7046200203109,9.6,,b,-1,0.08,soma,67.253818706,336.50094597814814,859.0902574314357,1026.8758354447286,,337.0,858.8912790239423,1026.7290334921354,none,0.0,success,105.0,0.005,"(337, 273, 455)",337.0,273.0,455.0,,,,
4351,realistic,3,x0y0,utah,6.986000000000001,8.8,Ab,saline,189.96751200176098,8.8,,b,-1,0.08,soma,65.02910705800001,240.27907526146146,-122.83600664079859,-1336.1611123532393,,240.0,-122.51176921586995,-1336.1700837707124,none,0.0,success,105.0,0.005,"(240, 19, -531)",240.0,19.0,-531.0,,,,
4352,realistic,3,x0y0,utah,6.898999999999999,8.7,Ab,saline,205.2622659141716,8.7,,b,-1,0.08,soma,64.751018102,164.3501182649856,-475.3303773294201,-1103.7254744624074,,164.0,-475.8558672629669,-1104.2344103857245,none,0.0,success,105.0,0.005,"(164, -127, -365)",164.0,-127.0,-365.0,,,,
4353,realistic,3,x0y0,utah,5.333,6.9,Ab,saline,32.2295656101999,6.9,,b,-1,0.08,soma,59.745416893999995,-355.69883755267534,605.0380810565558,949.8589918514377,,-356.0,604.5716154147851,950.3008240753175,none,0.0,success,105.0,0.005,"(-356, 170, 261)",-356.0,170.0,261.0,,,,
4354,realistic,3,x0y0,utah,4.985,6.5,Ab,saline,126.613938908334,6.5,,b,-1,0.08,soma,58.63306107,1912.7064682719647,860.5972389902704,-852.2836074016341,,1913.0,860.6518790604447,-852.6583788110742,none,0.0,success,105.0,0.005,"(1913, 207, -367)",1913.0,207.0,-367.0,,,,
4355,realistic,3,x0y0,utah,6.986000000000001,8.8,Ab,saline,16.78512806226515,8.8,,b,-1,0.08,soma,65.02910705800001,-723.775233058498,217.27831139922955,1245.85216140392,,-724.0,217.0982030591753,1245.6884335486648,none,0.0,success,105.0,0.005,"(-724, -19, 463)",-724.0,-19.0,463.0,,,,
4356,realistic,3,x0y0,utah,6.638,8.4,Ab,saline,12.440386868298548,8.4,,b,-1,0.08,soma,63.916751233999996,1836.4736782342238,204.0808537967541,1215.9669740225472,,1836.0,203.97283410790186,1215.7598537900008,none,0.0,success,105.0,0.005,"(1836, 28, 418)",1836.0,28.0,418.0,,,,
4357,realistic,3,x0y0,utah,5.768000000000001,7.4,Ab,saline,123.2090460988255,7.4,,b,-1,0.08,soma,61.135861674,-1407.8964477865359,126.7101105469128,-79.65814647498745,,-1408.0,126.38568773131817,-79.68655571942503,none,0.0,success,105.0,0.005,"(-1408, -556, 367)",-1408.0,-556.0,367.0,,,,
4358,realistic,3,x0y0,utah,7.421000000000001,9.3,Ab,saline,88.99945712851532,9.3,,b,-1,0.08,soma,66.419551838,-531.0340047399434,1429.2193073217295,-183.65362640882813,,-531.0,1429.0461339638164,-183.6813289214175,periphery,5.160000000000107,success,29.681396484375,0.005,"(-531, 611, -198)",-531.0,611.0,-198.0,-531.0,,611.0,-198.0
4359,realistic,3,x0y0,utah,4.985,6.5,Ab,saline,5.736299678196244,6.5,,b,-1,0.08,soma,58.63306107,881.7753137578908,31.032802051629005,1224.4459237512056,,882.0,31.43165305350003,1224.244947882325,none,0.0,success,105.0,0.005,"(882, -50, 414)",882.0,-50.0,414.0,,,,
4360,realistic,3,x0y0,utah,6.551000000000001,8.3,Ab,saline,133.36994030709778,8.3,,b,-1,0.08,soma,63.63866227800001,-447.67266573804636,905.0650918014592,-1131.923943588696,,-448.0,904.7459718049392,-1131.9098346931514,none,0.0,success,105.0,0.005,"(-448, 311, -571)",-448.0,311.0,-571.0,,,,
4361,realistic,3,x0y0,utah,5.942,7.6,Ab,saline,118.09391760653324,7.6,,b,-1,0.08,soma,61.69203958600001,807.3792434115378,1069.3047893016058,-509.97055234687286,,807.0,1069.7393586613848,-510.18189072052377,central,5.270000000000124,success,66.05224609375,0.005,"(807, 350, -126)",807.0,350.0,-126.0,807.0,,350.0,-126.0
4362,realistic,3,x0y0,utah,4.637,6.1,Ab,saline,114.32290161864334,6.1,,b,-1,0.08,soma,57.520705246000006,-186.0765100776389,1022.4201114148593,-375.3436991305848,,-186.0,1022.4984333100779,-375.18788924541377,tjn,5.170000000000108,success,33.978271484375,0.005,"(-186, 281, -40)",-186.0,281.0,-40.0,-186.0,,281.0,-40.0
4363,realistic,3,x0y0,utah,6.638,8.4,Ab,saline,198.5523571111269,8.4,,b,-1,0.08,soma,63.916751233999996,-519.6798155377504,-558.7863820714397,-1209.5141066322446,,-520.0,-558.9561551213294,-1209.4765400849162,none,0.0,success,105.0,0.005,"(-520, -299, -435)",-520.0,-299.0,-435.0,,,,
4364,realistic,3,x0y0,utah,6.725,8.5,Ab,saline,91.96193112032113,8.5,,b,-1,0.08,soma,64.19484019000001,-1440.3588232802965,573.9290272665821,-27.934068349467,,-1440.0,573.6071616429433,-27.94473176724901,none,0.0,success,105.0,0.005,"(-1440, -243, 0)",-1440.0,-243.0,0.0,,,,
4365,realistic,3,x0y0,utah,5.072,6.6,Ab,saline,47.332584878011104,6.6,,b,-1,0.08,soma,58.911150026,929.4736584398632,791.4684155812274,661.4383282276158,,929.0,791.869184307059,660.9565431863102,none,0.0,success,105.0,0.005,"(929, 193, 109)",929.0,193.0,109.0,,,,
4366,realistic,3,x0y0,utah,6.898999999999999,8.7,Ab,saline,179.49777929279557,8.7,,b,-1,0.08,soma,64.751018102,351.7091494308073,-34.565862532150284,-1222.1215770933345,,352.0,-34.8070955203512,-1222.3755090510003,none,0.0,success,105.0,0.005,"(352, -42, -405)",352.0,-42.0,-405.0,,,,
4367,realistic,3,x0y0,utah,5.072,6.6,Ab,saline,176.50245225751803,6.6,,b,-1,0.08,soma,58.911150026,46.71176189834104,135.58117701827496,-1308.911609532993,,47.0,135.681790075793,-1308.9081094204753,none,0.0,success,105.0,0.005,"(47, 86, -496)",47.0,86.0,-496.0,,,,
4368,realistic,3,x0y0,utah,5.855,7.5,Ab,saline,22.291133865710353,7.5,,b,-1,0.08,soma,61.41395063,1828.8083896241985,501.9061641352432,1101.5129778841692,,1829.0,501.39765573697963,1101.7736642589698,none,0.0,success,105.0,0.005,"(1829, 192, 347)",1829.0,192.0,347.0,,,,
4369,realistic,3,x0y0,utah,5.42,7.0,Ab,saline,11.977476137235115,7.0,,b,-1,0.08,soma,60.02350585000001,1467.740464876068,404.612408625615,1151.5931975345675,,1468.0,404.1149387319375,1151.2444967112351,none,0.0,success,105.0,0.005,"(1468, 235, 354)",1468.0,235.0,354.0,,,,
4370,realistic,3,x0y0,utah,5.855,7.5,Ab,saline,127.12224777091384,7.5,,b,-1,0.08,soma,61.41395063,1854.1365504403125,687.5315013391638,-531.4666143195201,,1854.0,687.3631714186497,-531.2791596026027,none,0.0,success,105.0,0.005,"(1854, 37, -39)",1854.0,37.0,-39.0,,,,
4371,realistic,3,x0y0,utah,6.203,7.9,Ab,saline,190.3203215264296,7.9,,b,-1,0.08,soma,62.52630645400001,-1541.4586103084189,-112.7375467395691,-1138.7094437392127,,-1541.0,-113.27435705827844,-1139.039690144723,none,0.0,success,105.0,0.005,"(-1541, 33, -336)",-1541.0,33.0,-336.0,,,,
4372,realistic,3,x0y0,utah,6.29,8.0,Ab,saline,-20.78275692044492,8.0,,b,-1,0.08,soma,62.80439541,414.35984304136565,-449.4852872019619,1198.0632964698907,,414.0,-449.6594997457341,1198.2544146344046,none,0.0,success,105.0,0.005,"(414, -160, 435)",414.0,-160.0,435.0,,,,
4373,realistic,3,x0y0,utah,6.203,7.9,Ab,saline,130.6834429088137,7.9,,b,-1,0.08,soma,62.52630645400001,1370.6851871962374,887.7007923698611,-603.2493991101014,,1371.0,887.9723490920343,-603.1219495886814,central,5.250000000000121,success,76.94091796875,0.005,"(1371, 269, -71)",1371.0,269.0,-71.0,1371.0,,269.0,-71.0
4374,realistic,3,x0y0,utah,5.507,7.1,Ab,saline,165.7480047484351,7.1,,b,-1,0.08,soma,60.301594806000004,-1363.2014711986826,278.17948277950063,-1199.593383027916,,-1363.0,277.6901263206187,-1200.0441528429878,none,0.0,success,105.0,0.005,"(-1363, 77, -410)",-1363.0,77.0,-410.0,,,,
4375,realistic,3,x0y0,utah,7.682,9.6,Ab,saline,21.65669543627429,9.6,,b,-1,0.08,soma,67.253818706,-1957.433631420932,375.6903607885297,1051.8714817242662,,-1957.0,376.0733295512571,1051.8318495526782,none,0.0,success,105.0,0.005,"(-1957, 74, 291)",-1957.0,74.0,291.0,,,,
4376,realistic,3,x0y0,utah,6.203,7.9,Ab,saline,146.33098764265858,7.9,,b,-1,0.08,soma,62.52630645400001,-1848.807705611544,595.6354295171818,-1103.3775143071098,,-1849.0,595.5362921490489,-1103.3758224308322,none,0.0,success,105.0,0.005,"(-1849, 143, -424)",-1849.0,143.0,-424.0,,,,
4377,realistic,3,x0y0,utah,4.811,6.3,Ab,saline,92.5342883285906,6.3,,b,-1,0.08,soma,58.076883158,134.51067641812077,1026.745524531565,86.40019235356796,,135.0,1027.2244031374212,86.01950088220819,tjn,5.1650000000001075,success,18.0419921875,0.005,"(135, 214, 122)",135.0,214.0,122.0,135.0,,214.0,122.0
4378,realistic,3,x0y0,utah,5.681,7.3,Ab,saline,70.0358183466393,7.3,,b,-1,0.08,soma,60.857772718,-362.56921533610887,1251.2994420266116,363.4099034235469,,-363.0,1251.4216102888242,363.38742180296265,periphery,5.155000000000106,success,22.364044189453125,0.005,"(-363, 485, 85)",-363.0,485.0,85.0,-363.0,,485.0,85.0
4379,realistic,3,x0y0,utah,9.857,12.1,Ab,saline,62.81287939660734,12.1,,b,-1,0.08,soma,74.206042606,1136.812272002894,523.5105960855077,301.02821801442815,,1137.0,523.2606374490186,300.61887043334076,none,0.0,success,105.0,0.005,"(1137, -208, -75)",1137.0,-208.0,-75.0,,,,
4380,realistic,3,x0y0,utah,4.637,6.1,Ab,saline,37.44658416484247,6.1,,b,-1,0.08,soma,57.520705246000006,1523.3567344711005,799.2350874785208,894.9238485514203,,1523.0,798.7662943947842,895.0443439474,none,0.0,success,105.0,0.005,"(1523, 304, 249)",1523.0,304.0,249.0,,,,
4381,realistic,3,x0y0,utah,8.03,10.0,Ab,saline,42.28550075591126,10.0,,b,-1,0.08,soma,68.36617453,-797.3314434045593,659.1337228784505,743.3992808753943,,-797.0,659.1463811118921,743.0316479586471,none,0.0,success,105.0,0.005,"(-797, 108, 137)",-797.0,108.0,137.0,,,,
4382,realistic,3,x0y0,utah,10.292,12.6,Ab,saline,43.694541467269026,12.6,,b,-1,0.08,soma,75.596487386,1334.9232439448974,257.4970045856221,244.3221953059906,,1335.0,257.38902674312453,243.8831301900392,none,0.0,success,105.0,0.005,"(1335, -311, -351)",1335.0,-311.0,-351.0,,,,
4383,realistic,3,x0y0,utah,4.55,6.0,Ab,saline,145.2235392455476,6.0,,b,-1,0.08,soma,57.24261629,-1462.4175468606174,652.8383223377259,-681.3510927980443,,-1462.0,653.0895941659082,-681.3085425103033,none,0.0,success,105.0,0.005,"(-1462, 189, -13)",-1462.0,189.0,-13.0,,,,
4384,realistic,3,x0y0,utah,5.855,7.5,Ab,saline,17.9335528710351,7.5,,b,-1,0.08,soma,61.41395063,-265.04146965841306,413.4468014133803,1358.349775058863,,-265.0,413.1561776994886,1358.0636163146912,none,0.0,success,105.0,0.005,"(-265, 162, 582)",-265.0,162.0,582.0,,,,
4385,realistic,3,x0y0,utah,5.681,7.3,Ab,saline,77.70423696206848,7.3,,b,-1,0.08,soma,60.857772718,379.01078825821855,1261.2054300239724,286.8140611607551,,379.0,1260.755564861379,286.68635279446704,central,5.150000000000105,success,29.095458984375,0.005,"(379, 464, 113)",379.0,464.0,113.0,379.0,,464.0,113.0
4386,realistic,3,x0y0,utah,6.725,8.5,Ab,saline,197.5533045919666,8.5,,b,-1,0.08,soma,64.19484019000001,982.4437145168588,-393.0966959964836,-1343.1387167961982,,982.0,-393.4365819006521,-1343.0206803185733,none,0.0,success,105.0,0.005,"(982, -147, -564)",982.0,-147.0,-564.0,,,,
4387,realistic,3,x0y0,utah,5.159,6.7,Ab,saline,173.5656370239428,6.7,,b,-1,0.08,soma,59.189238982000006,318.19441765525033,206.38575103483936,-1449.3478091037812,,318.0,206.31605684494113,-1449.462673388207,none,0.0,success,105.0,0.005,"(318, 115, -640)",318.0,115.0,-640.0,,,,
4388,realistic,3,x0y0,utah,4.898000000000001,6.4,Ab,saline,17.256940067549177,6.4,,b,-1,0.08,soma,58.354972114000006,162.5733440305319,266.91708799804434,1275.2047540207275,,163.0,266.566460113112,1275.539499184435,none,0.0,success,105.0,0.005,"(163, 25, 498)",163.0,25.0,498.0,,,,
4389,realistic,3,x0y0,utah,7.421000000000001,9.3,Ab,saline,-21.012875212028447,9.3,,b,-1,0.08,soma,66.419551838,514.652899461477,-493.3830318552297,1189.9743849193592,,515.0,-493.41002564455346,1189.7988258203868,none,0.0,success,105.0,0.005,"(515, -200, 426)",515.0,-200.0,426.0,,,,
4390,realistic,3,x0y0,utah,6.029,7.7,Ab,saline,134.34534235762322,7.7,,b,-1,0.08,soma,61.970128542,1501.6635990699347,802.3115037856695,-900.6536060449845,,1502.0,802.5109194601922,-900.3735599254292,none,0.0,success,105.0,0.005,"(1502, 219, -330)",1502.0,219.0,-330.0,,,,
4391,realistic,3,x0y0,utah,7.595000000000001,9.5,Ab,saline,116.71615465085972,9.5,,b,-1,0.08,soma,66.97572975,1332.8694459811818,1209.6433133434775,-481.80028988382173,,1333.0,1210.0733609063502,-481.9921440478001,central,5.195000000000112,success,24.6826171875,0.005,"(1333, 479, -114)",1333.0,479.0,-114.0,1333.0,,479.0,-114.0
4392,realistic,3,x0y0,utah,6.29,8.0,Ab,saline,136.5820351312191,8.0,,b,-1,0.08,soma,62.80439541,460.49828528522636,1042.9985624065166,-929.3712726053693,,460.0,1043.1132304826465,-929.0345564129121,central,5.175000000000109,success,66.546630859375,0.005,"(460, 482, -336)",460.0,482.0,-336.0,460.0,,482.0,-336.0
4393,realistic,3,x0y0,utah,5.507,7.1,Ab,saline,25.31436969736936,7.1,,b,-1,0.08,soma,60.301594806000004,1670.2560814005838,414.394202442149,1032.5079630609716,,1670.0,414.5584809695229,1032.8963208523123,none,0.0,success,105.0,0.005,"(1670, 66, 296)",1670.0,66.0,296.0,,,,
4394,realistic,3,x0y0,utah,4.811,6.3,Ab,saline,44.53410123767435,6.3,,b,-1,0.08,soma,58.076883158,-430.3990436762104,925.2912053659887,689.3430425364667,,-430.0,924.8851590793529,689.2466011575113,periphery,5.195000000000112,success,59.36279296875,0.005,"(-430, 354, 109)",-430.0,354.0,109.0,-430.0,,354.0,109.0
4395,realistic,3,x0y0,utah,6.4639999999999995,8.2,Ab,saline,193.0811183381793,8.2,,b,-1,0.08,soma,63.360573322,-172.88886573436167,-259.16885702098494,-1221.5078717452575,,-173.0,-258.8147488713844,-1221.5282672364804,none,0.0,success,105.0,0.005,"(-173, -74, -426)",-173.0,-74.0,-426.0,,,,
4396,realistic,3,x0y0,utah,6.029,7.7,Ab,saline,125.31504026655027,7.7,,b,-1,0.08,soma,61.970128542,1476.5581742873756,991.5810944292616,-739.8663659963559,,1477.0,991.8438124451362,-739.7209656550652,central,5.260000000000122,success,98.73046875,0.005,"(1477, 326, -268)",1477.0,326.0,-268.0,1477.0,,326.0,-268.0
4397,realistic,3,x0y0,utah,5.768000000000001,7.4,Ab,saline,36.36611395661819,7.4,,b,-1,0.08,soma,61.135861674,-303.36221423465764,854.7044256045621,1098.9121439935552,,-303.0,854.5502261932575,1098.6952979099526,none,0.0,success,105.0,0.005,"(-303, 371, 442)",-303.0,371.0,442.0,,,,
4398,realistic,3,x0y0,utah,5.2459999999999996,6.8,Ab,saline,60.712119247016794,6.8,,b,-1,0.08,soma,59.467327938000004,-1884.9010433387118,896.3545563577562,616.2819427035456,,-1885.0,896.6107017137621,616.567708413635,none,0.0,success,105.0,0.005,"(-1885, 186, 218)",-1885.0,186.0,218.0,,,,
4399,realistic,3,x0y0,utah,6.377,8.1,Ab,saline,173.0995029126551,8.1,,b,-1,0.08,soma,63.082484366,1924.2468542732324,146.1801906467881,-848.6307968218953,,1924.0,146.06660318617833,-848.6621452392826,none,0.0,success,105.0,0.005,"(1924, 48, -38)",1924.0,48.0,-38.0,,,,
4400,realistic,3,x0y0,utah,5.942,7.6,Ab,saline,161.8034892218661,7.6,,b,-1,0.08,soma,61.69203958600001,748.048139616037,372.93583736763503,-1226.8433627331924,,748.0,372.78871198135397,-1227.0537188033502,none,0.0,success,105.0,0.005,"(748, 118, -452)",748.0,118.0,-452.0,,,,
4401,realistic,3,x0y0,utah,6.638,8.4,Ab,saline,80.42837567776047,8.4,,b,-1,0.08,soma,63.916751233999996,-135.5121222869442,1455.0659524891562,52.19509980522298,,-136.0,1454.602654195924,51.86017786510715,tjn,5.110000000000099,success,10.5743408203125,0.005,"(-136, 649, -84)",-136.0,649.0,-84.0,-136.0,,649.0,-84.0
4402,realistic,3,x0y0,utah,7.508000000000001,9.4,Ab,saline,152.74180104801192,9.4,,b,-1,0.08,soma,66.697640794,-297.3161713233183,525.2397061140782,-1123.564916612991,,-297.0,524.8037597418261,-1123.5121013329333,none,0.0,success,105.0,0.005,"(-297, 150, -396)",-297.0,150.0,-396.0,,,,
4403,realistic,3,x0y0,utah,5.768000000000001,7.4,Ab,saline,96.5660825376404,7.4,,b,-1,0.08,soma,61.135861674,-346.35487085456094,1452.4407351904583,-171.56408885107842,,-346.0,1452.185182493476,-171.21941449466914,periphery,5.125000000000101,success,11.3983154296875,0.005,"(-346, 642, -78)",-346.0,642.0,-78.0,-346.0,,642.0,-78.0
4404,realistic,3,x0y0,utah,6.986000000000001,8.8,Ab,saline,341.5110299431989,8.8,,b,-1,0.08,soma,65.02910705800001,-978.1294731506932,-80.46188578107058,218.86375175659938,,-978.0,-80.23386492404597,219.3308025669039,none,0.0,success,105.0,0.005,"(-978, 179, -556)",-978.0,179.0,-556.0,,,,
4405,realistic,3,x0y0,utah,5.855,7.5,Ab,saline,190.828644389574,7.5,,b,-1,0.08,soma,61.41395063,847.3350773533998,-168.87404271884859,-1377.018904983511,,847.0,-169.27134066168855,-1377.1873911543933,none,0.0,success,105.0,0.005,"(847, -16, -576)",847.0,-16.0,-576.0,,,,
4406,realistic,3,x0y0,utah,8.465,10.5,Ab,saline,171.28100869820062,10.5,,b,-1,0.08,soma,69.75661931,-447.8558361794265,1.0421137876232929,-8.070036413907474,,-448.0,1.2935517436980604,-8.367721263002295,none,0.0,success,105.0,0.005,"(-448, -123, 802)",-448.0,-123.0,802.0,,,,
4407,realistic,3,x0y0,utah,5.768000000000001,7.4,Ab,saline,85.98070690124445,7.4,,b,-1,0.08,soma,61.135861674,1560.2439241911068,974.4532672713153,3.4824872573749417,,1560.0,974.5290110099078,3.171311951673715,none,0.0,success,105.0,0.005,"(1560, 161, -54)",1560.0,161.0,-54.0,,,,
4408,realistic,3,x0y0,utah,5.768000000000001,7.4,Ab,saline,62.559531379560674,7.4,,b,-1,0.08,soma,61.135861674,1908.7863196092346,1035.8419831196006,569.74029932753,,1909.0,1035.8165386178378,569.8137025296897,central,5.315000000000131,success,105.0,0.005,"(1909, 312, 194)",1909.0,312.0,194.0,1909.0,,312.0,194.0
4409,realistic,3,x0y0,utah,4.724,6.2,Ab,saline,181.25378790361032,6.2,,b,-1,0.08,soma,57.798794201999996,354.9274021904498,174.26393448007232,-1392.1097766283947,,355.0,174.1756032034881,-1391.73661722158,none,0.0,success,105.0,0.005,"(355, 192, -578)",355.0,192.0,-578.0,,,,
4410,realistic,3,x0y0,utah,6.029,7.7,Ab,saline,29.179689673703546,7.7,,b,-1,0.08,soma,61.970128542,1405.324309187695,150.43869466767862,332.3421218213852,,1405.0,150.8743173385397,332.4365596150103,none,0.0,success,105.0,0.005,"(1405, -247, -380)",1405.0,-247.0,-380.0,,,,
4411,realistic,3,x0y0,utah,6.377,8.1,Ab,saline,173.78973079667256,8.1,,b,-1,0.08,soma,63.082484366,632.8376298386778,200.56239999723357,-1310.9802654301673,,633.0,200.34976240420065,-1310.7236488541205,none,0.0,success,105.0,0.005,"(633, 112, -499)",633.0,112.0,-499.0,,,,
4412,realistic,3,x0y0,utah,7.769,9.7,Ab,saline,131.19591678034442,9.7,,b,-1,0.08,soma,67.531907662,141.13245862985946,914.348063971678,-888.7048445924825,,141.0,914.1213802578276,-888.2392571930967,central,5.195000000000112,success,96.0205078125,0.005,"(141, 298, -349)",141.0,298.0,-349.0,141.0,,298.0,-349.0
4413,realistic,3,x0y0,utah,6.4639999999999995,8.2,Ab,saline,37.999778176638436,8.2,,b,-1,0.08,soma,63.360573322,-1313.0265636657698,555.1373993637703,797.8638233671118,,-1313.0,554.8300524971779,797.5440658888683,none,0.0,success,105.0,0.005,"(-1313, 52, 154)",-1313.0,52.0,154.0,,,,
4414,realistic,3,x0y0,utah,7.682,9.6,Ab,saline,86.21593319600504,9.6,,b,-1,0.08,soma,67.253818706,-701.6417927757087,41.74028887509894,-0.07511052379140892,,-702.0,41.825930152423666,0.02937601729801287,none,0.0,success,105.0,0.005,"(-702, -775, -54)",-702.0,-775.0,-54.0,,,,
4415,realistic,3,x0y0,utah,5.507,7.1,Ab,saline,-14.238415982197509,7.1,,b,-1,0.08,soma,60.301594806000004,494.23264378479837,-458.62724278073614,1379.3044898870612,,494.0,-458.52709616113805,1379.125667922728,none,0.0,success,105.0,0.005,"(494, -258, 589)",494.0,-258.0,589.0,,,,
4416,realistic,3,x0y0,utah,6.725,8.5,Ab,saline,68.89414822142857,8.5,,b,-1,0.08,soma,64.19484019000001,-696.4240519346878,915.0458294001704,409.14204338781474,,-696.0,915.2701832066257,409.2367809762096,none,0.0,success,105.0,0.005,"(-696, 153, 115)",-696.0,153.0,115.0,,,,
4417,realistic,3,x0y0,utah,4.637,6.1,Ab,saline,1.7362327046699988,6.1,,b,-1,0.08,soma,57.520705246000006,-439.8624579576427,132.69936636540706,1240.4720816297106,,-440.0,132.6569386844769,1240.3534724466888,none,0.0,success,105.0,0.005,"(-440, 108, 427)",-440.0,108.0,427.0,,,,
4418,realistic,3,x0y0,utah,6.029,7.7,Ab,saline,163.63827620666245,7.7,,b,-1,0.08,soma,61.970128542,1304.8521151343175,268.606577701169,-1340.707615731534,,1305.0,268.8629926051408,-1340.9376691680247,none,0.0,success,105.0,0.005,"(1305, 39, -558)",1305.0,39.0,-558.0,,,,
4419,realistic,3,x0y0,utah,6.029,7.7,Ab,saline,64.14349536811997,7.7,,b,-1,0.08,soma,61.970128542,1441.3655018692514,987.0895817682547,683.2046923545612,,1441.0,987.3049593374732,682.8510865285832,none,0.0,success,105.0,0.005,"(1441, 253, 327)",1441.0,253.0,327.0,,,,
4420,realistic,3,x0y0,utah,10.292,12.6,Ab,saline,46.15011048575413,12.6,,b,-1,0.08,soma,75.596487386,548.5711481993098,333.23275780209997,318.226705213659,,549.0,333.4020933513917,318.03462323051053,none,0.0,success,105.0,0.005,"(549, -260, -252)",549.0,-260.0,-252.0,,,,
4421,realistic,3,x0y0,utah,5.681,7.3,Ab,saline,-16.893582974364218,7.3,,b,-1,0.08,soma,60.857772718,597.6574910428604,-486.5608473787812,1341.9847797609154,,598.0,-486.9636343759255,1342.2023584682915,none,0.0,success,105.0,0.005,"(598, -250, 562)",598.0,-250.0,562.0,,,,
4422,realistic,3,x0y0,utah,4.811,6.3,Ab,saline,161.23797144418268,6.3,,b,-1,0.08,soma,58.076883158,-1240.4010636293672,209.3336561021415,-1354.223385131465,,-1240.0,209.79476281180644,-1353.8130003311553,none,0.0,success,105.0,0.005,"(-1240, -52, -583)",-1240.0,-52.0,-583.0,,,,
4423,realistic,3,x0y0,utah,8.03,10.0,Ab,saline,6.523336480321536,10.0,,b,-1,0.08,soma,68.36617453,1501.9309491972524,157.66376074670055,1214.197337946326,,1502.0,158.05919871330403,1213.8583971977778,none,0.0,success,105.0,0.005,"(1502, 65, 400)",1502.0,65.0,400.0,,,,
4424,realistic,3,x0y0,utah,4.55,6.0,Ab,saline,78.90863942494481,6.0,,b,-1,0.08,soma,57.24261629,-25.166503256928372,1336.0521110493928,284.53641964224965,,-25.0,1336.4065896826887,284.54073968709804,tjn,5.135000000000103,success,18.22509765625,0.005,"(-25, 538, 128)",-25.0,538.0,128.0,-25.0,,538.0,128.0
4425,realistic,3,x0y0,utah,7.682,9.6,Ab,saline,-7.963735221138215,9.6,,b,-1,0.08,soma,67.253818706,362.2265491233572,-62.333331791231096,1383.191238504579,,362.0,-62.37982694539053,1382.7680910232114,none,0.0,success,105.0,0.005,"(362, 51, 572)",362.0,51.0,572.0,,,,
4426,realistic,3,x0y0,utah,4.637,6.1,Ab,saline,188.97326156175544,6.1,,b,-1,0.08,soma,57.520705246000006,-271.3002156567312,-153.6034425619132,-1336.6662916661305,,-271.0,-153.94661500918804,-1336.8324763209996,none,0.0,success,105.0,0.005,"(-271, -27, -533)",-271.0,-27.0,-533.0,,,,
4427,realistic,3,x0y0,utah,5.072,6.6,Ab,saline,207.58797792124284,6.6,,b,-1,0.08,soma,58.911150026,-509.7155671022149,-650.1056563185298,-1267.732896518676,,-510.0,-650.1743767885204,-1267.8519761340222,none,0.0,success,105.0,0.005,"(-510, -273, -546)",-510.0,-273.0,-546.0,,,,
4428,realistic,3,x0y0,utah,8.291,10.3,Ab,saline,138.0242750365061,10.3,,b,-1,0.08,soma,69.20044139800001,-111.9163678232482,902.5295525565288,-1120.504793213313,,-112.0,902.1486276034914,-1120.2908040676366,none,0.0,success,105.0,0.005,"(-112, 354, -511)",-112.0,354.0,-511.0,,,,
4429,realistic,3,x0y0,utah,6.29,8.0,Ab,saline,186.8024294002507,8.0,,b,-1,0.08,soma,62.80439541,-1239.1000343133687,-157.71487163167146,-1121.9635118071305,,-1239.0,-157.66202020827203,-1121.6873823210651,none,0.0,success,105.0,0.005,"(-1239, -61, -311)",-1239.0,-61.0,-311.0,,,,
4430,realistic,3,x0y0,utah,5.681,7.3,Ab,saline,186.82951573865486,7.3,,b,-1,0.08,soma,60.857772718,-809.5696482766123,-107.88449547142409,-1168.4145209428532,,-810.0,-107.95449458808513,-1168.6393412658513,none,0.0,success,105.0,0.005,"(-810, -11, -359)",-810.0,-11.0,-359.0,,,,
4431,realistic,3,x0y0,utah,7.595000000000001,9.5,Ab,saline,26.994676033387183,9.5,,b,-1,0.08,soma,66.97572975,-427.0395389332735,468.1730236964245,894.218797962465,,-427.0,468.5116418667626,894.2726876036252,none,0.0,success,105.0,0.005,"(-427, 97, 165)",-427.0,97.0,165.0,,,,
4432,realistic,3,x0y0,utah,6.203,7.9,Ab,saline,-22.648655659837125,7.9,,b,-1,0.08,soma,62.52630645400001,-875.9420362366873,-295.5629853432252,1188.050366389114,,-876.0,-295.34294030771775,1188.3292641131984,none,0.0,success,105.0,0.005,"(-876, 19, 435)",-876.0,19.0,435.0,,,,
4433,realistic,3,x0y0,utah,5.2459999999999996,6.8,Ab,saline,72.9348833914131,6.8,,b,-1,0.08,soma,59.467327938000004,1675.1662955385416,852.5229699354578,428.3894525422365,,1675.0,852.8853827543643,428.12433037490155,none,0.0,success,105.0,0.005,"(1675, 74, 189)",1675.0,74.0,189.0,,,,
4434,realistic,3,x0y0,utah,6.551000000000001,8.3,Ab,saline,-23.18374992097457,8.3,,b,-1,0.08,soma,63.63866227800001,-1651.9242089491765,-439.73710511671743,1062.4651045637338,,-1652.0,-439.5817706694244,1062.820329182969,none,0.0,success,105.0,0.005,"(-1652, -118, 312)",-1652.0,-118.0,312.0,,,,
4435,realistic,3,x0y0,utah,4.985,6.5,Ab,saline,36.37129445104123,6.5,,b,-1,0.08,soma,58.63306107,-847.5206767861454,825.0597855860542,1034.7779540062263,,-848.0,824.8897026072551,1034.6876703867822,none,0.0,success,105.0,0.005,"(-848, 342, 379)",-848.0,342.0,379.0,,,,
4436,realistic,3,x0y0,utah,6.29,8.0,Ab,saline,161.59109012879068,8.0,,b,-1,0.08,soma,62.80439541,347.66653566202757,451.5186744444818,-1340.1734869842633,,348.0,451.81981403523906,-1340.6024051825043,none,0.0,success,105.0,0.005,"(348, 194, -566)",348.0,194.0,-566.0,,,,
4437,realistic,3,x0y0,utah,5.855,7.5,Ab,saline,40.218729630192975,7.5,,b,-1,0.08,soma,61.41395063,306.45367070050656,908.8042426417196,1147.1041936810698,,306.0,908.7019939608957,1146.8738463505342,none,0.0,success,105.0,0.005,"(306, 382, 524)",306.0,382.0,524.0,,,,
4438,realistic,3,x0y0,utah,5.594,7.2,Ab,saline,142.6427201313045,7.2,,b,-1,0.08,soma,60.579683761999995,-1023.3279396279968,859.9312328025476,-1076.8813865432685,,-1023.0,859.7178760533909,-1077.073895311207,none,0.0,success,105.0,0.005,"(-1023, 365, -429)",-1023.0,365.0,-429.0,,,,
4439,realistic,3,x0y0,utah,5.681,7.3,Ab,saline,193.25974402890608,7.3,,b,-1,0.08,soma,60.857772718,-396.68861282319807,-318.15430181660304,-1425.323505956747,,-397.0,-318.05938653075464,-1425.656935093215,none,0.0,success,105.0,0.005,"(-397, -131, -632)",-397.0,-131.0,-632.0,,,,
4440,realistic,3,x0y0,utah,5.768000000000001,7.4,Ab,saline,62.62059775494029,7.4,,b,-1,0.08,soma,61.135861674,1451.8313381410446,956.7181825511493,590.4533973957728,,1452.0,957.2243225832563,590.0796913919364,none,0.0,success,105.0,0.005,"(1452, 233, 215)",1452.0,233.0,215.0,,,,
4441,realistic,3,x0y0,utah,6.203,7.9,Ab,saline,124.46666429503901,7.9,,b,-1,0.08,soma,62.52630645400001,-618.2377336650311,1168.7551443286611,-664.9080415680572,,-618.0,1169.0089698356617,-664.9233184111594,periphery,5.170000000000108,success,40.228271484375,0.005,"(-618, 496, -203)",-618.0,496.0,-203.0,-618.0,,496.0,-203.0
4442,realistic,3,x0y0,utah,5.072,6.6,Ab,saline,-6.847631555171352,6.6,,b,-1,0.08,soma,58.911150026,78.46411473521475,-92.12172772985424,1260.8767450822604,,78.0,-92.08310454154962,1260.6729404304078,none,0.0,success,105.0,0.005,"(78, 5, 452)",78.0,5.0,452.0,,,,
4443,realistic,3,x0y0,utah,6.029,7.7,Ab,saline,141.45454447349744,7.7,,b,-1,0.08,soma,61.970128542,199.61710997236068,914.405540334218,-964.7558396914056,,200.0,914.4402935472602,-965.1819187663493,central,5.18000000000011,success,68.890380859375,0.005,"(200, 406, -327)",200.0,406.0,-327.0,200.0,,406.0,-327.0
4444,realistic,3,x0y0,utah,5.507,7.1,Ab,saline,13.670031598740788,7.1,,b,-1,0.08,soma,60.301594806000004,-811.2263931358577,311.201014969643,1161.643539464494,,-811.0,311.62013342632895,1162.0820298364954,none,0.0,success,105.0,0.005,"(-811, 119, 370)",-811.0,119.0,370.0,,,,
4445,realistic,3,x0y0,utah,6.029,7.7,Ab,saline,25.028784165228423,7.7,,b,-1,0.08,soma,61.970128542,-1206.5248390232464,369.277055106958,1322.3183083822225,,-1207.0,369.2432806930602,1322.3640667359532,none,0.0,success,105.0,0.005,"(-1207, 24, 583)",-1207.0,24.0,583.0,,,,
4446,realistic,3,x0y0,utah,5.072,6.6,Ab,saline,125.12370668042128,6.6,,b,-1,0.08,soma,58.911150026,-1064.6736431361103,970.6823340951953,-682.9298075263318,,-1065.0,971.1432148031328,-682.556292304979,periphery,5.215000000000115,success,87.78076171875,0.005,"(-1065, 305, -214)",-1065.0,305.0,-214.0,-1065.0,,305.0,-214.0
4447,realistic,3,x0y0,utah,6.029,7.7,Ab,saline,96.95690489916218,7.7,,b,-1,0.08,soma,61.970128542,838.836159862603,1239.6160242453698,-97.70191243436649,,839.0,1239.946774795395,-97.81579128321813,central,5.230000000000118,success,35.736083984375,0.005,"(839, 430, 1)",839.0,430.0,1.0,839.0,,430.0,1.0
4448,realistic,3,x0y0,utah,6.116,7.8,Ab,saline,142.93078376796154,7.8,,b,-1,0.08,soma,62.248217498,-1249.3152650349316,651.6121245395792,-761.3785657036515,,-1249.0,651.9596127538973,-761.1854263708274,none,0.0,success,105.0,0.005,"(-1249, 160, -110)",-1249.0,160.0,-110.0,,,,
4449,realistic,3,x0y0,utah,6.551000000000001,8.3,Ab,saline,54.72378321374383,8.3,,b,-1,0.08,soma,63.63866227800001,-129.8266492912794,1229.372342167294,780.8023098241852,,-130.0,1229.8513019418797,780.7131637327726,tjn,5.1650000000001075,success,47.3876953125,0.005,"(-130, 563, 309)",-130.0,563.0,309.0,-130.0,,563.0,309.0
4450,realistic,3,x0y0,utah,5.942,7.6,Ab,saline,85.33350319445208,7.6,,b,-1,0.08,soma,61.69203958600001,74.17187336914144,1130.5034327572548,176.83363183262736,,74.0,1130.1537279276833,176.4098660111502,tjn,5.145000000000104,success,22.611236572265625,0.005,"(74, 317, 110)",74.0,317.0,110.0,74.0,,317.0,110.0
4451,realistic,3,x0y0,utah,6.898999999999999,8.7,Ab,saline,110.0575959197958,8.7,,b,-1,0.08,soma,64.751018102,-26.862021274918657,1051.9285332471209,-405.1462053272071,,-27.0,1051.7608156516044,-405.3597996044931,tjn,5.170000000000108,success,44.110107421875,0.005,"(-27, 284, -125)",-27.0,284.0,-125.0,-27.0,,284.0,-125.0
4452,realistic,3,x0y0,utah,6.4639999999999995,8.2,Ab,saline,204.601199141859,8.2,,b,-1,0.08,soma,63.360573322,-1146.494640372789,-456.9358156359667,-1259.645730994355,,-1146.0,-456.9840033369744,-1259.5257166321815,none,0.0,success,105.0,0.005,"(-1146, -117, -517)",-1146.0,-117.0,-517.0,,,,
4453,realistic,3,x0y0,utah,6.638,8.4,Ab,saline,239.8694641190527,8.4,,b,-1,0.08,soma,63.916751233999996,245.4743241691701,-104.69141538793656,-83.92362118837218,,245.0,-104.58729907114355,-84.1131045597341,tjn,5.18000000000011,success,60.296630859375,0.005,"(245, 602, 326)",245.0,602.0,326.0,245.0,,602.0,326.0
4454,realistic,3,x0y0,utah,4.898000000000001,6.4,Ab,saline,122.86822853049424,6.4,,b,-1,0.08,soma,58.354972114000006,532.286254676354,1075.3937692805157,-960.6428893557137,,532.0,1075.8276705392745,-960.854121683134,none,0.0,success,105.0,0.005,"(532, 392, -519)",532.0,392.0,-519.0,,,,
4455,realistic,3,x0y0,utah,5.333,6.9,Ab,saline,8.655031770166254,6.9,,b,-1,0.08,soma,59.745416893999995,1409.2261002653863,170.08157833956645,1342.039723302929,,1409.0,169.63834262127352,1341.5831595707045,none,0.0,success,105.0,0.005,"(1409, 47, 536)",1409.0,47.0,536.0,,,,
4456,realistic,3,x0y0,utah,4.811,6.3,Ab,saline,144.9851124886543,6.3,,b,-1,0.08,soma,58.076883158,1571.5078821806164,720.6868989508463,-1043.897528507732,,1572.0,721.0952577780303,-1043.697483653201,none,0.0,success,105.0,0.005,"(1572, 254, -377)",1572.0,254.0,-377.0,,,,
4457,realistic,3,x0y0,utah,4.898000000000001,6.4,Ab,saline,72.24872875546619,6.4,,b,-1,0.08,soma,58.354972114000006,-173.75731879781918,1074.3249487039031,463.5164305657177,,-174.0,1074.422637720687,463.2427154987794,tjn,5.195000000000112,success,73.2666015625,0.005,"(-174, 299, 215)",-174.0,299.0,215.0,-174.0,,299.0,215.0
4458,realistic,3,x0y0,utah,5.681,7.3,Ab,saline,139.79510747851265,7.3,,b,-1,0.08,soma,60.857772718,-309.3910722626618,840.2576673881011,-1032.0107460711681,,-309.0,840.3593461447346,-1031.7430405123685,none,0.0,success,105.0,0.005,"(-309, 314, -409)",-309.0,314.0,-409.0,,,,
4459,realistic,3,x0y0,utah,6.377,8.1,Ab,saline,14.086290416842795,8.1,,b,-1,0.08,soma,63.082484366,-1972.9738439520995,184.50909305337564,1023.4948628011696,,-1973.0,184.74613834734225,1023.963350793292,none,0.0,success,105.0,0.005,"(-1973, -14, 232)",-1973.0,-14.0,232.0,,,,
4460,realistic,3,x0y0,utah,6.116,7.8,Ab,saline,114.78227183239824,7.8,,b,-1,0.08,soma,62.248217498,1049.2611974027966,156.7641348971115,-95.78655933323034,,1049.0,156.95907833321735,-96.11922638758091,none,0.0,success,105.0,0.005,"(1049, -584, 246)",1049.0,-584.0,246.0,,,,
4461,realistic,3,x0y0,utah,6.29,8.0,Ab,saline,39.65984256899432,8.0,,b,-1,0.08,soma,62.80439541,1790.2183580086682,452.6579613715831,783.7371803495315,,1790.0,453.0278825753311,783.4664117933091,none,0.0,success,105.0,0.005,"(1790, -68, 155)",1790.0,-68.0,155.0,,,,
4462,realistic,3,x0y0,utah,6.203,7.9,Ab,saline,129.38257989962955,7.9,,b,-1,0.08,soma,62.52630645400001,246.22268604496318,504.33946478759344,-437.7012489889804,,246.0,503.88979112914853,-437.91897072253164,none,0.0,success,105.0,0.005,"(246, -127, 80)",246.0,-127.0,80.0,,,,
4463,realistic,3,x0y0,utah,5.42,7.0,Ab,saline,57.73974393111607,7.0,,b,-1,0.08,soma,60.02350585000001,-1840.2877059998104,847.9567027761655,603.5272582095063,,-1840.0,848.1739382733803,604.0532737113651,none,0.0,success,105.0,0.005,"(-1840, 159, 169)",-1840.0,159.0,169.0,,,,
4464,realistic,3,x0y0,utah,6.29,8.0,Ab,saline,157.34526484004934,8.0,,b,-1,0.08,soma,62.80439541,245.59590930165245,432.0003713387609,-1343.5604226861142,,246.0,432.47812655596607,-1343.375948042174,none,0.0,success,105.0,0.005,"(246, 118, -590)",246.0,118.0,-590.0,,,,
4465,realistic,3,x0y0,utah,7.421000000000001,9.3,Ab,saline,4.963068987356453,9.3,,b,-1,0.08,soma,66.419551838,663.4483327500252,192.92250766134117,1293.6110003357214,,663.0,192.7751456169935,1293.1823997481,none,0.0,success,105.0,0.005,"(663, 122, 478)",663.0,122.0,478.0,,,,
4466,realistic,3,x0y0,utah,7.247,9.1,Ab,saline,14.845524617342956,9.1,,b,-1,0.08,soma,65.86337392600001,-1843.1952115605927,262.2033952244351,1068.816931795866,,-1843.0,262.55409819992065,1068.612768618436,none,0.0,success,105.0,0.005,"(-1843, 53, 278)",-1843.0,53.0,278.0,,,,
4467,realistic,3,x0y0,utah,5.594,7.2,Ab,saline,13.787810816796052,7.2,,b,-1,0.08,soma,60.579683761999995,1721.6343994533565,150.28534870142175,546.1608960828507,,1722.0,150.28356932024235,545.8094944348273,none,0.0,success,105.0,0.005,"(1722, -44, -246)",1722.0,-44.0,-246.0,,,,
4468,realistic,3,x0y0,utah,5.42,7.0,Ab,saline,190.0072447829909,7.0,,b,-1,0.08,soma,60.02350585000001,1076.6364061364516,-152.17864122783251,-752.8392489527569,,1077.0,-152.64904265836503,-752.6235742805402,none,0.0,success,105.0,0.005,"(1077, -11, 50)",1077.0,-11.0,50.0,,,,
4469,realistic,3,x0y0,utah,6.551000000000001,8.3,Ab,saline,110.51748651902092,8.3,,b,-1,0.08,soma,63.63866227800001,-1327.0799068864487,966.3246008746734,-315.542099980702,,-1327.0,966.0329855447875,-315.29517556421956,periphery,5.1650000000001075,success,105.0,0.005,"(-1327, 201, -29)",-1327.0,201.0,-29.0,-1327.0,,201.0,-29.0
4470,realistic,3,x0y0,utah,9.161000000000001,11.3,Ab,saline,0.5396571202541168,11.3,,b,-1,0.08,soma,71.981330958,-379.8581845141069,-235.89886791361732,1432.7831291854266,,-380.0,-236.2826877444974,1432.9906654790002,none,0.0,success,105.0,0.005,"(-380, -244, 612)",-380.0,-244.0,612.0,,,,
4471,realistic,3,x0y0,utah,5.2459999999999996,6.8,Ab,saline,177.1078679987516,6.8,,b,-1,0.08,soma,59.467327938000004,1525.7950914451676,19.791618846907113,-1114.7558436260938,,1526.0,20.14405003043452,-1114.6745102058408,none,0.0,success,105.0,0.005,"(1526, -21, -301)",1526.0,-21.0,-301.0,,,,
4472,realistic,3,x0y0,utah,5.855,7.5,Ab,saline,129.71662241292728,7.5,,b,-1,0.08,soma,61.41395063,1164.2011045689558,1021.3175167755794,-892.376947199506,,1164.0,1021.4418054122982,-892.2367572262851,central,5.265000000000123,success,105.0,0.005,"(1164, 394, -371)",1164.0,394.0,-371.0,1164.0,,394.0,-371.0
4473,realistic,3,x0y0,utah,6.29,8.0,Ab,saline,-0.06675710026409201,8.0,,b,-1,0.08,soma,62.80439541,-770.9774275550336,-147.38352553241432,1173.8701097165656,,-771.0,-146.979682637246,1173.4021977050002,none,0.0,success,105.0,0.005,"(-771, -146, 357)",-771.0,-146.0,357.0,,,,
4474,realistic,3,x0y0,utah,4.985,6.5,Ab,saline,111.98266876573808,6.5,,b,-1,0.08,soma,58.63306107,-206.2163907615657,1311.6543799713827,-454.65496313779573,,-206.0,1312.1157187651056,-454.7986773792506,tjn,5.140000000000104,success,22.796630859375,0.005,"(-206, 557, -150)",-206.0,557.0,-150.0,-206.0,,557.0,-150.0
4475,realistic,3,x0y0,utah,4.811,6.3,Ab,saline,-20.493529224353,6.3,,b,-1,0.08,soma,58.076883158,1660.6096947137341,-461.7199680770955,988.2860458550392,,1661.0,-461.99485839680796,988.5098082270495,none,0.0,success,105.0,0.005,"(1661, -177, 226)",1661.0,-177.0,226.0,,,,
4476,realistic,3,x0y0,utah,4.55,6.0,Ab,saline,170.3013743128652,6.0,,b,-1,0.08,soma,57.24261629,728.9504370960803,102.91343122331457,-1429.9299219486234,,729.0,103.09519042243255,-1429.9865234385268,none,0.0,success,105.0,0.005,"(729, -34, -628)",729.0,-34.0,-628.0,,,,
4477,realistic,3,x0y0,utah,5.507,7.1,Ab,saline,41.980869110194064,7.1,,b,-1,0.08,soma,60.301594806000004,766.8879448844501,1031.2579795277686,989.2679267431412,,767.0,1031.254368382867,988.9831027893904,central,5.255000000000122,success,96.533203125,0.005,"(767, 486, 383)",767.0,486.0,383.0,767.0,,486.0,383.0
4478,realistic,3,x0y0,utah,4.811,6.3,Ab,saline,-22.273922750017185,6.3,,b,-1,0.08,soma,58.076883158,1029.2008781743707,-478.9183579723976,1068.4924140258427,,1029.0,-478.52056935844104,1068.3111738372068,none,0.0,success,105.0,0.005,"(1029, -170, 315)",1029.0,-170.0,315.0,,,,
4479,realistic,3,x0y0,utah,4.811,6.3,Ab,saline,192.1948567811809,6.3,,b,-1,0.08,soma,58.076883158,809.4449608755983,-286.5841238898338,-1292.8355983394285,,809.0,-286.9249188614848,-1292.6411727993147,none,0.0,success,105.0,0.005,"(809, -115, -497)",809.0,-115.0,-497.0,,,,
4480,realistic,3,x0y0,utah,6.029,7.7,Ab,saline,79.36844559786127,7.7,,b,-1,0.08,soma,61.970128542,375.8648990167514,1401.6685787878214,202.0328011141592,,376.0,1401.950121165539,201.54924435799956,central,5.075000000000093,success,5.5652618408203125,0.005,"(376, 600, 51)",376.0,600.0,51.0,376.0,,600.0,51.0
4481,realistic,3,x0y0,utah,6.986000000000001,8.8,Ab,saline,70.83930159091236,8.8,,b,-1,0.08,soma,65.02910705800001,-1386.0010526997492,999.43645241396,298.26618235453634,,-1386.0,999.2242472634937,298.3082764682179,periphery,5.215000000000115,success,88.22021484375,0.005,"(-1386, 227, 30)",-1386.0,227.0,30.0,-1386.0,,227.0,30.0
4482,realistic,3,x0y0,utah,8.291,10.3,Ab,saline,170.9885411382724,10.3,,b,-1,0.08,soma,69.20044139800001,-1892.192545451984,291.49905567205,-1219.3490880207326,,-1892.0,291.34939456146344,-1219.5191379844027,none,0.0,success,105.0,0.005,"(-1892, 163, -410)",-1892.0,163.0,-410.0,,,,
4483,realistic,3,x0y0,utah,5.942,7.6,Ab,saline,180.2390879512416,7.6,,b,-1,0.08,soma,61.69203958600001,65.90401443792038,-214.0880454388434,-1225.6402665941025,,66.0,-214.4265532831306,-1225.8460197930003,none,0.0,success,105.0,0.005,"(66, -211, -410)",66.0,-211.0,-410.0,,,,
4484,realistic,3,x0y0,utah,4.985,6.5,Ab,saline,145.35707280703062,6.5,,b,-1,0.08,soma,58.63306107,-792.2891920588195,852.9166789164856,-1118.7345265861004,,-792.0,852.9389476091476,-1118.9382096711447,none,0.0,success,105.0,0.005,"(-792, 390, -449)",-792.0,390.0,-449.0,,,,
4485,realistic,3,x0y0,utah,5.594,7.2,Ab,saline,183.77033502708542,7.2,,b,-1,0.08,soma,60.579683761999995,-541.5646674099556,-111.81633388793443,-1359.6971926469307,,-542.0,-111.6460715957698,-1359.496204228862,none,0.0,success,105.0,0.005,"(-542, -58, -546)",-542.0,-58.0,-546.0,,,,
4486,realistic,3,x0y0,utah,4.637,6.1,Ab,saline,72.93648958545072,6.1,,b,-1,0.08,soma,57.520705246000006,-1568.6936377507845,1211.6400719672238,215.28111104362785,,-1569.0,1211.9548971075883,214.75728745958827,periphery,5.185000000000111,success,44.72808837890625,0.005,"(-1569, 434, -24)",-1569.0,434.0,-24.0,-1569.0,,434.0,-24.0
4487,realistic,3,x0y0,utah,6.811999999999999,8.6,Ab,saline,109.78782805555369,8.6,,b,-1,0.08,soma,64.472929146,1761.834766408628,1007.894128352278,-269.24255283690763,,1762.0,1008.0195131631931,-269.63454325796056,central,5.250000000000121,success,105.0,0.005,"(1762, 239, 7)",1762.0,239.0,7.0,1762.0,,239.0,7.0
4488,realistic,3,x0y0,utah,6.116,7.8,Ab,saline,57.181984244587895,7.8,,b,-1,0.08,soma,62.248217498,1366.1809099964114,359.09533001225464,228.89549560188243,,1366.0,358.87070099265986,229.33926694195816,none,0.0,success,105.0,0.005,"(1366, -327, -213)",1366.0,-327.0,-213.0,,,,
4489,realistic,3,x0y0,utah,4.985,6.5,Ab,saline,70.97035481144201,6.5,,b,-1,0.08,soma,58.63306107,-1634.8091438959107,899.9816014940652,390.28954757680367,,-1635.0,899.7734163147358,390.5486206074636,none,0.0,success,105.0,0.005,"(-1635, 130, 125)",-1635.0,130.0,125.0,,,,
4490,realistic,3,x0y0,utah,6.4639999999999995,8.2,Ab,saline,40.855519827582704,8.2,,b,-1,0.08,soma,63.360573322,-1350.2830011263516,788.0146241917613,806.1367476501248,,-1350.0,788.2722435336264,805.7369688303806,periphery,5.230000000000118,success,89.044189453125,0.005,"(-1350, 254, 188)",-1350.0,254.0,188.0,-1350.0,,254.0,188.0
4491,realistic,3,x0y0,utah,6.377,8.1,Ab,saline,200.74051247550202,8.1,,b,-1,0.08,soma,63.082484366,821.7946596017108,-517.957024606952,-1044.0450052317453,,822.0,-518.1372538570004,-1043.6293696895418,none,0.0,success,105.0,0.005,"(822, -229, -280)",822.0,-229.0,-280.0,,,,
4492,realistic,3,x0y0,utah,5.942,7.6,Ab,saline,3.8963091427250713,7.6,,b,-1,0.08,soma,61.69203958600001,-1848.9608738323984,2.738664703925224,1250.8144228280353,,-1849.0,2.477529345924019,1250.9695739474764,none,0.0,success,105.0,0.005,"(-1849, -53, 437)",-1849.0,-53.0,437.0,,,,
4493,realistic,3,x0y0,utah,7.334,9.2,Ab,saline,12.329233147024665,9.2,,b,-1,0.08,soma,66.141462882,1478.7505620454174,208.98726552834202,1084.722190543031,,1479.0,208.65810116265354,1085.173297544713,none,0.0,success,105.0,0.005,"(1479, 34, 286)",1479.0,34.0,286.0,,,,
4494,realistic,3,x0y0,utah,7.508000000000001,9.4,Ab,saline,62.46174198332074,9.4,,b,-1,0.08,soma,66.697640794,67.24056396976152,1077.786986171508,805.9584540735518,,67.0,1077.6298990460202,806.3226596695332,none,0.0,success,105.0,0.005,"(67, 352, 428)",67.0,352.0,428.0,,,,
4495,realistic,3,x0y0,utah,5.159,6.7,Ab,saline,94.98510756898382,6.7,,b,-1,0.08,soma,59.189238982000006,-204.19428593723453,1418.9913397708347,-59.07240953118253,,-204.0,1418.4991599369346,-58.78827243376793,tjn,5.105000000000098,success,7.940673828125,0.005,"(-204, 607, 12)",-204.0,607.0,12.0,-204.0,,607.0,12.0
4496,realistic,3,x0y0,utah,4.811,6.3,Ab,saline,36.58114178746483,6.3,,b,-1,0.08,soma,58.076883158,267.3179618333725,808.0308560580053,908.6794372745217,,267.0,808.1669111810841,908.6728685879372,tjn,5.200000000000113,success,81.77490234375,0.005,"(267, 323, 255)",267.0,323.0,255.0,267.0,,323.0,255.0
4497,realistic,3,x0y0,utah,5.2459999999999996,6.8,Ab,saline,6.073571985428607,6.8,,b,-1,0.08,soma,59.467327938000004,-1037.4046948927012,-17.043512215842384,1313.0732123679127,,-1037.0,-16.80117835207976,1313.1711554507738,none,0.0,success,105.0,0.005,"(-1037, -103, 503)",-1037.0,-103.0,503.0,,,,
4498,realistic,3,x0y0,utah,8.9,11.0,Ab,saline,71.78643345426211,11.0,,b,-1,0.08,soma,71.14706409,1164.1722799268282,539.0379762138546,123.18897254836928,,1164.0,539.4627980895457,123.51128611726705,none,0.0,success,105.0,0.005,"(1164, -240, -133)",1164.0,-240.0,-133.0,,,,
4499,realistic,3,x0y0,utah,5.681,7.3,Ab,saline,58.83794228707502,7.3,,b,-1,0.08,soma,60.857772718,-797.9843466801332,940.0056415459073,698.0140736492592,,-798.0,939.7624980573964,697.9844486907825,none,0.0,success,105.0,0.005,"(-798, 242, 276)",-798.0,242.0,276.0,,,,
4500,realistic,3,x0y0,utah,6.203,7.9,Ab,saline,-23.74004594386092,7.9,,b,-1,0.08,soma,62.52630645400001,392.842680294156,-701.3314523738309,1229.2300784668496,,393.0,-701.6275454891903,1229.2072904639958,none,0.0,success,105.0,0.005,"(393, -373, 482)",393.0,-373.0,482.0,,,,
4501,realistic,3,x0y0,utah,6.29,8.0,Ab,saline,340.3742720682195,8.0,,b,-1,0.08,soma,62.80439541,-932.5338038435162,-23.05016374890829,59.88953979019106,,-933.0,-23.229498209109522,59.96923001833966,none,0.0,success,105.0,0.005,"(-933, 251, -709)",-933.0,251.0,-709.0,,,,
4502,realistic,3,x0y0,utah,4.55,6.0,Ab,saline,178.29968017710544,6.0,,b,-1,0.08,soma,57.24261629,-164.46287118246872,90.55602446596686,-697.5328573894293,,-164.0,90.1645528519065,-697.2958596217424,none,0.0,success,105.0,0.005,"(-164, 66, 116)",-164.0,66.0,116.0,,,,
4503,realistic,3,x0y0,utah,4.724,6.2,Ab,saline,65.72088243078713,6.2,,b,-1,0.08,soma,57.798794201999996,-1399.3727240031687,1186.1589491282284,490.2480759048326,,-1399.0,1185.9506903972717,490.6754320879313,periphery,5.185000000000111,success,44.5220947265625,0.005,"(-1399, 444, 156)",-1399.0,444.0,156.0,-1399.0,,444.0,156.0
4504,realistic,3,x0y0,utah,5.768000000000001,7.4,Ab,saline,170.81318433751798,7.4,,b,-1,0.08,soma,61.135861674,1269.7215367128344,116.87206538761666,-1138.8873171902455,,1270.0,117.24619855466895,-1139.1286613222867,none,0.0,success,105.0,0.005,"(1270, -13, -334)",1270.0,-13.0,-334.0,,,,
4505,realistic,3,x0y0,utah,5.507,7.1,Ab,saline,113.31043170270421,7.1,,b,-1,0.08,soma,60.301594806000004,-438.83988592849676,1204.0439758583134,-626.8673085928126,,-439.0,1203.6344923349154,-626.5551705323672,periphery,5.200000000000113,success,72.16796875,0.005,"(-439, 455, -304)",-439.0,455.0,-304.0,-439.0,,455.0,-304.0
4506,realistic,3,x0y0,utah,6.811999999999999,8.6,Ab,saline,77.73129064064862,8.6,,b,-1,0.08,soma,64.472929146,-621.2688744744024,1421.0415604878906,257.1200467675826,,-621.0,1420.6034731807358,256.66274872176257,periphery,5.130000000000102,success,12.34130859375,0.005,"(-621, 622, 83)",-621.0,622.0,83.0,-621.0,,622.0,83.0
4507,realistic,3,x0y0,utah,5.2459999999999996,6.8,Ab,saline,-4.987897404678393,6.8,,b,-1,0.08,soma,59.467327938000004,292.22503089554874,-29.954195544850787,1461.4489754690585,,292.0,-29.800355398906134,1461.637676045918,none,0.0,success,105.0,0.005,"(292, 41, 650)",292.0,41.0,650.0,,,,
4508,realistic,3,x0y0,utah,5.768000000000001,7.4,Ab,saline,36.392690051786644,7.4,,b,-1,0.08,soma,61.135861674,-1335.332723565009,275.56492370558044,478.7012970552869,,-1335.0,275.87645336559234,478.53218432378526,none,0.0,success,105.0,0.005,"(-1335, -208, -178)",-1335.0,-208.0,-178.0,,,,
4509,realistic,3,x0y0,utah,6.029,7.7,Ab,saline,302.74746420951567,7.7,,b,-1,0.08,soma,61.970128542,-291.33217419413063,-477.227559332242,349.600644111541,,-291.0,-477.3250375583383,349.3663212641841,tjn,5.185000000000111,success,74.1455078125,0.005,"(-291, 209, -92)",-291.0,209.0,-92.0,-291.0,,209.0,-92.0
4510,realistic,3,x0y0,utah,4.811,6.3,Ab,saline,202.3258897436911,6.3,,b,-1,0.08,soma,58.076883158,567.4232466285092,-627.5539594239476,-1097.7223906580796,,567.0,-627.2532039558621,-1097.9855584605752,none,0.0,success,105.0,0.005,"(567, -318, -345)",567.0,-318.0,-345.0,,,,
4511,realistic,3,x0y0,utah,9.943999999999999,12.2,Ab,saline,309.654709893124,12.2,,b,-1,0.08,soma,74.484131562,-886.7790927489508,-126.64343627279504,101.6767908990132,,-887.0,-127.04416644479215,101.7548863814344,periphery,5.290000000000127,success,98.291015625,0.005,"(-887, 506, -423)",-887.0,506.0,-423.0,-887.0,,506.0,-423.0
4512,realistic,3,x0y0,utah,6.377,8.1,Ab,saline,69.69511590098097,8.1,,b,-1,0.08,soma,63.082484366,789.4152320927745,910.9712231853129,272.8402165664111,,789.0,910.8340310434359,272.3398110375011,none,0.0,success,105.0,0.005,"(789, 145, -11)",789.0,145.0,-11.0,,,,
4513,realistic,3,x0y0,utah,5.333,6.9,Ab,saline,131.51329914477162,6.9,,b,-1,0.08,soma,59.745416893999995,1364.990521040293,890.2843544196039,-757.3166647849034,,1365.0,890.1766840851137,-757.0976311586717,central,5.31000000000013,success,105.0,0.005,"(1365, 280, -217)",1365.0,280.0,-217.0,1365.0,,280.0,-217.0
4514,realistic,3,x0y0,utah,9.508999999999999,11.7,Ab,saline,327.8967856473788,11.7,,b,-1,0.08,soma,73.09368678199999,487.25076117194544,-623.9454343993821,854.602579722366,,487.0,-623.5699925779775,854.9323310365162,none,0.0,success,105.0,0.005,"(487, -187, 159)",487.0,-187.0,159.0,,,,
4515,realistic,3,x0y0,utah,5.855,7.5,Ab,saline,87.84220205743755,7.5,,b,-1,0.08,soma,61.41395063,35.706379520363605,1160.8619565488416,-24.82133669928908,,36.0,1161.1359804322797,-25.24784703062449,tjn,5.125000000000101,success,9.112548828125,0.005,"(36, 346, -56)",36.0,346.0,-56.0,36.0,,346.0,-56.0
4516,realistic,3,x0y0,utah,8.116999999999999,10.1,Ab,saline,-12.28872948331435,10.1,,b,-1,0.08,soma,68.644263486,-931.5128886655008,-451.8075202252198,1342.9694324933262,,-932.0,-451.35174963491045,1342.5596549260854,none,0.0,success,105.0,0.005,"(-932, -277, 542)",-932.0,-277.0,542.0,,,,
4517,realistic,3,x0y0,utah,4.985,6.5,Ab,saline,125.64879995904585,6.5,,b,-1,0.08,soma,58.63306107,180.52185559532032,978.9143304380592,-769.4862974109793,,181.0,978.7136127127411,-769.5836739957981,tjn,5.220000000000116,success,98.291015625,0.005,"(181, 317, -295)",181.0,317.0,-295.0,181.0,,317.0,-295.0
4518,realistic,3,x0y0,utah,6.029,7.7,Ab,saline,99.70112652953912,7.7,,b,-1,0.08,soma,61.970128542,-1861.3200835844693,1102.882658495847,-167.65622782990474,,-1861.0,1103.316477851925,-167.49348332966355,periphery,5.265000000000123,success,66.05224609375,0.005,"(-1861, 299, -30)",-1861.0,299.0,-30.0,-1861.0,,299.0,-30.0
4519,realistic,3,x0y0,utah,5.333,6.9,Ab,saline,54.165213460732744,6.9,,b,-1,0.08,soma,59.745416893999995,-375.2154671338837,965.0140934894023,661.5130656133248,,-375.0,964.617304737983,661.0264835248739,tjn,5.200000000000113,success,83.97216796875,0.005,"(-375, 304, 184)",-375.0,304.0,184.0,-375.0,,304.0,184.0
4520,realistic,3,x0y0,utah,5.855,7.5,Ab,saline,195.2281278397324,7.5,,b,-1,0.08,soma,61.41395063,-1340.0724577896303,-302.6207308249345,-1275.4353797190256,,-1340.0,-302.28622241525056,-1275.0756604814437,none,0.0,success,105.0,0.005,"(-1340, -88, -488)",-1340.0,-88.0,-488.0,,,,
4521,realistic,3,x0y0,utah,5.072,6.6,Ab,saline,105.27331017574207,6.6,,b,-1,0.08,soma,58.911150026,-64.43838677505487,1153.5960052520825,-256.0028758964964,,-64.0,1153.7052932150414,-255.52759845842425,tjn,5.135000000000103,success,13.848876953125,0.005,"(-64, 368, -41)",-64.0,368.0,-41.0,-64.0,,368.0,-41.0
4522,realistic,3,x0y0,utah,5.594,7.2,Ab,saline,118.82941060561852,7.2,,b,-1,0.08,soma,60.579683761999995,-8.243932781147656,1081.634045570162,-596.7506503163677,,-8.0,1081.2754304719442,-597.1327617550182,tjn,5.185000000000111,success,57.38525390625,0.005,"(-8, 367, -204)",-8.0,367.0,-204.0,-8.0,,367.0,-204.0
4523,realistic,3,x0y0,utah,7.856,9.8,Ab,saline,60.7503788119344,9.8,,b,-1,0.08,soma,67.809996618,1972.1909963066198,257.0938598323756,91.36032501745103,,1972.0,257.4946110246027,91.1169821737775,none,0.0,success,105.0,0.005,"(1972, -457, -309)",1972.0,-457.0,-309.0,,,,
4524,realistic,3,x0y0,utah,7.247,9.1,Ab,saline,64.5273640025048,9.1,,b,-1,0.08,soma,65.86337392600001,-503.15075057559966,989.8354511161012,510.63587314381584,,-503.0,989.4287269901967,510.79241856278634,tjn,5.215000000000115,success,90.07415771484375,0.005,"(-503, 251, 159)",-503.0,251.0,159.0,-503.0,,251.0,159.0
4525,realistic,3,x0y0,utah,5.594,7.2,Ab,saline,-12.983544341685214,7.2,,b,-1,0.08,soma,60.579683761999995,-1122.9109681094037,-366.0639991090316,1281.861083456326,,-1123.0,-366.1956274706607,1281.4184219288466,none,0.0,success,105.0,0.005,"(-1123, -183, 487)",-1123.0,-183.0,487.0,,,,
4526,realistic,3,x0y0,utah,7.421000000000001,9.3,Ab,saline,49.96013148246227,9.3,,b,-1,0.08,soma,66.419551838,-891.464137308842,1110.1396186808352,829.7008473682231,,-891.0,1110.4214044435867,829.3543488486928,periphery,5.215000000000115,success,59.36279296875,0.005,"(-891, 484, 303)",-891.0,484.0,303.0,-891.0,,484.0,303.0
4527,realistic,3,x0y0,utah,4.637,6.1,Ab,saline,108.25740019139572,6.1,,b,-1,0.08,soma,57.520705246000006,315.35521892432337,1142.5837270638858,-388.7339405723428,,315.0,1142.8282068860633,-388.951118476786,tjn,5.185000000000111,success,44.72808837890625,0.005,"(315, 370, -134)",315.0,370.0,-134.0,315.0,,370.0,-134.0
4528,realistic,3,x0y0,utah,6.029,7.7,Ab,saline,-1.415408974513502,7.7,,b,-1,0.08,soma,61.970128542,-1115.915325085168,41.589125114929644,1293.589221354263,,-1116.0,41.845168912506296,1293.740268751719,none,0.0,success,105.0,0.005,"(-1116, 62, 478)",-1116.0,62.0,478.0,,,,
4529,realistic,3,x0y0,utah,5.42,7.0,Ab,saline,46.927522720342,7.0,,b,-1,0.08,soma,60.02350585000001,-1465.8027377214614,105.5506325379406,112.35569927941059,,-1466.0,105.36608551171264,112.57152607248258,none,0.0,success,105.0,0.005,"(-1466, -490, -444)",-1466.0,-490.0,-444.0,,,,
4530,realistic,3,x0y0,utah,6.551000000000001,8.3,Ab,saline,8.118363643863782,8.3,,b,-1,0.08,soma,63.63866227800001,434.38339880779847,331.56650875035575,1409.7805358942032,,434.0,331.3348895568268,1409.65113782761,none,0.0,success,105.0,0.005,"(434, 216, 601)",434.0,216.0,601.0,,,,
4531,realistic,3,x0y0,utah,5.768000000000001,7.4,Ab,saline,101.83262328428192,7.4,,b,-1,0.08,soma,61.135861674,132.87742202333354,1091.806761838824,-41.678445670049314,,133.0,1092.277890703256,-41.27298261466876,tjn,5.145000000000104,success,11.130523681640625,0.005,"(133, 294, 126)",133.0,294.0,126.0,133.0,,613.3111562813024,59.09080695413249
4532,realistic,3,x0y0,utah,6.986000000000001,8.8,Ab,saline,62.759027982619855,8.8,,b,-1,0.08,soma,65.02910705800001,901.0078060319536,1128.3524241982504,536.8578304915292,,901.0,1128.8521895426343,537.1764111502234,central,5.255000000000122,success,48.2666015625,0.005,"(901, 402, 163)",901.0,402.0,163.0,901.0,,402.0,163.0
4533,realistic,3,x0y0,utah,6.551000000000001,8.3,Ab,saline,59.25138441317596,8.3,,b,-1,0.08,soma,63.63866227800001,-841.6045104964218,902.5370832704014,432.80876151422035,,-842.0,902.9745331808567,432.6397240113708,none,0.0,success,105.0,0.005,"(-842, 201, 15)",-842.0,201.0,15.0,,,,
4534,realistic,3,x0y0,utah,5.159,6.7,Ab,saline,200.6144236917339,6.7,,b,-1,0.08,soma,59.189238982000006,-311.3822186948496,-348.37911916152467,-700.060555505801,,-311.0,-348.8187655227812,-700.4605638435762,none,0.0,success,105.0,0.005,"(-311, -62, 62)",-311.0,-62.0,62.0,,,,
4535,realistic,3,x0y0,utah,4.55,6.0,Ab,saline,24.762471568046497,6.0,,b,-1,0.08,soma,57.24261629,1492.0899322230841,746.2132289304393,1103.5959070029594,,1492.0,745.8259659819406,1103.8495099264746,none,0.0,success,105.0,0.005,"(1492, 405, 365)",1492.0,405.0,365.0,,,,
4536,realistic,3,x0y0,utah,7.334,9.2,Ab,saline,189.77332847448398,9.2,,b,-1,0.08,soma,66.141462882,-1247.863561008556,-235.75784775974446,-1320.3892475406078,,-1248.0,-235.90841019868185,-1320.2087058351058,none,0.0,success,105.0,0.005,"(-1248, -97, -514)",-1248.0,-97.0,-514.0,,,,
4537,realistic,3,x0y0,utah,5.855,7.5,Ab,saline,109.94256184995672,7.5,,b,-1,0.08,soma,61.41395063,-1495.9727857481741,1198.3121431812406,-328.98119529005817,,-1496.0,1198.7645567961004,-329.2376492799466,periphery,5.175000000000109,success,36.4501953125,0.005,"(-1496, 432, -51)",-1496.0,432.0,-51.0,-1496.0,,432.0,-51.0
4538,realistic,3,x0y0,utah,7.247,9.1,Ab,saline,190.6443583670477,9.1,,b,-1,0.08,soma,65.86337392600001,-538.9415607443257,-385.2973703529392,-1161.7259080865595,,-539.0,-385.07198258206614,-1161.8632619472364,none,0.0,success,105.0,0.005,"(-539, -234, -358)",-539.0,-234.0,-358.0,,,,
4539,realistic,3,x0y0,utah,5.072,6.6,Ab,saline,5.289686660179454,6.6,,b,-1,0.08,soma,58.911150026,1849.1225273085308,45.46580167727916,1053.8287008790458,,1849.0,45.09280401619861,1053.9534160404442,none,0.0,success,105.0,0.005,"(1849, -30, 243)",1849.0,-30.0,243.0,,,,
4540,realistic,3,x0y0,utah,7.247,9.1,Ab,saline,-28.245985069914607,9.1,,b,-1,0.08,soma,65.86337392600001,607.2197083495853,-565.6315892495772,1320.1758447258924,,607.0,-566.127067439588,1320.5160230457068,none,0.0,success,105.0,0.005,"(607, -179, 600)",607.0,-179.0,600.0,,,,
4541,realistic,3,x0y0,utah,8.291,10.3,Ab,saline,201.67039601249482,10.3,,b,-1,0.08,soma,69.20044139800001,-14.974286555815342,-358.2325053115132,-1285.1231917229507,,-15.0,-358.6783615041408,-1284.654485095581,none,0.0,success,105.0,0.005,"(-15, -56, -523)",-15.0,-56.0,-523.0,,,,
4542,realistic,3,x0y0,utah,5.855,7.5,Ab,saline,-20.176394965076845,7.5,,b,-1,0.08,soma,61.41395063,-1760.7745148354284,-376.2987404549599,1168.5099303092247,,-1761.0,-376.33733578614357,1168.6225670306592,none,0.0,success,105.0,0.005,"(-1761, -95, 403)",-1761.0,-95.0,403.0,,,,
4543,realistic,3,x0y0,utah,4.811,6.3,Ab,saline,-5.833719784345187,6.3,,b,-1,0.08,soma,58.076883158,-1133.0723302859524,85.03053365998629,1374.0028476538628,,-1133.0,85.29369433557359,1373.8054416827895,none,0.0,success,105.0,0.005,"(-1133, 168, 564)",-1133.0,168.0,564.0,,,,
4544,realistic,3,x0y0,utah,6.4639999999999995,8.2,Ab,saline,22.974732635245136,8.2,,b,-1,0.08,soma,63.360573322,1412.210029933339,577.1955984985358,1225.3819890203667,,1412.0,576.7503158837884,1224.9175399287828,none,0.0,success,105.0,0.005,"(1412, 258, 473)",1412.0,258.0,473.0,,,,
4545,realistic,3,x0y0,utah,5.333,6.9,Ab,saline,187.2451475956062,6.9,,b,-1,0.08,soma,59.745416893999995,-608.8028108379366,-263.4523106002389,-1398.1818252104665,,-609.0,-263.7554485351667,-1398.353726779424,none,0.0,success,105.0,0.005,"(-609, -161, -590)",-609.0,-161.0,-590.0,,,,
4546,realistic,3,x0y0,utah,6.116,7.8,Ab,saline,13.525768956378641,7.8,,b,-1,0.08,soma,62.248217498,175.54943183441017,566.1744321084252,1333.005046782123,,176.0,565.8914290363912,1333.517470936653,none,0.0,success,105.0,0.005,"(176, 375, 540)",176.0,375.0,540.0,,,,
4547,realistic,3,x0y0,utah,5.072,6.6,Ab,saline,38.58741106547611,6.6,,b,-1,0.08,soma,58.911150026,779.9805718209695,555.8716755903802,841.9397211842065,,780.0,555.9759421356082,841.6599229876622,none,0.0,success,105.0,0.005,"(780, 48, 205)",780.0,48.0,205.0,,,,
4548,realistic,3,x0y0,utah,5.2459999999999996,6.8,Ab,saline,146.0131879826805,6.8,,b,-1,0.08,soma,59.467327938000004,-525.7155143040541,761.9097170875953,-1095.9217637822242,,-526.0,761.4361181586712,-1095.5771541630952,none,0.0,success,105.0,0.005,"(-526, 306, -420)",-526.0,306.0,-420.0,,,,
4549,realistic,3,x0y0,utah,6.29,8.0,Ab,saline,148.00896958011083,8.0,,b,-1,0.08,soma,62.80439541,1395.9071041173431,540.8610851777348,-820.0333869456131,,1396.0,540.5298843441092,-820.3907038736106,none,0.0,success,105.0,0.005,"(1396, 108, -128)",1396.0,108.0,-128.0,,,,
4550,realistic,3,x0y0,utah,5.42,7.0,Ab,saline,122.390637326762,7.0,,b,-1,0.08,soma,60.02350585000001,422.6278737580067,1126.731292668543,-562.3404451793681,,423.0,1127.19592416987,-562.6017960419226,central,5.160000000000107,success,36.083984375,0.005,"(423, 439, -126)",423.0,439.0,-126.0,423.0,,439.0,-126.0
4551,realistic,3,x0y0,utah,6.29,8.0,Ab,saline,146.34822171507687,8.0,,b,-1,0.08,soma,62.80439541,-342.9615425000099,579.2403669688551,-1071.3487908148466,,-343.0,579.3684577483407,-1071.573189369642,none,0.0,success,105.0,0.005,"(-343, 127, -392)",-343.0,127.0,-392.0,,,,
4552,realistic,3,x0y0,utah,6.4639999999999995,8.2,Ab,saline,167.52405824298597,8.2,,b,-1,0.08,soma,63.360573322,-782.8432993383325,254.7559609464765,-1267.923980337883,,-783.0,254.40294191877607,-1268.4066318958007,none,0.0,success,105.0,0.005,"(-783, 78, -471)",-783.0,78.0,-471.0,,,,
4553,realistic,3,x0y0,utah,6.116,7.8,Ab,saline,-7.9589152666474545,7.8,,b,-1,0.08,soma,62.248217498,-705.9053244834572,-119.81964303416498,1221.6650140518925,,-706.0,-120.03318906173655,1221.2893173050097,none,0.0,success,105.0,0.005,"(-706, -7, 413)",-706.0,-7.0,413.0,,,,
4554,realistic,3,x0y0,utah,4.637,6.1,Ab,saline,33.40294601425352,6.1,,b,-1,0.08,soma,57.520705246000006,1923.527567657185,592.7999237298304,913.0783497115608,,1924.0,592.9750741189616,913.3271423696806,none,0.0,success,105.0,0.005,"(1924, 145, 234)",1924.0,145.0,234.0,,,,
4555,realistic,3,x0y0,utah,5.159,6.7,Ab,saline,121.06924865894634,6.7,,b,-1,0.08,soma,59.189238982000006,668.9557752471821,336.2804403539849,-207.3312873947852,,669.0,336.7002915940417,-207.41228311930524,none,0.0,success,105.0,0.005,"(669, -361, 213)",669.0,-361.0,213.0,,,,
4556,realistic,3,x0y0,utah,6.811999999999999,8.6,Ab,saline,198.72681773871258,8.6,,b,-1,0.08,soma,64.472929146,474.2601317847422,-541.1984516739622,-1341.181307854483,,474.0,-541.4146287743904,-1341.0046555970885,none,0.0,success,105.0,0.005,"(474, -279, -567)",474.0,-279.0,-567.0,,,,
4557,realistic,3,x0y0,utah,4.985,6.5,Ab,saline,68.76005570410712,6.5,,b,-1,0.08,soma,58.63306107,-1923.1610761389527,1152.2194370332534,389.35384574664016,,-1923.0,1152.0244381116736,389.0268790128306,periphery,5.24500000000012,success,48.01025390625,0.005,"(-1923, 393, 94)",-1923.0,393.0,94.0,-1923.0,,393.0,94.0
4558,realistic,3,x0y0,utah,5.333,6.9,Ab,saline,101.83315542817068,6.9,,b,-1,0.08,soma,59.745416893999995,13.57451454746017,1140.3844241336728,-168.68407307797227,,14.0,1140.515919757079,-169.13039250247974,tjn,5.125000000000101,success,9.2681884765625,0.005,"(14, 343, -2)",14.0,343.0,-2.0,14.0,,343.0,-2.0
4559,realistic,3,x0y0,utah,5.594,7.2,Ab,saline,73.38062222152078,7.2,,b,-1,0.08,soma,60.579683761999995,831.9341597156697,1218.9386357010108,458.0858643993556,,832.0,1219.2107264903743,458.172894777966,central,5.270000000000124,success,64.44091796875,0.005,"(832, 438, 225)",832.0,438.0,225.0,832.0,,438.0,225.0
4560,realistic,3,x0y0,utah,4.724,6.2,Ab,saline,156.7449006571241,6.2,,b,-1,0.08,soma,57.798794201999996,1235.4671997041135,498.2647664971605,-1138.3970352573199,,1235.0,498.3274819754749,-1138.810766056399,none,0.0,success,105.0,0.005,"(1235, 177, -391)",1235.0,177.0,-391.0,,,,
4561,realistic,3,x0y0,utah,8.552,10.6,Ab,saline,145.87087761269302,10.6,,b,-1,0.08,soma,70.03470826600001,17.823164158940806,993.6979686033228,-1076.4115477167854,,18.0,994.1117374040265,-1076.8103657512975,tjn,5.18000000000011,success,62.40234375,0.005,"(18, 534, -398)",18.0,534.0,-398.0,18.0,,534.0,-398.0
4562,realistic,3,x0y0,utah,6.203,7.9,Ab,saline,84.50865445559882,7.9,,b,-1,0.08,soma,62.52630645400001,1109.1108723431605,1199.3722302729047,130.03760796466986,,1109.0,1199.508342722156,130.11638376382393,central,5.215000000000115,success,36.63330078125,0.005,"(1109, 387, 52)",1109.0,387.0,52.0,1109.0,,387.0,52.0
4563,realistic,3,x0y0,utah,8.203999999999999,10.2,Ab,saline,23.499853240516178,10.2,,b,-1,0.08,soma,68.922352442,103.32100581981571,536.8792662723195,1109.781950380302,,103.0,536.7191709593128,1109.5278447122794,none,0.0,success,105.0,0.005,"(103, 210, 358)",103.0,210.0,358.0,,,,
4564,realistic,3,x0y0,utah,6.898999999999999,8.7,Ab,saline,10.456712814555747,8.7,,b,-1,0.08,soma,64.751018102,1035.5446017211134,137.12706240423086,1385.8984714203416,,1036.0,137.35365489275654,1385.8070756007537,none,0.0,success,105.0,0.005,"(1036, -11, 582)",1036.0,-11.0,582.0,,,,
4565,realistic,3,x0y0,utah,5.333,6.9,Ab,saline,-3.41385383852408,6.9,,b,-1,0.08,soma,59.745416893999995,146.45467132955181,-63.39650518467854,1284.0876842767411,,146.0,-63.48492615259651,1284.4059375717957,none,0.0,success,105.0,0.005,"(146, -15, 471)",146.0,-15.0,471.0,,,,
4566,realistic,3,x0y0,utah,10.814,13.2,Ab,saline,95.8168768926112,13.2,,b,-1,0.08,soma,77.26502112200002,687.5268878530425,424.0679285670622,8.441782083199996,,688.0,424.43198475713916,8.56602668017068,none,0.0,success,105.0,0.005,"(688, -395, 92)",688.0,-395.0,92.0,,,,
4567,realistic,3,x0y0,utah,6.116,7.8,Ab,saline,111.5250416243699,7.8,,b,-1,0.08,soma,62.248217498,-1479.4815307118085,847.6552544786646,-446.51539916314863,,-1479.0,847.240258369195,-446.4359355000082,none,0.0,success,105.0,0.005,"(-1479, 88, -147)",-1479.0,88.0,-147.0,,,,
4568,realistic,3,x0y0,utah,5.507,7.1,Ab,saline,129.97760601155537,7.1,,b,-1,0.08,soma,60.301594806000004,-1387.1647883421892,923.6861603322543,-799.0485978598317,,-1387.0,923.6500560499192,-798.7343873314277,periphery,5.175000000000109,success,105.0,0.005,"(-1387, 299, -275)",-1387.0,299.0,-275.0,-1387.0,,299.0,-275.0
4569,realistic,3,x0y0,utah,6.551000000000001,8.3,Ab,saline,91.63297344754926,8.3,,b,-1,0.08,soma,63.63866227800001,-1294.8621387551088,1127.4712212287786,-139.75183621602764,,-1295.0,1127.4926034065447,-139.27935093746152,periphery,5.195000000000112,success,63.525390625,0.005,"(-1295, 311, -116)",-1295.0,311.0,-116.0,-1295.0,,311.0,-116.0
4570,realistic,3,x0y0,utah,8.03,10.0,Ab,saline,39.967119481126474,10.0,,b,-1,0.08,soma,68.36617453,-987.88031105863,762.9492874750254,928.205086407124,,-988.0,763.1612969503096,927.8219180798961,none,0.0,success,105.0,0.005,"(-988, 237, 300)",-988.0,237.0,300.0,,,,
4571,realistic,3,x0y0,utah,7.943,9.9,Ab,saline,53.73283848938551,9.9,,b,-1,0.08,soma,68.08808557399999,559.6315067699206,280.286204928756,202.67847490154327,,560.0,280.39521169915827,202.54645571278934,none,0.0,success,105.0,0.005,"(560, -380, -282)",560.0,-380.0,-282.0,,,,
4572,realistic,3,x0y0,utah,5.681,7.3,Ab,saline,27.99219742432356,7.3,,b,-1,0.08,soma,60.857772718,-752.2045281036716,506.7853619771913,1094.2818591579269,,-752.0,506.7623192569147,1094.023706654997,none,0.0,success,105.0,0.005,"(-752, 124, 374)",-752.0,124.0,374.0,,,,
4573,realistic,3,x0y0,utah,5.594,7.2,Ab,saline,119.8471133129762,7.2,,b,-1,0.08,soma,60.579683761999995,842.2502819439015,1048.6754951512758,-444.7338651660975,,842.0,1049.1824088475796,-444.7697543041738,central,5.275000000000125,success,62.79296875,0.005,"(842, 342, -39)",842.0,342.0,-39.0,842.0,,342.0,-39.0
4574,realistic,3,x0y0,utah,7.16,9.0,Ab,saline,13.82857152054286,9.0,,b,-1,0.08,soma,65.58528497,-98.11021135536447,514.0731141320512,1202.3580296024038,,-98.0,514.452441553915,1202.0766558529353,central,5.205000000000114,success,91.845703125,0.005,"(-98, 319, 408)",-98.0,319.0,408.0,-98.0,,319.0,408.0
4575,realistic,3,x0y0,utah,5.333,6.9,Ab,saline,31.543948347836494,6.9,,b,-1,0.08,soma,59.745416893999995,843.8432291106486,591.9387718346593,1149.8220434217585,,844.0,592.3414010594704,1149.4345221385333,none,0.0,success,105.0,0.005,"(844, 166, 455)",844.0,166.0,455.0,,,,
4576,realistic,3,x0y0,utah,7.682,9.6,Ab,saline,40.688387431103024,9.6,,b,-1,0.08,soma,67.253818706,-5.368885879348364,785.5565446718579,1219.7871422797537,,-5.0,785.6628822072208,1219.76478536238,none,0.0,success,105.0,0.005,"(-5, 252, 599)",-5.0,252.0,599.0,,,,
4577,realistic,3,x0y0,utah,6.116,7.8,Ab,saline,197.3557495415052,7.8,,b,-1,0.08,soma,62.248217498,-1665.8021899154478,-200.96094438294,-1081.1354616167707,,-1666.0,-201.44982163982678,-1080.990461800921,none,0.0,success,105.0,0.005,"(-1666, 42, -302)",-1666.0,42.0,-302.0,,,,
4578,realistic,3,x0y0,utah,6.377,8.1,Ab,saline,77.06290998845606,8.1,,b,-1,0.08,soma,63.082484366,748.7881561725255,1104.8421226455903,287.546879822964,,749.0,1104.8010946315521,287.82358412477373,central,5.2100000000001145,success,78.11279296875,0.005,"(749, 309, 105)",749.0,309.0,105.0,749.0,,309.0,105.0
4579,realistic,3,x0y0,utah,5.768000000000001,7.4,Ab,saline,31.367092213642827,7.4,,b,-1,0.08,soma,61.135861674,125.57762804078432,839.0768252290254,1193.669946736799,,126.0,839.5031080006586,1193.331899348631,none,0.0,success,105.0,0.005,"(126, 415, 497)",126.0,415.0,497.0,,,,
4580,realistic,3,x0y0,utah,7.16,9.0,Ab,saline,-23.34920927668941,9.0,,b,-1,0.08,soma,65.58528497,1939.0266986724155,-445.6543701355317,1140.5605624885848,,1939.0,-446.0912242168056,1140.8154250654788,none,0.0,success,105.0,0.005,"(1939, -122, 390)",1939.0,-122.0,390.0,,,,
4581,realistic,3,x0y0,utah,5.594,7.2,Ab,saline,27.329511478809014,7.2,,b,-1,0.08,soma,60.579683761999995,1597.5602100894187,542.4530166968725,1116.0167567891183,,1598.0,542.2995664075672,1116.3034955270805,none,0.0,success,105.0,0.005,"(1598, 168, 392)",1598.0,168.0,392.0,,,,
4582,realistic,3,x0y0,utah,4.637,6.1,Ab,saline,-18.80323607948449,6.1,,b,-1,0.08,soma,57.520705246000006,1890.8038041487205,-496.2221017549691,1141.47691532128,,1891.0,-496.274961650393,1141.3055497929322,none,0.0,success,105.0,0.005,"(1891, -234, 371)",1891.0,-234.0,371.0,,,,
4583,realistic,3,x0y0,utah,5.072,6.6,Ab,saline,81.23418594711706,6.6,,b,-1,0.08,soma,58.911150026,-717.361305483706,1061.0958785206976,6.029419562262772,,-717.0,1060.926444785348,6.123029631981225,tjn,5.255000000000122,success,72.900390625,0.005,"(-717, 256, -118)",-717.0,256.0,-118.0,-717.0,,256.0,-118.0
4584,realistic,3,x0y0,utah,5.333,6.9,Ab,saline,135.93092950213853,6.9,,b,-1,0.08,soma,59.745416893999995,-509.84872473827767,534.6023251998295,-620.1232291678211,,-510.0,534.7439687248886,-620.4860410191696,none,0.0,success,105.0,0.005,"(-510, -32, -35)",-510.0,-32.0,-35.0,,,,
4585,realistic,3,x0y0,utah,4.55,6.0,Ab,saline,129.64002802273686,6.0,,b,-1,0.08,soma,57.24261629,-1221.5096254864086,985.3772179957396,-906.1772893294284,,-1222.0,985.5697694024648,-906.0903945965102,none,0.0,success,105.0,0.005,"(-1222, 359, -387)",-1222.0,359.0,-387.0,,,,
4586,realistic,3,x0y0,utah,4.985,6.5,Ab,saline,194.76335103845287,6.5,,b,-1,0.08,soma,58.63306107,-1661.5594414144748,-487.9514283217636,-1193.0209600098078,,-1662.0,-487.48785198031806,-1193.4440850273452,none,0.0,success,105.0,0.005,"(-1662, -280, -406)",-1662.0,-280.0,-406.0,,,,
4587,realistic,3,x0y0,utah,6.029,7.7,Ab,saline,4.878313914320723,7.7,,b,-1,0.08,soma,61.970128542,-1984.615503809081,221.21572886278813,1082.8208877648524,,-1985.0,221.35873046303504,1083.0475180396247,none,0.0,success,105.0,0.005,"(-1985, 152, 270)",-1985.0,152.0,270.0,,,,
4588,realistic,3,x0y0,utah,6.116,7.8,Ab,saline,18.32727261437694,7.8,,b,-1,0.08,soma,62.248217498,1061.3765834579926,561.4151800861819,1277.2209360467696,,1061.0,561.5894197906857,1276.746616435426,none,0.0,success,105.0,0.005,"(1061, 305, 502)",1061.0,305.0,502.0,,,,
4589,realistic,3,x0y0,utah,5.855,7.5,Ab,saline,80.14834099776171,7.5,,b,-1,0.08,soma,61.41395063,-289.41356147002017,1182.0267684598386,188.2349882368744,,-289.0,1181.7160827778698,188.56746347639654,tjn,5.150000000000105,success,20.4437255859375,0.005,"(-289, 378, 49)",-289.0,378.0,49.0,-289.0,,378.0,49.0
4590,realistic,3,x0y0,utah,8.465,10.5,Ab,saline,327.3948049277697,10.5,,b,-1,0.08,soma,69.75661931,-834.4640371026545,-329.15968660120825,493.89907910294914,,-834.0,-328.7504332421141,493.6654880533723,none,0.0,success,105.0,0.005,"(-834, 113, -197)",-834.0,113.0,-197.0,,,,
4591,realistic,3,x0y0,utah,6.116,7.8,Ab,saline,9.14651793014702,7.8,,b,-1,0.08,soma,62.248217498,-1254.2224055718855,130.27061887473886,1354.5193016382816,,-1254.0,130.76373329109103,1354.759332567888,none,0.0,success,105.0,0.005,"(-1254, 1, 549)",-1254.0,1.0,549.0,,,,
4592,realistic,3,x0y0,utah,5.942,7.6,Ab,saline,146.30869518562474,7.6,,b,-1,0.08,soma,61.69203958600001,-288.47837726732797,882.2348206376167,-1143.2007396202964,,-288.0,882.5497871791772,-1142.7838884677763,tjn,5.1650000000001075,success,105.0,0.005,"(-288, 430, -464)",-288.0,430.0,-464.0,-288.0,,430.0,-464.0
4593,realistic,3,x0y0,utah,6.725,8.5,Ab,saline,36.81117917039743,8.5,,b,-1,0.08,soma,64.19484019000001,-168.00803810822651,665.2783723243448,1285.1630663536662,,-168.0,665.6047741209242,1285.1681945280573,none,0.0,success,105.0,0.005,"(-168, 176, 631)",-168.0,176.0,631.0,,,,
4594,realistic,3,x0y0,utah,4.985,6.5,Ab,saline,328.8791969034246,6.5,,b,-1,0.08,soma,58.63306107,-400.9031222166075,-611.3769065863635,814.5064090528085,,-401.0,-611.8387829804881,814.1363817910136,none,0.0,success,105.0,0.005,"(-401, -191, 117)",-401.0,-191.0,117.0,,,,
4595,realistic,3,x0y0,utah,5.507,7.1,Ab,saline,49.78004939259278,7.1,,b,-1,0.08,soma,60.301594806000004,713.5705009042781,925.2843491219583,1092.611150417375,,714.0,925.449148896931,1092.3428698831174,none,0.0,success,105.0,0.005,"(714, 303, 566)",714.0,303.0,566.0,,,,
4596,realistic,3,x0y0,utah,4.811,6.3,Ab,saline,199.5580955157216,6.3,,b,-1,0.08,soma,58.076883158,737.4428715758216,-421.1440832101762,-1310.3275359736615,,737.0,-421.54007024064924,-1310.0684234998919,none,0.0,success,105.0,0.005,"(737, -149, -543)",737.0,-149.0,-543.0,,,,
4597,realistic,3,x0y0,utah,5.507,7.1,Ab,saline,200.07172050578941,7.1,,b,-1,0.08,soma,60.301594806000004,1982.8552547706051,-498.6598740515933,-1106.4836481826783,,1983.0,-498.7597536687097,-1106.6711440006382,none,0.0,success,105.0,0.005,"(1983, -219, -341)",1983.0,-219.0,-341.0,,,,
4598,realistic,3,x0y0,utah,6.725,8.5,Ab,saline,43.61772203940632,8.5,,b,-1,0.08,soma,64.19484019000001,812.309004238702,867.4765309213662,1025.5818914734243,,812.0,867.6338003815312,1025.5785321487801,none,0.0,success,105.0,0.005,"(812, 304, 434)",812.0,304.0,434.0,,,,
4599,realistic,3,x0y0,utah,6.4639999999999995,8.2,Ab,saline,76.38153057778274,8.2,,b,-1,0.08,soma,63.360573322,-676.9592189824416,1027.1950723190107,366.61357438741203,,-677.0,1026.7315706058262,366.32820750866557,none,0.0,success,105.0,0.005,"(-677, 233, 174)",-677.0,233.0,174.0,,,,
4600,realistic,3,x0y0,utah,6.725,8.5,Ab,saline,153.65715828731942,8.5,,b,-1,0.08,soma,64.19484019000001,-502.829053892365,424.18119384779817,-1125.5085415223516,,-503.0,424.5461252961516,-1125.2827078891391,none,0.0,success,105.0,0.005,"(-503, 62, -393)",-503.0,62.0,-393.0,,,,
4601,realistic,3,x0y0,utah,4.724,6.2,Ab,saline,44.467815460689316,6.2,,b,-1,0.08,soma,57.798794201999996,-1495.7315700229453,759.16894135035,698.9581361560922,,-1496.0,759.1365276692507,698.7986097712737,none,0.0,success,105.0,0.005,"(-1496, 189, 118)",-1496.0,189.0,118.0,,,,
4602,realistic,3,x0y0,utah,5.681,7.3,Ab,saline,119.81519078251652,7.3,,b,-1,0.08,soma,60.857772718,-1908.612344009192,533.9742052330671,-315.47635736564644,,-1909.0,533.4661018050687,-315.4312422976949,none,0.0,success,105.0,0.005,"(-1909, -174, 90)",-1909.0,-174.0,90.0,,,,
4603,realistic,3,x0y0,utah,6.029,7.7,Ab,saline,-12.332331469251411,7.7,,b,-1,0.08,soma,61.970128542,552.3658621055707,-289.16329220791835,1275.1139847588604,,552.0,-289.2944097282857,1275.1358092863402,none,0.0,success,105.0,0.005,"(552, -115, 478)",552.0,-115.0,478.0,,,,
4604,realistic,3,x0y0,utah,6.986000000000001,8.8,Ab,saline,-21.3521495061156,8.8,,b,-1,0.08,soma,65.02910705800001,-752.9969638876493,-384.30356853271,1312.1106101873675,,-753.0,-384.657048939909,1312.433055156911,none,0.0,success,105.0,0.005,"(-753, -87, 551)",-753.0,-87.0,551.0,,,,
4605,realistic,3,x0y0,utah,6.551000000000001,8.3,Ab,saline,-10.933951830624778,8.3,,b,-1,0.08,soma,63.63866227800001,-634.7498024889877,-178.9910198650259,1340.1132786707958,,-635.0,-178.95062711706834,1339.9532193122704,none,0.0,success,105.0,0.005,"(-635, -24, 538)",-635.0,-24.0,538.0,,,,
4606,realistic,3,x0y0,utah,5.2459999999999996,6.8,Ab,saline,7.190516522456834,6.8,,b,-1,0.08,soma,59.467327938000004,-1008.6201619027188,1.8748415243089769,1204.8719344693989,,-1009.0,2.004654728918837,1205.2972680236453,none,0.0,success,105.0,0.005,"(-1009, -100, 397)",-1009.0,-100.0,397.0,,,,
4607,realistic,3,x0y0,utah,5.855,7.5,Ab,saline,48.27040622994386,7.5,,b,-1,0.08,soma,61.41395063,1939.8306792274584,850.7386161839659,747.7404810182434,,1940.0,850.7621156775847,747.9345627696641,none,0.0,success,105.0,0.005,"(1940, 242, 205)",1940.0,242.0,205.0,,,,
4608,realistic,3,x0y0,utah,5.072,6.6,Ab,saline,145.26438893862266,6.6,,b,-1,0.08,soma,58.911150026,-505.20677983852585,742.8358645050298,-1237.1899324213514,,-505.0,743.0767866424075,-1237.3195915456836,none,0.0,success,105.0,0.005,"(-505, 279, -568)",-505.0,279.0,-568.0,,,,
4609,realistic,3,x0y0,utah,6.811999999999999,8.6,Ab,saline,185.3241689264368,8.6,,b,-1,0.08,soma,64.472929146,-232.37219971349708,-95.82018311315142,-1274.219226202281,,-232.0,-95.83954391237441,-1274.7223477753364,none,0.0,success,105.0,0.005,"(-232, -20, -461)",-232.0,-20.0,-461.0,,,,
4610,realistic,3,x0y0,utah,6.377,8.1,Ab,saline,191.16005443506265,8.1,,b,-1,0.08,soma,63.082484366,-770.5653725975159,-418.00247747651383,-1117.8290967110734,,-771.0,-418.0823844866288,-1118.1086127057415,none,0.0,success,105.0,0.005,"(-771, -260, -317)",-771.0,-260.0,-317.0,,,,
4611,realistic,3,x0y0,utah,5.768000000000001,7.4,Ab,saline,100.40879523946957,7.4,,b,-1,0.08,soma,61.135861674,250.07343104259581,1209.2159719886604,-99.82851847925848,,250.0,1209.1110599781898,-99.37312510224595,tjn,5.130000000000102,success,11.920166015625,0.005,"(250, 407, 48)",250.0,407.0,48.0,250.0,,407.0,48.0
4612,realistic,3,x0y0,utah,7.247,9.1,Ab,saline,13.838882969970047,9.1,,b,-1,0.08,soma,65.86337392600001,571.1196961337135,248.97850312516312,1234.9271677721026,,571.0,248.64925952154965,1235.2116680410732,none,0.0,success,105.0,0.005,"(571, 53, 441)",571.0,53.0,441.0,,,,
4613,realistic,3,x0y0,utah,5.507,7.1,Ab,saline,-19.810517035807635,7.1,,b,-1,0.08,soma,60.301594806000004,-994.1841616942868,-451.1374383095758,1102.0975149181568,,-994.0,-451.2546052398768,1101.8938701967427,none,0.0,success,105.0,0.005,"(-994, -175, 335)",-994.0,-175.0,335.0,,,,
4614,realistic,3,x0y0,utah,6.4639999999999995,8.2,Ab,saline,59.19096051553483,8.2,,b,-1,0.08,soma,63.360573322,-183.1871681548816,1105.056272757898,656.9456485196806,,-183.0,1105.446698213133,657.3036428277644,tjn,5.170000000000108,success,55.06591796875,0.005,"(-183, 404, 239)",-183.0,404.0,239.0,-183.0,,404.0,239.0
4615,realistic,3,x0y0,utah,4.55,6.0,Ab,saline,139.74760429068706,6.0,,b,-1,0.08,soma,57.24261629,1185.0814628058995,882.2566930622587,-1046.0891730260184,,1185.0,882.7620893232992,-1045.9557823762643,none,0.0,success,105.0,0.005,"(1185, 357, -425)",1185.0,357.0,-425.0,,,,
4616,realistic,3,x0y0,utah,6.29,8.0,Ab,saline,131.9939646432685,8.0,,b,-1,0.08,soma,62.80439541,222.07687007693244,181.67247201166447,-183.57068106937004,,222.0,181.75011333435612,-183.25471048441568,none,0.0,success,105.0,0.005,"(222, -425, 363)",222.0,-425.0,363.0,,,,
4617,realistic,3,x0y0,utah,7.508000000000001,9.4,Ab,saline,197.45802998475426,9.4,,b,-1,0.08,soma,66.697640794,512.1064756064737,-570.8994102795788,-1135.8563575894314,,512.0,-570.5046461191,-1135.6229397766986,none,0.0,success,105.0,0.005,"(512, -325, -355)",512.0,-325.0,-355.0,,,,
4618,realistic,3,x0y0,utah,5.333,6.9,Ab,saline,348.1038392727765,6.9,,b,-1,0.08,soma,59.745416893999995,-1003.1214088475737,-343.7094208822773,1255.7287170543784,,-1003.0,-343.9452652109268,1255.3529452153898,none,0.0,success,105.0,0.005,"(-1003, -176, 458)",-1003.0,-176.0,458.0,,,,
4619,realistic,3,x0y0,utah,8.291,10.3,Ab,saline,157.86919639634226,10.3,,b,-1,0.08,soma,69.20044139800001,1554.1061049963394,489.7519396307893,-1017.9810388542874,,1554.0,489.7434031373134,-1018.195684433484,none,0.0,success,105.0,0.005,"(1554, 181, -259)",1554.0,181.0,-259.0,,,,
4620,realistic,3,x0y0,utah,9.422,11.6,Ab,saline,167.4102587351351,11.6,,b,-1,0.08,soma,72.815597826,-1896.6966217466602,134.74152502301877,-784.6506696104016,,-1897.0,135.06690016303406,-784.6940117390883,none,0.0,success,105.0,0.005,"(-1897, -44, 17)",-1897.0,-44.0,17.0,,,,
4621,realistic,3,x0y0,utah,5.42,7.0,Ab,saline,106.92011147843832,7.0,,b,-1,0.08,soma,60.02350585000001,150.7117739168631,1251.0324134852845,-336.6191625771871,,151.0,1250.7217440233476,-336.16842010117506,tjn,5.145000000000104,success,22.96142578125,0.005,"(151, 471, -99)",151.0,471.0,-99.0,151.0,,471.0,-99.0
4622,realistic,3,x0y0,utah,7.682,9.6,Ab,saline,196.6538787009864,9.6,,b,-1,0.08,soma,67.253818706,1663.4224891896095,-393.4578770633648,-1171.3471671184554,,1663.0,-393.61847222056986,-1171.3264418511094,none,0.0,success,105.0,0.005,"(1663, -159, -387)",1663.0,-159.0,-387.0,,,,
4623,realistic,3,x0y0,utah,6.29,8.0,Ab,saline,79.8578986550633,8.0,,b,-1,0.08,soma,62.80439541,-293.5764238688294,607.174789364682,84.52937621358159,,-294.0,607.6663234208022,84.76842701585053,tjn,5.420000000000147,success,45.22247314453125,0.005,"(-294, -196, -59)",-294.0,-196.0,-59.0,-294.0,,-196.0,-59.0
4624,realistic,3,x0y0,utah,5.855,7.5,Ab,saline,-27.644759721685173,7.5,,b,-1,0.08,soma,61.41395063,1653.793141635813,-472.06496990897483,1205.4387231474655,,1654.0,-472.4880365461601,1205.5532387340272,none,0.0,success,105.0,0.005,"(1654, -94, 483)",1654.0,-94.0,483.0,,,,
4625,realistic,3,x0y0,utah,5.594,7.2,Ab,saline,103.32753430069036,7.2,,b,-1,0.08,soma,60.579683761999995,1031.349646377116,994.1835044566992,-323.95456269863917,,1031.0,994.3585451344012,-323.92430855357054,none,0.0,success,105.0,0.005,"(1031, 201, -136)",1031.0,201.0,-136.0,,,,
4626,realistic,3,x0y0,utah,6.203,7.9,Ab,saline,-2.2550793593346934,7.9,,b,-1,0.08,soma,62.52630645400001,-1998.2960783446329,-127.56328805520387,1161.3446552132891,,-1998.0,-127.0791419218211,1161.6101427044186,none,0.0,success,105.0,0.005,"(-1998, -95, 346)",-1998.0,-95.0,346.0,,,,
4627,realistic,3,x0y0,utah,6.29,8.0,Ab,saline,70.08268946552079,8.0,,b,-1,0.08,soma,62.80439541,-1898.5139343534522,1062.2322828512888,589.6267716506445,,-1899.0,1062.5813462822412,590.1482287580936,periphery,5.360000000000138,success,105.0,0.005,"(-1899, 295, 312)",-1899.0,295.0,312.0,-1899.0,,295.0,312.0
4628,realistic,3,x0y0,utah,4.985,6.5,Ab,saline,36.11624625636635,6.5,,b,-1,0.08,soma,58.63306107,-58.62488427975809,508.30767088224013,987.1781165144755,,-59.0,507.95816309732913,986.8048933661731,none,0.0,success,105.0,0.005,"(-59, 28, 329)",-59.0,28.0,329.0,,,,
4629,realistic,3,x0y0,utah,5.159,6.7,Ab,saline,210.10874925088643,6.7,,b,-1,0.08,soma,59.189238982000006,-1329.8490752339756,-644.5724485197197,-1138.3105736672846,,-1330.0,-644.6006611366857,-1138.7058053216642,none,0.0,success,105.0,0.005,"(-1330, -236, -434)",-1330.0,-236.0,-434.0,,,,
4630,realistic,3,x0y0,utah,6.377,8.1,Ab,saline,196.44018410242558,8.1,,b,-1,0.08,soma,63.082484366,1884.816908110511,-503.43505171038436,-1152.0937332163417,,1885.0,-503.08117153778903,-1152.1447053777156,none,0.0,success,105.0,0.005,"(1885, -272, -369)",1885.0,-272.0,-369.0,,,,
4631,realistic,3,x0y0,utah,5.159,6.7,Ab,saline,36.583937277281606,6.7,,b,-1,0.08,soma,59.189238982000006,-1085.4353996753334,855.0352931481392,1108.585008226558,,-1085.0,855.498393216636,1108.1194794512733,none,0.0,success,105.0,0.005,"(-1085, 370, 454)",-1085.0,370.0,454.0,,,,
4632,realistic,3,x0y0,utah,6.551000000000001,8.3,Ab,saline,-12.119968813109429,8.3,,b,-1,0.08,soma,63.63866227800001,-1686.8405614018084,-223.0559602592457,1203.9119142248364,,-1687.0,-223.53205953919002,1203.6042600546004,none,0.0,success,105.0,0.005,"(-1687, -52, 405)",-1687.0,-52.0,405.0,,,,
4633,realistic,3,x0y0,utah,5.072,6.6,Ab,saline,37.26410526901699,6.6,,b,-1,0.08,soma,58.911150026,78.05359891689069,611.788154955138,948.0851407451461,,78.0,612.1528506703717,948.2251921528468,none,0.0,success,105.0,0.005,"(78, 119, 300)",78.0,119.0,300.0,,,,
4634,realistic,3,x0y0,utah,6.4639999999999995,8.2,Ab,saline,154.9372656830147,8.2,,b,-1,0.08,soma,63.360573322,-798.0374301557712,647.9313798526217,-1212.5373535640595,,-798.0,647.9457694295997,-1212.749003657534,none,0.0,success,105.0,0.005,"(-798, 302, -473)",-798.0,302.0,-473.0,,,,
4635,realistic,3,x0y0,utah,6.725,8.5,Ab,saline,116.88641676686107,8.5,,b,-1,0.08,soma,64.19484019000001,42.66719013718179,1072.90323880935,-561.2369669813761,,43.0,1072.7691889827308,-561.4914533669591,tjn,5.18000000000011,success,56.201171875,0.005,"(43, 344, -192)",43.0,344.0,-192.0,43.0,,344.0,-192.0
4636,realistic,3,x0y0,utah,5.681,7.3,Ab,saline,152.32934803009152,7.3,,b,-1,0.08,soma,60.857772718,1515.8166681356147,264.8225607683434,-712.5478840769937,,1516.0,264.6851748251197,-712.1438217595306,none,0.0,success,105.0,0.005,"(1516, -114, 10)",1516.0,-114.0,10.0,,,,
4637,realistic,3,x0y0,utah,5.2459999999999996,6.8,Ab,saline,29.411683915132517,6.8,,b,-1,0.08,soma,59.467327938000004,-614.6559695380038,669.8183987695087,1129.301451612232,,-615.0,670.115702375176,1129.7144946833962,none,0.0,success,105.0,0.005,"(-615, 270, 420)",-615.0,270.0,420.0,,,,
4638,realistic,3,x0y0,utah,5.942,7.6,Ab,saline,85.66761170197003,7.6,,b,-1,0.08,soma,61.69203958600001,-240.73101096684792,1447.5099804411448,221.4008009134864,,-241.0,1447.4800663356004,221.5963744943715,tjn,5.145000000000104,success,22.611236572265625,0.005,"(-241, 634, 160)",-241.0,634.0,160.0,-241.0,,634.0,160.0
4639,realistic,3,x0y0,utah,6.986000000000001,8.8,Ab,saline,123.03645643659956,8.8,,b,-1,0.08,soma,65.02910705800001,-1741.6871506201078,983.1202628699773,-757.7237727236406,,-1742.0,983.322450223361,-757.708934584011,periphery,5.240000000000119,success,105.0,0.005,"(-1742, 298, -312)",-1742.0,298.0,-312.0,-1742.0,,298.0,-312.0
4640,realistic,3,x0y0,utah,5.42,7.0,Ab,saline,184.8748857433809,7.0,,b,-1,0.08,soma,60.02350585000001,-794.2127839843887,-1.2030372621934475,-1189.3196777096862,,-794.0,-1.2759989986250275,-1189.07771061447,none,0.0,success,105.0,0.005,"(-794, 68, -377)",-794.0,68.0,-377.0,,,,
4641,realistic,3,x0y0,utah,4.811,6.3,Ab,saline,159.0281322308276,6.3,,b,-1,0.08,soma,58.076883158,-412.0752986815055,452.5341877172372,-1178.28761681244,,-412.0,452.34435824112416,-1178.1490967464704,none,0.0,success,105.0,0.005,"(-412, 161, -418)",-412.0,161.0,-418.0,,,,
4642,realistic,3,x0y0,utah,12.206000000000001,14.8,Ab,saline,29.5532280720108,14.8,,b,-1,0.08,soma,81.714444418,-120.15215503298073,39.7765932938064,51.760631090699924,,-120.0,39.31278199347889,51.41319759960925,none,0.0,success,105.0,0.005,"(-120, -368, -667)",-120.0,-368.0,-667.0,,,,
4643,realistic,3,x0y0,utah,7.856,9.8,Ab,saline,202.31726246682945,9.8,,b,-1,0.08,soma,67.809996618,1476.492416567746,-489.243205171279,-1222.4435722876249,,1476.0,-488.93822785792736,-1222.5690139356561,none,0.0,success,105.0,0.005,"(1476, -178, -465)",1476.0,-178.0,-465.0,,,,
4644,realistic,3,x0y0,utah,6.4639999999999995,8.2,Ab,saline,-11.543500775995092,8.2,,b,-1,0.08,soma,63.360573322,1382.5155649698734,-396.8934732925604,1184.0708841964442,,1383.0,-396.41772536086614,1184.183344870448,none,0.0,success,105.0,0.005,"(1383, -233, 384)",1383.0,-233.0,384.0,,,,
4645,realistic,3,x0y0,utah,6.898999999999999,8.7,Ab,saline,69.45692287010475,8.7,,b,-1,0.08,soma,64.751018102,821.8563159396809,538.0590406583941,222.14840573627185,,822.0,538.3904266753566,221.81706612599595,none,0.0,success,105.0,0.005,"(822, -227, -65)",822.0,-227.0,-65.0,,,,
4646,realistic,3,x0y0,utah,6.638,8.4,Ab,saline,196.29643508815246,8.4,,b,-1,0.08,soma,63.916751233999996,693.2488022877388,-463.77407466471817,-1305.2565266221288,,693.0,-464.2385201981303,-1305.116648917197,none,0.0,success,105.0,0.005,"(693, -235, -521)",693.0,-235.0,-521.0,,,,
4647,realistic,3,x0y0,utah,7.682,9.6,Ab,saline,128.85303506052546,9.6,,b,-1,0.08,soma,67.253818706,-1482.8012357983273,1055.6259287683029,-680.8145045066449,,-1483.0,1055.5466370041167,-680.524660237137,periphery,5.185000000000111,success,45.9228515625,0.005,"(-1483, 418, -167)",-1483.0,418.0,-167.0,-1483.0,,418.0,-167.0
4648,realistic,3,x0y0,utah,6.811999999999999,8.6,Ab,saline,137.91806974804928,8.6,,b,-1,0.08,soma,64.472929146,-1497.5339262025088,680.235811886475,-823.6460373550535,,-1498.0,680.7118785568247,-823.5529040060807,none,0.0,success,105.0,0.005,"(-1498, 133, -217)",-1498.0,133.0,-217.0,,,,
4649,realistic,3,x0y0,utah,4.724,6.2,Ab,saline,160.90384635930675,6.2,,b,-1,0.08,soma,57.798794201999996,1752.8840353143094,414.42623389196336,-1142.890380524929,,1753.0,414.30788273144725,-1143.1349302604451,none,0.0,success,105.0,0.005,"(1753, 148, -374)",1753.0,148.0,-374.0,,,,
4650,realistic,3,x0y0,utah,5.42,7.0,Ab,saline,136.33551894299552,7.0,,b,-1,0.08,soma,60.02350585000001,1379.36324402243,701.0676672719019,-858.6784304101293,,1379.0,700.6841142194202,-858.5795020659452,none,0.0,success,105.0,0.005,"(1379, 138, -269)",1379.0,138.0,-269.0,,,,
4651,realistic,3,x0y0,utah,5.681,7.3,Ab,saline,-14.588187276646526,7.3,,b,-1,0.08,soma,60.857772718,-1850.1142781619053,-251.62989614065188,1166.4574772337892,,-1850.0,-251.40653647383218,1166.1720762182404,none,0.0,success,105.0,0.005,"(-1850, -46, 377)",-1850.0,-46.0,377.0,,,,
4652,realistic,3,x0y0,utah,8.813,10.9,Ab,saline,-10.286101241222678,10.9,,b,-1,0.08,soma,70.86897513400001,-1087.4787081436368,-146.61428832465617,1384.1514217951044,,-1087.0,-146.52959947946624,1384.2254923171715,none,0.0,success,105.0,0.005,"(-1087, 0, 577)",-1087.0,0.0,577.0,,,,
4653,realistic,3,x0y0,utah,5.594,7.2,Ab,saline,123.79135940536943,7.2,,b,-1,0.08,soma,60.579683761999995,-315.16053849176467,1045.1186849179694,-717.4386671653383,,-315.0,1045.5873875872992,-717.4642100542123,tjn,5.195000000000112,success,76.025390625,0.005,"(-315, 368, -264)",-315.0,368.0,-264.0,-315.0,,368.0,-264.0
4654,realistic,3,x0y0,utah,7.421000000000001,9.3,Ab,saline,129.8674191942465,9.3,,b,-1,0.08,soma,66.419551838,604.2591137496893,814.597570080899,-938.2105779992308,,604.0,814.9760030178327,-938.4724663640792,none,0.0,success,105.0,0.005,"(604, 187, -414)",604.0,187.0,-414.0,,,,
4655,realistic,3,x0y0,utah,6.4639999999999995,8.2,Ab,saline,197.01586302157574,8.2,,b,-1,0.08,soma,63.360573322,1325.749679494186,-487.8628426266182,-1272.0602928128035,,1326.0,-487.9606518770087,-1271.9096901052485,none,0.0,success,105.0,0.005,"(1326, -249, -491)",1326.0,-249.0,-491.0,,,,
4656,realistic,3,x0y0,utah,4.898000000000001,6.4,Ab,saline,318.0115200497586,6.4,,b,-1,0.08,soma,58.354972114000006,-1019.0863406631672,-645.6090138853074,569.0979018868679,,-1019.0,-645.6847381721332,569.1781253861683,none,0.0,success,105.0,0.005,"(-1019, -101, -36)",-1019.0,-101.0,-36.0,,,,
4657,realistic,3,x0y0,utah,5.942,7.6,Ab,saline,138.69903188484975,7.6,,b,-1,0.08,soma,61.69203958600001,-460.47317276637256,615.5888553624277,-820.6405449177196,,-460.0,615.4583730633801,-820.9451146704811,none,0.0,success,105.0,0.005,"(-460, 77, -208)",-460.0,77.0,-208.0,,,,
4658,realistic,3,x0y0,utah,5.855,7.5,Ab,saline,148.42496154088428,7.5,,b,-1,0.08,soma,61.41395063,83.33921200848793,721.544224106312,-1069.879474533385,,83.0,721.1041722749342,-1069.9823429683802,tjn,5.160000000000107,success,105.0,0.005,"(83, 294, -375)",83.0,294.0,-375.0,83.0,,294.0,-375.0
4659,realistic,3,x0y0,utah,4.637,6.1,Ab,saline,130.425857636029,6.1,,b,-1,0.08,soma,57.520705246000006,-569.2335338690219,871.5216697498163,-859.8384831404255,,-569.0,871.4343804166277,-859.7235886760157,none,0.0,success,105.0,0.005,"(-569, 252, -332)",-569.0,252.0,-332.0,,,,
4660,realistic,3,x0y0,utah,4.55,6.0,Ab,saline,97.5322591128796,6.0,,b,-1,0.08,soma,57.24261629,-262.28732045198,995.593981158282,-184.89306199068005,,-262.0,995.6241648949532,-184.66575349780953,tjn,5.200000000000113,success,30.3955078125,0.005,"(-262, 189, -78)",-262.0,189.0,-78.0,-262.0,,189.0,-78.0
4661,realistic,3,x0y0,utah,7.595000000000001,9.5,Ab,saline,-3.0540988096333592,9.5,,b,-1,0.08,soma,66.97572975,144.17445086004957,-106.94596516841513,1461.1102511425547,,144.0,-106.62540319783751,1461.3419818641753,none,0.0,success,105.0,0.005,"(144, -63, 644)",144.0,-63.0,644.0,,,,
4662,realistic,3,x0y0,utah,4.637,6.1,Ab,saline,98.30856013939429,6.1,,b,-1,0.08,soma,57.520705246000006,718.1122376658667,1294.7261214591965,-204.66424179044586,,718.0,1295.215868920459,-204.58837095402353,central,5.1650000000001075,success,39.056396484375,0.005,"(718, 490, -87)",718.0,490.0,-87.0,718.0,,490.0,-87.0
4663,realistic,3,x0y0,utah,6.29,8.0,Ab,saline,154.46648538615528,8.0,,b,-1,0.08,soma,62.80439541,-495.7975581573384,637.9227866397741,-1294.302812243298,,-496.0,637.869347210855,-1294.6397029892216,none,0.0,success,105.0,0.005,"(-496, 286, -558)",-496.0,286.0,-558.0,,,,
4664,realistic,3,x0y0,utah,4.811,6.3,Ab,saline,-12.543542915389168,6.3,,b,-1,0.08,soma,58.076883158,-728.833620114258,-473.56075753860114,1359.9901316238502,,-729.0,-473.80914951095883,1359.582922825262,none,0.0,success,105.0,0.005,"(-729, -297, 565)",-729.0,-297.0,565.0,,,,
4665,realistic,3,x0y0,utah,6.811999999999999,8.6,Ab,saline,-4.2841587912897205,8.6,,b,-1,0.08,soma,64.472929146,-1207.381930678613,-130.5345628976247,1179.3984959506524,,-1207.0,-130.0475639036031,1178.9482024721956,none,0.0,success,105.0,0.005,"(-1207, -69, 364)",-1207.0,-69.0,364.0,,,,
4666,realistic,3,x0y0,utah,4.55,6.0,Ab,saline,98.29462805764031,6.0,,b,-1,0.08,soma,57.24261629,-1422.6476213480014,1140.0777183767416,-227.62972663797973,,-1423.0,1140.0782844094779,-227.40555476532353,periphery,5.205000000000114,success,68.890380859375,0.005,"(-1423, 335, -110)",-1423.0,335.0,-110.0,-1423.0,,335.0,-110.0
4667,realistic,3,x0y0,utah,8.465,10.5,Ab,saline,101.19929927346888,10.5,,b,-1,0.08,soma,69.75661931,649.658038363595,194.02697348515636,-39.67519479207203,,650.0,194.30062177155526,-39.220367735001076,none,0.0,success,105.0,0.005,"(650, -610, 120)",650.0,-610.0,120.0,,,,
4668,realistic,3,x0y0,utah,4.811,6.3,Ab,saline,-20.6694952506092,6.3,,b,-1,0.08,soma,58.076883158,-902.8584937424033,-450.3661060443019,1238.5474539612314,,-903.0,-450.35556987738704,1238.6143659413126,none,0.0,success,105.0,0.005,"(-903, -163, 477)",-903.0,-163.0,477.0,,,,
4669,realistic,3,x0y0,utah,5.942,7.6,Ab,saline,-23.34109821014452,7.6,,b,-1,0.08,soma,61.69203958600001,1572.2011530948425,-427.74180127380896,1097.5488687376628,,1572.0,-428.2381930419867,1097.1098153739329,none,0.0,success,105.0,0.005,"(1572, -105, 348)",1572.0,-105.0,348.0,,,,
4670,realistic,3,x0y0,utah,4.811,6.3,Ab,saline,162.00333210303498,6.3,,b,-1,0.08,soma,58.076883158,697.0920847159332,533.8227087108462,-1183.420804199401,,697.0,533.537878447911,-1183.231961785787,none,0.0,success,105.0,0.005,"(697, 282, -409)",697.0,282.0,-409.0,,,,
4671,realistic,3,x0y0,utah,5.681,7.3,Ab,saline,191.23491053829,7.3,,b,-1,0.08,soma,60.857772718,957.8571829112072,-41.975643117038544,-1399.2026659886483,,958.0,-41.84554706273323,-1398.7726517409073,none,0.0,success,105.0,0.005,"(958, 117, -599)",958.0,117.0,-599.0,,,,
4672,realistic,3,x0y0,utah,5.768000000000001,7.4,Ab,saline,315.70305478035124,7.4,,b,-1,0.08,soma,61.135861674,-766.0285316806488,-552.2850440008551,431.39210991438495,,-766.0,-552.5926428965611,431.7019681000411,none,0.0,success,105.0,0.005,"(-766, 17, -152)",-766.0,17.0,-152.0,,,,
4673,realistic,3,x0y0,utah,4.811,6.3,Ab,saline,166.02664201915374,6.3,,b,-1,0.08,soma,58.076883158,1608.291573749205,140.75836947846028,-1244.9503226248455,,1608.0,140.59028364132854,-1244.9429037082618,none,0.0,success,105.0,0.005,"(1608, -56, -455)",1608.0,-56.0,-455.0,,,,
4674,realistic,3,x0y0,utah,5.42,7.0,Ab,saline,78.38642393469041,7.0,,b,-1,0.08,soma,60.02350585000001,546.6915488790829,1058.1770854893248,239.52584493934955,,547.0,1058.304011990038,239.06186586380255,tjn,5.205000000000114,success,55.3955078125,0.005,"(547, 260, 75)",547.0,260.0,75.0,547.0,,260.0,75.0
4675,realistic,3,x0y0,utah,6.116,7.8,Ab,saline,3.572982263874545,7.8,,b,-1,0.08,soma,62.248217498,-1107.6627171971163,117.5262340827885,1148.2752003200405,,-1108.0,117.84453197506272,1148.573472942377,none,0.0,success,105.0,0.005,"(-1108, 67, 334)",-1108.0,67.0,334.0,,,,
4676,realistic,3,x0y0,utah,5.072,6.6,Ab,saline,13.728705500729316,6.6,,b,-1,0.08,soma,58.911150026,865.0278428687441,365.59009406679337,1349.0794335033445,,865.0,365.27030795058494,1349.1621455676284,none,0.0,success,105.0,0.005,"(865, 172, 558)",865.0,172.0,558.0,,,,
4677,realistic,3,x0y0,utah,5.2459999999999996,6.8,Ab,saline,66.39129839937921,6.8,,b,-1,0.08,soma,59.467327938000004,438.08829343454687,1168.4651027920972,638.2562961801978,,438.0,1168.5404562947951,638.3008324195846,central,5.185000000000111,success,82.598876953125,0.005,"(438, 422, 312)",438.0,422.0,312.0,438.0,,422.0,312.0
4678,realistic,3,x0y0,utah,7.508000000000001,9.4,Ab,saline,129.29626737879644,9.4,,b,-1,0.08,soma,66.697640794,1428.5412586525672,676.9650539437907,-657.2057249977015,,1429.0,677.3201521052385,-657.2603079574203,none,0.0,success,105.0,0.005,"(1429, 44, -139)",1429.0,44.0,-139.0,,,,
4679,realistic,3,x0y0,utah,5.2459999999999996,6.8,Ab,saline,-7.359719294069192,6.8,,b,-1,0.08,soma,59.467327938000004,1164.4880691446042,-87.78505387715086,1205.3570644258086,,1164.0,-87.36738235442893,1205.0528479244545,none,0.0,success,105.0,0.005,"(1164, 17, 397)",1164.0,17.0,397.0,,,,
4680,realistic,3,x0y0,utah,7.247,9.1,Ab,saline,29.422730691447374,9.1,,b,-1,0.08,soma,65.86337392600001,-302.9849951804622,678.1780403358797,1284.9414081230361,,-303.0,677.7680446362257,1285.4184993447732,none,0.0,success,105.0,0.005,"(-303, 276, 573)",-303.0,276.0,573.0,,,,
4681,realistic,3,x0y0,utah,6.377,8.1,Ab,saline,49.901095653004944,8.1,,b,-1,0.08,soma,63.082484366,-1409.2673975532452,1045.0870476097716,715.0719346134108,,-1409.0,1044.572396145777,714.9342140900704,periphery,5.185000000000111,success,48.81591796875,0.005,"(-1409, 420, 189)",-1409.0,420.0,189.0,-1409.0,,420.0,189.0
4682,realistic,3,x0y0,utah,7.073,8.9,Ab,saline,147.81708108125775,8.9,,b,-1,0.08,soma,65.307196014,3.9223720107584015,668.5977119297378,-1031.8765551052575,,4.0,668.4823062985283,-1032.0620053531252,none,0.0,success,105.0,0.005,"(4, 233, -340)",4.0,233.0,-340.0,,,,
4683,realistic,3,x0y0,utah,5.333,6.9,Ab,saline,120.08956509031051,6.9,,b,-1,0.08,soma,59.745416893999995,-309.06778026512205,1140.6054305425632,-811.6918247730946,,-309.0,1141.0278673483444,-811.5771760153259,tjn,5.140000000000104,success,105.0,0.005,"(-309, 436, -403)",-309.0,436.0,-403.0,-309.0,,436.0,-403.0
4684,realistic,3,x0y0,utah,6.116,7.8,Ab,saline,95.89578140231957,7.8,,b,-1,0.08,soma,62.248217498,1259.408526930491,1288.9271215187134,-132.07912364803224,,1259.0,1288.7986509726306,-131.81594596852233,central,5.190000000000111,success,18.8232421875,0.005,"(1259, 477, -48)",1259.0,477.0,-48.0,1259.0,,477.0,-48.0
4685,realistic,3,x0y0,utah,5.2459999999999996,6.8,Ab,saline,131.62130937838106,6.8,,b,-1,0.08,soma,59.467327938000004,-10.288380258467232,386.4054971275882,-387.79797691250997,,-10.0,386.0948871832246,-388.14609960820997,none,0.0,success,105.0,0.005,"(-10, -223, 153)",-10.0,-223.0,153.0,,,,
4686,realistic,3,x0y0,utah,6.638,8.4,Ab,saline,176.84070244252445,8.4,,b,-1,0.08,soma,63.916751233999996,300.85213886709573,-32.44476836276908,-1456.9663779320385,,301.0,-31.98559350350328,-1456.7329380535748,none,0.0,success,105.0,0.005,"(301, -77, -641)",301.0,-77.0,-641.0,,,,
4687,realistic,3,x0y0,utah,4.724,6.2,Ab,saline,139.96638209137674,6.2,,b,-1,0.08,soma,57.798794201999996,1769.2445848098764,859.5652336751505,-914.0164457062727,,1769.0,859.5000922153633,-914.202768360236,none,0.0,success,105.0,0.005,"(1769, 336, -291)",1769.0,336.0,-291.0,,,,
4688,realistic,3,x0y0,utah,4.724,6.2,Ab,saline,44.76398240218421,6.2,,b,-1,0.08,soma,57.798794201999996,3.25699203262908,744.9440170032358,795.4992510023112,,3.0,745.1479554385244,795.8685719417101,none,0.0,success,105.0,0.005,"(3, 172, 218)",3.0,172.0,218.0,,,,
4689,realistic,3,x0y0,utah,5.855,7.5,Ab,saline,-3.8814891461352983,7.5,,b,-1,0.08,soma,61.41395063,-479.16387340041604,-312.21295355601984,1310.7098736789912,,-479.0,-312.2233622288255,1310.8308492717756,none,0.0,success,105.0,0.005,"(-479, -257, 497)",-479.0,-257.0,497.0,,,,
4690,realistic,3,x0y0,utah,6.116,7.8,Ab,saline,130.1480332298272,7.8,,b,-1,0.08,soma,62.248217498,1038.3852374378196,268.62990307590144,-232.67010207578141,,1038.0,268.84526872773574,-232.23682532135535,none,0.0,success,105.0,0.005,"(1038, -355, 294)",1038.0,-355.0,294.0,,,,
4691,realistic,3,x0y0,utah,5.594,7.2,Ab,saline,74.84103858782765,7.2,,b,-1,0.08,soma,60.579683761999995,-1164.08793064589,1225.5727545019345,417.9047397077594,,-1164.0,1225.9177553835411,418.19829365188156,periphery,5.195000000000112,success,45.9228515625,0.005,"(-1164, 439, 205)",-1164.0,439.0,205.0,-1164.0,,439.0,205.0
4692,realistic,3,x0y0,utah,6.29,8.0,Ab,saline,47.41930073790059,8.0,,b,-1,0.08,soma,62.80439541,-572.9602451946936,994.9928800927464,861.3004908034909,,-573.0,995.1169381701916,861.3777269672031,periphery,5.230000000000118,success,78.55224609375,0.005,"(-573, 394, 309)",-573.0,394.0,309.0,-573.0,,394.0,309.0
4693,realistic,3,x0y0,utah,5.681,7.3,Ab,saline,-26.51502893220529,7.3,,b,-1,0.08,soma,60.857772718,137.43344455252006,-654.0735634096991,1296.370674720808,,137.0,-654.0074548706577,1296.6457675140334,none,0.0,success,105.0,0.005,"(137, -290, 567)",137.0,-290.0,567.0,,,,
4694,realistic,3,x0y0,utah,6.29,8.0,Ab,saline,33.13767973603448,8.0,,b,-1,0.08,soma,62.80439541,-1580.8708459138877,233.26633583009425,394.84926690939886,,-1581.0,233.32708148532356,394.6552003581671,none,0.0,success,105.0,0.005,"(-1581, -213, -289)",-1581.0,-213.0,-289.0,,,,
4695,realistic,3,x0y0,utah,6.377,8.1,Ab,saline,25.82820173215293,8.1,,b,-1,0.08,soma,63.082484366,-625.7418061261831,789.3751084119153,1148.076197646058,,-626.0,789.7670192191332,1147.9687720889185,periphery,5.200000000000113,success,94.775390625,0.005,"(-626, 434, 413)",-626.0,434.0,413.0,-626.0,,434.0,413.0
4696,realistic,3,x0y0,utah,6.811999999999999,8.6,Ab,saline,159.0352481970481,8.6,,b,-1,0.08,soma,64.472929146,-769.0829555192969,481.0101907446711,-1248.3519970665614,,-769.0,481.4072070242195,-1248.1354106182675,none,0.0,success,105.0,0.005,"(-769, 189, -485)",-769.0,189.0,-485.0,,,,
4697,realistic,3,x0y0,utah,4.898000000000001,6.4,Ab,saline,85.7239562117783,6.4,,b,-1,0.08,soma,58.354972114000006,353.46934618857176,1038.1175850045797,48.368100073181715,,353.0,1037.8977890960405,48.737640459852216,tjn,5.1650000000001075,success,21.2860107421875,0.005,"(353, 226, -12)",353.0,226.0,-12.0,353.0,,226.0,-12.0
4698,realistic,3,x0y0,utah,4.985,6.5,Ab,saline,159.07838879683587,6.5,,b,-1,0.08,soma,58.63306107,773.4883651998551,314.09182597187237,-1155.114183349067,,773.0,313.79243305404856,-1154.6530711727437,none,0.0,success,105.0,0.005,"(773, 23, -394)",773.0,23.0,-394.0,,,,
4699,realistic,3,x0y0,utah,7.334,9.2,Ab,saline,19.472793265952888,9.2,,b,-1,0.08,soma,66.141462882,380.5947121475466,523.9133983057395,1344.517057714016,,381.0,523.7447818624295,1344.277085602575,none,0.0,success,105.0,0.005,"(381, 251, 573)",381.0,251.0,573.0,,,,
4700,realistic,3,x0y0,utah,6.377,8.1,Ab,saline,93.49547528298002,8.1,,b,-1,0.08,soma,63.082484366,-1599.3870459689997,1060.8253853053848,-178.51039525694932,,-1599.0,1060.9898138228525,-178.80901577316303,periphery,5.1650000000001075,success,105.0,0.005,"(-1599, 246, -129)",-1599.0,246.0,-129.0,-1599.0,,246.0,-129.0
4701,realistic,3,x0y0,utah,5.942,7.6,Ab,saline,40.051111076119426,7.6,,b,-1,0.08,soma,61.69203958600001,-1263.3433360286108,882.8194976823111,889.6617153389052,,-1263.0,882.9969137367956,889.5301281515416,periphery,5.215000000000115,success,74.51171875,0.005,"(-1263, 358, 265)",-1263.0,358.0,265.0,-1263.0,,358.0,265.0
4702,realistic,3,x0y0,utah,5.333,6.9,Ab,saline,79.02189098066215,6.9,,b,-1,0.08,soma,59.745416893999995,-742.8827568292297,750.5836890405528,147.54187924021338,,-743.0,750.9605378824201,147.15176368830885,tjn,5.470000000000155,success,105.0,0.005,"(-743, -49, -8)",-743.0,-49.0,-8.0,-743.0,,-49.0,-8.0
4703,realistic,3,x0y0,utah,6.377,8.1,Ab,saline,61.062495715475606,8.1,,b,-1,0.08,soma,63.082484366,-1198.7311101566318,1018.6102928087877,571.1038132271251,,-1199.0,1018.5552410343435,571.1243070923538,periphery,5.225000000000117,success,70.9228515625,0.005,"(-1199, 304, 176)",-1199.0,304.0,176.0,-1199.0,,304.0,176.0
4704,realistic,3,x0y0,utah,4.985,6.5,Ab,saline,78.1985344472493,6.5,,b,-1,0.08,soma,58.63306107,433.8897702867672,1301.4148085338202,244.6694988768177,,434.0,1301.1344517407117,244.52773049440754,central,5.135000000000103,success,19.00634765625,0.005,"(434, 504, 78)",434.0,504.0,78.0,434.0,,504.0,78.0
4705,realistic,3,x0y0,utah,5.507,7.1,Ab,saline,16.599557912891992,7.1,,b,-1,0.08,soma,60.301594806000004,-568.6532789668832,380.86810040188766,1278.414032114515,,-569.0,380.8885828180372,1278.1590091512953,none,0.0,success,105.0,0.005,"(-569, 148, 497)",-569.0,148.0,497.0,,,,
4706,realistic,3,x0y0,utah,7.247,9.1,Ab,saline,68.95506805144272,9.1,,b,-1,0.08,soma,65.86337392600001,-254.377055678106,1058.73268146578,316.40478443508215,,-254.0,1058.3756434425682,316.71926878841333,tjn,5.155000000000106,success,28.52783203125,0.005,"(-254, 295, 23)",-254.0,295.0,23.0,-254.0,,295.0,23.0
4707,realistic,3,x0y0,utah,4.811,6.3,Ab,saline,206.8364034704012,6.3,,b,-1,0.08,soma,58.076883158,599.1397355194807,-504.4409152014586,-1176.8395579629594,,599.0,-504.45695252876067,-1176.3665014209419,none,0.0,success,105.0,0.005,"(599, -137, -450)",599.0,-137.0,-450.0,,,,
4708,realistic,3,x0y0,utah,5.681,7.3,Ab,saline,73.21649477124932,7.3,,b,-1,0.08,soma,60.857772718,-942.4060094278236,1162.423653270982,355.1494917325499,,-942.0,1162.6916158001068,355.49586238047925,periphery,5.205000000000114,success,48.2666015625,0.005,"(-942, 382, 120)",-942.0,382.0,120.0,-942.0,,382.0,120.0
4709,realistic,3,x0y0,utah,4.898000000000001,6.4,Ab,saline,4.079375934550861,6.4,,b,-1,0.08,soma,58.354972114000006,652.3589819669293,-124.37255604653821,1433.867453569992,,652.0,-124.11198074134728,1434.1420423418576,none,0.0,success,105.0,0.005,"(652, -182, 622)",652.0,-182.0,622.0,,,,
4710,realistic,3,x0y0,utah,4.985,6.5,Ab,saline,75.30569404252644,6.5,,b,-1,0.08,soma,58.63306107,1885.8136092263967,1198.8938681875945,272.52488212885964,,1886.0,1198.6883799865059,272.59210379672953,central,5.330000000000133,success,63.8916015625,0.005,"(1886, 411, 66)",1886.0,411.0,66.0,1886.0,,411.0,66.0
4711,realistic,3,x0y0,utah,6.29,8.0,Ab,saline,-5.553451713039142,8.0,,b,-1,0.08,soma,62.80439541,-491.50570414933617,-108.57081171247955,1268.7794626183158,,-492.0,-109.02773273784402,1268.5651073757867,none,0.0,success,105.0,0.005,"(-492, -30, 456)",-492.0,-30.0,456.0,,,,
4712,realistic,3,x0y0,utah,5.42,7.0,Ab,saline,180.58491207792102,7.0,,b,-1,0.08,soma,60.02350585000001,73.63973327180395,-81.30158976000394,-1229.3110087610953,,74.0,-81.313119879835,-1228.9302517497076,none,0.0,success,105.0,0.005,"(74, -73, -414)",74.0,-73.0,-414.0,,,,
4713,realistic,3,x0y0,utah,4.637,6.1,Ab,saline,45.7396507575488,6.1,,b,-1,0.08,soma,57.520705246000006,1343.5206956641912,709.4177300840693,898.1828916246327,,1344.0,709.8151645485927,897.9233500955918,none,0.0,success,105.0,0.005,"(1344, 127, 330)",1344.0,127.0,330.0,,,,
4714,realistic,3,x0y0,utah,5.681,7.3,Ab,saline,135.245406741825,7.3,,b,-1,0.08,soma,60.857772718,1224.8863492084108,815.7515893085751,-859.0178816314557,,1225.0,816.143478885372,-859.036052203526,none,0.0,success,105.0,0.005,"(1225, 242, -280)",1225.0,242.0,-280.0,,,,
4715,realistic,3,x0y0,utah,4.985,6.5,Ab,saline,2.035848264595795,6.5,,b,-1,0.08,soma,58.63306107,472.9760512196315,281.05312857791984,1429.866100568729,,473.0,280.90823683399253,1429.8279406166791,none,0.0,success,105.0,0.005,"(473, 252, 616)",473.0,252.0,616.0,,,,
4716,realistic,3,x0y0,utah,7.595000000000001,9.5,Ab,saline,88.15709896698813,9.5,,b,-1,0.08,soma,66.97572975,-490.96355590069663,1300.8840816589866,181.0946745047449,,-491.0,1301.0786209425628,181.355309248975,periphery,5.170000000000108,success,30.9814453125,0.005,"(-491, 483, 155)",-491.0,483.0,155.0,-491.0,,483.0,155.0
4717,realistic,3,x0y0,utah,6.029,7.7,Ab,saline,154.10327087678826,7.7,,b,-1,0.08,soma,61.970128542,950.3931118201336,605.7008784757486,-1145.25951587218,,950.0,605.4222760735729,-1145.0601638181918,none,0.0,success,105.0,0.005,"(950, 249, -411)",950.0,249.0,-411.0,,,,
4718,realistic,3,x0y0,utah,5.507,7.1,Ab,saline,88.27885910884153,7.1,,b,-1,0.08,soma,60.301594806000004,-561.7108899246948,1358.9536110599474,-77.95774113496054,,-562.0,1358.7432220042988,-77.54547607791,periphery,5.140000000000104,success,16.76025390625,0.005,"(-562, 544, -102)",-562.0,544.0,-102.0,-562.0,,544.0,-102.0
4719,realistic,3,x0y0,utah,6.986000000000001,8.8,Ab,saline,32.9670684407257,8.8,,b,-1,0.08,soma,65.02910705800001,-344.8235438149219,738.1536572834923,1146.5194040638835,,-345.0,737.891420030482,1146.894710410831,none,0.0,success,105.0,0.005,"(-345, 293, 461)",-345.0,293.0,461.0,,,,
4720,realistic,3,x0y0,utah,6.29,8.0,Ab,saline,31.4408328150221,8.0,,b,-1,0.08,soma,62.80439541,-1596.277646606782,647.3547223787341,1117.8046762751092,,-1596.0,647.8353863229281,1117.5543550819061,none,0.0,success,105.0,0.005,"(-1596, 222, 421)",-1596.0,222.0,421.0,,,,
4721,realistic,3,x0y0,utah,4.55,6.0,Ab,saline,305.49694126837824,6.0,,b,-1,0.08,soma,57.24261629,-1629.6726938634577,-616.0598115952994,519.5815903537123,,-1630.0,-616.3691069608448,519.4698936398017,none,0.0,success,105.0,0.005,"(-1630, 46, 47)",-1630.0,46.0,47.0,,,,
4722,realistic,3,x0y0,utah,6.551000000000001,8.3,Ab,saline,6.541570892154187,8.3,,b,-1,0.08,soma,63.63866227800001,1065.170466648235,268.5459746494862,1265.067582492241,,1065.0,268.0357218167321,1265.5100054865966,none,0.0,success,105.0,0.005,"(1065, 175, 454)",1065.0,175.0,454.0,,,,
4723,realistic,3,x0y0,utah,4.637,6.1,Ab,saline,54.80544801061034,6.1,,b,-1,0.08,soma,57.520705246000006,1343.233663642307,823.3619745969362,543.025474298367,,1343.0,823.0049601635159,543.0514672518973,none,0.0,success,105.0,0.005,"(1343, 158, 74)",1343.0,158.0,74.0,,,,
4724,realistic,3,x0y0,utah,5.768000000000001,7.4,Ab,saline,-18.646112863071085,7.4,,b,-1,0.08,soma,61.135861674,1418.5778342690664,-253.6123788346531,1187.5615077977,,1419.0,-253.737067488589,1187.7506144680578,none,0.0,success,105.0,0.005,"(1419, 7, 415)",1419.0,7.0,415.0,,,,
4725,realistic,3,x0y0,utah,4.637,6.1,Ab,saline,8.656752670624805,6.1,,b,-1,0.08,soma,57.520705246000006,490.697526914885,176.80290888592663,1416.0228142110327,,491.0,176.47093306976154,1416.483484603098,none,0.0,success,105.0,0.005,"(491, 54, 612)",491.0,54.0,612.0,,,,
4726,realistic,3,x0y0,utah,5.855,7.5,Ab,saline,50.668441372717155,7.5,,b,-1,0.08,soma,61.41395063,865.3533280512822,1003.0688365934328,852.1304769887372,,865.0,1002.9493454061527,851.9950809546472,central,5.200000000000113,success,105.0,0.005,"(865, 372, 335)",865.0,372.0,335.0,865.0,,372.0,335.0
4727,realistic,3,x0y0,utah,7.16,9.0,Ab,saline,6.305818989000643,9.0,,b,-1,0.08,soma,65.58528497,-661.8079579444692,94.95394522731978,1435.9570045267435,,-662.0,94.79363214485302,1435.8041073658417,none,0.0,success,105.0,0.005,"(-662, 5, 623)",-662.0,5.0,623.0,,,,
4728,realistic,3,x0y0,utah,6.203,7.9,Ab,saline,26.069539849766212,7.9,,b,-1,0.08,soma,62.52630645400001,-1208.6274447673336,539.7249293633022,1178.358499932353,,-1209.0,539.7476558432666,1178.2491905438142,none,0.0,success,105.0,0.005,"(-1209, 181, 445)",-1209.0,181.0,445.0,,,,
4729,realistic,3,x0y0,utah,6.203,7.9,Ab,saline,190.9604750629102,7.9,,b,-1,0.08,soma,62.52630645400001,228.96715714454726,-54.87326357251595,-1455.6247111190244,,229.0,-55.17162542845273,-1455.4071638382688,none,0.0,success,105.0,0.005,"(229, 100, -654)",229.0,100.0,-654.0,,,,
4730,realistic,3,x0y0,utah,6.377,8.1,Ab,saline,26.87713973352992,8.1,,b,-1,0.08,soma,63.082484366,805.7648322096499,684.3297588402937,1251.283515518463,,806.0,684.1582955909344,1251.3547880272363,none,0.0,success,105.0,0.005,"(806, 315, 523)",806.0,315.0,523.0,,,,
4731,realistic,3,x0y0,utah,5.159,6.7,Ab,saline,-23.45028912987947,6.7,,b,-1,0.08,soma,59.189238982000006,928.1501229031454,-526.6395277161697,1157.845551497736,,928.0,-526.2086585574182,1158.3091039210435,none,0.0,success,105.0,0.005,"(928, -202, 411)",928.0,-202.0,411.0,,,,
4732,realistic,3,x0y0,utah,6.116,7.8,Ab,saline,136.21156171119492,7.8,,b,-1,0.08,soma,62.248217498,-1948.3467429492941,693.3864261776603,-767.0148799531806,,-1948.0,693.7578832543081,-767.1599941059033,none,0.0,success,105.0,0.005,"(-1948, 129, -178)",-1948.0,129.0,-178.0,,,,
4733,realistic,3,x0y0,utah,5.159,6.7,Ab,saline,20.152004078810467,6.7,,b,-1,0.08,soma,59.189238982000006,-176.61956677861522,434.89771735501023,1311.119801680462,,-177.0,434.6278464146496,1310.741428778151,none,0.0,success,105.0,0.005,"(-177, 154, 546)",-177.0,154.0,546.0,,,,
4734,realistic,3,x0y0,utah,4.55,6.0,Ab,saline,162.36938428158018,6.0,,b,-1,0.08,soma,57.24261629,1022.8549329627832,217.2166596642178,-1286.5309223516115,,1023.0,217.4458942371206,-1286.3811066621852,none,0.0,success,105.0,0.005,"(1023, -29, -511)",1023.0,-29.0,-511.0,,,,
4735,realistic,3,x0y0,utah,4.985,6.5,Ab,saline,104.37271434334208,6.5,,b,-1,0.08,soma,58.63306107,-123.02612170641348,1109.6618332293783,-239.4091949457224,,-123.0,1109.8284231292546,-239.11336287878706,tjn,5.140000000000104,success,18.6279296875,0.005,"(-123, 321, -37)",-123.0,321.0,-37.0,-123.0,,321.0,-37.0
4736,realistic,3,x0y0,utah,5.768000000000001,7.4,Ab,saline,193.06307924802903,7.4,,b,-1,0.08,soma,61.135861674,1791.4005625619684,-282.25114921463415,-1011.5681836266704,,1791.0,-282.3183523691621,-1011.4447214283219,none,0.0,success,105.0,0.005,"(1791, -98, -217)",1791.0,-98.0,-217.0,,,,
4737,realistic,3,x0y0,utah,4.985,6.5,Ab,saline,320.2673173047617,6.5,,b,-1,0.08,soma,58.63306107,-991.8498917576552,-215.68174718866481,271.3757270510432,,-992.0,-215.51112631797207,271.2094119814152,none,0.0,success,105.0,0.005,"(-992, 305, -355)",-992.0,305.0,-355.0,,,,
4738,realistic,3,x0y0,utah,6.551000000000001,8.3,Ab,saline,128.3995889000345,8.3,,b,-1,0.08,soma,63.63866227800001,1880.345240990105,728.7435998922588,-712.6349959170058,,1880.0,729.1413098136344,-712.326486570433,none,0.0,success,105.0,0.005,"(1880, 89, -205)",1880.0,89.0,-205.0,,,,
4739,realistic,3,x0y0,utah,7.682,9.6,Ab,saline,27.14259594882079,9.6,,b,-1,0.08,soma,67.253818706,-1241.8906140057284,704.3639356506717,1172.1188031311485,,-1242.0,704.4575960468387,1172.4960866332349,none,0.0,success,105.0,0.005,"(-1242, 331, 444)",-1242.0,331.0,444.0,,,,
4740,realistic,3,x0y0,utah,6.725,8.5,Ab,saline,107.1619618538205,8.5,,b,-1,0.08,soma,64.19484019000001,-1170.9060110033715,1142.529054871302,-346.71668199040914,,-1171.0,1142.7365849007729,-347.12544867003453,periphery,5.195000000000112,success,44.72808837890625,0.005,"(-1171, 362, -106)",-1171.0,362.0,-106.0,-1171.0,,362.0,-106.0
4741,realistic,3,x0y0,utah,5.072,6.6,Ab,saline,111.37407334727129,6.6,,b,-1,0.08,soma,58.911150026,-564.8865534694056,1361.4580121323345,-359.43206092257606,,-565.0,1361.4210314521058,-359.86905709223856,periphery,5.110000000000099,success,8.380126953125,0.005,"(-565, 603, -63)",-565.0,603.0,-63.0,-565.0,,603.0,-63.0
4742,realistic,3,x0y0,utah,4.724,6.2,Ab,saline,168.9479104653956,6.2,,b,-1,0.08,soma,57.798794201999996,-624.2041615706322,57.278762569463645,-1428.2206285208838,,-624.0,57.02451442426175,-1427.8422582546318,none,0.0,success,105.0,0.005,"(-624, -99, -629)",-624.0,-99.0,-629.0,,,,
4743,realistic,3,x0y0,utah,5.942,7.6,Ab,saline,24.763228739135137,7.6,,b,-1,0.08,soma,61.69203958600001,-472.1238477185945,579.2714734492132,1051.491549897748,,-472.0,579.7578976912878,1051.7881859720442,none,0.0,success,105.0,0.005,"(-472, 238, 311)",-472.0,238.0,311.0,,,,
4744,realistic,3,x0y0,utah,6.4639999999999995,8.2,Ab,saline,-21.99730512940229,8.2,,b,-1,0.08,soma,63.360573322,1901.1543110233545,-558.8126049979173,986.2425278935657,,1901.0,-558.9284353832106,986.2259617920795,none,0.0,success,105.0,0.005,"(1901, -253, 229)",1901.0,-253.0,229.0,,,,
4745,realistic,3,x0y0,utah,5.2459999999999996,6.8,Ab,saline,179.85698491259873,6.8,,b,-1,0.08,soma,59.467327938000004,-303.33213543668364,35.422235648841706,-1322.4206474340087,,-303.0,35.0368341599225,-1322.7336639690002,none,0.0,success,105.0,0.005,"(-303, 33, -508)",-303.0,33.0,-508.0,,,,
4746,realistic,3,x0y0,utah,6.898999999999999,8.7,Ab,saline,157.53398997227086,8.7,,b,-1,0.08,soma,64.751018102,-679.3757882682452,479.7017229045405,-1140.1665473627868,,-679.0,479.3191820083872,-1140.3367079140294,none,0.0,success,105.0,0.005,"(-679, 167, -385)",-679.0,167.0,-385.0,,,,
4747,realistic,3,x0y0,utah,6.377,8.1,Ab,saline,124.09505555802204,8.1,,b,-1,0.08,soma,63.082484366,207.32863132989544,133.04770233143378,-87.24755856168258,,207.0,133.17780265174247,-87.75302036778993,none,0.0,success,105.0,0.005,"(207, -543, 370)",207.0,-543.0,370.0,,,,
4748,realistic,3,x0y0,utah,5.42,7.0,Ab,saline,180.85263400225602,7.0,,b,-1,0.08,soma,60.02350585000001,-358.16257646956734,-39.530696813432776,-1446.4919490087937,,-358.0,-39.14367511858251,-1446.9302517497076,none,0.0,success,105.0,0.005,"(-358, -27, -632)",-358.0,-27.0,-632.0,,,,
4749,realistic,3,x0y0,utah,5.333,6.9,Ab,saline,25.732129626088714,6.9,,b,-1,0.08,soma,59.745416893999995,1502.4876433119666,620.6676132666453,1017.0944070775713,,1502.0,620.8177300076875,1017.0373357690578,none,0.0,success,105.0,0.005,"(1502, 267, 283)",1502.0,267.0,283.0,,,,
4750,realistic,3,x0y0,utah,4.55,6.0,Ab,saline,194.08614791207432,6.0,,b,-1,0.08,soma,57.24261629,-544.4070048844783,-344.5438954093412,-1218.7624604401594,,-544.0,-345.03542640249304,-1219.1313067698356,none,0.0,success,105.0,0.005,"(-544, -147, -430)",-544.0,-147.0,-430.0,,,,
4751,realistic,3,x0y0,utah,6.986000000000001,8.8,Ab,saline,17.704426350188022,8.8,,b,-1,0.08,soma,65.02910705800001,-585.2290519224856,607.4694832004911,1312.5930035696965,,-585.0,607.606175728169,1312.7643636917255,none,0.0,success,105.0,0.005,"(-585, 359, 534)",-585.0,359.0,534.0,,,,
4752,realistic,3,x0y0,utah,6.725,8.5,Ab,saline,187.6693460688483,8.5,,b,-1,0.08,soma,64.19484019000001,-1285.5214192617482,-323.959702182256,-1319.2064853929987,,-1286.0,-324.08250558268253,-1318.825253056155,none,0.0,success,105.0,0.005,"(-1286, -215, -509)",-1286.0,-215.0,-509.0,,,,
4753,realistic,3,x0y0,utah,4.811,6.3,Ab,saline,128.75004205569485,6.3,,b,-1,0.08,soma,58.076883158,350.8176987372469,1023.7568435386804,-967.644662659104,,351.0,1023.8685805874622,-967.5066605842962,none,0.0,success,105.0,0.005,"(351, 389, -458)",351.0,389.0,-458.0,,,,
4754,realistic,3,x0y0,utah,7.856,9.8,Ab,saline,85.49622020058682,9.8,,b,-1,0.08,soma,67.809996618,1417.7060306113565,951.6748119589283,151.47274696863815,,1418.0,951.3663928142423,151.28404236725652,none,0.0,success,105.0,0.005,"(1418, 135, 87)",1418.0,135.0,87.0,,,,
4755,realistic,3,x0y0,utah,6.377,8.1,Ab,saline,191.68522546901505,8.1,,b,-1,0.08,soma,63.082484366,-1032.4442479490758,-312.4100888083876,-1220.4222916447432,,-1032.0,-312.3496015420576,-1220.638838469812,none,0.0,success,105.0,0.005,"(-1032, -147, -421)",-1032.0,-147.0,-421.0,,,,
4756,realistic,3,x0y0,utah,4.724,6.2,Ab,saline,48.45080633880039,6.2,,b,-1,0.08,soma,57.798794201999996,-1685.5875134310788,696.9672250512622,733.0997475201158,,-1686.0,697.1223087903885,732.8594700970934,none,0.0,success,105.0,0.005,"(-1686, 88, 193)",-1686.0,88.0,193.0,,,,
4757,realistic,3,x0y0,utah,7.247,9.1,Ab,saline,194.1921390238704,9.1,,b,-1,0.08,soma,65.86337392600001,-52.50241736001837,-156.69678380720688,-1447.5818546287528,,-53.0,-156.55684964332764,-1447.9847705106286,none,0.0,success,105.0,0.005,"(-53, 44, -655)",-53.0,44.0,-655.0,,,,
4758,realistic,3,x0y0,utah,5.42,7.0,Ab,saline,161.64952428534056,7.0,,b,-1,0.08,soma,60.02350585000001,787.1722186877369,240.57660556509288,-734.5292368530902,,787.0,240.5656998207901,-734.5276547011177,none,0.0,success,105.0,0.005,"(787, -16, 39)",787.0,-16.0,39.0,,,,
4759,realistic,3,x0y0,utah,4.898000000000001,6.4,Ab,saline,204.1760609436533,6.4,,b,-1,0.08,soma,58.354972114000006,-722.9588140250214,-518.3087082919478,-1338.9421242867295,,-723.0,-518.4056805403416,-1338.7741205298012,none,0.0,success,105.0,0.005,"(-723, -185, -596)",-723.0,-185.0,-596.0,,,,
4760,realistic,3,x0y0,utah,8.291,10.3,Ab,saline,-16.501206193874236,10.3,,b,-1,0.08,soma,69.20044139800001,-1228.862225770389,-361.7190639766145,1076.1224409832494,,-1229.0,-361.76646267851606,1075.8326916062015,none,0.0,success,105.0,0.005,"(-1229, -129, 290)",-1229.0,-129.0,290.0,,,,
4761,realistic,3,x0y0,utah,6.551000000000001,8.3,Ab,saline,9.408373495846577,8.3,,b,-1,0.08,soma,63.63866227800001,862.4220163530391,250.25135593732463,1401.2621230997077,,862.0,250.54996064122653,1400.7922701686236,none,0.0,success,105.0,0.005,"(862, 117, 595)",862.0,117.0,595.0,,,,
4762,realistic,3,x0y0,utah,5.42,7.0,Ab,saline,-16.473481030646756,7.0,,b,-1,0.08,soma,60.02350585000001,141.66127500142474,-330.8764617480033,1312.4099610864725,,142.0,-331.1373331295301,1312.5962710550752,none,0.0,success,105.0,0.005,"(142, -100, 531)",142.0,-100.0,531.0,,,,
4763,realistic,3,x0y0,utah,7.769,9.7,Ab,saline,45.908837395764046,9.7,,b,-1,0.08,soma,67.531907662,-168.7723267242405,1045.7960896451177,1023.2433033970392,,-169.0,1046.0377080414241,1023.6973506756099,tjn,5.185000000000111,success,87.78076171875,0.005,"(-169, 458, 454)",-169.0,458.0,454.0,-169.0,,458.0,454.0
4764,realistic,3,x0y0,utah,7.595000000000001,9.5,Ab,saline,205.21245915521888,9.5,,b,-1,0.08,soma,66.97572975,59.22186436947485,-64.06913589287615,-107.01036454202858,,59.0,-63.67583043675012,-106.48597135241266,none,0.0,success,105.0,0.005,"(59, 285, 634)",59.0,285.0,634.0,,,,
4765,realistic,3,x0y0,utah,5.507,7.1,Ab,saline,207.6895527505594,7.1,,b,-1,0.08,soma,60.301594806000004,1563.6869062341336,-494.3551914941536,-1083.126582840824,,1564.0,-494.8005755531742,-1082.8160311003567,none,0.0,success,105.0,0.005,"(1564, -116, -361)",1564.0,-116.0,-361.0,,,,
4766,realistic,3,x0y0,utah,5.768000000000001,7.4,Ab,saline,32.38887182023262,7.4,,b,-1,0.08,soma,61.135861674,-947.5680303028336,517.3988996683156,1195.711959119064,,-948.0,517.899740549381,1195.6655607987632,none,0.0,success,105.0,0.005,"(-948, 81, 507)",-948.0,81.0,507.0,,,,
4767,realistic,3,x0y0,utah,4.55,6.0,Ab,saline,11.643693251093163,6.0,,b,-1,0.08,soma,57.24261629,336.3407973063812,408.8345027583277,1399.124473835341,,336.0,409.18877998366105,1398.8607091972133,none,0.0,success,105.0,0.005,"(336, 245, 602)",336.0,245.0,602.0,,,,
4768,realistic,3,x0y0,utah,6.203,7.9,Ab,saline,185.69349182051812,7.9,,b,-1,0.08,soma,62.52630645400001,-1071.5031021195673,-288.36401908649805,-1176.3341423921327,,-1072.0,-287.9733048001184,-1176.263463776188,none,0.0,success,105.0,0.005,"(-1072, -207, -364)",-1072.0,-207.0,-364.0,,,,
4769,realistic,3,x0y0,utah,5.072,6.6,Ab,saline,95.7777453710955,6.6,,b,-1,0.08,soma,58.911150026,-1327.8000125672454,1338.8296845628338,-217.39721484802018,,-1328.0,1339.3018515804338,-217.0156764038091,periphery,5.1650000000001075,success,24.407958984375,0.005,"(-1328, 529, -135)",-1328.0,529.0,-135.0,-1328.0,,529.0,-135.0
4770,realistic,3,x0y0,utah,6.4639999999999995,8.2,Ab,saline,77.22200913747261,8.2,,b,-1,0.08,soma,63.360573322,-973.6408159959848,1205.8429090935304,217.6381013039964,,-974.0,1205.4266155518076,217.64967940941327,periphery,5.185000000000111,success,31.94580078125,0.005,"(-974, 409, 37)",-974.0,409.0,37.0,-974.0,,409.0,37.0
4771,realistic,3,x0y0,utah,4.811,6.3,Ab,saline,202.52539483322244,6.3,,b,-1,0.08,soma,58.076883158,-1349.853490360025,-506.0814018733558,-1052.8230851842256,,-1350.0,-505.858126968915,-1052.9273084865224,none,0.0,success,105.0,0.005,"(-1350, -194, -301)",-1350.0,-194.0,-301.0,,,,
4772,realistic,3,x0y0,utah,9.422,11.6,Ab,saline,82.68900782918864,11.6,,b,-1,0.08,soma,72.815597826,-1208.0853802742693,167.0078629283444,31.159146418459386,,-1208.0,166.75439574180496,31.565212801624938,none,0.0,success,105.0,0.005,"(-1208, -648, -73)",-1208.0,-648.0,-73.0,,,,
4773,realistic,3,x0y0,utah,6.898999999999999,8.7,Ab,saline,170.27526798122312,8.7,,b,-1,0.08,soma,64.751018102,1367.188248636293,363.84729440803716,-1303.261589448528,,1367.0,364.0547234787139,-1303.605301720666,none,0.0,success,105.0,0.005,"(1367, 226, -498)",1367.0,226.0,-498.0,,,,
4774,realistic,3,x0y0,utah,4.55,6.0,Ab,saline,106.96206522903613,6.0,,b,-1,0.08,soma,57.24261629,-791.508287114024,949.68028422084,-256.53031051593916,,-792.0,949.2287812406928,-256.33333558589663,none,0.0,success,105.0,0.005,"(-792, 171, -19)",-792.0,171.0,-19.0,,,,
4775,realistic,3,x0y0,utah,6.4639999999999995,8.2,Ab,saline,36.48792824373475,8.2,,b,-1,0.08,soma,63.360573322,1108.5029325150772,696.7354200763702,771.5202429791289,,1109.0,696.6797664772969,771.6109504754443,central,5.275000000000125,success,97.6318359375,0.005,"(1109, 211, 115)",1109.0,211.0,115.0,1109.0,,211.0,115.0
4776,realistic,3,x0y0,utah,7.247,9.1,Ab,saline,52.828352198805895,9.1,,b,-1,0.08,soma,65.86337392600001,-1727.1768845226457,313.9382898864501,263.25568924107534,,-1727.0,313.7279681721185,263.1943252630447,none,0.0,success,105.0,0.005,"(-1727, -338, -231)",-1727.0,-338.0,-231.0,,,,
4777,realistic,3,x0y0,utah,7.421000000000001,9.3,Ab,saline,66.42126352211099,9.3,,b,-1,0.08,soma,66.419551838,-1142.8238593894855,1199.7952792082842,530.2681787341289,,-1143.0,1199.8892596297637,530.2839103676001,periphery,5.190000000000111,success,39.7705078125,0.005,"(-1143, 450, 203)",-1143.0,450.0,203.0,-1143.0,,450.0,203.0
4778,realistic,3,x0y0,utah,5.42,7.0,Ab,saline,120.95503540726992,7.0,,b,-1,0.08,soma,60.02350585000001,929.5363200435044,1258.3345202622195,-661.4010526065276,,930.0,1257.9540793084802,-661.2420457046201,central,5.265000000000123,success,48.2666015625,0.005,"(930, 559, -242)",930.0,559.0,-242.0,930.0,,559.0,-242.0
4779,realistic,3,x0y0,utah,4.811,6.3,Ab,saline,-7.739747018035949,6.3,,b,-1,0.08,soma,58.076883158,1480.5738075631089,-72.92950212460391,1173.1137625359006,,1481.0,-72.65097808069132,1172.6306917606312,none,0.0,success,105.0,0.005,"(1481, 37, 366)",1481.0,37.0,366.0,,,,
4780,realistic,3,x0y0,utah,5.507,7.1,Ab,saline,67.85963176963931,7.1,,b,-1,0.08,soma,60.301594806000004,-300.4755705827651,1111.8244317099325,580.2750762049591,,-300.0,1112.074183634399,580.2303355411908,tjn,5.205000000000114,success,85.14404296875,0.005,"(-300, 357, 273)",-300.0,357.0,273.0,-300.0,,357.0,273.0
4781,realistic,3,x0y0,utah,6.029,7.7,Ab,saline,88.84832763950205,7.7,,b,-1,0.08,soma,61.970128542,-262.2249550723561,1460.1284747081156,-29.08214791385989,,-262.0,1459.821867258146,-28.598700208152895,periphery,5.1200000000001005,success,10.759735107421875,0.005,"(-262, 644, -45)",-262.0,644.0,-45.0,-262.0,,644.0,-45.0
4782,realistic,3,x0y0,utah,5.42,7.0,Ab,saline,65.6596732017422,7.0,,b,-1,0.08,soma,60.02350585000001,397.1369166319574,1207.2818671703399,777.9065615243173,,397.0,1207.5572080899678,777.9478445556852,none,0.0,success,105.0,0.005,"(397, 465, 442)",397.0,465.0,442.0,,,,
4783,realistic,3,x0y0,utah,4.724,6.2,Ab,saline,111.3699164365933,6.2,,b,-1,0.08,soma,57.798794201999996,-179.419660599351,1027.7407447576347,-443.7173629816725,,-179.0,1027.9031185804515,-443.58494030360447,tjn,5.200000000000113,success,60.0494384765625,0.005,"(-179, 270, -147)",-179.0,270.0,-147.0,-179.0,,270.0,-147.0
4784,realistic,3,x0y0,utah,5.942,7.6,Ab,saline,50.338289059176255,7.6,,b,-1,0.08,soma,61.69203958600001,-1683.945177260792,271.0186605237395,229.1421037311279,,-1684.0,271.03826603665163,228.75451443387203,none,0.0,success,105.0,0.005,"(-1684, -357, -292)",-1684.0,-357.0,-292.0,,,,
4785,realistic,3,x0y0,utah,6.29,8.0,Ab,saline,174.86666192971438,8.0,,b,-1,0.08,soma,62.80439541,-868.4854814189497,117.02315920532874,-1184.4276032992655,,-868.0,117.06799669459751,-1184.1365889141803,none,0.0,success,105.0,0.005,"(-868, 44, -371)",-868.0,44.0,-371.0,,,,
4786,realistic,3,x0y0,utah,6.4639999999999995,8.2,Ab,saline,85.09653784769647,8.2,,b,-1,0.08,soma,63.360573322,-187.48380877781844,1390.13337637115,104.058970970299,,-187.0,1389.6585696003544,103.82616450951554,tjn,5.105000000000098,success,8.318328857421875,0.005,"(-187, 576, 34)",-187.0,576.0,34.0,-187.0,,576.0,34.0
4787,realistic,3,x0y0,utah,5.159,6.7,Ab,saline,-19.720152578611394,6.7,,b,-1,0.08,soma,59.189238982000006,-363.20083706553214,-481.8773616116964,1251.1374234634068,,-363.0,-481.84422461626343,1250.8593747888276,none,0.0,success,105.0,0.005,"(-363, -207, 484)",-363.0,-207.0,484.0,,,,
4788,realistic,3,x0y0,utah,6.4639999999999995,8.2,Ab,saline,-22.85209378726293,8.2,,b,-1,0.08,soma,63.360573322,-1349.7850574570534,-658.0755457543654,1161.6985827162061,,-1350.0,-658.1986233391326,1161.5708841581118,none,0.0,success,105.0,0.005,"(-1350, -341, 409)",-1350.0,-341.0,409.0,,,,
4789,realistic,3,x0y0,utah,8.465,10.5,Ab,saline,136.58681759407216,10.5,,b,-1,0.08,soma,69.75661931,-1773.9780379494266,638.7094042748951,-757.2752498626637,,-1774.0,638.5023622258817,-757.5596041333922,none,0.0,success,105.0,0.005,"(-1774, 75, -162)",-1774.0,75.0,-162.0,,,,
4790,realistic,3,x0y0,utah,7.421000000000001,9.3,Ab,saline,86.28253353066557,9.3,,b,-1,0.08,soma,66.419551838,-708.9470514762106,1437.3591313213697,-11.957992466316679,,-709.0,1437.4915353895703,-11.98000652044879,periphery,5.135000000000103,success,14.190673828125,0.005,"(-709, 621, -65)",-709.0,621.0,-65.0,-709.0,,621.0,-65.0
4791,realistic,3,x0y0,utah,4.724,6.2,Ab,saline,-26.987037294604807,6.2,,b,-1,0.08,soma,57.798794201999996,-240.7802166906303,-593.7464666848508,1143.0099256332278,,-241.0,-593.3475464044338,1143.2657527567012,none,0.0,success,105.0,0.005,"(-241, -224, 418)",-241.0,-224.0,418.0,,,,
4792,realistic,3,x0y0,utah,6.898999999999999,8.7,Ab,saline,123.12534994726327,8.7,,b,-1,0.08,soma,64.751018102,-1641.7497599552132,687.9419307633008,-331.8250786739718,,-1642.0,687.5519888302127,-331.6957156963716,none,0.0,success,105.0,0.005,"(-1642, 3, 115)",-1642.0,3.0,115.0,,,,
4793,realistic,3,x0y0,utah,5.333,6.9,Ab,saline,113.35357125432587,6.9,,b,-1,0.08,soma,59.745416893999995,-158.28271226415214,1253.865646936004,-504.8431128737448,,-158.0,1254.1346336251909,-505.01554162839085,tjn,5.155000000000106,success,30.9814453125,0.005,"(-158, 506, -182)",-158.0,506.0,-182.0,-158.0,,506.0,-182.0
4794,realistic,3,x0y0,utah,5.42,7.0,Ab,saline,135.5479022047955,7.0,,b,-1,0.08,soma,60.02350585000001,-1717.6256222979237,674.8567181749148,-828.4718698980548,,-1718.0,674.7527305733777,-828.7553892378652,none,0.0,success,105.0,0.005,"(-1718, 104, -247)",-1718.0,104.0,-247.0,,,,
4795,realistic,3,x0y0,utah,5.507,7.1,Ab,saline,145.62257787941894,7.1,,b,-1,0.08,soma,60.301594806000004,1404.4697752606705,800.2556157184331,-1039.2394464875529,,1404.0,800.234140213734,-1038.7439530966963,none,0.0,success,105.0,0.005,"(1404, 340, -366)",1404.0,340.0,-366.0,,,,
4796,realistic,3,x0y0,utah,5.159,6.7,Ab,saline,148.30759416205666,6.7,,b,-1,0.08,soma,59.189238982000006,921.5378272354696,612.7074030953712,-765.3232270688251,,922.0,612.9880130805715,-765.138561724892,none,0.0,success,105.0,0.005,"(922, 185, -72)",922.0,185.0,-72.0,,,,
4797,realistic,3,x0y0,utah,8.987,11.1,Ab,saline,36.44958211743917,11.1,,b,-1,0.08,soma,71.42515304599999,-574.3292836654604,710.328627649375,874.7897418225958,,-574.0,710.5853417123144,875.1811965551015,periphery,5.285000000000126,success,94.04296875,0.005,"(-574, 223, 215)",-574.0,223.0,215.0,-574.0,,223.0,215.0
4798,realistic,3,x0y0,utah,5.507,7.1,Ab,saline,97.24670120192305,7.1,,b,-1,0.08,soma,60.301594806000004,807.0346910213672,1299.5095136915006,9.244643516321046,,807.0,1299.6295910237764,9.209484447481671,central,5.24500000000012,success,35.736083984375,0.005,"(807, 491, 112)",807.0,491.0,112.0,807.0,,491.0,112.0
4799,realistic,3,x0y0,utah,4.811,6.3,Ab,saline,32.46082066326148,6.3,,b,-1,0.08,soma,58.076883158,-521.6668131292292,774.6337562717085,1187.118453429428,,-522.0,774.8944315954493,1186.8856370043604,none,0.0,success,105.0,0.005,"(-522, 338, 500)",-522.0,338.0,500.0,,,,
4800,realistic,3,x0y0,utah,8.552,10.6,Ab,saline,79.95301421531471,10.6,,b,-1,0.08,soma,70.03470826600001,434.92842632388664,1316.3973963941808,332.0543392986965,,435.0,1316.4710886147654,332.09302829620856,central,5.1650000000001075,success,32.38525390625,0.005,"(435, 509, 189)",435.0,509.0,189.0,435.0,,509.0,189.0
4801,realistic,3,x0y0,utah,7.595000000000001,9.5,Ab,saline,182.57122198623986,9.5,,b,-1,0.08,soma,66.97572975,-1203.8178793714642,-6.785621703270407,-1348.1175718797886,,-1204.0,-6.750105132887512,-1347.6693770101251,none,0.0,success,105.0,0.005,"(-1204, 30, -530)",-1204.0,30.0,-530.0,,,,
4802,realistic,3,x0y0,utah,6.811999999999999,8.6,Ab,saline,108.30865035992802,8.6,,b,-1,0.08,soma,64.472929146,210.92686814086937,1334.1907050142866,-574.2294595128551,,211.0,1333.8842994656063,-574.6939735223793,tjn,5.175000000000109,success,51.708984375,0.005,"(211, 558, -318)",211.0,558.0,-318.0,211.0,,558.0,-318.0
4803,realistic,3,x0y0,utah,5.768000000000001,7.4,Ab,saline,68.8946252398662,7.4,,b,-1,0.08,soma,61.135861674,-1283.8321121409876,1288.6493659717164,309.60168179075384,,-1284.0,1288.8433226778375,309.6860118944038,periphery,5.140000000000104,success,11.02752685546875,0.005,"(-1284, 528, 16)",-1284.0,528.0,16.0,-1284.0,,528.0,16.0
4804,realistic,3,x0y0,utah,6.811999999999999,8.6,Ab,saline,107.44388007802452,8.6,,b,-1,0.08,soma,64.472929146,-1766.6031443823624,881.1603355589557,-210.98201790970867,,-1767.0,881.6435872026422,-211.00749207898545,none,0.0,success,105.0,0.005,"(-1767, 102, 34)",-1767.0,102.0,34.0,,,,
4805,realistic,3,x0y0,utah,7.508000000000001,9.4,Ab,saline,143.1369110727091,9.4,,b,-1,0.08,soma,66.697640794,534.7073659693027,788.1201123351747,-1167.3581389692142,,535.0,787.9274573561604,-1167.76089119964,none,0.0,success,105.0,0.005,"(535, 297, -513)",535.0,297.0,-513.0,,,,
4806,realistic,3,x0y0,utah,5.507,7.1,Ab,saline,156.00394650458938,7.1,,b,-1,0.08,soma,60.301594806000004,1888.201552427378,397.30453333928665,-1024.9441248371033,,1888.0,397.52182930380025,-1024.721768507381,none,0.0,success,105.0,0.005,"(1888, 66, -280)",1888.0,66.0,-280.0,,,,
4807,realistic,3,x0y0,utah,6.29,8.0,Ab,saline,-0.5011427081772473,8.0,,b,-1,0.08,soma,62.80439541,895.5215623131774,79.93003205665582,1402.798221862031,,896.0,79.8973008799665,1402.4021977050002,none,0.0,success,105.0,0.005,"(896, 87, 586)",896.0,87.0,586.0,,,,
4808,realistic,3,x0y0,utah,7.073,8.9,Ab,saline,198.44117134363808,8.9,,b,-1,0.08,soma,65.307196014,654.9997451731892,-546.6241543957094,-1107.600153081265,,655.0,-546.6238330496142,-1107.6262030694404,none,0.0,success,105.0,0.005,"(655, -288, -332)",655.0,-288.0,-332.0,,,,
4809,realistic,3,x0y0,utah,6.725,8.5,Ab,saline,106.791225842421,8.5,,b,-1,0.08,soma,64.19484019000001,-584.8927050806108,709.5817433158501,-315.6169695684316,,-585.0,709.2890699989533,-316.05944466544554,none,0.0,success,105.0,0.005,"(-585, -73, -80)",-585.0,-73.0,-80.0,,,,
4810,realistic,3,x0y0,utah,5.594,7.2,Ab,saline,171.77192950034063,7.2,,b,-1,0.08,soma,60.579683761999995,-1171.4485172142788,218.8392714639972,-1124.7237912362698,,-1171.0,218.66797637317114,-1124.8923565096259,none,0.0,success,105.0,0.005,"(-1171, 102, -318)",-1171.0,102.0,-318.0,,,,
4811,realistic,3,x0y0,utah,6.377,8.1,Ab,saline,156.44954157163122,8.1,,b,-1,0.08,soma,63.082484366,1020.394747426789,711.8010344809818,-1214.3989473070665,,1020.0,712.2898803763269,-1214.5233567091564,none,0.0,success,105.0,0.005,"(1020, 386, -466)",1020.0,386.0,-466.0,,,,
4812,realistic,3,x0y0,utah,7.508000000000001,9.4,Ab,saline,198.1978798094149,9.4,,b,-1,0.08,soma,66.697640794,-1799.6119646911636,-424.24971153684237,-853.9780522459396,,-1800.0,-424.5703366099832,-854.4313793771503,none,0.0,success,105.0,0.005,"(-1800, -169, -77)",-1800.0,-169.0,-77.0,,,,
4813,realistic,3,x0y0,utah,4.724,6.2,Ab,saline,-15.992178357083207,6.2,,b,-1,0.08,soma,57.798794201999996,1877.4572467243095,-193.93418237094693,1228.5379527744544,,1877.0,-194.22928390132557,1228.4014904331916,none,0.0,success,105.0,0.005,"(1877, 30, 446)",1877.0,30.0,446.0,,,,
4814,realistic,3,x0y0,utah,5.681,7.3,Ab,saline,129.1484713360684,7.3,,b,-1,0.08,soma,60.857772718,-35.128746226268376,1038.7959447274177,-916.0862737057024,,-35.0,1038.3651013714048,-915.7802559584368,tjn,5.18000000000011,success,92.9443359375,0.005,"(-35, 406, -401)",-35.0,406.0,-401.0,-35.0,,406.0,-401.0
4815,realistic,3,x0y0,utah,4.898000000000001,6.4,Ab,saline,93.8258357119025,6.4,,b,-1,0.08,soma,58.354972114000006,-555.4761062703699,1234.3289160066051,-109.7241217193664,,-555.0,1234.3862955876748,-109.30563832000192,periphery,5.175000000000109,success,35.46142578125,0.005,"(-555, 422, -55)",-555.0,422.0,-55.0,-555.0,,422.0,-55.0
4816,realistic,3,x0y0,utah,5.594,7.2,Ab,saline,162.55718247753524,7.2,,b,-1,0.08,soma,60.579683761999995,-1364.0476332148908,350.5329077255619,-1141.8142441319744,,-1364.0,350.42389459592385,-1141.786509154474,none,0.0,success,105.0,0.005,"(-1364, 106, -364)",-1364.0,106.0,-364.0,,,,
4817,realistic,3,x0y0,utah,6.116,7.8,Ab,saline,28.53980758350237,7.8,,b,-1,0.08,soma,62.248217498,-791.1298965352138,631.0008855450383,1207.1900421602422,,-791.0,630.9440991602723,1206.9650295359966,none,0.0,success,105.0,0.005,"(-791, 241, 490)",-791.0,241.0,490.0,,,,
4818,realistic,3,x0y0,utah,4.55,6.0,Ab,saline,186.87196830808708,6.0,,b,-1,0.08,soma,57.24261629,287.5090284707762,-282.7116974094756,-1251.414715988182,,288.0,-282.3904705849565,-1251.7632347263561,none,0.0,success,105.0,0.005,"(288, -185, -444)",288.0,-185.0,-444.0,,,,
4819,realistic,3,x0y0,utah,6.377,8.1,Ab,saline,89.48822108968879,8.1,,b,-1,0.08,soma,63.082484366,-1134.6041380651152,1375.8238733866351,-41.41046323136834,,-1135.0,1375.5412421830001,-41.7327829445713,periphery,5.130000000000102,success,6.9976806640625,0.005,"(-1135, 559, -49)",-1135.0,559.0,-49.0,-1135.0,,559.0,-49.0
4820,realistic,3,x0y0,utah,5.333,6.9,Ab,saline,67.66869949932382,6.9,,b,-1,0.08,soma,59.745416893999995,986.034928930064,1183.3233488179985,278.54082509369846,,986.0,1183.757255313475,278.65162920986006,central,5.220000000000116,success,30.615234375,0.005,"(986, 430, -31)",986.0,430.0,-31.0,986.0,,430.0,-31.0
4821,realistic,3,x0y0,utah,5.942,7.6,Ab,saline,155.70565720829475,7.6,,b,-1,0.08,soma,61.69203958600001,-45.22846356983301,532.7766186336103,-1179.5008404829914,,-45.0,532.6390525428403,-1179.5620624393405,none,0.0,success,105.0,0.005,"(-45, 197, -436)",-45.0,197.0,-436.0,,,,
4822,realistic,3,x0y0,utah,6.551000000000001,8.3,Ab,saline,-13.154787274358164,8.3,,b,-1,0.08,soma,63.63866227800001,551.0746586969482,-405.7401412283425,1279.8955782442954,,551.0,-405.9080797672365,1280.4186646631583,none,0.0,success,105.0,0.005,"(551, -220, 485)",551.0,-220.0,485.0,,,,
4823,realistic,3,x0y0,utah,7.508000000000001,9.4,Ab,saline,193.82231387061046,9.4,,b,-1,0.08,soma,66.697640794,-1206.9205262562841,-117.66507644437296,-1246.7172337714662,,-1207.0,-117.50353319284338,-1246.6167046054873,none,0.0,success,105.0,0.005,"(-1207, 78, -452)",-1207.0,78.0,-452.0,,,,
4824,realistic,3,x0y0,utah,5.855,7.5,Ab,saline,129.31687603585777,7.5,,b,-1,0.08,soma,61.41395063,-1368.1667764454296,1075.534955511157,-761.1051130325287,,-1368.0,1075.1124868012157,-760.8319395595842,periphery,5.205000000000114,success,55.615234375,0.005,"(-1368, 444, -244)",-1368.0,444.0,-244.0,-1368.0,,444.0,-244.0
4825,realistic,3,x0y0,utah,6.29,8.0,Ab,saline,121.91562194524094,8.0,,b,-1,0.08,soma,62.80439541,-626.1651563139399,1309.4030519343871,-579.4269160913746,,-626.0,1308.9621854120041,-579.6318419266336,periphery,5.150000000000105,success,22.364044189453125,0.005,"(-626, 616, -148)",-626.0,616.0,-148.0,-626.0,,616.0,-148.0
4826,realistic,3,x0y0,utah,6.4639999999999995,8.2,Ab,saline,189.4418095265881,8.2,,b,-1,0.08,soma,63.360573322,-1058.8975978762514,-45.27603863955801,-1311.3358329633181,,-1059.0,-44.93556701240405,-1311.6551027910768,none,0.0,success,105.0,0.005,"(-1059, 89, -506)",-1059.0,89.0,-506.0,,,,
4827,realistic,3,x0y0,utah,4.898000000000001,6.4,Ab,saline,167.44394436970836,6.4,,b,-1,0.08,soma,58.354972114000006,-497.418446412043,98.72277860048187,-1263.7647672412277,,-497.0,99.00218546879185,-1263.7186441402378,none,0.0,success,105.0,0.005,"(-497, -78, -469)",-497.0,-78.0,-469.0,,,,
4828,realistic,3,x0y0,utah,6.551000000000001,8.3,Ab,saline,204.6141817162688,8.3,,b,-1,0.08,soma,63.63866227800001,1077.707462044597,-512.1779074677634,-803.1132690496661,,1078.0,-512.2052514193936,-803.5704539384651,none,0.0,success,105.0,0.005,"(1078, -172, -61)",1078.0,-172.0,-61.0,,,,
4829,realistic,3,x0y0,utah,5.594,7.2,Ab,saline,77.22015610337914,7.2,,b,-1,0.08,soma,60.579683761999995,-287.8826600520263,1306.194445509458,263.1847991378636,,-288.0,1306.0706538023514,263.3421130240772,periphery,5.145000000000104,success,19.6380615234375,0.005,"(-288, 511, 83)",-288.0,511.0,83.0,-288.0,,511.0,83.0
4830,realistic,3,x0y0,utah,5.2459999999999996,6.8,Ab,saline,203.23079167956348,6.8,,b,-1,0.08,soma,59.467327938000004,-379.41593972063424,-502.7538041545304,-1369.9193884902293,,-379.0,-502.3309570693737,-1369.6587638211145,none,0.0,success,105.0,0.005,"(-379, -181, -621)",-379.0,-181.0,-621.0,,,,
4831,realistic,3,x0y0,utah,6.898999999999999,8.7,Ab,saline,145.39021800962766,8.7,,b,-1,0.08,soma,64.751018102,1267.7093191543572,701.4729916725156,-976.821488065113,,1268.0,701.2692891409681,-976.7000439489732,none,0.0,success,105.0,0.005,"(1268, 237, -304)",1268.0,237.0,-304.0,,,,
4832,realistic,3,x0y0,utah,6.29,8.0,Ab,saline,156.71042774551555,8.0,,b,-1,0.08,soma,62.80439541,-1962.5337297259912,406.0831053703505,-1039.8041450970018,,-1963.0,405.805428972557,-1039.8654185920427,none,0.0,success,105.0,0.005,"(-1963, 83, -290)",-1963.0,83.0,-290.0,,,,
4833,realistic,3,x0y0,utah,5.072,6.6,Ab,saline,144.08483587635138,6.6,,b,-1,0.08,soma,58.911150026,-53.72276666680121,789.2250983328363,-958.9488557208297,,-54.0,788.7596403026259,-958.6275702030288,tjn,5.205000000000114,success,89.044189453125,0.005,"(-54, 311, -299)",-54.0,311.0,-299.0,-54.0,,311.0,-299.0
4834,realistic,3,x0y0,utah,8.116999999999999,10.1,Ab,saline,216.71468776721989,10.1,,b,-1,0.08,soma,68.644263486,1791.4657393004015,-696.6281779295183,-745.9697193220945,,1791.0,-696.7907703559656,-745.768620805189,none,0.0,success,105.0,0.005,"(1791, -207, -89)",1791.0,-207.0,-89.0,,,,
4835,realistic,3,x0y0,utah,6.986000000000001,8.8,Ab,saline,31.315524777729124,8.8,,b,-1,0.08,soma,65.02910705800001,1890.0840187152853,409.06804822429604,659.0318583011981,,1890.0,408.9440649243744,659.4026830798249,none,0.0,success,105.0,0.005,"(1890, -16, -39)",1890.0,-16.0,-39.0,,,,
4836,realistic,3,x0y0,utah,6.725,8.5,Ab,saline,58.06378430133994,8.5,,b,-1,0.08,soma,64.19484019000001,776.9829258321922,1088.5298007220663,920.42521897917,,777.0,1088.3888706926173,920.2445352302552,none,0.0,success,105.0,0.005,"(777, 395, 488)",777.0,395.0,488.0,,,,
4837,realistic,3,x0y0,utah,5.942,7.6,Ab,saline,111.63251321921257,7.6,,b,-1,0.08,soma,61.69203958600001,244.10231802634704,436.6336421063288,-157.7170775542186,,244.0,436.41045999957294,-157.80242749767922,tjn,5.5550000000001685,success,105.0,0.005,"(244, -322, 143)",244.0,-322.0,143.0,244.0,,-322.0,143.0
4838,realistic,3,x0y0,utah,5.768000000000001,7.4,Ab,saline,57.877572984608214,7.4,,b,-1,0.08,soma,61.135861674,-926.2233605718452,799.092200549585,560.536779359345,,-926.0,798.7044806258556,560.637468826033,none,0.0,success,105.0,0.005,"(-926, 108, 127)",-926.0,108.0,127.0,,,,
4839,realistic,3,x0y0,utah,4.898000000000001,6.4,Ab,saline,68.16605102365047,6.4,,b,-1,0.08,soma,58.354972114000006,-779.2307810486383,924.9296682685465,510.71294983598136,,-779.0,924.8009603067134,510.79260706459837,none,0.0,success,105.0,0.005,"(-779, 169, 208)",-779.0,169.0,208.0,,,,
4840,realistic,3,x0y0,utah,7.856,9.8,Ab,saline,112.72621466826745,9.8,,b,-1,0.08,soma,67.809996618,916.1550542844673,994.5175613729308,-572.4640263086239,,916.0,994.3579704402218,-572.3430008467667,none,0.0,success,105.0,0.005,"(916, 239, -256)",916.0,239.0,-256.0,,,,
4841,realistic,3,x0y0,utah,6.898999999999999,8.7,Ab,saline,-26.9390369385644,8.7,,b,-1,0.08,soma,64.751018102,1205.0336131687625,-573.3623168797429,1189.6858365287462,,1205.0,-573.271105600103,1189.6902663189667,none,0.0,success,105.0,0.005,"(1205, -203, 461)",1205.0,-203.0,461.0,,,,
4842,realistic,3,x0y0,utah,5.333,6.9,Ab,saline,98.16989120884364,6.9,,b,-1,0.08,soma,59.745416893999995,-1989.6591229974233,833.3157643203868,-213.4046220728719,,-1990.0,833.6424940916854,-213.79341187031872,none,0.0,success,105.0,0.005,"(-1990, 27, -98)",-1990.0,27.0,-98.0,,,,
4843,realistic,3,x0y0,utah,5.942,7.6,Ab,saline,111.56939972515468,7.6,,b,-1,0.08,soma,61.69203958600001,-649.3007826991699,471.0997709169537,-144.90704829178003,,-649.0,470.73679840749026,-144.90499687590687,none,0.0,success,105.0,0.005,"(-649, -288, 155)",-649.0,-288.0,155.0,,,,
4844,realistic,3,x0y0,utah,5.681,7.3,Ab,saline,104.64775911545051,7.3,,b,-1,0.08,soma,60.857772718,243.39946674021817,1357.0668963918795,-198.7868612817693,,243.0,1356.9274475523328,-199.22196536019118,central,5.095000000000097,success,6.5460205078125,0.005,"(243, 568, 7)",243.0,568.0,7.0,243.0,,568.0,7.0
4845,realistic,3,x0y0,utah,5.333,6.9,Ab,saline,45.75648576135659,6.9,,b,-1,0.08,soma,59.745416893999995,-1129.6450780084135,602.4811662899265,738.7264354401622,,-1130.0,602.7748083314309,738.536688683472,none,0.0,success,105.0,0.005,"(-1130, 19, 170)",-1130.0,19.0,170.0,,,,
4846,realistic,3,x0y0,utah,5.942,7.6,Ab,saline,-0.9365676021302186,7.6,,b,-1,0.08,soma,61.69203958600001,470.0504612930145,94.05415126437674,1187.731369713856,,470.0,93.7017098773741,1187.7644351910208,none,0.0,success,105.0,0.005,"(470, 107, 372)",470.0,107.0,372.0,,,,
4847,realistic,3,x0y0,utah,5.855,7.5,Ab,saline,7.659631291069012,7.5,,b,-1,0.08,soma,61.41395063,-1010.2861280996018,314.0148020647207,1318.0229612961818,,-1010.0,313.7337398094895,1318.4471832346967,none,0.0,success,105.0,0.005,"(-1010, 205, 510)",-1010.0,205.0,510.0,,,,
4848,realistic,3,x0y0,utah,6.4639999999999995,8.2,Ab,saline,151.45371358713734,8.2,,b,-1,0.08,soma,63.360573322,-572.1091428529472,654.182472602286,-1126.895604360266,,-572.0,654.291508995292,-1126.3719638030225,none,0.0,success,105.0,0.005,"(-572, 264, -409)",-572.0,264.0,-409.0,,,,
4849,realistic,3,x0y0,utah,6.203,7.9,Ab,saline,136.57757245160292,7.9,,b,-1,0.08,soma,62.52630645400001,11.049683157091208,908.083297144388,-848.3100716169722,,11.0,908.09929152824,-847.8519281887702,tjn,5.190000000000111,success,66.05224609375,0.005,"(11, 347, -255)",11.0,347.0,-255.0,11.0,,347.0,-255.0
4850,realistic,3,x0y0,utah,7.769,9.7,Ab,saline,199.0515771265563,9.7,,b,-1,0.08,soma,67.531907662,-947.7197080051976,-545.1631455646175,-1135.7232000836118,,-948.0,-545.2452073304385,-1135.8975795610613,none,0.0,success,105.0,0.005,"(-948, -278, -362)",-948.0,-278.0,-362.0,,,,
4851,realistic,3,x0y0,utah,6.203,7.9,Ab,saline,76.62038659322467,7.9,,b,-1,0.08,soma,62.52630645400001,465.60525389758413,1037.5071337388401,248.38981338299482,,466.0,1037.1424217745484,248.88329365672783,tjn,5.195000000000112,success,47.021484375,0.005,"(466, 243, 60)",466.0,243.0,60.0,466.0,,243.0,60.0
4852,realistic,3,x0y0,utah,4.811,6.3,Ab,saline,-0.13215959368695174,6.3,,b,-1,0.08,soma,58.076883158,962.823474809414,-200.8840543540532,1264.0171924589495,,963.0,-200.8722884156317,1264.0384415790002,none,0.0,success,105.0,0.005,"(963, -199, 450)",963.0,-199.0,450.0,,,,
4853,realistic,3,x0y0,utah,4.55,6.0,Ab,saline,79.52871040199994,6.0,,b,-1,0.08,soma,57.24261629,-882.8761143573836,1225.6159669954525,266.5261777244632,,-883.0,1226.0338322989787,266.83499168994655,periphery,5.205000000000114,success,45.59326171875,0.005,"(-883, 426, 119)",-883.0,426.0,119.0,-883.0,,426.0,119.0
4854,realistic,3,x0y0,utah,6.029,7.7,Ab,saline,-3.525192373119104,7.7,,b,-1,0.08,soma,61.970128542,160.1628215361277,13.933656154837534,1428.7898372995026,,160.0,13.816918547333486,1428.4346926488854,none,0.0,success,105.0,0.005,"(160, 64, 614)",160.0,64.0,614.0,,,,
4855,realistic,3,x0y0,utah,5.159,6.7,Ab,saline,149.1274215439036,6.7,,b,-1,0.08,soma,59.189238982000006,1177.4792440974718,566.0251756594521,-993.3232426937708,,1177.0,565.9684992608322,-993.1665619091254,none,0.0,success,105.0,0.005,"(1177, 148, -294)",1177.0,148.0,-294.0,,,,
4856,realistic,3,x0y0,utah,4.55,6.0,Ab,saline,35.61128482303809,6.0,,b,-1,0.08,soma,57.24261629,-250.1941825852301,710.447116701429,1161.3130613718474,,-250.0,710.7716877328337,1161.4741235218853,none,0.0,success,105.0,0.005,"(-250, 237, 500)",-250.0,237.0,500.0,,,,
4857,realistic,3,x0y0,utah,5.507,7.1,Ab,saline,129.62416163952116,7.1,,b,-1,0.08,soma,60.301594806000004,596.1332510200075,944.6405863131397,-1009.4118726938452,,596.0,944.8291441597909,-1009.8216635038933,none,0.0,success,105.0,0.005,"(596, 317, -490)",596.0,317.0,-490.0,,,,
4858,realistic,3,x0y0,utah,6.725,8.5,Ab,saline,75.96171320117085,8.5,,b,-1,0.08,soma,64.19484019000001,-1880.9910876265965,1229.5311573133556,263.72737708714703,,-1881.0,1229.6662072341596,264.2278341150471,periphery,5.230000000000118,success,33.026123046875,0.005,"(-1881, 437, 66)",-1881.0,437.0,66.0,-1881.0,,437.0,66.0
4859,realistic,3,x0y0,utah,4.55,6.0,Ab,saline,60.81728468880034,6.0,,b,-1,0.08,soma,57.24261629,-1322.5499530981222,841.7884596978238,491.4766462998323,,-1323.0,841.3727641413998,491.7217498515021,none,0.0,success,105.0,0.005,"(-1323, 131, 95)",-1323.0,131.0,95.0,,,,
4860,realistic,3,x0y0,utah,4.811,6.3,Ab,saline,-1.3033782532362508,6.3,,b,-1,0.08,soma,58.076883158,-1804.1092890695093,-41.206329433103754,1174.6850055657671,,-1804.0,-41.47867262384331,1174.7942300465265,none,0.0,success,105.0,0.005,"(-1804, -23, 361)",-1804.0,-23.0,361.0,,,,
4861,realistic,3,x0y0,utah,6.377,8.1,Ab,saline,183.26113410853776,8.1,,b,-1,0.08,soma,63.082484366,498.5870985019956,-176.7487363069322,-1226.1152388428495,,499.0,-176.4611966802127,-1226.2347761955075,none,0.0,success,105.0,0.005,"(499, -130, -411)",499.0,-130.0,-411.0,,,,
4862,realistic,3,x0y0,utah,4.811,6.3,Ab,saline,333.6245609653005,6.3,,b,-1,0.08,soma,58.076883158,303.6256640075383,-610.1387222775022,1020.0177170194563,,304.0,-610.6772795935498,1020.2970398106263,none,0.0,success,105.0,0.005,"(304, -249, 291)",304.0,-249.0,291.0,,,,
4863,realistic,3,x0y0,utah,6.29,8.0,Ab,saline,194.18178284732898,8.0,,b,-1,0.08,soma,62.80439541,-142.7480993007939,-221.3803856432837,-1276.7670730424934,,-143.0,-221.01853843772503,-1276.5019306749978,none,0.0,success,105.0,0.005,"(-143, -21, -485)",-143.0,-21.0,-485.0,,,,
4864,realistic,3,x0y0,utah,6.029,7.7,Ab,saline,130.496357341455,7.7,,b,-1,0.08,soma,61.970128542,-1802.296571453375,464.8640707493596,-362.09065700151496,,-1802.0,464.4750428716686,-361.9007007375876,none,0.0,success,105.0,0.005,"(-1802, -156, 168)",-1802.0,-156.0,168.0,,,,
4865,realistic,3,x0y0,utah,5.855,7.5,Ab,saline,-4.36758232419175,7.5,,b,-1,0.08,soma,61.41395063,-1289.7761112490705,17.33539907706745,1280.6815348491045,,-1290.0,16.84312848099698,1280.3414250865867,none,0.0,success,105.0,0.005,"(-1290, 79, 467)",-1290.0,79.0,467.0,,,,
4866,realistic,3,x0y0,utah,6.4639999999999995,8.2,Ab,saline,126.40542117736204,8.2,,b,-1,0.08,soma,63.360573322,-482.2758120446595,1172.1054103200333,-697.3038956672557,,-482.0,1172.264294704773,-697.6997501333037,periphery,5.175000000000109,success,37.07275390625,0.005,"(-482, 515, -213)",-482.0,515.0,-213.0,-482.0,,515.0,-213.0
4867,realistic,3,x0y0,utah,6.811999999999999,8.6,Ab,saline,33.73007535434522,8.6,,b,-1,0.08,soma,64.472929146,1030.832961431723,29.08690948229605,54.60807575284935,,1031.0,28.811408777386987,54.69556758536419,none,0.0,success,105.0,0.005,"(1031, -425, -625)",1031.0,-425.0,-625.0,,,,
4868,realistic,3,x0y0,utah,9.857,12.1,Ab,saline,102.50282666458263,12.1,,b,-1,0.08,soma,74.206042606,-688.8809306776918,606.6634472555816,-122.30832736253795,,-689.0,606.6191796981191,-121.98530411209956,tjn,5.43500000000015,success,91.1865234375,0.005,"(-689, -196, 56)",-689.0,-196.0,56.0,-689.0,,-196.0,56.0
4869,realistic,3,x0y0,utah,4.55,6.0,Ab,saline,154.86799622032248,6.0,,b,-1,0.08,soma,57.24261629,-344.8068154589463,494.45102280902336,-1210.7881274516976,,-345.0,494.54496956918166,-1210.5713702636688,none,0.0,success,105.0,0.005,"(-345, 149, -474)",-345.0,149.0,-474.0,,,,
4870,realistic,3,x0y0,utah,5.333,6.9,Ab,saline,150.63227660234458,6.9,,b,-1,0.08,soma,59.745416893999995,-429.26738847977686,738.9547102097223,-1220.2465684668637,,-429.0,738.6135762224089,-1220.1615654115608,none,0.0,success,105.0,0.005,"(-429, 339, -510)",-429.0,339.0,-510.0,,,,
4871,realistic,3,x0y0,utah,6.898999999999999,8.7,Ab,saline,59.379836568275756,8.7,,b,-1,0.08,soma,64.751018102,84.9190153508348,220.76309655792286,86.29951606530449,,85.0,220.43336308929076,86.2893467596744,none,0.0,success,105.0,0.005,"(85, -483, -330)",85.0,-483.0,-330.0,,,,
4872,realistic,3,x0y0,utah,5.42,7.0,Ab,saline,115.61617481223296,7.0,,b,-1,0.08,soma,60.02350585000001,876.9728231286248,908.5181163302664,-491.36681604490195,,877.0,908.8960976124727,-491.32958078947763,none,0.0,success,105.0,0.005,"(877, 174, -139)",877.0,174.0,-139.0,,,,
4873,realistic,3,x0y0,utah,7.073,8.9,Ab,saline,87.6457640987992,8.9,,b,-1,0.08,soma,65.307196014,1290.786730579324,944.7402369742504,199.0015539868132,,1291.0,944.9994751285947,198.6055628780877,none,0.0,success,105.0,0.005,"(1291, 128, 165)",1291.0,128.0,165.0,,,,
4874,realistic,3,x0y0,utah,5.594,7.2,Ab,saline,147.41733130171463,7.2,,b,-1,0.08,soma,60.579683761999995,-1429.6169318910904,601.2065790112398,-917.6834150265154,,-1430.0,601.0335798529186,-917.9632207689307,none,0.0,success,105.0,0.005,"(-1430, 162, -231)",-1430.0,162.0,-231.0,,,,
4875,realistic,3,x0y0,utah,5.2459999999999996,6.8,Ab,saline,86.75036052729666,6.8,,b,-1,0.08,soma,59.467327938000004,-514.8761951647125,1283.3259111556615,77.79737363630737,,-515.0,1283.43009010665,78.19539874704232,periphery,5.145000000000104,success,20.64971923828125,0.005,"(-515, 470, 32)",-515.0,470.0,32.0,-515.0,,470.0,32.0
4876,realistic,3,x0y0,utah,5.681,7.3,Ab,saline,70.75313866641652,7.3,,b,-1,0.08,soma,60.857772718,629.9450174809691,1335.890362536591,299.8714786202108,,630.0,1335.8464116115322,299.76536094392645,central,5.125000000000101,success,15.19775390625,0.005,"(630, 566, 31)",630.0,566.0,31.0,630.0,,566.0,31.0
4877,realistic,3,x0y0,utah,4.55,6.0,Ab,saline,83.25793825375128,6.0,,b,-1,0.08,soma,57.24261629,332.97498241297706,1008.2155320708888,179.11098147621487,,333.0,1008.0073211187997,179.51914157622303,tjn,5.190000000000111,success,35.0494384765625,0.005,"(333, 200, 84)",333.0,200.0,84.0,333.0,,200.0,84.0
4878,realistic,3,x0y0,utah,5.942,7.6,Ab,saline,8.699785437879054,7.6,,b,-1,0.08,soma,61.69203958600001,1491.7814480349305,123.7968646174736,1133.7494885254835,,1492.0,123.43750279468092,1133.4637905653808,none,0.0,success,105.0,0.005,"(1492, 0, 327)",1492.0,0.0,327.0,,,,
4879,realistic,3,x0y0,utah,5.2459999999999996,6.8,Ab,saline,117.03752179479969,6.8,,b,-1,0.08,soma,59.467327938000004,-312.94304108775674,1319.5777033377965,-579.5511807164097,,-313.0,1319.6832744971884,-579.3779236403075,tjn,5.160000000000107,success,33.026123046875,0.005,"(-313, 594, -209)",-313.0,594.0,-209.0,-313.0,,594.0,-209.0
4880,realistic,3,x0y0,utah,6.29,8.0,Ab,saline,191.78248036623688,8.0,,b,-1,0.08,soma,62.80439541,-370.60875358731437,-198.40678531364347,-1359.2527307360624,,-371.0,-198.70932877136102,-1359.1761113334246,none,0.0,success,105.0,0.005,"(-371, -32, -560)",-371.0,-32.0,-560.0,,,,
4881,realistic,3,x0y0,utah,4.985,6.5,Ab,saline,14.463513623730698,6.5,,b,-1,0.08,soma,58.63306107,367.26422147634287,191.8473069247129,1184.0039233835505,,367.0,191.41626932764305,1183.5026965170407,none,0.0,success,105.0,0.005,"(367, -12, 395)",367.0,-12.0,395.0,,,,
4882,realistic,3,x0y0,utah,5.681,7.3,Ab,saline,46.98603734038664,7.3,,b,-1,0.08,soma,60.857772718,631.8748445481003,945.0111463481076,931.3185183148283,,632.0,945.2416017057009,931.28558627411,none,0.0,success,105.0,0.005,"(632, 349, 375)",632.0,349.0,375.0,,,,
4883,realistic,3,x0y0,utah,4.724,6.2,Ab,saline,158.62790654882943,6.2,,b,-1,0.08,soma,57.798794201999996,568.5583961573917,417.38877726207915,-1255.4726459533251,,569.0,417.58494030360447,-1255.9031185804515,none,0.0,success,105.0,0.005,"(569, 121, -498)",569.0,121.0,-498.0,,,,
4884,realistic,3,x0y0,utah,4.724,6.2,Ab,saline,75.20827262168147,6.2,,b,-1,0.08,soma,57.798794201999996,218.5777303757299,1007.6945154620224,299.9925078404249,,219.0,1007.9593270569571,299.78851607988537,tjn,5.200000000000113,success,40.228271484375,0.005,"(219, 221, 92)",219.0,221.0,92.0,219.0,,221.0,92.0
4885,realistic,3,x0y0,utah,5.594,7.2,Ab,saline,125.97040189423413,7.2,,b,-1,0.08,soma,60.579683761999995,588.4878400739068,1157.081038086275,-834.6932422411193,,588.0,1156.8140690342934,-834.9012531208996,central,5.205000000000114,success,80.89599609375,0.005,"(588, 497, -356)",588.0,497.0,-356.0,588.0,,497.0,-356.0
4886,realistic,3,x0y0,utah,5.2459999999999996,6.8,Ab,saline,104.54327905083599,6.8,,b,-1,0.08,soma,59.467327938000004,-844.0114084024698,1350.533315020407,-285.28656441693784,,-844.0,1350.6621867219924,-285.579623022616,periphery,5.170000000000108,success,19.976806640625,0.005,"(-844, 562, -81)",-844.0,562.0,-81.0,-844.0,,562.0,-81.0
4887,realistic,3,x0y0,utah,6.638,8.4,Ab,saline,139.8332698783524,8.4,,b,-1,0.08,soma,63.916751233999996,-283.78043222322015,569.5522118233289,-849.3603491216154,,-284.0,569.9381522729651,-849.3195906465115,none,0.0,success,105.0,0.005,"(-284, 43, -225)",-284.0,43.0,-225.0,,,,
4888,realistic,3,x0y0,utah,6.029,7.7,Ab,saline,20.167074114722528,7.7,,b,-1,0.08,soma,61.970128542,1713.31222114267,438.7470434798569,1160.2088287679608,,1713.0,438.3516501606409,1159.965179831188,none,0.0,success,105.0,0.005,"(1713, 157, 394)",1713.0,157.0,394.0,,,,
4889,realistic,3,x0y0,utah,6.029,7.7,Ab,saline,52.97368497877129,7.7,,b,-1,0.08,soma,61.970128542,-509.02104801903056,1129.2649668079705,885.9442948048381,,-509.0,1129.4824753139665,886.3862057039963,periphery,5.200000000000113,success,88.22021484375,0.005,"(-509, 478, 395)",-509.0,478.0,395.0,-509.0,,478.0,395.0
4890,realistic,3,x0y0,utah,5.2459999999999996,6.8,Ab,saline,107.57176313641041,6.8,,b,-1,0.08,soma,59.467327938000004,579.2010226846589,1213.4207231789972,-246.8988460957985,,579.0,1213.6856018616481,-246.96809315224118,central,5.155000000000106,success,33.2733154296875,0.005,"(579, 437, -1)",579.0,437.0,-1.0,579.0,,437.0,-1.0
4891,realistic,3,x0y0,utah,7.682,9.6,Ab,saline,133.6755604429283,9.6,,b,-1,0.08,soma,67.253818706,-465.90123265085884,1068.9024657248974,-844.5985026189524,,-466.0,1069.1128435350251,-844.343743599182,periphery,5.190000000000111,success,51.2939453125,0.005,"(-466, 477, -279)",-466.0,477.0,-279.0,-466.0,,477.0,-279.0
4892,realistic,3,x0y0,utah,5.072,6.6,Ab,saline,168.2087520812054,6.6,,b,-1,0.08,soma,58.911150026,-76.55817496051553,83.91765441618463,-617.0915081660123,,-77.0,83.39327397515595,-617.2705623802259,none,0.0,success,105.0,0.005,"(-77, -83, 180)",-77.0,-83.0,180.0,,,,
4893,realistic,3,x0y0,utah,5.072,6.6,Ab,saline,135.7096433025131,6.6,,b,-1,0.08,soma,58.911150026,958.7878254690927,951.5244973134776,-981.0812721951042,,959.0,951.734328031578,-980.9873005943055,none,0.0,success,105.0,0.005,"(959, 383, -398)",959.0,383.0,-398.0,,,,
4894,realistic,3,x0y0,utah,5.681,7.3,Ab,saline,-5.951644849191059,7.3,,b,-1,0.08,soma,60.857772718,-1244.2612465181116,26.365696380468307,603.0446087422043,,-1244.0,26.44002448457168,603.0255703726616,none,0.0,success,105.0,0.005,"(-1244, 111, -208)",-1244.0,111.0,-208.0,,,,
4895,realistic,3,x0y0,utah,7.247,9.1,Ab,saline,104.87530181820448,9.1,,b,-1,0.08,soma,65.86337392600001,-710.8856953722137,692.6916792913213,-259.512225608265,,-711.0,692.5309754497397,-259.96306404340214,none,0.0,success,105.0,0.005,"(-711, -98, -50)",-711.0,-98.0,-50.0,,,,
4896,realistic,3,x0y0,utah,4.637,6.1,Ab,saline,145.45972384014283,6.1,,b,-1,0.08,soma,57.520705246000006,164.06449689142332,987.9605442310063,-1073.5959016194893,,164.0,988.4021199372411,-1073.2944024555654,tjn,5.195000000000112,success,78.55224609375,0.005,"(164, 527, -403)",164.0,527.0,-403.0,164.0,,527.0,-403.0
4897,realistic,3,x0y0,utah,5.072,6.6,Ab,saline,57.294031569578344,6.6,,b,-1,0.08,soma,58.911150026,-481.8462811302375,1239.719155355273,751.213008412009,,-482.0,1239.3643663734397,751.050347179524,periphery,5.195000000000112,success,62.79296875,0.005,"(-482, 554, 311)",-482.0,554.0,311.0,-482.0,,554.0,311.0
4898,realistic,3,x0y0,utah,5.2459999999999996,6.8,Ab,saline,142.22151396922226,6.8,,b,-1,0.08,soma,59.467327938000004,-741.2673303695842,546.0957497791551,-815.9956213878409,,-741.0,546.1058425474096,-815.9654880010978,none,0.0,success,105.0,0.005,"(-741, 47, -172)",-741.0,47.0,-172.0,,,,
4899,realistic,3,x0y0,utah,9.508999999999999,11.7,Ab,saline,58.484371300560134,11.7,,b,-1,0.08,soma,73.09368678199999,1181.4087262775686,453.7365762716354,245.1752703179427,,1181.0,453.36868399082766,245.42253504047585,none,0.0,success,105.0,0.005,"(1181, -247, -184)",1181.0,-247.0,-184.0,,,,
4900,realistic,3,x0y0,utah,4.898000000000001,6.4,Ab,saline,171.51508444706408,6.4,,b,-1,0.08,soma,58.354972114000006,-784.1661138975525,173.5095670072919,-1340.3611981884515,,-784.0,173.09117919340753,-1340.302951458979,none,0.0,success,105.0,0.005,"(-784, 53, -535)",-784.0,53.0,-535.0,,,,
4901,realistic,3,x0y0,utah,6.811999999999999,8.6,Ab,saline,-23.763619522614388,8.6,,b,-1,0.08,soma,64.472929146,772.2118009659114,-710.5410424419298,1241.8544831329218,,772.0,-710.346295222919,1241.9348123772097,none,0.0,success,105.0,0.005,"(772, -381, 494)",772.0,-381.0,494.0,,,,
4902,realistic,3,x0y0,utah,4.637,6.1,Ab,saline,72.1656014356621,6.1,,b,-1,0.08,soma,57.520705246000006,-1805.1060173494839,1166.3150561025795,210.29050701785718,,-1805.0,1166.618479661834,210.254796008425,periphery,5.270000000000124,success,56.396484375,0.005,"(-1805, 392, -39)",-1805.0,392.0,-39.0,-1805.0,,392.0,-39.0
4903,realistic,3,x0y0,utah,6.116,7.8,Ab,saline,25.88294975236176,7.8,,b,-1,0.08,soma,62.248217498,-1398.5868861240133,447.5382345150069,1021.8140936740367,,-1399.0,447.2381734689386,1022.2668606414755,none,0.0,success,105.0,0.005,"(-1399, 91, 288)",-1399.0,91.0,288.0,,,,
4904,realistic,3,x0y0,utah,4.898000000000001,6.4,Ab,saline,83.25613005080201,6.4,,b,-1,0.08,soma,58.354972114000006,139.54965024585374,1369.1354187274392,245.13688500760415,,140.0,1369.559661403207,245.58443686309184,tjn,5.145000000000104,success,20.855712890625,0.005,"(140, 561, 150)",140.0,561.0,150.0,140.0,,561.0,150.0
4905,realistic,3,x0y0,utah,9.857,12.1,Ab,saline,160.8694551945647,12.1,,b,-1,0.08,soma,74.206042606,1270.9531663410796,26.75016236537385,-61.0536192983791,,1271.0,26.40316008099319,-60.722934527074585,none,0.0,success,105.0,0.005,"(1271, -243, 716)",1271.0,-243.0,716.0,,,,
4906,realistic,3,x0y0,utah,4.55,6.0,Ab,saline,117.75613789464018,6.0,,b,-1,0.08,soma,57.24261629,1294.9030422058972,1169.2067080228371,-694.1351874461653,,1295.0,1168.9734955775107,-693.9034432031267,central,5.295000000000128,success,99.90234375,0.005,"(1295, 449, -315)",1295.0,449.0,-315.0,1295.0,,449.0,-315.0
4907,realistic,3,x0y0,utah,4.985,6.5,Ab,saline,154.9962237391366,6.5,,b,-1,0.08,soma,58.63306107,-1218.8936618351179,528.9210527758551,-1269.533952841588,,-1219.0,529.2115974571445,-1270.0150716238707,none,0.0,success,105.0,0.005,"(-1219, 185, -532)",-1219.0,185.0,-532.0,,,,
4908,realistic,3,x0y0,utah,5.507,7.1,Ab,saline,33.458103881197694,7.1,,b,-1,0.08,soma,60.301594806000004,1846.856611722617,771.6120184796506,997.9244461877544,,1847.0,771.3926346082741,998.0803102733232,none,0.0,success,105.0,0.005,"(1847, 322, 318)",1847.0,322.0,318.0,,,,
4909,realistic,3,x0y0,utah,6.29,8.0,Ab,saline,85.60023659732529,8.0,,b,-1,0.08,soma,62.80439541,591.3595321876836,1122.2533121308843,-63.50072628507042,,591.0,1122.0346313316556,-63.38195143602648,tjn,5.200000000000113,success,51.708984375,0.005,"(591, 308, -126)",591.0,308.0,-126.0,591.0,,308.0,-126.0
4910,realistic,3,x0y0,utah,5.942,7.6,Ab,saline,241.06389684954559,7.6,,b,-1,0.08,soma,61.69203958600001,-1746.568272633889,-134.0144041265562,-59.51714366503438,,-1747.0,-134.02843652283377,-59.706304375853506,periphery,5.290000000000127,success,81.390380859375,0.005,"(-1747, 580, 335)",-1747.0,580.0,335.0,-1747.0,,580.0,335.0
4911,realistic,3,x0y0,utah,4.724,6.2,Ab,saline,6.260952938786683,6.2,,b,-1,0.08,soma,57.798794201999996,-1109.2650329448086,120.13547926242882,1215.6278777858295,,-1109.0,119.79642422371913,1216.0160007183943,none,0.0,success,105.0,0.005,"(-1109, 31, 407)",-1109.0,31.0,407.0,,,,
4912,realistic,3,x0y0,utah,4.637,6.1,Ab,saline,81.4973046959572,6.1,,b,-1,0.08,soma,57.520705246000006,-1595.9626738948318,908.668018165788,164.17904432863267,,-1596.0,908.8089887441472,164.35515615294173,none,0.0,success,105.0,0.005,"(-1596, 104, 44)",-1596.0,104.0,44.0,,,,
4913,realistic,3,x0y0,utah,4.898000000000001,6.4,Ab,saline,-8.41268565772272,6.4,,b,-1,0.08,soma,58.354972114000006,424.2320780770217,-417.37166832618095,1397.0116319268163,,424.0,-417.11416621013916,1397.3843692075848,none,0.0,success,105.0,0.005,"(424, -298, 592)",424.0,-298.0,592.0,,,,
4914,realistic,3,x0y0,utah,4.55,6.0,Ab,saline,203.1412993429137,6.0,,b,-1,0.08,soma,57.24261629,1433.7027717667306,-403.77121820232423,-1105.5514686226861,,1434.0,-403.7531741009851,-1105.1247928393277,none,0.0,success,105.0,0.005,"(1434, -84, -357)",1434.0,-84.0,-357.0,,,,
4915,realistic,3,x0y0,utah,4.724,6.2,Ab,saline,66.1065382257279,6.2,,b,-1,0.08,soma,57.798794201999996,-130.10022711123506,1308.8254091990257,649.4966598600149,,-130.0,1309.1482187694446,649.6292558259051,tjn,5.185000000000111,success,57.6416015625,0.005,"(-130, 565, 320)",-130.0,565.0,320.0,-130.0,,565.0,320.0
4916,realistic,3,x0y0,utah,5.42,7.0,Ab,saline,117.75144899811156,7.0,,b,-1,0.08,soma,60.02350585000001,435.0552172456852,848.5698813267039,-532.3313397475376,,435.0,848.2854013386252,-532.46947216188,none,0.0,success,105.0,0.005,"(435, 127, -153)",435.0,127.0,-153.0,,,,
4917,realistic,3,x0y0,utah,5.42,7.0,Ab,saline,-14.030676472334205,7.0,,b,-1,0.08,soma,60.02350585000001,-1797.5720759310034,-218.24625727425385,1174.1306992088255,,-1798.0,-218.55884890902007,1173.7244026878352,none,0.0,success,105.0,0.005,"(-1798, -21, 383)",-1798.0,-21.0,383.0,,,,
4918,realistic,3,x0y0,utah,8.378,10.4,Ab,saline,202.4084459811296,10.4,,b,-1,0.08,soma,69.478530354,1206.4337896471002,-663.5862731001289,-1171.3233748109815,,1206.0,-663.4846078854725,-1170.8489506561368,none,0.0,success,105.0,0.005,"(1206, -351, -413)",1206.0,-351.0,-413.0,,,,
4919,realistic,3,x0y0,utah,4.637,6.1,Ab,saline,108.22617222307932,6.1,,b,-1,0.08,soma,57.520705246000006,-891.8262678146225,961.4486717611513,-379.67000575773767,,-892.0,961.9095829213256,-379.5442383004745,none,0.0,success,105.0,0.005,"(-892, 189, -125)",-892.0,189.0,-125.0,,,,
4920,realistic,3,x0y0,utah,7.508000000000001,9.4,Ab,saline,203.00928663834668,9.4,,b,-1,0.08,soma,66.697640794,-288.7613158676441,-526.5328145663251,-1225.747897344918,,-289.0,-526.8925538931874,-1226.208254293399,none,0.0,success,105.0,0.005,"(-289, -207, -473)",-289.0,-207.0,-473.0,,,,
4921,realistic,3,x0y0,utah,10.118,12.4,Ab,saline,98.01464375827088,12.4,,b,-1,0.08,soma,75.040309474,-201.5375423687356,455.37498208548914,-51.95536529555239,,-202.0,455.45945722057763,-51.659309570337825,neck0,5.730000000000196,success,45.22247314453125,0.005,"(-202, -359, 63)",-202.0,-359.0,63.0,-202.0,,292.56756577646206,-28.727447656270257
4922,realistic,3,x0y0,utah,4.55,6.0,Ab,saline,19.290690655748428,6.0,,b,-1,0.08,soma,57.24261629,320.9081154179707,295.5970408881626,1224.2379698446746,,321.0,295.82048021110813,1223.9771527580656,none,0.0,success,105.0,0.005,"(321, 27, 456)",321.0,27.0,456.0,,,,
4923,realistic,3,x0y0,utah,6.638,8.4,Ab,saline,42.81881440204055,8.4,,b,-1,0.08,soma,63.916751233999996,271.55596303349654,821.5134251542703,1195.8149279663412,,272.0,821.286607906875,1196.2389685150697,none,0.0,success,105.0,0.005,"(272, 266, 597)",272.0,266.0,597.0,,,,
4924,realistic,3,x0y0,utah,5.507,7.1,Ab,saline,127.49822597452369,7.1,,b,-1,0.08,soma,60.301594806000004,-55.809663411089836,1074.4324800072188,-998.9060162702748,,-56.0,1074.7406426595403,-999.1822903792063,none,0.0,success,105.0,0.005,"(-56, 428, -503)",-56.0,428.0,-503.0,,,,
4925,realistic,3,x0y0,utah,6.725,8.5,Ab,saline,215.1527338662005,8.5,,b,-1,0.08,soma,64.19484019000001,-86.85499316493204,-649.8784250105664,-1305.1806914720567,,-87.0,-649.4846944907011,-1305.0588506696722,none,0.0,success,105.0,0.005,"(-87, -179, -637)",-87.0,-179.0,-637.0,,,,
4926,realistic,3,x0y0,utah,6.116,7.8,Ab,saline,-26.0316218941032,7.8,,b,-1,0.08,soma,62.248217498,-1595.3218613318845,-551.0650259503427,1023.9419818356582,,-1595.0,-551.1968713299362,1024.3691241218517,none,0.0,success,105.0,0.005,"(-1595, -193, 291)",-1595.0,-193.0,291.0,,,,
4927,realistic,3,x0y0,utah,5.42,7.0,Ab,saline,-21.593317095221988,7.0,,b,-1,0.08,soma,60.02350585000001,-953.5416675391735,-579.2414511828298,1253.5422712476047,,-954.0,-578.9243250764,1253.7979278696653,none,0.0,success,105.0,0.005,"(-954, -279, 496)",-954.0,-279.0,496.0,,,,
4928,realistic,3,x0y0,utah,7.421000000000001,9.3,Ab,saline,158.48471455270868,9.3,,b,-1,0.08,soma,66.419551838,-590.7475356899388,364.25403868820916,-736.3134973727432,,-591.0,364.0375248294974,-736.1805545374459,none,0.0,success,105.0,0.005,"(-591, 64, 25)",-591.0,64.0,25.0,,,,
4929,realistic,3,x0y0,utah,5.42,7.0,Ab,saline,39.01847967626738,7.0,,b,-1,0.08,soma,60.02350585000001,-525.3824856986403,993.2709203020728,998.186638038484,,-525.0,993.1313996415802,998.1826308474327,periphery,5.215000000000115,success,80.89599609375,0.005,"(-525, 480, 365)",-525.0,480.0,365.0,-525.0,,480.0,365.0
4930,realistic,3,x0y0,utah,7.334,9.2,Ab,saline,88.82980510723348,9.2,,b,-1,0.08,soma,66.141462882,1228.8249965569455,744.5625139191625,134.9922289177116,,1229.0,744.9071172947121,134.68864292139642,none,0.0,success,105.0,0.005,"(1229, -73, 118)",1229.0,-73.0,118.0,,,,
4931,realistic,3,x0y0,utah,5.072,6.6,Ab,saline,100.16914010170737,6.6,,b,-1,0.08,soma,58.911150026,247.97240636528812,1464.9393521549036,-71.05056047548669,,248.0,1464.668622485296,-70.83285454729582,central,5.1200000000001005,success,12.432861328125,0.005,"(248, 663, 73)",248.0,663.0,73.0,248.0,,663.0,73.0
4932,realistic,3,x0y0,utah,5.507,7.1,Ab,saline,-20.29169533986584,7.1,,b,-1,0.08,soma,60.301594806000004,-522.7713825279336,-487.53993500394654,1144.2063553748105,,-523.0,-487.6942965393605,1144.5299328842739,none,0.0,success,105.0,0.005,"(-523, -205, 380)",-523.0,-205.0,380.0,,,,
4933,realistic,3,x0y0,utah,7.769,9.7,Ab,saline,204.3864403329416,9.7,,b,-1,0.08,soma,67.531907662,-147.0970600908086,-683.0377860375911,-1258.3226463297215,,-147.0,-683.06846233682,-1258.732030749275,none,0.0,success,105.0,0.005,"(-147, -345, -513)",-147.0,-345.0,-513.0,,,,
4934,realistic,3,x0y0,utah,6.203,7.9,Ab,saline,31.156069068784625,7.9,,b,-1,0.08,soma,62.52630645400001,1518.8216552734452,412.4992221038301,892.3416177738386,,1519.0,412.3345554796499,892.5580065316668,none,0.0,success,105.0,0.005,"(1519, -10, 194)",1519.0,-10.0,194.0,,,,
4935,realistic,3,x0y0,utah,6.29,8.0,Ab,saline,153.2875493111035,8.0,,b,-1,0.08,soma,62.80439541,-1538.139308230108,547.2920800619813,-846.2868086817924,,-1538.0,546.9727878683975,-846.2920832098766,none,0.0,success,105.0,0.005,"(-1538, 180, -117)",-1538.0,180.0,-117.0,,,,
4936,realistic,3,x0y0,utah,5.072,6.6,Ab,saline,-7.1758662004965865,6.6,,b,-1,0.08,soma,58.911150026,422.4393867413332,-369.0650316202941,1347.988936327306,,422.0,-368.72550131912374,1348.1028215278989,none,0.0,success,105.0,0.005,"(422, -267, 540)",422.0,-267.0,540.0,,,,
4937,realistic,3,x0y0,utah,5.768000000000001,7.4,Ab,saline,40.6187686321309,7.4,,b,-1,0.08,soma,61.135861674,358.1782301789387,281.0831587770281,385.6595641286394,,358.0,280.9347229748872,386.0976162983669,none,0.0,success,105.0,0.005,"(358, -250, -233)",358.0,-250.0,-233.0,,,,
4938,realistic,3,x0y0,utah,4.55,6.0,Ab,saline,121.60717994894199,6.0,,b,-1,0.08,soma,57.24261629,1995.1828299624592,994.3647600743916,-522.1199043722122,,1995.0,993.9612681470968,-522.4189275987947,none,0.0,success,105.0,0.005,"(1995, 301, -96)",1995.0,301.0,-96.0,,,,
4939,realistic,3,x0y0,utah,4.898000000000001,6.4,Ab,saline,198.1973215143324,6.4,,b,-1,0.08,soma,58.354972114000006,-1299.1696207626376,-597.2041516556737,-1172.7871728077653,,-1299.0,-597.2676288956012,-1172.46861175415,none,0.0,success,105.0,0.005,"(-1299, -343, -399)",-1299.0,-343.0,-399.0,,,,
4940,realistic,3,x0y0,utah,6.4639999999999995,8.2,Ab,saline,50.99922660884086,8.2,,b,-1,0.08,soma,63.360573322,-790.0964197453944,1042.1804707400356,844.782630537411,,-790.0,1042.6422507642633,844.9369043957674,periphery,5.24500000000012,success,83.09326171875,0.005,"(-790, 408, 331)",-790.0,408.0,331.0,-790.0,,408.0,331.0
4941,realistic,3,x0y0,utah,5.681,7.3,Ab,saline,107.76654235772163,7.3,,b,-1,0.08,soma,60.857772718,104.15940800351619,1178.8538519692802,-434.331892679631,,104.0,1178.5329284796758,-434.78735322813094,tjn,5.1650000000001075,success,44.5220947265625,0.005,"(104, 402, -186)",104.0,402.0,-186.0,104.0,,402.0,-186.0
4942,realistic,3,x0y0,utah,6.377,8.1,Ab,saline,157.11221535355097,8.1,,b,-1,0.08,soma,63.082484366,-196.34822760149586,652.1554035788839,-1140.4689731869646,,-196.0,652.5528890849688,-1140.2794464231981,tjn,5.185000000000111,success,92.9443359375,0.005,"(-196, 335, -388)",-196.0,335.0,-388.0,-196.0,,335.0,-388.0
4943,realistic,3,x0y0,utah,5.768000000000001,7.4,Ab,saline,123.66565680365535,7.4,,b,-1,0.08,soma,61.135861674,-940.4277032149466,911.6964002710664,-614.6010044406858,,-940.0,911.7971888356353,-614.0693040629493,none,0.0,success,105.0,0.005,"(-940, 233, -162)",-940.0,233.0,-162.0,,,,
4944,realistic,3,x0y0,utah,4.724,6.2,Ab,saline,202.59665058775508,6.2,,b,-1,0.08,soma,57.798794201999996,-901.9242983526898,-497.20023757435683,-1288.8050901705888,,-902.0,-496.70014836620425,-1288.3919234036434,none,0.0,success,105.0,0.005,"(-902, -184, -537)",-902.0,-184.0,-537.0,,,,
4945,realistic,3,x0y0,utah,7.682,9.6,Ab,saline,122.47179267129158,9.6,,b,-1,0.08,soma,67.253818706,810.3094974962395,756.278448238823,-630.882650224085,,810.0,756.6755234211263,-630.5207876316258,none,0.0,success,105.0,0.005,"(810, 66, -191)",810.0,66.0,-191.0,,,,
4946,realistic,3,x0y0,utah,5.855,7.5,Ab,saline,29.746028147951737,7.5,,b,-1,0.08,soma,61.41395063,-791.8832276154483,779.6732444644148,1190.9116758078474,,-792.0,779.7538011513032,1191.1967959684832,none,0.0,success,105.0,0.005,"(-792, 375, 483)",-792.0,375.0,483.0,,,,
4947,realistic,3,x0y0,utah,5.507,7.1,Ab,saline,28.096886306222103,7.1,,b,-1,0.08,soma,60.301594806000004,-1147.3562814053246,509.3014968494285,1215.8740693451164,,-1147.0,508.9360255768131,1216.1260334689268,none,0.0,success,105.0,0.005,"(-1147, 125, 497)",-1147.0,125.0,497.0,,,,
4948,realistic,3,x0y0,utah,6.029,7.7,Ab,saline,125.3980184519832,7.7,,b,-1,0.08,soma,61.970128542,-1116.56677256142,1142.6258867012712,-785.1206510338562,,-1117.0,1142.1094258872922,-784.7001477321905,periphery,5.220000000000116,success,64.44091796875,0.005,"(-1117, 477, -312)",-1117.0,477.0,-312.0,-1117.0,,477.0,-312.0
4949,realistic,3,x0y0,utah,5.681,7.3,Ab,saline,20.137188818782736,7.3,,b,-1,0.08,soma,60.857772718,1516.5349855027923,368.6600145572802,1247.8879471692453,,1517.0,368.7521655734038,1247.6061814024652,none,0.0,success,105.0,0.005,"(1517, 88, 482)",1517.0,88.0,482.0,,,,
4950,realistic,3,x0y0,utah,5.2459999999999996,6.8,Ab,saline,201.01866862850798,6.8,,b,-1,0.08,soma,59.467327938000004,987.8507164260358,-586.4473678552704,-1018.7841631408777,,988.0,-586.2449652656804,-1018.5538753150618,none,0.0,success,105.0,0.005,"(988, -294, -258)",988.0,-294.0,-258.0,,,,
4951,realistic,3,x0y0,utah,4.985,6.5,Ab,saline,3.22036889739753,6.5,,b,-1,0.08,soma,58.63306107,875.576065174657,-90.22251436126407,1175.987145893634,,876.0,-90.23541098393298,1176.0136240861443,none,0.0,success,105.0,0.005,"(876, -136, 363)",876.0,-136.0,363.0,,,,
4952,realistic,3,x0y0,utah,4.55,6.0,Ab,saline,101.88572820909134,6.0,,b,-1,0.08,soma,57.24261629,821.0465474493508,1101.355672525582,-279.10120324629725,,821.0,1101.2098121506974,-279.60598947787,tjn,5.225000000000117,success,99.462890625,0.005,"(821, 305, -112)",821.0,305.0,-112.0,821.0,,305.0,-112.0
4953,realistic,3,x0y0,utah,4.724,6.2,Ab,saline,5.54137770237237,6.2,,b,-1,0.08,soma,57.798794201999996,996.5985055805296,15.234931740847516,1340.9347843512626,,997.0,15.62268175995662,1341.0740699346256,none,0.0,success,105.0,0.005,"(997, -63, 531)",997.0,-63.0,531.0,,,,
4954,realistic,3,x0y0,utah,4.985,6.5,Ab,saline,8.522884022671889,6.5,,b,-1,0.08,soma,58.63306107,1971.987669314885,78.54943463602467,1094.9425370760564,,1972.0,78.68170982528703,1095.3590486991152,none,0.0,success,105.0,0.005,"(1972, -42, 290)",1972.0,-42.0,290.0,,,,
4955,realistic,3,x0y0,utah,9.074,11.2,Ab,saline,167.85635846452575,11.2,,b,-1,0.08,soma,71.703242002,-146.38022654820014,88.50735415899362,-1458.7404115844388,,-146.0,88.70718105861044,-1458.464544690578,none,0.0,success,105.0,0.005,"(-146, -84, -656)",-146.0,-84.0,-656.0,,,,
4956,realistic,3,x0y0,utah,5.42,7.0,Ab,saline,-13.917608757335849,7.0,,b,-1,0.08,soma,60.02350585000001,-40.73866872244625,-579.6527155289677,1347.416510780844,,-41.0,-580.0103265784626,1347.0504073890052,none,0.0,success,105.0,0.005,"(-41, -384, 556)",-41.0,-384.0,556.0,,,,
4957,realistic,3,x0y0,utah,6.986000000000001,8.8,Ab,saline,23.10393418572181,8.8,,b,-1,0.08,soma,65.02910705800001,822.4957850139208,446.9204756599905,1318.6429921633592,,822.0,446.79271080477974,1318.9498863359745,none,0.0,success,105.0,0.005,"(822, 126, 567)",822.0,126.0,567.0,,,,
4958,realistic,3,x0y0,utah,5.855,7.5,Ab,saline,156.3604442116703,7.5,,b,-1,0.08,soma,61.41395063,18.514554463679328,567.8118387431305,-1320.9935329925845,,19.0,568.0984971013152,-1321.2691600860717,none,0.0,success,105.0,0.005,"(19, 241, -574)",19.0,241.0,-574.0,,,,
4959,realistic,3,x0y0,utah,5.2459999999999996,6.8,Ab,saline,-12.77783491090506,6.8,,b,-1,0.08,soma,59.467327938000004,-1797.9017617576114,-216.07995817714027,1060.0968225788047,,-1798.0,-216.21908646994288,1060.528269102569,none,0.0,success,105.0,0.005,"(-1798, -36, 266)",-1798.0,-36.0,266.0,,,,
4960,realistic,3,x0y0,utah,6.029,7.7,Ab,saline,-23.50833173247436,7.7,,b,-1,0.08,soma,61.970128542,-1549.0592569042456,-439.9476462130242,1075.3658352133161,,-1549.0,-439.496442137702,1075.2583039365072,none,0.0,success,105.0,0.005,"(-1549, -114, 327)",-1549.0,-114.0,327.0,,,,
4961,realistic,3,x0y0,utah,5.072,6.6,Ab,saline,186.353650628231,6.6,,b,-1,0.08,soma,58.911150026,-166.5419249384281,-381.5541119186228,-1382.797228099057,,-167.0,-381.1602321539391,-1382.4873960054208,none,0.0,success,105.0,0.005,"(-167, -291, -573)",-167.0,-291.0,-573.0,,,,
4962,realistic,3,x0y0,utah,4.898000000000001,6.4,Ab,saline,87.15477578897365,6.4,,b,-1,0.08,soma,58.354972114000006,1466.60676726199,985.1666905843022,-79.88764958544789,,1467.0,985.2004730737318,-79.61679669157279,none,0.0,success,105.0,0.005,"(1467, 172, -120)",1467.0,172.0,-120.0,,,,
4963,realistic,3,x0y0,utah,5.2459999999999996,6.8,Ab,saline,-14.209845026702455,6.8,,b,-1,0.08,soma,59.467327938000004,-290.03946590006666,-328.269352244341,1170.2891547354075,,-290.0,-328.0171145043896,1169.8028138515488,none,0.0,success,105.0,0.005,"(-290, -128, 380)",-290.0,-128.0,380.0,,,,
4964,realistic,3,x0y0,utah,6.725,8.5,Ab,saline,144.5263945448531,8.5,,b,-1,0.08,soma,64.19484019000001,592.8103487879266,911.249899859402,-940.5850929328917,,593.0,911.1616328811288,-940.4441389253683,central,5.175000000000109,success,61.23046875,0.005,"(593, 437, -275)",593.0,437.0,-275.0,593.0,,437.0,-275.0
4965,realistic,3,x0y0,utah,6.116,7.8,Ab,saline,77.93496772627876,7.8,,b,-1,0.08,soma,62.248217498,1465.0233048290854,1248.6589396323225,335.47774072163435,,1465.0,1249.0877659456473,335.56993872854105,central,5.215000000000115,success,45.037078857421875,0.005,"(1465, 451, 165)",1465.0,451.0,165.0,1465.0,,451.0,165.0
4966,realistic,3,x0y0,utah,5.507,7.1,Ab,saline,43.75870802546997,7.1,,b,-1,0.08,soma,60.301594806000004,526.7700053812745,614.231979464656,801.7913567185623,,527.0,613.758291483915,801.7834209641871,none,0.0,success,105.0,0.005,"(527, 50, 213)",527.0,50.0,213.0,,,,
4967,realistic,3,x0y0,utah,4.985,6.5,Ab,saline,18.929171536475355,6.5,,b,-1,0.08,soma,58.63306107,1413.6989323509267,360.1011110072208,987.115459230316,,1414.0,360.16428250555407,987.2620062330567,none,0.0,success,105.0,0.005,"(1414, 96, 217)",1414.0,96.0,217.0,,,,
4968,realistic,3,x0y0,utah,4.898000000000001,6.4,Ab,saline,143.6236687700773,6.4,,b,-1,0.08,soma,58.354972114000006,1900.5941301333032,538.6044576451163,-767.3513720591683,,1901.0,538.8886669804068,-767.494294024491,none,0.0,success,105.0,0.005,"(1901, 56, -112)",1901.0,56.0,-112.0,,,,
4969,realistic,3,x0y0,utah,5.072,6.6,Ab,saline,-0.14271525158366274,6.6,,b,-1,0.08,soma,58.911150026,590.9068279136196,161.19742176743833,1290.4748011777374,,591.0,160.9638610624675,1290.4555750130003,none,0.0,success,105.0,0.005,"(591, 163, 476)",591.0,163.0,476.0,,,,
4970,realistic,3,x0y0,utah,4.811,6.3,Ab,saline,162.59818939725557,6.3,,b,-1,0.08,soma,58.076883158,786.3026917237855,393.4238881612064,-1381.5521341209521,,786.0,393.4788978762789,-1381.7554809546818,none,0.0,success,105.0,0.005,"(786, 150, -605)",786.0,150.0,-605.0,,,,
4971,realistic,3,x0y0,utah,4.985,6.5,Ab,saline,-23.70895148490769,6.5,,b,-1,0.08,soma,58.63306107,981.3836901102032,-403.5475641240919,1142.9219511702322,,981.0,-403.4366769281236,1142.5882153578461,none,0.0,success,105.0,0.005,"(981, -76, 397)",981.0,-76.0,397.0,,,,
4972,realistic,3,x0y0,utah,4.637,6.1,Ab,saline,30.492944367072038,6.1,,b,-1,0.08,soma,57.520705246000006,-1522.8636098969962,741.8738736678488,1016.7549659811772,,-1523.0,741.9020029209103,1017.2172958552393,none,0.0,success,105.0,0.005,"(-1523, 329, 316)",-1523.0,329.0,316.0,,,,
4973,realistic,3,x0y0,utah,6.898999999999999,8.7,Ab,saline,156.44619061531392,8.7,,b,-1,0.08,soma,64.751018102,267.8012380217829,358.6147539921917,-1412.6737555261273,,268.0,358.6232534167797,-1412.288129147052,none,0.0,success,105.0,0.005,"(268, 32, -663)",268.0,32.0,-663.0,,,,
4974,realistic,3,x0y0,utah,4.637,6.1,Ab,saline,167.57489582662942,6.1,,b,-1,0.08,soma,57.520705246000006,271.52612497823594,458.94830580257576,-1393.2599083032328,,272.0,459.12122788446965,-1393.718360371622,none,0.0,success,105.0,0.005,"(272, 284, -599)",272.0,284.0,-599.0,,,,
4975,realistic,3,x0y0,utah,5.2459999999999996,6.8,Ab,saline,129.37130145140102,6.8,,b,-1,0.08,soma,59.467327938000004,149.02912448698103,1162.5912683625686,-887.8316556645383,,149.0,1162.870595614434,-887.7855630555368,tjn,5.195000000000112,success,67.4072265625,0.005,"(149, 533, -371)",149.0,533.0,-371.0,149.0,,533.0,-371.0
4976,realistic,3,x0y0,utah,4.985,6.5,Ab,saline,21.113728301137947,6.5,,b,-1,0.08,soma,58.63306107,1283.5974445557833,400.2152644633152,1239.0559321751316,,1284.0,400.3168142987071,1238.6758913361018,none,0.0,success,105.0,0.005,"(1284, 107, 479)",1284.0,107.0,479.0,,,,
4977,realistic,3,x0y0,utah,4.985,6.5,Ab,saline,107.47167293153606,6.5,,b,-1,0.08,soma,58.63306107,288.22786276556036,1358.4259980988172,-524.9735952242977,,288.0,1358.7765384773365,-524.457822466607,tjn,5.170000000000108,success,48.81591796875,0.005,"(288, 582, -280)",288.0,582.0,-280.0,288.0,,582.0,-280.0
4978,realistic,3,x0y0,utah,6.986000000000001,8.8,Ab,saline,103.36015799683744,8.8,,b,-1,0.08,soma,65.02910705800001,-1387.7491419537894,1308.7899515599602,-287.10269576386963,,-1388.0,1308.3599091283645,-286.9276133205519,periphery,5.160000000000107,success,21.2860107421875,0.005,"(-1388, 513, -98)",-1388.0,513.0,-98.0,-1388.0,,513.0,-98.0
4979,realistic,3,x0y0,utah,6.029,7.7,Ab,saline,123.98961854109771,7.7,,b,-1,0.08,soma,61.970128542,1082.7549942414025,881.8897857824559,-418.6570054934688,,1083.0,881.5332167870863,-418.1356509274892,none,0.0,success,105.0,0.005,"(1083, 205, 38)",1083.0,205.0,38.0,,,,
4980,realistic,3,x0y0,utah,4.898000000000001,6.4,Ab,saline,298.7907869226578,6.4,,b,-1,0.08,soma,58.354972114000006,-490.36103100618897,-56.8877300438071,36.08761671707589,,-490.0,-56.54514878035502,36.1078772850513,tjn,5.215000000000115,success,91.845703125,0.005,"(-490, 657, -356)",-490.0,657.0,-356.0,-490.0,,657.0,-356.0
4981,realistic,3,x0y0,utah,5.768000000000001,7.4,Ab,saline,-11.708944906376589,7.4,,b,-1,0.08,soma,61.135861674,590.6143854623209,-319.5860161802052,1153.2615691314113,,591.0,-319.4787331668274,1153.6041178755906,none,0.0,success,105.0,0.005,"(591, -154, 355)",591.0,-154.0,355.0,,,,
4982,realistic,3,x0y0,utah,4.637,6.1,Ab,saline,-8.655276337415163,6.1,,b,-1,0.08,soma,57.520705246000006,-929.4556531807576,-179.081144213304,1390.3629020652252,,-929.0,-179.47093306976154,1390.483484603098,none,0.0,success,105.0,0.005,"(-929, -57, 586)",-929.0,-57.0,586.0,,,,
4983,realistic,3,x0y0,utah,6.725,8.5,Ab,saline,137.72803334865088,8.5,,b,-1,0.08,soma,64.19484019000001,326.64409451549164,766.3663200164656,-776.732908139375,,327.0,766.6614344979067,-776.6520908703002,central,5.200000000000113,success,99.90234375,0.005,"(327, 217, -172)",327.0,217.0,-172.0,327.0,,217.0,-172.0
4984,realistic,3,x0y0,utah,6.116,7.8,Ab,saline,79.34939759435319,7.8,,b,-1,0.08,soma,62.248217498,787.4707882008572,1209.5130426542835,230.9081646299624,,787.0,1209.0867740785175,230.81973529681522,central,5.250000000000121,success,46.8017578125,0.005,"(787, 407, 80)",787.0,407.0,80.0,787.0,,407.0,80.0
4985,realistic,3,x0y0,utah,5.2459999999999996,6.8,Ab,saline,-0.7574186266959149,6.8,,b,-1,0.08,soma,59.467327938000004,1520.1243347641903,-30.94676208686451,1141.6880271720454,,1520.0,-30.754484364390805,1141.6521906026035,none,0.0,success,105.0,0.005,"(1520, -20, 327)",1520.0,-20.0,327.0,,,,
4986,realistic,3,x0y0,utah,7.508000000000001,9.4,Ab,saline,-32.17011459087354,9.4,,b,-1,0.08,soma,66.697640794,-384.0199711970113,-603.2325581623109,1281.2150249077106,,-384.0,-603.688911979363,1281.7322764660607,none,0.0,success,105.0,0.005,"(-384, -168, 589)",-384.0,-168.0,589.0,,,,
4987,realistic,3,x0y0,utah,4.55,6.0,Ab,saline,0.7486719540365921,6.0,,b,-1,0.08,soma,57.24261629,-588.7472184837864,102.4898040913522,1359.9765936948195,,-589.0,102.6584391366995,1359.5399460141857,none,0.0,success,105.0,0.005,"(-589, 92, 546)",-589.0,92.0,546.0,,,,
4988,realistic,3,x0y0,utah,4.637,6.1,Ab,saline,71.18273659320495,6.1,,b,-1,0.08,soma,57.520705246000006,-137.57967843212435,1167.9039434430888,256.6732021744524,,-138.0,1168.3055497929322,256.5190897561799,tjn,5.125000000000101,success,9.5489501953125,0.005,"(-138, 398, -6)",-138.0,398.0,-6.0,-138.0,,398.0,-6.0
4989,realistic,3,x0y0,utah,7.16,9.0,Ab,saline,-3.4999147727251865,9.0,,b,-1,0.08,soma,65.58528497,535.7282128427547,57.56534921274853,1399.842138484335,,536.0,57.11464880841499,1400.2388364642788,none,0.0,success,105.0,0.005,"(536, 107, 584)",536.0,107.0,584.0,,,,
4990,realistic,3,x0y0,utah,4.724,6.2,Ab,saline,90.03770369806664,6.2,,b,-1,0.08,soma,57.798794201999996,1530.1072135428785,1271.9157600185235,96.22427097297168,,1530.0,1271.8993971010002,96.4302704220293,central,5.2350000000001184,success,48.01025390625,0.005,"(1530, 458, 97)",1530.0,458.0,97.0,1530.0,,458.0,97.0
4991,realistic,3,x0y0,utah,4.637,6.1,Ab,saline,180.18826614896315,6.1,,b,-1,0.08,soma,57.520705246000006,1574.135433587398,86.47289897123619,-1242.6333945668148,,1574.0,86.3145908363441,-1242.7603526230002,none,0.0,success,105.0,0.005,"(1574, 89, -429)",1574.0,89.0,-429.0,,,,
4992,realistic,3,x0y0,utah,5.2459999999999996,6.8,Ab,saline,67.90243758082796,6.8,,b,-1,0.08,soma,59.467327938000004,737.5447056462523,1262.639053183314,479.05506351725717,,738.0,1262.8507396672787,479.5028043851379,central,5.175000000000109,success,46.47216796875,0.005,"(738, 508, 173)",738.0,508.0,173.0,738.0,,508.0,173.0
4993,realistic,3,x0y0,utah,4.55,6.0,Ab,saline,61.532965951910064,6.0,,b,-1,0.08,soma,57.24261629,1821.6308151690039,743.1175537442115,462.2691478501792,,1822.0,743.2544919902698,461.85327759272167,none,0.0,success,105.0,0.005,"(1822, 28, 74)",1822.0,28.0,74.0,,,,
4994,realistic,3,x0y0,utah,6.638,8.4,Ab,saline,167.56874631079216,8.4,,b,-1,0.08,soma,63.916751233999996,-1466.134964111159,411.7145471099875,-1239.544599742045,,-1466.0,411.89113827034015,-1239.8415496275625,none,0.0,success,105.0,0.005,"(-1466, 236, -442)",-1466.0,236.0,-442.0,,,,
4995,realistic,3,x0y0,utah,4.898000000000001,6.4,Ab,saline,15.979886118373154,6.4,,b,-1,0.08,soma,58.354972114000006,-1530.3397725682526,172.86942005034282,659.400542368101,,-1530.0,173.14306191149217,659.7502350952001,none,0.0,success,105.0,0.005,"(-1530, -51, -123)",-1530.0,-51.0,-123.0,,,,
4996,realistic,3,x0y0,utah,6.203,7.9,Ab,saline,68.00879743637742,7.9,,b,-1,0.08,soma,62.52630645400001,718.6549926417006,1186.2242628917438,653.4253750400294,,719.0,1185.8391956720748,653.6905508835116,central,5.215000000000115,success,95.361328125,0.005,"(719, 429, 348)",719.0,429.0,348.0,719.0,,429.0,348.0
4997,realistic,3,x0y0,utah,4.985,6.5,Ab,saline,62.722193102312076,6.5,,b,-1,0.08,soma,58.63306107,-277.26188218103465,992.8237015499594,471.4120946587818,,-277.0,992.7645323395082,471.2012659441906,tjn,5.185000000000111,success,58.19091796875,0.005,"(-277, 269, 98)",-277.0,269.0,98.0,-277.0,,269.0,98.0
4998,realistic,3,x0y0,utah,5.768000000000001,7.4,Ab,saline,-22.439891805017425,7.4,,b,-1,0.08,soma,61.135861674,-1652.5007524985972,-456.2853925939162,1168.9730523053606,,-1653.0,-456.302279200483,1168.8294384726394,none,0.0,success,105.0,0.005,"(-1653, -145, 415)",-1653.0,-145.0,415.0,,,,
4999,realistic,3,x0y0,utah,5.507,7.1,Ab,saline,32.065264807751106,7.1,,b,-1,0.08,soma,60.301594806000004,1943.731902729488,405.34941724926057,962.4970526896576,,1944.0,405.7635583412529,962.7587857193025,none,0.0,success,105.0,0.005,"(1944, -27, 272)",1944.0,-27.0,272.0,,,,
5000,realistic,3,x0y0,utah,4.985,6.5,Ab,saline,10.21556167023302,6.5,,b,-1,0.08,soma,58.63306107,-199.36315217255958,183.42851614338002,1299.4585147612395,,-199.0,183.45975251690905,1299.3688976994936,none,0.0,success,105.0,0.005,"(-199, 39, 498)",-199.0,39.0,498.0,,,,
5001,realistic,3,x0y0,utah,5.507,7.1,Ab,saline,77.33097289330512,7.1,,b,-1,0.08,soma,60.301594806000004,1395.7095876330625,1095.425788655667,212.29456100656898,,1396.0,1095.3426330261073,212.76256987047796,central,5.255000000000122,success,72.16796875,0.005,"(1396, 300, 34)",1396.0,300.0,34.0,1396.0,,300.0,34.0
5002,realistic,3,x0y0,utah,4.898000000000001,6.4,Ab,saline,26.543913188346558,6.4,,b,-1,0.08,soma,58.354972114000006,810.6549879092482,517.1586488802423,1309.3155097278986,,811.0,516.8559185188734,1309.3631790265922,none,0.0,success,105.0,0.005,"(811, 153, 581)",811.0,153.0,581.0,,,,
5003,realistic,3,x0y0,utah,6.029,7.7,Ab,saline,89.02595051835671,7.7,,b,-1,0.08,soma,61.970128542,-1351.0473762209315,998.464122938818,-125.99112572152308,,-1351.0,998.9034657645732,-126.12825390739299,none,0.0,success,105.0,0.005,"(-1351, 183, -140)",-1351.0,183.0,-140.0,,,,
5004,realistic,3,x0y0,utah,5.507,7.1,Ab,saline,190.012556639456,7.1,,b,-1,0.08,soma,60.301594806000004,959.4577686859866,-343.0559169630152,-1117.1555688682404,,959.0,-342.75472366838176,-1116.7605052824747,none,0.0,success,105.0,0.005,"(959, -201, -314)",959.0,-201.0,-314.0,,,,
5005,realistic,3,x0y0,utah,6.986000000000001,8.8,Ab,saline,328.45828197957763,8.8,,b,-1,0.08,soma,65.02910705800001,-1604.4298796687867,-475.3895555038398,896.0486252798855,,-1604.0,-475.6418629510201,895.7676539727669,none,0.0,success,105.0,0.005,"(-1604, -48, 199)",-1604.0,-48.0,199.0,,,,
5006,realistic,3,x0y0,utah,8.203999999999999,10.2,Ab,saline,124.404252640268,10.2,,b,-1,0.08,soma,68.922352442,-583.2912192362122,272.50418113050273,-167.7294410823811,,-583.0,272.13741649994734,-167.9955645648651,none,0.0,success,105.0,0.005,"(-583, -404, 295)",-583.0,-404.0,295.0,,,,
5007,realistic,3,x0y0,utah,6.29,8.0,Ab,saline,-7.989137190971358,8.0,,b,-1,0.08,soma,62.80439541,-1510.2175356566495,-87.46880982055426,1329.2125736432001,,-1510.0,-87.47990548099503,1329.4830963872616,none,0.0,success,105.0,0.005,"(-1510, 26, 521)",-1510.0,26.0,521.0,,,,
5008,realistic,3,x0y0,utah,4.637,6.1,Ab,saline,26.12262973947382,6.1,,b,-1,0.08,soma,57.520705246000006,1573.4468104883722,517.6137739233809,1048.9642775006369,,1573.0,517.298683259907,1048.675420620192,none,0.0,success,105.0,0.005,"(1573, 159, 318)",1573.0,159.0,318.0,,,,
5009,realistic,3,x0y0,utah,5.768000000000001,7.4,Ab,saline,331.16627262483536,7.4,,b,-1,0.08,soma,61.135861674,1120.8294934566013,-125.60928123628037,215.77714180385738,,1121.0,-125.34841304268525,215.4375074132123,none,0.0,success,105.0,0.005,"(1121, 268, -499)",1121.0,268.0,-499.0,,,,
5010,realistic,3,x0y0,utah,6.116,7.8,Ab,saline,110.32821877311079,7.8,,b,-1,0.08,soma,62.248217498,1720.3379270329356,1127.5227158665284,-442.6874936442746,,1720.0,1127.2795767739376,-442.5215153794027,central,5.250000000000121,success,83.09326171875,0.005,"(1720, 362, -159)",1720.0,362.0,-159.0,1720.0,,362.0,-159.0
5011,realistic,3,x0y0,utah,4.55,6.0,Ab,saline,206.095289742069,6.0,,b,-1,0.08,soma,57.24261629,-1134.9019017328678,-241.79474107888112,-501.59216043514573,,-1135.0,-241.91201345298566,-501.71329684502473,none,0.0,success,105.0,0.005,"(-1135, 116, 229)",-1135.0,116.0,229.0,,,,
5012,realistic,3,x0y0,utah,5.42,7.0,Ab,saline,190.96417046160062,7.0,,b,-1,0.08,soma,60.02350585000001,1646.9765143567608,-190.59433883405654,-1065.9766269999413,,1647.0,-191.01523540633505,-1066.0970378464726,none,0.0,success,105.0,0.005,"(1647, -36, -266)",1647.0,-36.0,-266.0,,,,
5013,realistic,3,x0y0,utah,6.551000000000001,8.3,Ab,saline,-20.61425625104802,8.3,,b,-1,0.08,soma,63.63866227800001,-1793.2785687962064,-460.5123566877123,1016.7598133620372,,-1793.0,-460.602086494042,1016.5428939461042,none,0.0,success,105.0,0.005,"(-1793, -173, 252)",-1793.0,-173.0,252.0,,,,
5014,realistic,3,x0y0,utah,7.073,8.9,Ab,saline,-11.915529197302744,8.9,,b,-1,0.08,soma,65.307196014,-660.4112708040318,-430.9271464961639,1100.916453715632,,-660.0,-430.84546798844553,1101.0740456498497,none,0.0,success,105.0,0.005,"(-660, -262, 301)",-660.0,-262.0,301.0,,,,
5015,realistic,3,x0y0,utah,4.55,6.0,Ab,saline,68.76279877251339,6.0,,b,-1,0.08,soma,57.24261629,773.5480147976202,1376.766840285518,370.6176699378984,,774.0,1376.3764213219547,370.6936378101191,central,5.220000000000116,success,30.02471923828125,0.005,"(774, 618, 76)",774.0,618.0,76.0,774.0,,618.0,76.0
5016,realistic,3,x0y0,utah,4.811,6.3,Ab,saline,-1.9476201034383185,6.3,,b,-1,0.08,soma,58.076883158,555.7893492967196,5.950935317726362,1434.5668893969475,,556.0,6.322692986313992,1434.5500185140527,none,0.0,success,105.0,0.005,"(556, 34, 621)",556.0,34.0,621.0,,,,
5017,realistic,3,x0y0,utah,5.681,7.3,Ab,saline,40.12562603275345,7.3,,b,-1,0.08,soma,60.857772718,-1048.1335955807306,922.5221851186577,894.834380520896,,-1048.0,922.5439172583756,894.4769265100915,periphery,5.220000000000116,success,68.890380859375,0.005,"(-1048, 397, 271)",-1048.0,397.0,271.0,-1048.0,,397.0,271.0
5018,realistic,3,x0y0,utah,5.507,7.1,Ab,saline,59.11625802606971,7.1,,b,-1,0.08,soma,60.301594806000004,1923.0229300535143,138.55652335964896,74.39734318625233,,1923.0,138.5624143312548,74.41690430696002,none,0.0,success,105.0,0.005,"(1923, -561, -344)",1923.0,-561.0,-344.0,,,,
5019,realistic,3,x0y0,utah,4.811,6.3,Ab,saline,4.946705578792413,6.3,,b,-1,0.08,soma,58.076883158,-325.62740057936963,224.61322353723517,1364.888963711257,,-326.0,224.1701136641098,1365.0264993451578,none,0.0,success,105.0,0.005,"(-326, 154, 554)",-326.0,154.0,554.0,,,,
5020,realistic,3,x0y0,utah,9.683,11.9,Ab,saline,54.415518077150494,11.9,,b,-1,0.08,soma,73.649864694,924.9018208752092,605.7721950591367,441.7489450634144,,925.0,605.3902174778153,442.2199281327195,none,0.0,success,105.0,0.005,"(925, -63, -36)",925.0,-63.0,-36.0,,,,
5021,realistic,3,x0y0,utah,5.594,7.2,Ab,saline,-25.79800497708497,7.2,,b,-1,0.08,soma,60.579683761999995,653.8822543049013,-522.4541203081426,1060.413528804827,,654.0,-522.8141391866112,1060.0054446454644,none,0.0,success,105.0,0.005,"(654, -168, 326)",654.0,-168.0,326.0,,,,
5022,realistic,3,x0y0,utah,6.725,8.5,Ab,saline,81.32985071408511,8.5,,b,-1,0.08,soma,64.19484019000001,-1431.9416673312194,1133.4528974723298,16.588566066200656,,-1432.0,1133.7825095059175,16.136581208316542,periphery,5.200000000000113,success,61.23046875,0.005,"(-1432, 326, -107)",-1432.0,326.0,-107.0,-1432.0,,326.0,-107.0
5023,realistic,3,x0y0,utah,6.377,8.1,Ab,saline,7.434565276103598,8.1,,b,-1,0.08,soma,63.082484366,-88.78381065922602,433.19539145978797,1394.087387549148,,-89.0,433.6604367384802,1393.682295748663,none,0.0,success,105.0,0.005,"(-89, 328, 584)",-89.0,328.0,584.0,,,,
5024,realistic,3,x0y0,utah,6.986000000000001,8.8,Ab,saline,172.664513931644,8.8,,b,-1,0.08,soma,65.02910705800001,891.6264700887648,298.2512520471273,-1273.2365295580596,,892.0,298.39660848565336,-1272.8109341900627,none,0.0,success,105.0,0.005,"(892, 194, -462)",892.0,194.0,-462.0,,,,
5025,realistic,3,x0y0,utah,5.768000000000001,7.4,Ab,saline,67.58502365172868,7.4,,b,-1,0.08,soma,61.135861674,1230.6927636406226,1124.001652899794,462.14791073898505,,1231.0,1123.9109952657232,461.97605202814816,central,5.230000000000118,success,53.6376953125,0.005,"(1231, 370, 151)",1231.0,370.0,151.0,1231.0,,370.0,151.0
5026,realistic,3,x0y0,utah,5.42,7.0,Ab,saline,146.51604374397,7.0,,b,-1,0.08,soma,60.02350585000001,-1347.8948949691467,581.3462385974068,-1012.8525951595957,,-1348.0,581.6419840887227,-1012.7198019394501,none,0.0,success,105.0,0.005,"(-1348, 132, -333)",-1348.0,132.0,-333.0,,,,
5027,realistic,3,x0y0,utah,6.377,8.1,Ab,saline,48.70194736313484,8.1,,b,-1,0.08,soma,63.082484366,1201.9532537708942,1032.6447362487188,700.7592135365829,,1202.0,1032.467435252088,700.9172198407801,central,5.225000000000117,success,40.447998046875,0.005,"(1202, 419, 162)",1202.0,419.0,162.0,1202.0,,419.0,162.0
5028,realistic,3,x0y0,utah,4.637,6.1,Ab,saline,56.04387079947902,6.1,,b,-1,0.08,soma,57.520705246000006,-1592.3717125013309,915.2841088838477,697.5055697474112,,-1592.0,915.0142125007787,697.5665329752079,none,0.0,success,105.0,0.005,"(-1592, 240, 243)",-1592.0,240.0,243.0,,,,
5029,realistic,3,x0y0,utah,4.637,6.1,Ab,saline,76.21910476725127,6.1,,b,-1,0.08,soma,57.520705246000006,-647.0495082935473,1161.7335936023235,223.3644415620616,,-647.0,1161.3240544674577,223.83771599479866,tjn,5.205000000000114,success,53.271484375,0.005,"(-647, 371, 30)",-647.0,371.0,30.0,-647.0,,371.0,30.0
5030,realistic,3,x0y0,utah,6.29,8.0,Ab,saline,161.27303998948722,8.0,,b,-1,0.08,soma,62.80439541,723.5809437710948,570.0553512623455,-1287.7671513670473,,724.0,570.1467456830756,-1288.2145214464058,none,0.0,success,105.0,0.005,"(724, 308, -515)",724.0,308.0,-515.0,,,,
5031,realistic,3,x0y0,utah,5.855,7.5,Ab,saline,127.7960230150328,7.5,,b,-1,0.08,soma,61.41395063,968.6885258811203,1204.179987326349,-725.9518735074063,,969.0,1204.5716518939132,-725.9468051705637,central,5.240000000000119,success,40.228271484375,0.005,"(969, 560, -226)",969.0,560.0,-226.0,969.0,,560.0,-226.0
5032,realistic,3,x0y0,utah,5.072,6.6,Ab,saline,251.5365024285373,6.6,,b,-1,0.08,soma,58.911150026,-344.70170136274874,-437.3010619799948,-221.33643929021582,,-345.0,-437.51111289983066,-220.93808060661712,tjn,5.170000000000108,success,45.9228515625,0.005,"(-345, 335, 37)",-345.0,335.0,37.0,-345.0,,335.0,37.0
5033,realistic,3,x0y0,utah,5.507,7.1,Ab,saline,9.78052137245931,7.1,,b,-1,0.08,soma,60.301594806000004,-1547.6851662723914,230.18904685507096,1070.0193083155143,,-1548.0,230.49412047876976,1070.331110840657,none,0.0,success,105.0,0.005,"(-1548, 92, 267)",-1548.0,92.0,267.0,,,,
5034,realistic,3,x0y0,utah,5.42,7.0,Ab,saline,124.37266267425552,7.0,,b,-1,0.08,soma,60.02350585000001,655.8584590986609,1002.1944717522188,-829.6467191274343,,656.0,1001.7107008642952,-830.1556357014551,none,0.0,success,105.0,0.005,"(656, 329, -370)",656.0,329.0,-370.0,,,,
5035,realistic,3,x0y0,utah,6.029,7.7,Ab,saline,199.15222787313817,7.7,,b,-1,0.08,soma,61.970128542,-154.70767838109256,-523.7028893637262,-1096.1449120407235,,-155.0,-523.7246995873152,-1095.8610902168139,none,0.0,success,105.0,0.005,"(-155, -256, -325)",-155.0,-256.0,-325.0,,,,
5036,realistic,3,x0y0,utah,5.942,7.6,Ab,saline,53.47510352743659,7.6,,b,-1,0.08,soma,61.69203958600001,797.0903552120026,990.2056517078712,765.9061879218239,,797.0,990.613861505655,765.5915509807937,central,5.260000000000122,success,99.462890625,0.005,"(797, 335, 280)",797.0,335.0,280.0,797.0,,335.0,280.0
5037,realistic,3,x0y0,utah,5.159,6.7,Ab,saline,135.89139682314377,6.7,,b,-1,0.08,soma,59.189238982000006,-1067.1956400287322,708.795289480344,-735.9086335521007,,-1067.0,708.9578551657361,-735.8789367945382,none,0.0,success,105.0,0.005,"(-1067, 142, -151)",-1067.0,142.0,-151.0,,,,
5038,realistic,3,x0y0,utah,5.159,6.7,Ab,saline,-10.525822357170322,6.7,,b,-1,0.08,soma,59.189238982000006,-61.390580033000575,-216.89207622964662,1434.86266337904,,-61.0,-216.82643698100574,1434.9094298835514,none,0.0,success,105.0,0.005,"(-61, -68, 634)",-61.0,-68.0,634.0,,,,
5039,realistic,3,x0y0,utah,6.725,8.5,Ab,saline,41.609359902964115,8.5,,b,-1,0.08,soma,64.19484019000001,-966.9421498371796,562.1847350323451,861.0528621986496,,-967.0,562.5526869430802,860.9437410050317,none,0.0,success,105.0,0.005,"(-967, 20, 250)",-967.0,20.0,250.0,,,,
5040,realistic,3,x0y0,utah,4.811,6.3,Ab,saline,-16.550822745949723,6.3,,b,-1,0.08,soma,58.076883158,886.2471795623421,-484.4755372257232,1157.1159378776847,,886.0,-484.9195520058571,1157.3372500976295,none,0.0,success,105.0,0.005,"(886, -253, 377)",886.0,-253.0,377.0,,,,
5041,realistic,3,x0y0,utah,6.29,8.0,Ab,saline,145.86767055200337,8.0,,b,-1,0.08,soma,62.80439541,-108.77973062882828,664.6838936000789,-953.261042217718,,-109.0,665.0832731322756,-952.7360990404286,none,0.0,success,105.0,0.005,"(-109, 207, -277)",-109.0,207.0,-277.0,,,,
5042,realistic,3,x0y0,utah,5.2459999999999996,6.8,Ab,saline,16.188894105437146,6.8,,b,-1,0.08,soma,59.467327938000004,-522.8699452408076,373.5721233387349,1161.4012117808236,,-523.0,373.1477455145573,1161.388737509431,none,0.0,success,105.0,0.005,"(-523, 146, 379)",-523.0,146.0,379.0,,,,
5043,realistic,3,x0y0,utah,9.683,11.9,Ab,saline,203.3828164878849,11.9,,b,-1,0.08,soma,73.649864694,1066.2641271796183,-440.3939388698436,-899.1948506340635,,1066.0,-440.1823156485244,-899.3531054013116,none,0.0,success,105.0,0.005,"(1066, -114, -145)",1066.0,-114.0,-145.0,,,,
5044,realistic,3,x0y0,utah,7.682,9.6,Ab,saline,213.64704715787101,9.6,,b,-1,0.08,soma,67.253818706,-682.0741125474319,-77.80926941801043,-99.09412283643542,,-682.0,-77.60117047249742,-99.50690203637271,none,0.0,success,105.0,0.005,"(-682, 376, 582)",-682.0,376.0,582.0,,,,
5045,realistic,3,x0y0,utah,5.681,7.3,Ab,saline,84.28190034593442,7.3,,b,-1,0.08,soma,60.857772718,346.94521895086325,1425.8680524903975,288.7532888546233,,347.0,1425.3517419272052,289.2167170813564,central,5.155000000000106,success,31.7626953125,0.005,"(347, 614, 208)",347.0,614.0,208.0,347.0,,614.0,208.0
5046,realistic,3,x0y0,utah,4.637,6.1,Ab,saline,85.79912507466969,6.1,,b,-1,0.08,soma,57.520705246000006,-1573.6520855817773,949.293339785394,16.530358978651748,,-1574.0,949.5631996709182,16.64863384726592,none,0.0,success,105.0,0.005,"(-1574, 138, -43)",-1574.0,138.0,-43.0,,,,
5047,realistic,3,x0y0,utah,6.116,7.8,Ab,saline,45.19921281905727,7.8,,b,-1,0.08,soma,62.248217498,1366.1311027968331,757.1721824338243,789.4425152553678,,1366.0,757.1216675682906,789.0410470245456,none,0.0,success,105.0,0.005,"(1366, 178, 214)",1366.0,178.0,214.0,,,,
5048,realistic,3,x0y0,utah,5.681,7.3,Ab,saline,171.06199387236958,7.3,,b,-1,0.08,soma,60.857772718,-496.65195826816773,324.29076866040765,-1152.3164547762165,,-497.0,324.7176489401886,-1152.5621968340563,none,0.0,success,105.0,0.005,"(-497, 198, -347)",-497.0,198.0,-347.0,,,,
5049,realistic,3,x0y0,utah,6.029,7.7,Ab,saline,175.19409947019332,7.7,,b,-1,0.08,soma,61.970128542,-318.83442429488906,73.65588383592558,-728.8599776009041,,-319.0,73.37954838590983,-729.1291165460518,none,0.0,success,105.0,0.005,"(-319, 5, 84)",-319.0,5.0,84.0,,,,
5050,realistic,3,x0y0,utah,4.55,6.0,Ab,saline,52.998019945405815,6.0,,b,-1,0.08,soma,57.24261629,-1970.5589397768586,750.9147100978148,592.6328938514125,,-1971.0,750.7579766845972,592.6373032416611,none,0.0,success,105.0,0.005,"(-1971, 101, 103)",-1971.0,101.0,103.0,,,,
5051,realistic,3,x0y0,utah,5.42,7.0,Ab,saline,22.259156122441453,7.0,,b,-1,0.08,soma,60.02350585000001,-229.27269197100566,534.1849126807888,1259.9425521707308,,-229.0,533.7264520079901,1260.2933773320879,none,0.0,success,105.0,0.005,"(-229, 225, 506)",-229.0,225.0,506.0,,,,
5052,realistic,3,x0y0,utah,9.248000000000001,11.4,Ab,saline,176.5033067003717,11.4,,b,-1,0.08,soma,72.25941991399999,-483.38441038129145,-29.256466539558005,-1348.443229673899,,-483.0,-28.911087692622992,-1348.569563508082,none,0.0,success,105.0,0.005,"(-483, -79, -529)",-483.0,-79.0,-529.0,,,,
5053,realistic,3,x0y0,utah,5.159,6.7,Ab,saline,74.55555932337141,6.7,,b,-1,0.08,soma,59.189238982000006,680.2965697309684,1394.4898232957873,369.38267984833016,,680.0,1394.1877537273751,368.9265471704533,central,5.155000000000106,success,32.806396484375,0.005,"(680, 609, 152)",680.0,609.0,152.0,680.0,,609.0,152.0
5054,realistic,3,x0y0,utah,7.247,9.1,Ab,saline,201.37682452688733,9.1,,b,-1,0.08,soma,65.86337392600001,-1379.942659249847,-677.4374560923611,-1176.3745440772752,,-1380.0,-677.1360998980135,-1176.6579868999456,none,0.0,success,105.0,0.005,"(-1380, -379, -415)",-1380.0,-379.0,-415.0,,,,
5055,realistic,3,x0y0,utah,5.072,6.6,Ab,saline,99.27357032280348,6.6,,b,-1,0.08,soma,58.911150026,772.451372373381,1414.1067888258005,-226.31145135379208,,772.0,1413.78620698033,-226.20879313459432,central,5.225000000000117,success,28.52783203125,0.005,"(772, 610, -95)",772.0,610.0,-95.0,772.0,,610.0,-95.0
5056,realistic,3,x0y0,utah,5.681,7.3,Ab,saline,210.18883974651715,7.3,,b,-1,0.08,soma,60.857772718,1498.0052403378336,-630.2084057429793,-887.3413157047175,,1498.0,-630.0791869499412,-887.8567293687197,none,0.0,success,105.0,0.005,"(1498, -220, -183)",1498.0,-220.0,-183.0,,,,
5057,realistic,3,x0y0,utah,5.2459999999999996,6.8,Ab,saline,96.2709233777512,6.8,,b,-1,0.08,soma,59.467327938000004,-746.0624826071277,1411.7019731802493,-259.5859194174868,,-746.0,1411.8452619851864,-259.96891610541485,periphery,5.1650000000001075,success,33.026123046875,0.005,"(-746, 602, -171)",-746.0,602.0,-171.0,-746.0,,602.0,-171.0
5058,realistic,3,x0y0,utah,5.507,7.1,Ab,saline,106.74978561147968,7.1,,b,-1,0.08,soma,60.301594806000004,707.2047258196609,1018.3890398156636,-144.5507095706616,,707.0,1018.5884035931131,-144.9264598115447,tjn,5.240000000000119,success,67.4072265625,0.005,"(707, 238, 90)",707.0,238.0,90.0,707.0,,238.0,90.0
5059,realistic,3,x0y0,utah,8.03,10.0,Ab,saline,-20.91376662451522,10.0,,b,-1,0.08,soma,68.36617453,-719.1302373485147,-563.2637968120532,1196.687312599982,,-719.0,-563.4483621536051,1196.1989218142367,none,0.0,success,105.0,0.005,"(-719, -271, 431)",-719.0,-271.0,431.0,,,,
5060,realistic,3,x0y0,utah,4.811,6.3,Ab,saline,133.8118018565381,6.3,,b,-1,0.08,soma,58.076883158,1321.6096474162755,881.7054864350871,-848.1573422843442,,1322.0,881.4101394434065,-848.5588131051418,none,0.0,success,105.0,0.005,"(1322, 294, -285)",1322.0,294.0,-285.0,,,,
5061,realistic,3,x0y0,utah,5.681,7.3,Ab,saline,50.118551565725404,7.3,,b,-1,0.08,soma,60.857772718,1732.1916682620526,974.1909872888573,784.2772141718756,,1732.0,973.7601273918967,783.8530019333909,none,0.0,success,105.0,0.005,"(1732, 348, 261)",1732.0,348.0,261.0,,,,
5062,realistic,3,x0y0,utah,4.724,6.2,Ab,saline,73.35667372599904,6.2,,b,-1,0.08,soma,57.798794201999996,5.307724192692432,1220.7813329300986,508.58198683198265,,5.0,1220.7970123624682,508.1007873297265,tjn,5.185000000000111,success,63.8916015625,0.005,"(5, 441, 275)",5.0,441.0,275.0,5.0,,441.0,275.0
5063,realistic,3,x0y0,utah,5.681,7.3,Ab,saline,30.584921116186162,7.3,,b,-1,0.08,soma,60.857772718,1797.6020809474703,469.09964550482437,969.336396726917,,1798.0,468.89021737945933,969.0027282664632,none,0.0,success,105.0,0.005,"(1798, 54, 267)",1798.0,54.0,267.0,,,,
5064,realistic,3,x0y0,utah,4.724,6.2,Ab,saline,321.54178769855235,6.2,,b,-1,0.08,soma,57.798794201999996,1759.8150182492393,-642.7708959949332,781.2128787338847,,1760.0,-643.164035057112,781.3646178697933,none,0.0,success,105.0,0.005,"(1760, -137, 144)",1760.0,-137.0,144.0,,,,
5065,realistic,3,x0y0,utah,5.333,6.9,Ab,saline,139.4524875608006,6.9,,b,-1,0.08,soma,59.745416893999995,-1242.4599994390276,213.86738429725844,-339.23009753149745,,-1242.0,213.74874776139484,-339.2217711488754,none,0.0,success,105.0,0.005,"(-1242, -316, 280)",-1242.0,-316.0,280.0,,,,
5066,realistic,3,x0y0,utah,6.986000000000001,8.8,Ab,saline,146.50404588140518,8.8,,b,-1,0.08,soma,65.02910705800001,-373.9965502421466,832.7982232788918,-998.2200080555488,,-374.0,833.1862820926552,-997.7253861878334,periphery,5.195000000000112,success,70.9228515625,0.005,"(-374, 382, -316)",-374.0,382.0,-316.0,-374.0,,382.0,-316.0
5067,realistic,3,x0y0,utah,5.333,6.9,Ab,saline,-7.895632234471532,6.9,,b,-1,0.08,soma,59.745416893999995,-900.0795289814513,-368.04693261995766,1284.9424715853038,,-900.0,-367.9635101406178,1285.1314177167537,none,0.0,success,105.0,0.005,"(-900, -256, 478)",-900.0,-256.0,478.0,,,,
5068,realistic,3,x0y0,utah,4.55,6.0,Ab,saline,175.44395111753494,6.0,,b,-1,0.08,soma,57.24261629,304.94818632018365,-94.43935539696348,-1459.6031135959824,,305.0,-94.39846813328698,-1460.0177199589361,none,0.0,success,105.0,0.005,"(305, -159, -649)",305.0,-159.0,-649.0,,,,
5069,realistic,3,x0y0,utah,7.16,9.0,Ab,saline,67.06758889450154,9.0,,b,-1,0.08,soma,65.58528497,-701.0775059029115,1285.4092478107339,635.169216072491,,-701.0,1285.1870237286853,635.6120135121561,periphery,5.2100000000001145,success,61.962890625,0.005,"(-701, 532, 317)",-701.0,532.0,317.0,-701.0,,532.0,317.0
5070,realistic,3,x0y0,utah,5.333,6.9,Ab,saline,127.08468750367331,6.9,,b,-1,0.08,soma,59.745416893999995,-620.5281217639088,1093.6355992765214,-708.7017352959456,,-621.0,1094.0239595281719,-708.368243193541,periphery,5.195000000000112,success,54.5166015625,0.005,"(-621, 444, -217)",-621.0,444.0,-217.0,-621.0,,444.0,-217.0
5071,realistic,3,x0y0,utah,6.377,8.1,Ab,saline,165.45661385354958,8.1,,b,-1,0.08,soma,63.082484366,-1161.2431401136744,491.4821220910544,-1250.2427668768798,,-1161.0,491.0335059121513,-1250.4119224331444,none,0.0,success,105.0,0.005,"(-1161, 286, -460)",-1161.0,286.0,-460.0,,,,
5072,realistic,3,x0y0,utah,4.55,6.0,Ab,saline,187.9870857254109,6.0,,b,-1,0.08,soma,57.24261629,1810.4826355003784,-194.89415556443328,-1236.0166632911896,,1810.0,-195.01199970134053,-1235.7291814559937,none,0.0,success,105.0,0.005,"(1810, -82, -430)",1810.0,-82.0,-430.0,,,,
5073,realistic,3,x0y0,utah,5.507,7.1,Ab,saline,124.06811563458618,7.1,,b,-1,0.08,soma,60.301594806000004,853.0285196611102,1109.190497149424,-749.2046517392838,,853.0,1109.2709205686456,-749.6474767051608,central,5.275000000000125,success,81.77490234375,0.005,"(853, 434, -293)",853.0,434.0,-293.0,853.0,,434.0,-293.0
5074,realistic,3,x0y0,utah,5.2459999999999996,6.8,Ab,saline,71.15598625140531,6.8,,b,-1,0.08,soma,59.467327938000004,-226.76923289113103,1141.4565997634656,560.6236919282219,,-227.0,1141.0639395802618,560.1589734619871,tjn,5.2100000000001145,success,88.22021484375,0.005,"(-227, 370, 297)",-227.0,370.0,297.0,-227.0,,370.0,297.0
5075,realistic,3,x0y0,utah,5.507,7.1,Ab,saline,-11.382997755310182,7.1,,b,-1,0.08,soma,60.301594806000004,-1467.0543416436135,-156.63364226876047,1317.3355301669253,,-1467.0,-156.91076740735224,1317.092326694161,none,0.0,success,105.0,0.005,"(-1467, 4, 518)",-1467.0,4.0,518.0,,,,
5076,realistic,3,x0y0,utah,7.247,9.1,Ab,saline,80.10761386450976,9.1,,b,-1,0.08,soma,65.86337392600001,164.73895844876395,1082.0243500907463,52.15386433101549,,165.0,1081.7445048272516,52.52066382024344,tjn,5.160000000000107,success,9.9884033203125,0.005,"(165, 276, -88)",165.0,276.0,-88.0,165.0,,598.2978019309007,-31.791734471902615
5077,realistic,3,x0y0,utah,5.681,7.3,Ab,saline,133.31145491124116,7.3,,b,-1,0.08,soma,60.857772718,-744.1508208907152,953.1388233009692,-751.9777826962883,,-744.0,953.3060577148086,-752.3842160422741,periphery,5.220000000000116,success,68.890380859375,0.005,"(-744, 360, -193)",-744.0,360.0,-193.0,-744.0,,360.0,-193.0
5078,realistic,3,x0y0,utah,5.159,6.7,Ab,saline,-15.64527889086056,6.7,,b,-1,0.08,soma,59.189238982000006,1510.8045344895102,-267.1359761805302,1271.9124288649566,,1511.0,-266.69616887672277,1271.373159107884,none,0.0,success,105.0,0.005,"(1511, -47, 487)",1511.0,-47.0,487.0,,,,
5079,realistic,3,x0y0,utah,5.333,6.9,Ab,saline,90.31416737297904,6.9,,b,-1,0.08,soma,59.745416893999995,-688.6882083510071,1161.3766585992198,153.44989432934653,,-689.0,1161.8727084470002,153.5182001035415,tjn,5.205000000000114,success,72.900390625,0.005,"(-689, 347, 158)",-689.0,347.0,158.0,-689.0,,347.0,158.0
5080,realistic,3,x0y0,utah,6.116,7.8,Ab,saline,138.88166671488324,7.8,,b,-1,0.08,soma,62.248217498,-229.3690424315093,1048.0953275094769,-1021.1633622362816,,-229.0,1047.6832139133426,-1020.8679035314967,tjn,5.185000000000111,success,76.025390625,0.005,"(-229, 511, -406)",-229.0,511.0,-406.0,-229.0,,511.0,-406.0
5081,realistic,3,x0y0,utah,5.333,6.9,Ab,saline,106.57840817902607,6.9,,b,-1,0.08,soma,59.745416893999995,1750.551529789647,862.2773348002461,-291.61679964691257,,1751.0,861.974003775605,-291.4831837199291,none,0.0,success,105.0,0.005,"(1751, 81, -59)",1751.0,81.0,-59.0,,,,
5082,realistic,3,x0y0,utah,6.551000000000001,8.3,Ab,saline,60.5489073389245,8.3,,b,-1,0.08,soma,63.63866227800001,-733.0269774364874,1221.409235572287,756.4330499267352,,-733.0,1221.2862735558415,756.6300651210464,periphery,5.225000000000117,success,76.025390625,0.005,"(-733, 510, 355)",-733.0,510.0,355.0,-733.0,,510.0,355.0
5083,realistic,3,x0y0,utah,6.811999999999999,8.6,Ab,saline,203.12066995815275,8.6,,b,-1,0.08,soma,64.472929146,-1030.4178027871105,-416.1567631651533,-1170.6324943903253,,-1030.0,-415.92875963781717,-1170.6123764677882,none,0.0,success,105.0,0.005,"(-1030, -95, -419)",-1030.0,-95.0,-419.0,,,,
5084,realistic,3,x0y0,utah,7.16,9.0,Ab,saline,89.91189061207226,9.0,,b,-1,0.08,soma,65.58528497,714.8252014146669,1419.3662296916018,25.50233713903799,,715.0,1419.7926424850002,25.2266889637275,central,5.145000000000104,success,18.6279296875,0.005,"(715, 602, 24)",715.0,602.0,24.0,715.0,,602.0,24.0
5085,realistic,3,x0y0,utah,6.116,7.8,Ab,saline,40.3250221090965,7.8,,b,-1,0.08,soma,62.248217498,-1894.932403269542,707.7251700960483,876.9525477583647,,-1895.0,708.1139107714781,877.2130205102378,none,0.0,success,105.0,0.005,"(-1895, 180, 255)",-1895.0,180.0,255.0,,,,
5086,realistic,3,x0y0,utah,7.334,9.2,Ab,saline,211.6148086309877,9.2,,b,-1,0.08,soma,66.141462882,579.8114946405218,-571.0956400819664,-1324.3153630118213,,580.0,-570.8326774213724,-1324.6690348951558,none,0.0,success,105.0,0.005,"(580, -142, -628)",580.0,-142.0,-628.0,,,,
5087,realistic,3,x0y0,utah,5.42,7.0,Ab,saline,-7.044659128153608,7.0,,b,-1,0.08,soma,60.02350585000001,571.982118924066,-222.89328899248767,1359.0760668588555,,572.0,-222.92044090860503,1358.8991647780626,none,0.0,success,105.0,0.005,"(572, -123, 550)",572.0,-123.0,550.0,,,,
5088,realistic,3,x0y0,utah,4.898000000000001,6.4,Ab,saline,128.6804840674672,6.4,,b,-1,0.08,soma,58.354972114000006,-1916.371308342296,824.1186277878122,-726.9677173956883,,-1916.0,824.5469456160944,-726.8609287856252,none,0.0,success,105.0,0.005,"(-1916, 189, -218)",-1916.0,189.0,-218.0,,,,
5089,realistic,3,x0y0,utah,5.42,7.0,Ab,saline,113.58555430149687,7.0,,b,-1,0.08,soma,60.02350585000001,-1368.3334288851865,1118.6330349289392,-323.30178019768886,,-1368.0,1118.9582715557626,-323.0862023452926,periphery,5.185000000000111,success,43.0389404296875,0.005,"(-1368, 372, 3)",-1368.0,372.0,3.0,-1368.0,,372.0,3.0
5090,realistic,3,x0y0,utah,5.333,6.9,Ab,saline,-19.872766378864146,6.9,,b,-1,0.08,soma,59.745416893999995,1030.8283841848558,-496.0346767829219,1277.9795101468715,,1031.0,-495.97523360113536,1278.306295023559,none,0.0,success,105.0,0.005,"(1031, -219, 512)",1031.0,-219.0,512.0,,,,
5091,realistic,3,x0y0,utah,5.2459999999999996,6.8,Ab,saline,91.46785373154366,6.8,,b,-1,0.08,soma,59.467327938000004,-494.4390700478727,1209.5337227513699,-214.25529670931385,,-494.0,1209.4892438698098,-213.85718179760642,tjn,5.195000000000112,success,55.9814453125,0.005,"(-494, 395, -193)",-494.0,395.0,-193.0,-494.0,,395.0,-193.0
5092,realistic,3,x0y0,utah,6.986000000000001,8.8,Ab,saline,127.08726738331744,8.8,,b,-1,0.08,soma,65.02910705800001,-1145.2837779702218,1233.6054203586318,-647.7536042758188,,-1145.0,1233.1313593500836,-647.9612757779871,periphery,5.160000000000107,success,19.6380615234375,0.005,"(-1145, 581, -155)",-1145.0,581.0,-155.0,-1145.0,,581.0,-155.0
5093,realistic,3,x0y0,utah,4.985,6.5,Ab,saline,174.21249130946262,6.5,,b,-1,0.08,soma,58.63306107,-935.7853750571312,49.580627962678136,-1289.6845154243726,,-936.0,49.083106277928024,-1290.1635162292719,none,0.0,success,105.0,0.005,"(-936, -33, -480)",-936.0,-33.0,-480.0,,,,
5094,realistic,3,x0y0,utah,5.942,7.6,Ab,saline,-10.975774561457877,7.6,,b,-1,0.08,soma,61.69203958600001,391.51038308248116,-230.1654042054838,1248.2724678372556,,392.0,-230.33708216858724,1247.9160376307882,none,0.0,success,105.0,0.005,"(392, -75, 447)",392.0,-75.0,447.0,,,,
5095,realistic,3,x0y0,utah,8.203999999999999,10.2,Ab,saline,-20.176014088401505,10.2,,b,-1,0.08,soma,68.922352442,67.74957861070297,-381.0974067463244,1413.1747355658802,,68.0,-380.632159678623,1413.146260001031,none,0.0,success,105.0,0.005,"(68, -98, 644)",68.0,-98.0,644.0,,,,
5096,realistic,3,x0y0,utah,5.855,7.5,Ab,saline,125.47251808929856,7.5,,b,-1,0.08,soma,61.41395063,628.3240990563847,1146.8308343515382,-671.6023642849527,,628.0,1147.311760696536,-671.3547577752947,central,5.175000000000109,success,45.59326171875,0.005,"(628, 483, -198)",628.0,483.0,-198.0,628.0,,483.0,-198.0
5097,realistic,3,x0y0,utah,5.159,6.7,Ab,saline,16.984525633569625,6.7,,b,-1,0.08,soma,59.189238982000006,-1782.0652264394446,456.6358344941814,1177.3293600170755,,-1782.0,456.9430883533212,1177.0782940811928,none,0.0,success,105.0,0.005,"(-1782, 219, 398)",-1782.0,219.0,398.0,,,,
5098,realistic,3,x0y0,utah,6.29,8.0,Ab,saline,-0.5293600023997937,8.0,,b,-1,0.08,soma,62.80439541,-748.9190856939398,181.64002288902472,1413.2799292974635,,-749.0,181.489099781114,1413.4021977050002,none,0.0,success,105.0,0.005,"(-749, 189, 597)",-749.0,189.0,597.0,,,,
5099,realistic,3,x0y0,utah,8.03,10.0,Ab,saline,111.11924035979564,10.0,,b,-1,0.08,soma,68.36617453,120.79090695333372,315.4812094941399,-119.55480801363727,,121.0,315.13398380079207,-119.15166634157958,none,0.0,success,105.0,0.005,"(121, -449, 176)",121.0,-449.0,176.0,,,,
5100,realistic,3,x0y0,utah,5.855,7.5,Ab,saline,180.2297472013762,7.5,,b,-1,0.08,soma,61.41395063,-1472.073040581719,44.925547743703184,-1139.6599778751308,,-1472.0,44.73717209874,-1139.7069753150004,none,0.0,success,105.0,0.005,"(-1472, 48, -324)",-1472.0,48.0,-324.0,,,,
5101,realistic,3,x0y0,utah,6.116,7.8,Ab,saline,105.36547555345888,7.8,,b,-1,0.08,soma,62.248217498,-471.79603602201865,1228.606621518531,-379.2043397860343,,-472.0,1228.988478066661,-379.27288881848506,periphery,5.170000000000108,success,41.2994384765625,0.005,"(-472, 442, -163)",-472.0,442.0,-163.0,-472.0,,442.0,-163.0
5102,realistic,3,x0y0,utah,6.029,7.7,Ab,saline,197.9875751578464,7.7,,b,-1,0.08,soma,61.970128542,-1247.0993264997808,-406.587632505994,-1119.034435676518,,-1247.0,-406.9761878468849,-1119.0833946281482,none,0.0,success,105.0,0.005,"(-1247, -155, -343)",-1247.0,-155.0,-343.0,,,,
5103,realistic,3,x0y0,utah,5.072,6.6,Ab,saline,111.69360109538721,6.6,,b,-1,0.08,soma,58.911150026,1399.362537266787,1033.764396656917,-363.75315482101183,,1399.0,1033.7921203020796,-364.02278052480483,central,5.24500000000012,success,91.1865234375,0.005,"(1399, 277, -63)",1399.0,277.0,-63.0,1399.0,,277.0,-63.0
5104,realistic,3,x0y0,utah,6.29,8.0,Ab,saline,19.792269795698566,8.0,,b,-1,0.08,soma,62.80439541,369.09942019465217,556.6272587154576,1255.0710891020062,,369.0,556.433784142913,1255.1528278206347,none,0.0,success,105.0,0.005,"(369, 280, 487)",369.0,280.0,487.0,,,,
5105,realistic,3,x0y0,utah,5.768000000000001,7.4,Ab,saline,87.71682054107747,7.4,,b,-1,0.08,soma,61.135861674,93.53888986310132,1189.9083228327654,-30.185133587893233,,94.0,1189.9154764923305,-30.540396352687388,tjn,5.1200000000001005,success,8.4259033203125,0.005,"(94, 375, -63)",94.0,375.0,-63.0,94.0,,537.9830952984661,-56.50807927053748
5106,realistic,3,x0y0,utah,5.333,6.9,Ab,saline,50.54002664444436,6.9,,b,-1,0.08,soma,59.745416893999995,-1268.1860084482296,827.3558523977467,842.0745696947508,,-1268.0,827.1632181919289,841.8516062180686,none,0.0,success,105.0,0.005,"(-1268, 198, 324)",-1268.0,198.0,324.0,,,,
5107,realistic,3,x0y0,utah,4.985,6.5,Ab,saline,190.51414063201125,6.5,,b,-1,0.08,soma,58.63306107,-1289.8752356924456,-204.3633436461605,-1127.3843796003055,,-1290.0,-204.61276682263752,-1127.6360128220122,none,0.0,success,105.0,0.005,"(-1290, -56, -327)",-1290.0,-56.0,-327.0,,,,
5108,realistic,3,x0y0,utah,6.116,7.8,Ab,saline,135.00565262652512,7.8,,b,-1,0.08,soma,62.248217498,1615.6637992704113,632.3367361613164,-659.0243101792475,,1616.0,631.9997448855431,-659.162969707293,none,0.0,success,105.0,0.005,"(1616, 55, -82)",1616.0,55.0,-82.0,,,,
5109,realistic,3,x0y0,utah,5.159,6.7,Ab,saline,62.38496305717394,6.7,,b,-1,0.08,soma,59.189238982000006,-155.0179292643741,872.1295033882661,583.9265197150708,,-155.0,871.8122923309753,583.5646061340786,none,0.0,success,105.0,0.005,"(-155, 150, 206)",-155.0,150.0,206.0,,,,
5110,realistic,3,x0y0,utah,5.507,7.1,Ab,saline,134.67853185343404,7.1,,b,-1,0.08,soma,60.301594806000004,503.5787491730468,1000.298177739316,-1014.5617116938053,,504.0,1000.6537320332735,-1014.1325256540495,none,0.0,success,105.0,0.005,"(504, 421, -441)",504.0,421.0,-441.0,,,,
5111,realistic,3,x0y0,utah,5.507,7.1,Ab,saline,31.418208097144817,7.1,,b,-1,0.08,soma,60.301594806000004,-1087.7350925223475,710.8897319836467,1076.9075124823255,,-1088.0,710.938110686184,1076.6496905037206,none,0.0,success,105.0,0.005,"(-1088, 286, 381)",-1088.0,286.0,381.0,,,,
5112,realistic,3,x0y0,utah,5.768000000000001,7.4,Ab,saline,59.44502127323077,7.4,,b,-1,0.08,soma,61.135861674,-1777.5646462039053,287.20302483136174,143.26220641619875,,-1778.0,287.2855452437409,143.6347360375309,none,0.0,success,105.0,0.005,"(-1778, -415, -271)",-1778.0,-415.0,-271.0,,,,
5113,realistic,3,x0y0,utah,5.507,7.1,Ab,saline,71.18760914327905,7.1,,b,-1,0.08,soma,60.301594806000004,1201.2287520191614,968.4455564243872,316.7086804656305,,1201.0,968.6217448216801,316.8861321624676,none,0.0,success,105.0,0.005,"(1201, 197, 54)",1201.0,197.0,54.0,,,,
5114,realistic,3,x0y0,utah,4.637,6.1,Ab,saline,1.4124263034267268,6.1,,b,-1,0.08,soma,57.520705246000006,195.50927044996413,-27.809664227816487,1346.939341363177,,196.0,-27.981495325474192,1346.5162245172132,none,0.0,success,105.0,0.005,"(196, -48, 533)",196.0,-48.0,533.0,,,,
5115,realistic,3,x0y0,utah,5.768000000000001,7.4,Ab,saline,147.38663438041416,7.4,,b,-1,0.08,soma,61.135861674,84.12052232170231,892.0443247217308,-1161.0132773728385,,84.0,891.5911147211432,-1160.9528681440054,tjn,5.205000000000114,success,98.73046875,0.005,"(84, 452, -474)",84.0,452.0,-474.0,84.0,,452.0,-474.0
5116,realistic,3,x0y0,utah,5.507,7.1,Ab,saline,135.11604381292747,7.1,,b,-1,0.08,soma,60.301594806000004,-33.90125507529905,856.4248975330106,-862.9261947866663,,-34.0,856.2519177272973,-862.5343399600257,tjn,5.190000000000111,success,98.291015625,0.005,"(-34, 281, -285)",-34.0,281.0,-285.0,-34.0,,281.0,-285.0
5117,realistic,3,x0y0,utah,5.072,6.6,Ab,saline,6.426130017784674,6.6,,b,-1,0.08,soma,58.911150026,-329.5405309858768,90.78741682651524,1414.2543998844258,,-330.0,91.13757884395471,1414.3245048904182,none,0.0,success,105.0,0.005,"(-330, 0, 605)",-330.0,0.0,605.0,,,,
5118,realistic,3,x0y0,utah,6.116,7.8,Ab,saline,22.000305977034763,7.8,,b,-1,0.08,soma,62.248217498,1025.8373037303822,398.39275173595803,1265.7557557866846,,1026.0,398.7200911373755,1265.710273632073,none,0.0,success,105.0,0.005,"(1026, 93, 509)",1026.0,93.0,509.0,,,,
5119,realistic,3,x0y0,utah,8.291,10.3,Ab,saline,151.15433307194448,10.3,,b,-1,0.08,soma,69.20044139800001,81.87550360713945,517.9926095860113,-1362.6435808566514,,82.0,518.4571064872675,-1362.8878333102543,none,0.0,success,105.0,0.005,"(82, 123, -645)",82.0,123.0,-645.0,,,,
5120,realistic,3,x0y0,utah,6.638,8.4,Ab,saline,200.55613074743042,8.4,,b,-1,0.08,soma,63.916751233999996,-1117.6493018193803,-680.8639935922611,-1190.419714002307,,-1118.0,-680.8340856791287,-1189.9181270901972,none,0.0,success,105.0,0.005,"(-1118, -394, -425)",-1118.0,-394.0,-425.0,,,,
5121,realistic,3,x0y0,utah,6.811999999999999,8.6,Ab,saline,115.18167420524999,8.6,,b,-1,0.08,soma,64.472929146,-742.8507788977762,413.03097751858286,-254.28837846418853,,-743.0,412.5990004385652,-254.73411567581155,none,0.0,success,105.0,0.005,"(-743, -327, 93)",-743.0,-327.0,93.0,,,,
5122,realistic,3,x0y0,utah,11.075,13.5,Ab,saline,81.05285727123842,13.5,,b,-1,0.08,soma,78.09928799,866.4976555278715,325.36621629080355,0.5738376740473541,,866.0,324.99623833826126,0.1397196412225412,none,0.0,success,105.0,0.005,"(866, -489, -128)",866.0,-489.0,-128.0,,,,
5123,realistic,3,x0y0,utah,6.116,7.8,Ab,saline,197.09224449153484,7.8,,b,-1,0.08,soma,62.248217498,-1645.4294517197845,-510.6707129763213,-1069.8815884796452,,-1645.0,-510.85887556133116,-1070.0514231422944,none,0.0,success,105.0,0.005,"(-1645, -271, -290)",-1645.0,-271.0,-290.0,,,,
5124,realistic,3,x0y0,utah,5.333,6.9,Ab,saline,171.6960405198504,6.9,,b,-1,0.08,soma,59.745416893999995,1016.4074767374518,365.47583193067663,-1339.0809466496905,,1016.0,365.66761909974684,-1339.3165450083065,none,0.0,success,105.0,0.005,"(1016, 248, -533)",1016.0,248.0,-533.0,,,,
5125,realistic,3,x0y0,utah,7.16,9.0,Ab,saline,91.76263760241535,9.0,,b,-1,0.08,soma,65.58528497,-1908.088806024328,981.0758108993996,-36.990003704978335,,-1908.0,981.3837461637578,-37.18801338853801,periphery,5.200000000000113,success,105.0,0.005,"(-1908, 164, -12)",-1908.0,164.0,-12.0,-1908.0,,164.0,-12.0
5126,realistic,3,x0y0,utah,6.203,7.9,Ab,saline,37.087228221485006,7.9,,b,-1,0.08,soma,62.52630645400001,418.64767938509794,654.1844721776756,993.5434766799897,,419.0,654.2066813958811,993.133117329178,none,0.0,success,105.0,0.005,"(419, 162, 342)",419.0,162.0,342.0,,,,
5127,realistic,3,x0y0,utah,4.811,6.3,Ab,saline,36.49559680097219,6.3,,b,-1,0.08,soma,58.076883158,1249.533009446485,289.1372359320431,537.5603305374289,,1250.0,289.1900650511893,537.4055031853582,none,0.0,success,105.0,0.005,"(1250, -195, -117)",1250.0,-195.0,-117.0,,,,
5128,realistic,3,x0y0,utah,5.159,6.7,Ab,saline,-22.001879752321106,6.7,,b,-1,0.08,soma,59.189238982000006,1563.7569022898324,-407.56917763200823,1027.9073021810073,,1564.0,-407.14714446132865,1028.2921311920554,none,0.0,success,105.0,0.005,"(1564, -102, 273)",1564.0,-102.0,273.0,,,,
5129,realistic,3,x0y0,utah,5.333,6.9,Ab,saline,115.16855333736652,6.9,,b,-1,0.08,soma,59.745416893999995,1103.9642666283992,1127.6055778049229,-556.4126498106616,,1104.0,1127.5412884153798,-556.5653629025092,central,5.260000000000122,success,63.525390625,0.005,"(1104, 390, -210)",1104.0,390.0,-210.0,1104.0,,390.0,-210.0
5130,realistic,3,x0y0,utah,6.898999999999999,8.7,Ab,saline,88.97742172833334,8.7,,b,-1,0.08,soma,64.751018102,1045.0679362709927,755.9919570758832,48.44988810442555,,1045.0,756.2120339491901,48.549284061107805,none,0.0,success,105.0,0.005,"(1045, -61, 34)",1045.0,-61.0,34.0,,,,
5131,realistic,3,x0y0,utah,5.072,6.6,Ab,saline,35.8932538556097,6.6,,b,-1,0.08,soma,58.911150026,-1163.0413825004691,639.0340717813798,968.0271186199568,,-1163.0,639.515303630122,967.7904613180315,none,0.0,success,105.0,0.005,"(-1163, 162, 308)",-1163.0,162.0,308.0,,,,
5132,realistic,3,x0y0,utah,4.724,6.2,Ab,saline,157.96248021071338,6.2,,b,-1,0.08,soma,57.798794201999996,-375.2054995864334,368.62139666174284,-1261.390910161615,,-375.0,368.37505379229526,-1261.4033511729172,none,0.0,success,105.0,0.005,"(-375, 63, -507)",-375.0,63.0,-507.0,,,,
5133,realistic,3,x0y0,utah,4.724,6.2,Ab,saline,192.44426805543569,6.2,,b,-1,0.08,soma,57.798794201999996,1943.5946087085345,-70.37878053641954,-1134.1331175703426,,1944.0,-70.39532007526554,-1133.7727612691267,none,0.0,success,105.0,0.005,"(1944, 105, -339)",1944.0,105.0,-339.0,,,,
5134,realistic,3,x0y0,utah,5.333,6.9,Ab,saline,200.53547736350086,6.9,,b,-1,0.08,soma,59.745416893999995,1787.5863604694678,-635.0190964213483,-1102.7905123140717,,1788.0,-634.8573461232077,-1103.1282914606156,none,0.0,success,105.0,0.005,"(1788, -349, -340)",1788.0,-349.0,-340.0,,,,
5135,realistic,3,x0y0,utah,4.898000000000001,6.4,Ab,saline,57.09143179848092,6.4,,b,-1,0.08,soma,58.354972114000006,669.647973945803,1109.6114225834244,624.7792228273861,,670.0,1109.5019995448517,624.3426281747682,central,5.175000000000109,success,62.40234375,0.005,"(670, 426, 182)",670.0,426.0,182.0,670.0,,426.0,182.0
5136,realistic,3,x0y0,utah,4.898000000000001,6.4,Ab,saline,192.35287590812302,6.4,,b,-1,0.08,soma,58.354972114000006,1389.6786946398981,-509.9836164563472,-1248.3025331440895,,1390.0,-510.15256426759237,-1248.288568380478,none,0.0,success,105.0,0.005,"(1390, -336, -453)",1390.0,-336.0,-453.0,,,,
5137,realistic,3,x0y0,utah,4.811,6.3,Ab,saline,49.67068594541344,6.3,,b,-1,0.08,soma,58.076883158,1230.7242213238833,684.889933661932,713.8720583073282,,1231.0,684.5415040156718,713.8456793899289,none,0.0,success,105.0,0.005,"(1231, 64, 187)",1231.0,64.0,187.0,,,,
5138,realistic,3,x0y0,utah,4.898000000000001,6.4,Ab,saline,135.8053810027809,6.4,,b,-1,0.08,soma,58.354972114000006,1050.9865297448762,786.1608581529962,-849.9141255437697,,1051.0,786.5631255303349,-849.7652575028692,none,0.0,success,105.0,0.005,"(1051, 219, -266)",1051.0,219.0,-266.0,,,,
5139,realistic,3,x0y0,utah,5.768000000000001,7.4,Ab,saline,107.40323332041224,7.4,,b,-1,0.08,soma,61.135861674,390.53297279081113,1187.059231071651,-563.2947889061061,,391.0,1187.2149196046657,-562.9363681133468,central,5.195000000000112,success,84.3017578125,0.005,"(391, 409, -319)",391.0,409.0,-319.0,391.0,,409.0,-319.0
5140,realistic,3,x0y0,utah,8.726,10.8,Ab,saline,100.6504014649314,10.8,,b,-1,0.08,soma,70.590886178,-279.6403438399511,209.60322123186504,-14.90378653068774,,-280.0,209.18636146786935,-14.59059788284722,none,0.0,success,105.0,0.005,"(-280, -597, 137)",-280.0,-597.0,137.0,,,,
5141,realistic,3,x0y0,utah,5.333,6.9,Ab,saline,154.26141171324062,6.9,,b,-1,0.08,soma,59.745416893999995,41.38783919972622,565.1708556274589,-1182.8975660382932,,41.0,564.8992172785322,-1183.0373357690578,none,0.0,success,105.0,0.005,"(41, 211, -449)",41.0,211.0,-449.0,,,,
5142,realistic,3,x0y0,utah,4.811,6.3,Ab,saline,72.47597851390199,6.3,,b,-1,0.08,soma,58.076883158,-341.0879888090135,1329.2090420012255,593.4914128785867,,-341.0,1329.2670578897346,593.106974759437,tjn,5.205000000000114,success,75.29296875,0.005,"(-341, 553, 348)",-341.0,553.0,348.0,-341.0,,553.0,348.0
5143,realistic,3,x0y0,utah,4.55,6.0,Ab,saline,80.04210135620608,6.0,,b,-1,0.08,soma,57.24261629,355.3897722008195,1454.1772667612595,142.63408874156175,,355.0,1454.335626392011,142.67512417827055,tjn,5.175000000000109,success,1.16424560546875,0.005,"(355, 653, 2)",355.0,653.0,2.0,355.0,,653.0,2.0
5144,realistic,3,x0y0,utah,7.421000000000001,9.3,Ab,saline,57.64338885263568,9.3,,b,-1,0.08,soma,66.419551838,117.09209357515226,1166.2639407627648,632.7312931952937,,117.0,1166.1417977187793,632.905872071849,tjn,5.150000000000105,success,32.220458984375,0.005,"(117, 475, 195)",117.0,475.0,195.0,117.0,,475.0,195.0
5145,realistic,3,x0y0,utah,5.768000000000001,7.4,Ab,saline,139.96294064821046,7.4,,b,-1,0.08,soma,61.135861674,-1690.78771227984,451.6983482565165,-777.5845546684936,,-1691.0,451.6548499074423,-777.3988078488073,none,0.0,success,105.0,0.005,"(-1691, -73, -153)",-1691.0,-73.0,-153.0,,,,
5146,realistic,3,x0y0,utah,5.507,7.1,Ab,saline,95.46570326949193,7.1,,b,-1,0.08,soma,60.301594806000004,1684.4679740856398,1026.2651219306972,-208.24981105171082,,1684.0,1026.4826188146867,-208.60235591276563,none,0.0,success,105.0,0.005,"(1684, 215, -131)",1684.0,215.0,-131.0,,,,
5147,realistic,3,x0y0,utah,6.4639999999999995,8.2,Ab,saline,156.7955958370321,8.2,,b,-1,0.08,soma,63.360573322,-962.7948701656836,419.5113145038458,-1215.5908538199335,,-963.0,419.77203294443416,-1215.6108514701255,none,0.0,success,105.0,0.005,"(-963, 98, -465)",-963.0,98.0,-465.0,,,,
5148,realistic,3,x0y0,utah,7.073,8.9,Ab,saline,128.84112236601894,8.9,,b,-1,0.08,soma,65.307196014,-695.9619904307827,1037.3037858494954,-574.7050696505163,,-696.0,1036.8703874876526,-574.8323366699906,periphery,5.18000000000011,success,39.276123046875,0.005,"(-696, 400, -62)",-696.0,400.0,-62.0,-696.0,,400.0,-62.0
5149,realistic,3,x0y0,utah,5.942,7.6,Ab,saline,77.49326572737067,7.6,,b,-1,0.08,soma,61.69203958600001,972.6181745494322,1238.894009455582,165.22522525280692,,973.0,1238.5104691239062,165.71224788716384,central,5.205000000000114,success,26.03759765625,0.005,"(973, 442, -11)",973.0,442.0,-11.0,973.0,,442.0,-11.0
5150,realistic,3,x0y0,utah,6.116,7.8,Ab,saline,164.38264193002345,7.8,,b,-1,0.08,soma,62.248217498,-1590.3924532413246,425.19299183550316,-1039.3712308599734,,-1590.0,424.7006100752309,-1039.009129136162,none,0.0,success,105.0,0.005,"(-1590, 205, -253)",-1590.0,205.0,-253.0,,,,
5151,realistic,3,x0y0,utah,4.724,6.2,Ab,saline,189.0610409831117,6.2,,b,-1,0.08,soma,57.798794201999996,673.8315104971244,-351.68560671991554,-1296.5653702543298,,674.0,-352.18915504340754,-1296.7256546372378,none,0.0,success,105.0,0.005,"(674, -224, -493)",674.0,-224.0,-493.0,,,,
5152,realistic,3,x0y0,utah,6.203,7.9,Ab,saline,-9.804849071310679,7.9,,b,-1,0.08,soma,62.52630645400001,-1021.7143293508448,-394.64827749897006,1341.0191272097607,,-1022.0,-395.00961499455815,1341.345711189886,none,0.0,success,105.0,0.005,"(-1022, -256, 537)",-1022.0,-256.0,537.0,,,,
5153,realistic,3,x0y0,utah,5.159,6.7,Ab,saline,27.021871458838554,6.7,,b,-1,0.08,soma,59.189238982000006,1691.2378876988153,395.0535880889202,735.6417737158044,,1691.0,395.07033563476136,735.640887042583,none,0.0,success,105.0,0.005,"(1691, 25, 10)",1691.0,25.0,10.0,,,,
5154,realistic,3,x0y0,utah,5.159,6.7,Ab,saline,37.06081053147506,6.7,,b,-1,0.08,soma,59.189238982000006,399.42492452784035,1015.3467419308772,1035.3949367544665,,399.0,1014.9561771672259,1035.0465063538181,central,5.195000000000112,success,76.94091796875,0.005,"(399, 524, 385)",399.0,524.0,385.0,399.0,,524.0,385.0
5155,realistic,3,x0y0,utah,4.898000000000001,6.4,Ab,saline,134.8675936562878,6.4,,b,-1,0.08,soma,58.354972114000006,1999.8383007408565,836.6869722443117,-859.0669651640054,,2000.0,837.0075843685961,-859.4022164132136,none,0.0,success,105.0,0.005,"(2000, 260, -285)",2000.0,260.0,-285.0,,,,
5156,realistic,3,x0y0,utah,6.638,8.4,Ab,saline,57.756708886705034,8.4,,b,-1,0.08,soma,63.916751233999996,1082.1550597598896,1004.2949725701396,607.5275707257651,,1082.0,1003.9833940968588,607.8472933916696,central,5.260000000000122,success,68.39599609375,0.005,"(1082, 313, 172)",1082.0,313.0,172.0,1082.0,,313.0,172.0
5157,realistic,3,x0y0,utah,5.42,7.0,Ab,saline,73.44172082877348,7.0,,b,-1,0.08,soma,60.02350585000001,633.3187952478452,970.1464828190635,178.0771487403522,,633.0,970.1887651786127,178.27834958362504,tjn,5.250000000000121,success,63.8916015625,0.005,"(633, 189, -54)",633.0,189.0,-54.0,633.0,,189.0,-54.0
5158,realistic,3,x0y0,utah,6.638,8.4,Ab,saline,-7.7308364916743875,8.4,,b,-1,0.08,soma,63.916751233999996,1177.2655399166956,-410.3131630496355,1314.9199671582699,,1177.0,-409.88090152048653,1314.5240543988855,none,0.0,success,105.0,0.005,"(1177, -300, 505)",1177.0,-300.0,505.0,,,,
5159,realistic,3,x0y0,utah,5.681,7.3,Ab,saline,168.7905235975077,7.3,,b,-1,0.08,soma,60.857772718,66.86592969565153,316.37627648156916,-1297.1002394171162,,67.0,316.5193755081896,-1296.8541946295431,none,0.0,success,105.0,0.005,"(67, 158, -497)",67.0,158.0,-497.0,,,,
5160,realistic,3,x0y0,utah,5.507,7.1,Ab,saline,79.10821962677322,7.1,,b,-1,0.08,soma,60.301594806000004,-1395.7955470541785,1330.8089722200764,271.73861898187806,,-1396.0,1330.4780830497461,272.06350070916704,periphery,5.1650000000001075,success,23.69384765625,0.005,"(-1396, 530, 118)",-1396.0,530.0,118.0,-1396.0,,530.0,118.0
5161,realistic,3,x0y0,utah,4.637,6.1,Ab,saline,175.3671401750943,6.1,,b,-1,0.08,soma,57.520705246000006,1585.2197990115756,153.16634172657498,-1299.5474105091785,,1585.0,152.75183649193843,-1299.0749434593445,none,0.0,success,105.0,0.005,"(1585, 87, -488)",1585.0,87.0,-488.0,,,,
5162,realistic,3,x0y0,utah,4.724,6.2,Ab,saline,-2.755254670984581,6.2,,b,-1,0.08,soma,57.798794201999996,1091.074208490457,-118.89119357687059,1356.6474109733929,,1091.0,-119.14856100055812,1356.9227178244792,none,0.0,success,105.0,0.005,"(1091, -80, 544)",1091.0,-80.0,544.0,,,,
5163,realistic,3,x0y0,utah,5.2459999999999996,6.8,Ab,saline,126.69037024754152,6.8,,b,-1,0.08,soma,59.467327938000004,-1609.3537915178192,895.0401421151391,-564.5547648610344,,-1609.0,895.3349251367413,-564.8033642214778,none,0.0,success,105.0,0.005,"(-1609, 242, -78)",-1609.0,242.0,-78.0,,,,
5164,realistic,3,x0y0,utah,9.161000000000001,11.3,Ab,saline,3.567499095967708,11.3,,b,-1,0.08,soma,71.981330958,858.7286626898775,-91.46982445416825,1419.7880011332434,,859.0,-91.93438060720618,1419.43078321459,none,0.0,success,105.0,0.005,"(859, -143, 600)",859.0,-143.0,600.0,,,,
5165,realistic,3,x0y0,utah,5.072,6.6,Ab,saline,195.3634811062513,6.6,,b,-1,0.08,soma,58.911150026,1183.1352215242412,-295.29815939187074,-1332.6703112350194,,1183.0,-295.7492818209438,-1332.3795109850362,none,0.0,success,105.0,0.005,"(1183, -80, -547)",1183.0,-80.0,-547.0,,,,
5166,realistic,3,x0y0,utah,4.55,6.0,Ab,saline,159.90129766692317,6.0,,b,-1,0.08,soma,57.24261629,503.486575829676,567.9083350026913,-1206.5201234610022,,503.0,567.5602814786221,-1206.07177047897,none,0.0,success,105.0,0.005,"(503, 288, -442)",503.0,288.0,-442.0,,,,
5167,realistic,3,x0y0,utah,5.072,6.6,Ab,saline,17.911496233686353,6.6,,b,-1,0.08,soma,58.911150026,899.2114108364784,432.29161363658835,1325.4526245573545,,899.0,432.44508931649756,1324.9544796248697,none,0.0,success,105.0,0.005,"(899, 182, 550)",899.0,182.0,550.0,,,,
5168,realistic,3,x0y0,utah,5.594,7.2,Ab,saline,-12.682206556449707,7.2,,b,-1,0.08,soma,60.579683761999995,10.294468199115505,-185.605379819262,1454.924960285236,,10.0,-185.95612029287952,1455.3967697391038,none,0.0,success,105.0,0.005,"(10, -7, 660)",10.0,-7.0,660.0,,,,
5169,realistic,3,x0y0,utah,5.159,6.7,Ab,saline,144.96439095606272,6.7,,b,-1,0.08,soma,59.189238982000006,-75.33969140522821,835.8703547451448,-1202.2926011739223,,-75.0,835.6587710497834,-1201.990074439231,none,0.0,success,105.0,0.005,"(-75, 368, -535)",-75.0,368.0,-535.0,,,,
5170,realistic,3,x0y0,utah,4.637,6.1,Ab,saline,208.60602780570235,6.1,,b,-1,0.08,soma,57.520705246000006,166.53038479741068,-579.2578979743748,-1261.37575711947,,167.0,-579.6284568358925,-1261.400213567732,none,0.0,success,105.0,0.005,"(167, -190, -547)",167.0,-190.0,-547.0,,,,
5171,realistic,3,x0y0,utah,9.161000000000001,11.3,Ab,saline,64.42279759293069,11.3,,b,-1,0.08,soma,71.981330958,1634.3584600891547,165.5145441526911,108.15582766289707,,1634.0,165.5335802620582,108.42167028728437,none,0.0,success,105.0,0.005,"(1634, -575, -246)",1634.0,-575.0,-246.0,,,,
5172,realistic,3,x0y0,utah,4.724,6.2,Ab,saline,60.17501113144541,6.2,,b,-1,0.08,soma,57.798794201999996,-403.68556245540367,905.7583562384932,608.6268298984022,,-404.0,906.0577269851177,608.8335601180374,none,0.0,success,105.0,0.005,"(-404, 200, 204)",-404.0,200.0,204.0,,,,
5173,realistic,3,x0y0,utah,6.4639999999999995,8.2,Ab,saline,-0.5605043750759356,8.2,,b,-1,0.08,soma,63.360573322,658.0329613691755,-23.502141694364585,1444.145263245733,,658.0,-24.003466809277803,1444.6802866610003,none,0.0,success,105.0,0.005,"(658, -16, 628)",658.0,-16.0,628.0,,,,
5174,realistic,3,x0y0,utah,4.811,6.3,Ab,saline,4.313956954750759,6.3,,b,-1,0.08,soma,58.076883158,1155.771078637001,144.57492997296598,1355.3939223983616,,1156.0,144.2156908067408,1355.759133942579,none,0.0,success,105.0,0.005,"(1156, 83, 544)",1156.0,83.0,544.0,,,,
5175,realistic,3,x0y0,utah,7.943,9.9,Ab,saline,219.9786966473917,9.9,,b,-1,0.08,soma,68.08808557399999,-1020.6539223227679,-683.3426652787975,-708.4590259201286,,-1021.0,-683.2357974906475,-708.6334499876782,none,0.0,success,105.0,0.005,"(-1021, -157, -81)",-1021.0,-157.0,-81.0,,,,
5176,realistic,3,x0y0,utah,5.594,7.2,Ab,saline,-8.204051122131537,7.2,,b,-1,0.08,soma,60.579683761999995,-224.08041667085632,-421.29753562295485,1396.3042681491306,,-224.0,-421.3418604364187,1395.973885493814,none,0.0,success,105.0,0.005,"(-224, -305, 589)",-224.0,-305.0,589.0,,,,
5177,realistic,3,x0y0,utah,7.334,9.2,Ab,saline,37.276691014910476,9.2,,b,-1,0.08,soma,66.141462882,1401.7274887881601,728.1359890872322,1107.393127739304,,1402.0,728.5054420338138,1106.9388810076039,none,0.0,success,105.0,0.005,"(1402, 233, 456)",1402.0,233.0,456.0,,,,
5178,realistic,3,x0y0,utah,5.855,7.5,Ab,saline,-2.4329865867167038,7.5,,b,-1,0.08,soma,61.41395063,124.30746591698738,-35.35711407053077,1466.289542188284,,124.0,-35.667546450887514,1465.9728390372168,none,0.0,success,105.0,0.005,"(124, -1, 651)",124.0,-1.0,651.0,,,,
5179,realistic,3,x0y0,utah,5.159,6.7,Ab,saline,192.5538322735208,6.7,,b,-1,0.08,soma,59.189238982000006,-779.3823535475974,-300.1195184120625,-1306.3712075453002,,-779.0,-300.0928702773434,-1306.1258080851653,none,0.0,success,105.0,0.005,"(-779, -123, -511)",-779.0,-123.0,-511.0,,,,
5180,realistic,3,x0y0,utah,4.898000000000001,6.4,Ab,saline,109.70512513347084,6.4,,b,-1,0.08,soma,58.354972114000006,-1023.3921639010657,1272.3585818400481,-570.9180394869568,,-1023.0,1272.46668537406,-570.5406482984205,periphery,5.205000000000114,success,65.61279296875,0.005,"(-1023, 506, -296)",-1023.0,506.0,-296.0,-1023.0,,506.0,-296.0
5181,realistic,3,x0y0,utah,5.159,6.7,Ab,saline,14.307271454752936,6.7,,b,-1,0.08,soma,59.189238982000006,-786.6453785196375,434.99558090065375,1333.9686284240945,,-787.0,435.2863304762261,1334.3421862867792,none,0.0,success,105.0,0.005,"(-787, 234, 545)",-787.0,234.0,545.0,,,,
5182,realistic,3,x0y0,utah,4.898000000000001,6.4,Ab,saline,172.5091793977246,6.4,,b,-1,0.08,soma,58.354972114000006,1402.950561569735,250.01478010529763,-1328.381749915415,,1403.0,250.16874418183284,-1328.2569774255157,none,0.0,success,105.0,0.005,"(1403, 144, -521)",1403.0,144.0,-521.0,,,,
5183,realistic,3,x0y0,utah,4.898000000000001,6.4,Ab,saline,114.39145135428859,6.4,,b,-1,0.08,soma,58.354972114000006,79.3730756937381,1355.3550954166606,-543.0224640972328,,79.0,1355.47143655211,-543.2553017415411,tjn,5.150000000000105,success,27.69775390625,0.005,"(79, 614, -207)",79.0,614.0,-207.0,79.0,,614.0,-207.0
5184,realistic,3,x0y0,utah,7.508000000000001,9.4,Ab,saline,132.96758529445466,9.4,,b,-1,0.08,soma,66.697640794,-1349.5775788021488,227.80041559848723,-224.3386403257796,,-1350.0,227.7858318844851,-224.78655598259536,none,0.0,success,105.0,0.005,"(-1350, -371, 333)",-1350.0,-371.0,333.0,,,,
5185,realistic,3,x0y0,utah,5.594,7.2,Ab,saline,-9.713338767534877,7.2,,b,-1,0.08,soma,60.579683761999995,-1078.7203832573434,-251.84620288949642,1304.2247135513726,,-1079.0,-251.5393963253247,1304.6311971421019,none,0.0,success,105.0,0.005,"(-1079, -114, 501)",-1079.0,-114.0,501.0,,,,
5186,realistic,3,x0y0,utah,6.551000000000001,8.3,Ab,saline,-1.8792378011937911,8.3,,b,-1,0.08,soma,63.63866227800001,418.50490110192726,-223.3653405068826,1438.2849384741312,,419.0,-223.7916740613592,1438.4109214734308,none,0.0,success,105.0,0.005,"(419, -197, 622)",419.0,-197.0,622.0,,,,
5187,realistic,3,x0y0,utah,6.203,7.9,Ab,saline,47.47862950807573,7.9,,b,-1,0.08,soma,62.52630645400001,926.8745707102656,1120.1032391224453,743.2055028693973,,927.0,1119.585943928299,743.7122652661294,central,5.230000000000118,success,36.4501953125,0.005,"(927, 518, 192)",927.0,518.0,192.0,927.0,,518.0,192.0
5188,realistic,3,x0y0,utah,4.898000000000001,6.4,Ab,saline,43.65822600083912,6.4,,b,-1,0.08,soma,58.354972114000006,1767.7807671727694,635.0859608583551,680.2789064383592,,1768.0,635.1081363737529,680.0574111622396,none,0.0,success,105.0,0.005,"(1768, 73, 91)",1768.0,73.0,91.0,,,,
5189,realistic,3,x0y0,utah,5.2459999999999996,6.8,Ab,saline,101.90568385455627,6.8,,b,-1,0.08,soma,59.467327938000004,-1455.7860399301444,516.6039275169384,-155.38622374957822,,-1456.0,516.2168901936668,-155.07955487680476,none,0.0,success,105.0,0.005,"(-1456, -281, 13)",-1456.0,-281.0,13.0,,,,
5190,realistic,3,x0y0,utah,5.507,7.1,Ab,saline,-11.45800147520296,7.1,,b,-1,0.08,soma,60.301594806000004,-1044.7580950957652,-467.4470350881147,1323.0785828673552,,-1045.0,-467.88894836423583,1322.9292965346806,none,0.0,success,105.0,0.005,"(-1045, -306, 524)",-1045.0,-306.0,524.0,,,,
5191,realistic,3,x0y0,utah,5.681,7.3,Ab,saline,24.40352383810361,7.3,,b,-1,0.08,soma,60.857772718,982.9690547122916,348.29949885962515,853.466225642439,,983.0,347.9352158435389,853.6110868071414,none,0.0,success,105.0,0.005,"(983, 11, 111)",983.0,11.0,111.0,,,,
5192,realistic,3,x0y0,utah,6.29,8.0,Ab,saline,101.67978153051195,8.0,,b,-1,0.08,soma,62.80439541,-676.1105081676416,1314.3995370244465,-419.95989942720144,,-676.0,1314.5026722125067,-420.239804815492,periphery,5.190000000000111,success,52.3681640625,0.005,"(-676, 515, -255)",-676.0,515.0,-255.0,-676.0,,515.0,-255.0
5193,realistic,3,x0y0,utah,5.855,7.5,Ab,saline,26.375948130910817,7.5,,b,-1,0.08,soma,61.41395063,-692.9729979166154,594.9484784894257,1064.1372162129385,,-693.0,595.4186091324545,1063.7918791847087,none,0.0,success,105.0,0.005,"(-693, 233, 333)",-693.0,233.0,333.0,,,,
5194,realistic,3,x0y0,utah,5.333,6.9,Ab,saline,102.17516052375778,6.9,,b,-1,0.08,soma,59.745416893999995,-582.7632395234949,500.5892651617696,-19.389849181798574,,-583.0,500.5380725069426,-19.856654211472346,tjn,5.525000000000164,success,105.0,0.005,"(-583, -296, 152)",-583.0,-296.0,152.0,-583.0,,-296.0,152.0
5195,realistic,3,x0y0,utah,5.768000000000001,7.4,Ab,saline,188.26720380398083,7.4,,b,-1,0.08,soma,61.135861674,-1032.5561040848202,-32.67377844592329,-1381.413455642201,,-1033.0,-32.278668454360655,-1381.0860243562956,none,0.0,success,105.0,0.005,"(-1033, 85, -574)",-1033.0,85.0,-574.0,,,,
5196,realistic,3,x0y0,utah,4.637,6.1,Ab,saline,69.99749498210849,6.1,,b,-1,0.08,soma,57.520705246000006,1162.6226528289294,965.9615845545339,450.81123261858653,,1163.0,965.6906033598333,450.3874166323284,none,0.0,success,105.0,0.005,"(1163, 201, 172)",1163.0,201.0,172.0,,,,
5197,realistic,3,x0y0,utah,7.073,8.9,Ab,saline,61.464243857190176,8.9,,b,-1,0.08,soma,65.307196014,-946.2625587808208,1198.6448084458216,703.3565036928153,,-946.0,1198.3086858491497,703.593123767944,periphery,5.205000000000114,success,63.525390625,0.005,"(-946, 480, 313)",-946.0,480.0,313.0,-946.0,,480.0,313.0
5198,realistic,3,x0y0,utah,5.507,7.1,Ab,saline,197.91657498439338,7.1,,b,-1,0.08,soma,60.301594806000004,-651.9069612683226,-629.9032044589399,-1273.4553358660553,,-652.0,-629.7403852811628,-1273.6159837289547,none,0.0,success,105.0,0.005,"(-652, -379, -498)",-652.0,-379.0,-498.0,,,,
5199,realistic,3,x0y0,utah,5.768000000000001,7.4,Ab,saline,28.231312368710253,7.4,,b,-1,0.08,soma,61.135861674,-214.5959368714996,397.17551421972354,705.3490150941112,,-215.0,396.7636312859011,705.5153470673972,none,0.0,success,105.0,0.005,"(-215, 11, -13)",-215.0,11.0,-13.0,,,,
5200,realistic,3,x0y0,utah,6.203,7.9,Ab,saline,189.89594070427742,7.9,,b,-1,0.08,soma,62.52630645400001,503.29864111269694,-298.1676232584732,-1404.4275317068245,,503.0,-298.3156360397213,-1404.100832243918,none,0.0,success,105.0,0.005,"(503, -158, -600)",503.0,-158.0,-600.0,,,,
5201,realistic,3,x0y0,utah,6.116,7.8,Ab,saline,174.7372571480141,7.8,,b,-1,0.08,soma,62.248217498,145.83898936434457,103.87657224385613,-1422.428911807476,,146.0,103.83858077228332,-1422.6963874922544,none,0.0,success,105.0,0.005,"(146, 29, -610)",146.0,29.0,-610.0,,,,
5202,realistic,3,x0y0,utah,4.55,6.0,Ab,saline,145.46594421407482,6.0,,b,-1,0.08,soma,57.24261629,1539.8847912713877,471.6704768344807,-783.9470265901814,,1540.0,471.2419195874006,-784.2612336498512,none,0.0,success,105.0,0.005,"(1540, 10, -114)",1540.0,10.0,-114.0,,,,
5203,realistic,3,x0y0,utah,4.898000000000001,6.4,Ab,saline,172.09717466179725,6.4,,b,-1,0.08,soma,58.354972114000006,1810.1187731350321,132.30677378349492,-1120.7296132604772,,1810.0,131.94940433283756,-1120.4427999394588,none,0.0,success,105.0,0.005,"(1810, 20, -314)",1810.0,20.0,-314.0,,,,
5204,realistic,3,x0y0,utah,5.942,7.6,Ab,saline,-7.654291820665128,7.6,,b,-1,0.08,soma,61.69203958600001,-1119.1736672454026,-75.58581957895967,1374.7405026263416,,-1119.0,-75.67068983642764,1374.5849902168425,none,0.0,success,105.0,0.005,"(-1119, 33, 566)",-1119.0,33.0,566.0,,,,
5205,realistic,3,x0y0,utah,4.55,6.0,Ab,saline,144.36835224114262,6.0,,b,-1,0.08,soma,57.24261629,589.870041883021,971.1427114689927,-1076.4176916781416,,590.0,971.0157741252772,-1076.3113992602562,tjn,5.175000000000109,success,105.0,0.005,"(590, 497, -415)",590.0,497.0,-415.0,590.0,,497.0,-415.0
5206,realistic,3,x0y0,utah,5.768000000000001,7.4,Ab,saline,66.39653128332122,7.4,,b,-1,0.08,soma,61.135861674,137.27497881833784,1367.8076861639393,518.5455828175964,,137.0,1367.3048950259433,518.5533995071348,tjn,5.140000000000104,success,24.407958984375,0.005,"(137, 620, 192)",137.0,620.0,192.0,137.0,,620.0,192.0
5207,realistic,3,x0y0,utah,5.072,6.6,Ab,saline,57.67822948636295,6.6,,b,-1,0.08,soma,58.911150026,1988.3208482046716,930.8692123954128,567.6714444878203,,1988.0,931.2964064434864,567.4893959594511,none,0.0,success,105.0,0.005,"(1988, 243, 132)",1988.0,243.0,132.0,,,,
5208,realistic,3,x0y0,utah,6.203,7.9,Ab,saline,160.45505871513188,7.9,,b,-1,0.08,soma,62.52630645400001,381.39490690668083,671.1467072756817,-1292.5350137176351,,381.0,671.0400247544316,-1292.246395601125,none,0.0,success,105.0,0.005,"(381, 398, -523)",381.0,398.0,-523.0,,,,
5209,realistic,3,x0y0,utah,5.42,7.0,Ab,saline,-4.956635548256137,7.0,,b,-1,0.08,soma,60.02350585000001,921.6868854945482,-226.87558015159215,1383.6832918568052,,922.0,-226.41701545272002,1383.9962094391776,none,0.0,success,105.0,0.005,"(922, -156, 572)",922.0,-156.0,572.0,,,,
5210,realistic,3,x0y0,utah,4.811,6.3,Ab,saline,156.5573147803586,6.3,,b,-1,0.08,soma,58.076883158,1192.0011125736562,597.6077851664631,-1124.9491411975912,,1192.0,597.8244920601262,-1124.8802701487325,none,0.0,success,105.0,0.005,"(1192, 274, -378)",1192.0,274.0,-378.0,,,,
5211,realistic,3,x0y0,utah,4.55,6.0,Ab,saline,84.19645916402283,6.0,,b,-1,0.08,soma,57.24261629,167.94398973175097,1322.39919723385,-36.77667609844093,,168.0,1322.471839473461,-36.74288574654048,tjn,5.145000000000104,success,21.6156005859375,0.005,"(168, 513, -119)",168.0,513.0,-119.0,168.0,,513.0,-119.0
5212,realistic,3,x0y0,utah,6.811999999999999,8.6,Ab,saline,43.622836737289035,8.6,,b,-1,0.08,soma,64.472929146,1750.7461490027624,356.51657600121916,367.5911656621511,,1751.0,356.8114369089128,367.5974767043948,none,0.0,success,105.0,0.005,"(1751, -207, -224)",1751.0,-207.0,-224.0,,,,
5213,realistic,3,x0y0,utah,4.811,6.3,Ab,saline,206.4101210352337,6.3,,b,-1,0.08,soma,58.076883158,-1464.6592823926092,-458.24023986566186,-1022.984715869858,,-1465.0,-458.08429881433926,-1023.0528282781526,none,0.0,success,105.0,0.005,"(-1465, -96, -294)",-1465.0,-96.0,-294.0,,,,
5214,realistic,3,x0y0,utah,6.4639999999999995,8.2,Ab,saline,88.50124279222179,8.2,,b,-1,0.08,soma,63.360573322,1948.141580127747,715.8436448197798,141.64171208243945,,1948.0,715.435282575002,141.3970235105182,none,0.0,success,105.0,0.005,"(1948, -101, 120)",1948.0,-101.0,120.0,,,,
5215,realistic,3,x0y0,utah,5.855,7.5,Ab,saline,133.0522179157228,7.5,,b,-1,0.08,soma,61.41395063,715.7209974612724,817.0814196716055,-1069.747439617267,,716.0,817.0370868626707,-1069.8831520475505,none,0.0,success,105.0,0.005,"(716, 221, -513)",716.0,221.0,-513.0,,,,
5216,realistic,3,x0y0,utah,6.377,8.1,Ab,saline,-6.7571497643089815,8.1,,b,-1,0.08,soma,63.082484366,388.55730454706804,-340.4878313295493,1151.2741791124336,,389.0,-340.10690420493916,1150.9071076119376,none,0.0,success,105.0,0.005,"(389, -244, 340)",389.0,-244.0,340.0,,,,
5217,realistic,3,x0y0,utah,5.942,7.6,Ab,saline,127.85168097118414,7.6,,b,-1,0.08,soma,61.69203958600001,-561.9627227764772,1139.8473537819991,-801.3084364078572,,-562.0,1140.192017228553,-801.603117744985,periphery,5.18000000000011,success,62.40234375,0.005,"(-562, 496, -301)",-562.0,496.0,-301.0,-562.0,,496.0,-301.0
5218,realistic,3,x0y0,utah,4.55,6.0,Ab,saline,19.71982434599072,6.0,,b,-1,0.08,soma,57.24261629,-1069.2672842391485,472.0998391459712,1209.3444377286387,,-1069.0,472.5158293681231,1208.9430994877034,none,0.0,success,105.0,0.005,"(-1069, 198, 443)",-1069.0,198.0,443.0,,,,
5219,realistic,3,x0y0,utah,5.333,6.9,Ab,saline,78.9690263570136,6.9,,b,-1,0.08,soma,59.745416893999995,203.49112600326904,1162.7243861340958,377.87038738696083,,203.0,1162.7975633407307,377.8851491259111,tjn,5.185000000000111,success,57.0556640625,0.005,"(203, 363, 222)",203.0,363.0,222.0,203.0,,363.0,222.0
5220,realistic,3,x0y0,utah,4.811,6.3,Ab,saline,44.67504060226543,6.3,,b,-1,0.08,soma,58.076883158,-704.8126301945176,977.645397998936,1026.9831333207946,,-705.0,977.350428274195,1026.862735806827,none,0.0,success,105.0,0.005,"(-705, 405, 448)",-705.0,405.0,448.0,,,,
5221,realistic,3,x0y0,utah,5.594,7.2,Ab,saline,7.755217535448321,7.2,,b,-1,0.08,soma,60.579683761999995,39.92766291140559,80.01536035757955,1466.0042390954059,,40.0,79.98259966974692,1465.870704319883,none,0.0,success,105.0,0.005,"(40, -30, 658)",40.0,-30.0,658.0,,,,
5222,realistic,3,x0y0,utah,8.03,10.0,Ab,saline,26.958983683331113,10.0,,b,-1,0.08,soma,68.36617453,-1977.3941706278988,412.37736029963526,976.0456805925625,,-1977.0,412.4176117659511,976.1378856792946,none,0.0,success,105.0,0.005,"(-1977, 41, 246)",-1977.0,41.0,246.0,,,,
5223,realistic,3,x0y0,utah,6.898999999999999,8.7,Ab,saline,6.223653408287113,8.7,,b,-1,0.08,soma,64.751018102,19.32326028818032,313.6066201702584,1428.6762791993142,,19.0,313.6035051811284,1428.5529935475993,none,0.0,success,105.0,0.005,"(19, 225, 616)",19.0,225.0,616.0,,,,
5224,realistic,3,x0y0,utah,5.507,7.1,Ab,saline,-7.048991318085887,7.1,,b,-1,0.08,soma,60.301594806000004,1973.0010924996286,-23.93853356243926,1080.1558126145492,,1973.0,-24.01900284134814,1079.9556513427374,none,0.0,success,105.0,0.005,"(1973, 76, 271)",1973.0,76.0,271.0,,,,
5225,realistic,3,x0y0,utah,6.029,7.7,Ab,saline,93.17661728311288,7.7,,b,-1,0.08,soma,61.970128542,180.54566256233696,1459.4122939824338,-115.90725554960319,,181.0,1459.7610866745938,-116.2055725606134,tjn,5.1150000000001,success,10.324859619140625,0.005,"(181, 645, -71)",181.0,645.0,-71.0,181.0,,645.0,-71.0
5226,realistic,3,x0y0,utah,4.985,6.5,Ab,saline,167.74671329900127,6.5,,b,-1,0.08,soma,58.63306107,385.3048147369584,221.9698869483659,-1427.7616539716391,,385.0,221.79796777952703,-1427.7501136388023,none,0.0,success,105.0,0.005,"(385, 49, -632)",385.0,49.0,-632.0,,,,
5227,realistic,3,x0y0,utah,4.985,6.5,Ab,saline,-8.152421710773826,6.5,,b,-1,0.08,soma,58.63306107,-281.23536670808204,-395.71980155987467,1294.6701236484496,,-281.0,-395.470084029863,1295.0919335765966,none,0.0,success,105.0,0.005,"(-281, -280, 489)",-281.0,-280.0,489.0,,,,
5228,realistic,3,x0y0,utah,5.333,6.9,Ab,saline,35.69503822769962,6.9,,b,-1,0.08,soma,59.745416893999995,518.3936352641614,771.3294814242549,1227.0067936871585,,518.0,771.4782253788246,1226.7581265298088,none,0.0,success,105.0,0.005,"(518, 296, 565)",518.0,296.0,565.0,,,,
5229,realistic,3,x0y0,utah,5.2459999999999996,6.8,Ab,saline,47.2742922826404,6.8,,b,-1,0.08,soma,59.467327938000004,494.5657113584221,679.7762133478412,838.5415418693638,,495.0,679.5033495516276,838.7967910029668,none,0.0,success,105.0,0.005,"(495, 81, 286)",495.0,81.0,286.0,,,,
5230,realistic,3,x0y0,utah,5.159,6.7,Ab,saline,3.093692233071022,6.7,,b,-1,0.08,soma,59.189238982000006,475.3564755473858,89.53218429988421,1272.7830246253025,,475.0,89.98810945251401,1272.372727561764,none,0.0,success,105.0,0.005,"(475, 46, 459)",475.0,46.0,459.0,,,,
5231,realistic,3,x0y0,utah,4.724,6.2,Ab,saline,175.83832582371528,6.2,,b,-1,0.08,soma,57.798794201999996,413.75667010123885,134.26549892323783,-1272.4198617465731,,414.0,134.08909622953263,-1272.7832586685377,none,0.0,success,105.0,0.005,"(414, 75, -461)",414.0,75.0,-461.0,,,,
5232,realistic,3,x0y0,utah,5.42,7.0,Ab,saline,201.8159787628408,7.0,,b,-1,0.08,soma,60.02350585000001,86.38570149518566,-552.6879353991953,-1289.0578446740824,,86.0,-552.85836738693,-1288.6569114155702,none,0.0,success,105.0,0.005,"(86, -250, -532)",86.0,-250.0,-532.0,,,,
5233,realistic,3,x0y0,utah,6.898999999999999,8.7,Ab,saline,87.6264546856603,8.7,,b,-1,0.08,soma,64.751018102,462.91389501893997,219.0578737947117,6.81261163973295,,463.0,218.63987109285426,6.839346074711408,none,0.0,success,105.0,0.005,"(463, -598, -27)",463.0,-598.0,-27.0,,,,
5234,realistic,3,x0y0,utah,4.985,6.5,Ab,saline,143.7829535048451,6.5,,b,-1,0.08,soma,58.63306107,75.60068684531029,811.3954278828514,-1105.7739554580526,,76.0,811.0982062400781,-1105.990576835638,none,0.0,success,105.0,0.005,"(76, 330, -449)",76.0,330.0,-449.0,,,,
5235,realistic,3,x0y0,utah,6.377,8.1,Ab,saline,180.668003171042,8.1,,b,-1,0.08,soma,63.082484366,861.3454968689567,-122.67387873356891,-1416.9243156891116,,861.0,-122.5535325335411,-1416.459588058782,none,0.0,success,105.0,0.005,"(861, -113, -600)",861.0,-113.0,-600.0,,,,
5236,realistic,3,x0y0,utah,5.507,7.1,Ab,saline,37.97497510403002,7.1,,b,-1,0.08,soma,60.301594806000004,1306.499128499425,765.2446346692985,1067.0286680754016,,1306.0,765.5622856420661,1066.5833735927852,none,0.0,success,105.0,0.005,"(1306, 264, 424)",1306.0,264.0,424.0,,,,
5237,realistic,3,x0y0,utah,5.594,7.2,Ab,saline,69.81354967282373,7.2,,b,-1,0.08,soma,60.579683761999995,88.85120904771938,1429.2241735761756,331.47127932682906,,89.0,1429.2310455895067,331.3565244331332,tjn,5.100000000000097,success,7.454681396484375,0.005,"(89, 664, 50)",89.0,664.0,50.0,89.0,,664.0,50.0
5238,realistic,3,x0y0,utah,5.942,7.6,Ab,saline,52.75687043687323,7.6,,b,-1,0.08,soma,61.69203958600001,253.45729012046857,381.0220184166218,370.8038810485237,,253.0,381.49501635720753,370.7500111787237,none,0.0,success,105.0,0.005,"(253, -268, -123)",253.0,-268.0,-123.0,,,,
5239,realistic,3,x0y0,utah,5.768000000000001,7.4,Ab,saline,209.7156758130135,7.4,,b,-1,0.08,soma,61.135861674,152.16992238945147,-565.4001965262164,-1350.4783624629245,,152.0,-565.277023315901,-1350.3207479319349,none,0.0,success,105.0,0.005,"(152, -161, -642)",152.0,-161.0,-642.0,,,,
5240,realistic,3,x0y0,utah,6.4639999999999995,8.2,Ab,saline,-18.517414159576173,8.2,,b,-1,0.08,soma,63.360573322,1542.890037576503,-542.4740121268992,1120.0007703056408,,1543.0,-542.3776590435336,1120.3762478119606,none,0.0,success,105.0,0.005,"(1543, -283, 346)",1543.0,-283.0,346.0,,,,
5241,realistic,3,x0y0,utah,4.55,6.0,Ab,saline,24.46401349259098,6.0,,b,-1,0.08,soma,57.24261629,-833.574583887774,272.7223702413516,469.94172866756526,,-834.0,272.9205837028446,469.5581146735792,none,0.0,success,105.0,0.005,"(-834, -64, -271)",-834.0,-64.0,-271.0,,,,
5242,realistic,3,x0y0,utah,7.595000000000001,9.5,Ab,saline,0.6657555512784498,9.5,,b,-1,0.08,soma,66.97572975,-754.3552204955664,-143.15782492321026,1275.7284091880238,,-754.0,-143.50554076745,1275.4060160885128,none,0.0,success,105.0,0.005,"(-754, -153, 457)",-754.0,-153.0,457.0,,,,
5243,realistic,3,x0y0,utah,4.898000000000001,6.4,Ab,saline,169.53440945694706,6.4,,b,-1,0.08,soma,58.354972114000006,506.3841971491356,290.4167968417773,-1294.2455273978965,,506.0,290.85463146795126,-1294.6621397884542,none,0.0,success,105.0,0.005,"(506, 143, -494)",506.0,143.0,-494.0,,,,
5244,realistic,3,x0y0,utah,5.681,7.3,Ab,saline,133.56195982696184,7.3,,b,-1,0.08,soma,60.857772718,689.3176387300339,349.3523619468156,-444.3998574222719,,689.0,348.8597710557316,-443.9120455899871,none,0.0,success,105.0,0.005,"(689, -242, 118)",689.0,-242.0,118.0,,,,
5245,realistic,3,x0y0,utah,6.551000000000001,8.3,Ab,saline,-17.619549059282534,8.3,,b,-1,0.08,soma,63.63866227800001,-576.4396326199827,-397.4626918641575,1311.1363005859093,,-576.0,-397.2512115357754,1311.510504508581,none,0.0,success,105.0,0.005,"(-576, -150, 533)",-576.0,-150.0,533.0,,,,
5246,realistic,3,x0y0,utah,4.637,6.1,Ab,saline,70.44558968848601,6.1,,b,-1,0.08,soma,57.520705246000006,734.5896695115947,1046.4239276254752,315.39610585216184,,735.0,1046.8063802766533,315.3655900229182,tjn,5.220000000000116,success,81.77490234375,0.005,"(735, 280, 43)",735.0,280.0,43.0,735.0,,280.0,43.0
5247,realistic,3,x0y0,utah,6.377,8.1,Ab,saline,95.95972607683849,8.1,,b,-1,0.08,soma,63.082484366,1261.2787329879318,1335.7572934741893,-229.65793869803338,,1261.0,1336.131919475212,-229.75698093859543,central,5.195000000000112,success,23.5107421875,0.005,"(1261, 524, -145)",1261.0,524.0,-145.0,1261.0,,524.0,-145.0
5248,realistic,3,x0y0,utah,7.247,9.1,Ab,saline,127.34254094414116,9.1,,b,-1,0.08,soma,65.86337392600001,920.0035990508804,312.440323092429,-266.64045008242283,,920.0,312.25569113558515,-267.15736131175595,none,0.0,success,105.0,0.005,"(920, -338, 229)",920.0,-338.0,229.0,,,,
5249,realistic,3,x0y0,utah,8.987,11.1,Ab,saline,77.26704496799141,11.1,,b,-1,0.08,soma,71.42515304599999,1529.1616962483774,542.7709578131106,155.86740326491238,,1529.0,542.5230471405345,155.88505186566928,none,0.0,success,105.0,0.005,"(1529, -258, -25)",1529.0,-258.0,-25.0,,,,
5250,realistic,3,x0y0,utah,8.9,11.0,Ab,saline,130.23538036165309,11.0,,b,-1,0.08,soma,71.14706409,1104.3264804934518,1190.0489912254006,-710.8992519300576,,1104.0,1190.4258343631532,-711.0084443478656,central,5.205000000000114,success,23.69384765625,0.005,"(1104, 564, -181)",1104.0,564.0,-181.0,1104.0,,564.0,-181.0
5251,realistic,3,x0y0,utah,5.768000000000001,7.4,Ab,saline,199.17411872031025,7.4,,b,-1,0.08,soma,61.135861674,-1020.0690269856392,-464.7375630937663,-1326.9513619813613,,-1020.0,-464.8325084868709,-1327.3039106755468,none,0.0,success,105.0,0.005,"(-1020, -197, -557)",-1020.0,-197.0,-557.0,,,,
5252,realistic,3,x0y0,utah,6.986000000000001,8.8,Ab,saline,118.42110302470644,8.8,,b,-1,0.08,soma,65.02910705800001,765.3090303398009,1240.7654874787386,-584.5080378879784,,765.0,1241.0040498287558,-584.0551760244512,central,5.225000000000117,success,40.6951904296875,0.005,"(765, 522, -195)",765.0,522.0,-195.0,765.0,,522.0,-195.0
5253,realistic,3,x0y0,utah,5.855,7.5,Ab,saline,161.46376981952412,7.5,,b,-1,0.08,soma,61.41395063,-652.0951748787418,421.36180798973885,-1324.1905308603034,,-652.0,421.3132474526386,-1324.3717832961518,none,0.0,success,105.0,0.005,"(-652, 162, -551)",-652.0,162.0,-551.0,,,,
5254,realistic,3,x0y0,utah,4.637,6.1,Ab,saline,59.21715168069501,6.1,,b,-1,0.08,soma,57.520705246000006,1239.8998230368265,1199.0494379262418,631.1446875351526,,1240.0,1199.1015189384195,631.4825484724515,central,5.24500000000012,success,49.7314453125,0.005,"(1240, 500, 215)",1240.0,500.0,215.0,1240.0,,500.0,215.0
5255,realistic,3,x0y0,utah,6.116,7.8,Ab,saline,208.41356338420647,7.8,,b,-1,0.08,soma,62.248217498,306.4786865734002,-484.6891369201931,-1164.968597866981,,306.0,-484.3118509427743,-1164.7811536447457,none,0.0,success,105.0,0.005,"(306, -96, -447)",306.0,-96.0,-447.0,,,,
5256,realistic,3,x0y0,utah,6.4639999999999995,8.2,Ab,saline,-5.579333390971144,8.2,,b,-1,0.08,soma,63.360573322,950.6933652697321,-146.16740754595503,1356.8694306497828,,951.0,-146.3813238634492,1356.8418893136936,none,0.0,success,105.0,0.005,"(951, -67, 544)",951.0,-67.0,544.0,,,,
5257,realistic,3,x0y0,utah,5.594,7.2,Ab,saline,135.03089678987945,7.2,,b,-1,0.08,soma,60.579683761999995,-854.378287525446,682.4024866831887,-744.3577346232768,,-854.0,682.1653312573028,-744.8175631308076,none,0.0,success,105.0,0.005,"(-854, 106, -168)",-854.0,106.0,-168.0,,,,
5258,realistic,3,x0y0,utah,5.42,7.0,Ab,saline,136.50499597264354,7.0,,b,-1,0.08,soma,60.02350585000001,480.9959304465363,819.9218658337317,-842.8885755011777,,481.0,819.9725895382777,-843.2095255717952,none,0.0,success,105.0,0.005,"(481, 259, -252)",481.0,259.0,-252.0,,,,
5259,realistic,3,x0y0,utah,6.029,7.7,Ab,saline,8.737818651273892,7.7,,b,-1,0.08,soma,61.970128542,1309.5745081095274,278.6006701409965,1108.4921433601546,,1310.0,278.94813126276495,1108.5196375254568,none,0.0,success,105.0,0.005,"(1310, 155, 302)",1310.0,155.0,302.0,,,,
5260,realistic,3,x0y0,utah,4.55,6.0,Ab,saline,207.11630507763041,6.0,,b,-1,0.08,soma,57.24261629,-1481.1028856166024,-415.21593955590924,-1249.0444058836172,,-1481.0,-414.84859225249113,-1249.2043263798646,none,0.0,success,105.0,0.005,"(-1481, -44, -525)",-1481.0,-44.0,-525.0,,,,
5261,realistic,3,x0y0,utah,6.029,7.7,Ab,saline,143.65499379513992,7.7,,b,-1,0.08,soma,61.970128542,409.70155485322783,1046.0795410317135,-1004.3405377808217,,410.0,1045.5527490869947,-1004.2759692702907,central,5.175000000000109,success,60.791015625,0.005,"(410, 562, -347)",410.0,562.0,-347.0,410.0,,562.0,-347.0
5262,realistic,3,x0y0,utah,5.855,7.5,Ab,saline,59.04944202666878,7.5,,b,-1,0.08,soma,61.41395063,1041.9101650170026,1222.7475273251605,510.5885902434488,,1042.0,1222.5503020301444,510.5180974045046,central,5.190000000000111,success,16.5130615234375,0.005,"(1042, 523, 91)",1042.0,523.0,91.0,1042.0,,523.0,91.0
5263,realistic,3,x0y0,utah,5.507,7.1,Ab,saline,144.0844825262606,7.1,,b,-1,0.08,soma,60.301594806000004,-349.98678030742656,630.7721149026232,-885.6911111286968,,-350.0,631.1674577566,-886.1906308166899,none,0.0,success,105.0,0.005,"(-350, 153, -226)",-350.0,153.0,-226.0,,,,
5264,realistic,3,x0y0,utah,7.421000000000001,9.3,Ab,saline,152.30778426851325,9.3,,b,-1,0.08,soma,66.419551838,31.206071318476525,11.648157573767095,-32.70030860340829,,31.0,11.222082869559415,-32.524756576274626,none,0.0,success,105.0,0.005,"(31, -369, 692)",31.0,-369.0,692.0,,,,
5265,realistic,3,x0y0,utah,9.335,11.5,Ab,saline,48.89320236231187,11.5,,b,-1,0.08,soma,72.53750887,355.3449592809066,434.986387216411,420.44599593987135,,355.0,434.8260064667726,419.9842060410126,none,0.0,success,105.0,0.005,"(355, -184, -120)",355.0,-184.0,-120.0,,,,
5266,realistic,3,x0y0,utah,5.42,7.0,Ab,saline,127.15058098032976,7.0,,b,-1,0.08,soma,60.02350585000001,-127.87451187383114,919.8334810983188,-794.6683837465565,,-128.0,919.6458682565177,-794.1855975914077,none,0.0,success,105.0,0.005,"(-128, 270, -302)",-128.0,270.0,-302.0,,,,
5267,realistic,3,x0y0,utah,4.811,6.3,Ab,saline,-33.422313979210145,6.3,,b,-1,0.08,soma,58.076883158,353.1775181247991,-730.0992894603705,1267.8205361716473,,353.0,-730.3723736217132,1267.3964833418336,none,0.0,success,105.0,0.005,"(353, -282, 588)",353.0,-282.0,588.0,,,,
5268,realistic,3,x0y0,utah,4.724,6.2,Ab,saline,322.1978703888151,6.2,,b,-1,0.08,soma,57.798794201999996,938.0616542673483,-661.319988170143,1035.8184261360718,,938.0,-660.838940483203,1036.0619136495002,none,0.0,success,105.0,0.005,"(938, -162, 393)",938.0,-162.0,393.0,,,,
5269,realistic,3,x0y0,utah,4.637,6.1,Ab,saline,67.89162199239335,6.1,,b,-1,0.08,soma,57.520705246000006,-465.45283075420053,1207.7930792405168,273.31006905489267,,-465.0,1207.9489667052098,273.2993967272973,periphery,5.160000000000107,success,25.4638671875,0.005,"(-465, 454, -33)",-465.0,454.0,-33.0,-465.0,,454.0,-33.0
5270,realistic,3,x0y0,utah,5.42,7.0,Ab,saline,48.360809585465184,7.0,,b,-1,0.08,soma,60.02350585000001,-1074.3392771313097,1041.6591905533178,758.1235948341136,,-1074.0,1042.0582829608527,758.4938086433701,periphery,5.200000000000113,success,49.951171875,0.005,"(-1074, 433, 217)",-1074.0,433.0,217.0,-1074.0,,433.0,217.0
5271,realistic,3,x0y0,utah,8.813,10.9,Ab,saline,76.33984180109543,10.9,,b,-1,0.08,soma,70.86897513400001,-1419.1884108573388,521.6302793788362,128.96271618880155,,-1419.0,521.2161915688541,128.78662596332546,none,0.0,success,105.0,0.005,"(-1419, -276, -65)",-1419.0,-276.0,-65.0,,,,
5272,realistic,3,x0y0,utah,5.159,6.7,Ab,saline,37.527128088253605,6.7,,b,-1,0.08,soma,59.189238982000006,135.06791171450462,825.2207963299243,1037.093833102832,,135.0,825.1695827319681,1037.0549927183124,none,0.0,success,105.0,0.005,"(135, 329, 391)",135.0,329.0,391.0,,,,
5273,realistic,3,x0y0,utah,4.724,6.2,Ab,saline,153.77745932921488,6.2,,b,-1,0.08,soma,57.798794201999996,-351.7530187063212,685.8236899913736,-1218.9530844410158,,-352.0,685.662143578932,-1219.1491491393072,none,0.0,success,105.0,0.005,"(-352, 326, -489)",-352.0,326.0,-489.0,,,,
5274,realistic,3,x0y0,utah,5.594,7.2,Ab,saline,19.255726067307847,7.2,,b,-1,0.08,soma,60.579683761999995,-207.44010255060158,543.0349393227334,1097.49507080489,,-207.0,542.8825898523538,1097.7151397198522,tjn,5.195000000000112,success,98.291015625,0.005,"(-207, 274, 328)",-207.0,274.0,328.0,-207.0,,274.0,328.0
5275,realistic,3,x0y0,utah,6.638,8.4,Ab,saline,163.02954937456337,8.4,,b,-1,0.08,soma,63.916751233999996,857.0514431372487,409.1289619765812,-1358.6525600413327,,857.0,409.4701498426024,-1358.4206862776607,none,0.0,success,105.0,0.005,"(857, 171, -577)",857.0,171.0,-577.0,,,,
5276,realistic,3,x0y0,utah,9.683,11.9,Ab,saline,89.29917570805546,11.9,,b,-1,0.08,soma,73.649864694,214.91861666902312,264.9613943885256,25.36776850326305,,215.0,264.74274985376564,25.026264174633404,none,0.0,success,105.0,0.005,"(215, -557, 15)",215.0,-557.0,15.0,,,,
5277,realistic,3,x0y0,utah,6.4639999999999995,8.2,Ab,saline,46.69745208772689,8.2,,b,-1,0.08,soma,63.360573322,162.67598462048502,840.9981097157437,699.8486559365529,,163.0,841.2982446032099,700.1610086207801,tjn,5.185000000000111,success,80.45654296875,0.005,"(163, 247, 140)",163.0,247.0,140.0,163.0,,247.0,140.0
5278,realistic,3,x0y0,utah,5.507,7.1,Ab,saline,54.85663231075544,7.1,,b,-1,0.08,soma,60.301594806000004,-1607.4832140162127,1017.20617673702,697.1096474389293,,-1607.0,1017.5488070364333,697.200798985167,periphery,5.215000000000115,success,88.22021484375,0.005,"(-1607, 351, 228)",-1607.0,351.0,228.0,-1607.0,,351.0,228.0
5279,realistic,3,x0y0,utah,4.637,6.1,Ab,saline,65.19225516064536,6.1,,b,-1,0.08,soma,57.520705246000006,1288.6597508055756,476.76315571939085,158.4979186321757,,1289.0,476.6502720758973,158.45384396061087,none,0.0,success,105.0,0.005,"(1289, -262, -183)",1289.0,-262.0,-183.0,,,,
5280,realistic,3,x0y0,utah,5.768000000000001,7.4,Ab,saline,79.69032921919751,7.4,,b,-1,0.08,soma,61.135861674,-1957.8292275212573,853.4567604255127,155.8280696903539,,-1958.0,853.4372871505246,155.98665961982306,none,0.0,success,105.0,0.005,"(-1958, 51, 10)",-1958.0,51.0,10.0,,,,
5281,realistic,3,x0y0,utah,7.508000000000001,9.4,Ab,saline,202.4441020590852,9.4,,b,-1,0.08,soma,66.697640794,836.86466571838,-511.0119536528997,-959.3381860147392,,837.0,-511.44557962757466,-959.3998146929474,none,0.0,success,105.0,0.005,"(837, -199, -203)",837.0,-199.0,-203.0,,,,
5282,realistic,3,x0y0,utah,5.681,7.3,Ab,saline,46.621548708242244,7.3,,b,-1,0.08,soma,60.857772718,-766.6514163371494,967.529734948694,920.9504343258716,,-767.0,967.6537146057213,921.0365591513613,periphery,5.230000000000118,success,105.0,0.005,"(-767, 375, 361)",-767.0,375.0,361.0,-767.0,,375.0,361.0
5283,realistic,3,x0y0,utah,4.898000000000001,6.4,Ab,saline,-22.9973843302054,6.4,,b,-1,0.08,soma,58.354972114000006,-103.0978301466301,-680.4109053735887,1204.8399439088525,,-103.0,-680.09914380247,1204.4503759154686,none,0.0,success,105.0,0.005,"(-103, -362, 455)",-103.0,-362.0,455.0,,,,
5284,realistic,3,x0y0,utah,5.768000000000001,7.4,Ab,saline,91.82056957681904,7.4,,b,-1,0.08,soma,61.135861674,-316.7662408105705,1432.6570887735452,-255.19912111246367,,-317.0,1433.1601468715817,-254.93506020061662,tjn,5.175000000000109,success,36.63330078125,0.005,"(-317, 618, -229)",-317.0,618.0,-229.0,-317.0,,618.0,-229.0
5285,realistic,3,x0y0,utah,6.29,8.0,Ab,saline,104.63087679746016,8.0,,b,-1,0.08,soma,62.80439541,103.87385766949377,1286.4886040657793,-290.06779822941826,,104.0,1286.9507664993582,-290.223195140283,tjn,5.130000000000102,success,16.76025390625,0.005,"(104, 497, -84)",104.0,497.0,-84.0,104.0,,497.0,-84.0
5286,realistic,3,x0y0,utah,5.159,6.7,Ab,saline,201.95395131913853,6.7,,b,-1,0.08,soma,59.189238982000006,-739.1673819559312,-469.3043682748557,-1086.6341433167656,,-739.0,-469.576928227685,-1086.5365095779027,none,0.0,success,105.0,0.005,"(-739, -165, -331)",-739.0,-165.0,-331.0,,,,
5287,realistic,3,x0y0,utah,5.333,6.9,Ab,saline,203.00673392709928,6.9,,b,-1,0.08,soma,59.745416893999995,-1384.3874103538888,-376.6398146615802,-1225.2289386719667,,-1384.0,-376.45225446108765,-1225.0903281254637,none,0.0,success,105.0,0.005,"(-1384, -58, -475)",-1384.0,-58.0,-475.0,,,,
5288,realistic,3,x0y0,utah,6.725,8.5,Ab,saline,186.1633267794409,8.5,,b,-1,0.08,soma,64.19484019000001,708.6856957368359,-145.83295053770416,-1422.7414345867005,,709.0,-145.75626291820305,-1422.3582550584492,none,0.0,success,105.0,0.005,"(709, -58, -610)",709.0,-58.0,-610.0,,,,
5289,realistic,3,x0y0,utah,4.55,6.0,Ab,saline,186.4875048093491,6.0,,b,-1,0.08,soma,57.24261629,-1975.2071001985705,-234.25244722002842,-1100.9695814342888,,-1975.0,-233.93920782038504,-1101.4141317728722,none,0.0,success,105.0,0.005,"(-1975, -142, -293)",-1975.0,-142.0,-293.0,,,,
5290,realistic,3,x0y0,utah,5.42,7.0,Ab,saline,-4.451827613373012,7.0,,b,-1,0.08,soma,60.02350585000001,810.1781976596162,-39.6980295126,1210.8171865760364,,810.0,-39.24491202698002,1210.5667176662253,none,0.0,success,105.0,0.005,"(810, 24, 398)",810.0,24.0,398.0,,,,
5291,realistic,3,x0y0,utah,4.811,6.3,Ab,saline,192.7225481113422,6.3,,b,-1,0.08,soma,58.076883158,1529.3030362136362,-233.63795831544036,-1077.2597502014978,,1529.0,-233.25126483569585,-1077.0130959161568,none,0.0,success,105.0,0.005,"(1529, -54, -283)",1529.0,-54.0,-283.0,,,,
5292,realistic,3,x0y0,utah,6.203,7.9,Ab,saline,90.5144971101855,7.9,,b,-1,0.08,soma,62.52630645400001,-872.5787854270815,1374.9088426536155,-1.208887730389506,,-873.0,1375.2631532270002,-1.3463683790430014,periphery,5.155000000000106,success,13.409423828125,0.005,"(-873, 559, 6)",-873.0,559.0,6.0,-873.0,,559.0,6.0
5293,realistic,3,x0y0,utah,5.855,7.5,Ab,saline,52.246196461056265,7.5,,b,-1,0.08,soma,61.41395063,-1971.6433200445208,404.7404169537731,305.3764892586828,,-1972.0,404.8979346840392,305.45738098537464,none,0.0,success,105.0,0.005,"(-1972, -240, -194)",-1972.0,-240.0,-194.0,,,,
5294,realistic,3,x0y0,utah,7.943,9.9,Ab,saline,206.631103962332,9.9,,b,-1,0.08,soma,68.08808557399999,538.9760485258686,-519.7367272117713,-945.1078970109602,,539.0,-520.0955399771335,-945.1434698472995,none,0.0,success,105.0,0.005,"(539, -153, -213)",539.0,-153.0,-213.0,,,,
5295,realistic,3,x0y0,utah,5.681,7.3,Ab,saline,15.514392645089258,7.3,,b,-1,0.08,soma,60.857772718,-804.3528722304718,259.49518570015425,1353.04641261709,,-804.0,259.12722710103253,1352.7472748955327,none,0.0,success,105.0,0.005,"(-804, 41, 567)",-804.0,41.0,567.0,,,,
5296,realistic,3,x0y0,utah,6.116,7.8,Ab,saline,172.0470264454659,7.8,,b,-1,0.08,soma,62.248217498,-94.55636507405752,134.19276577013716,-1399.218085850935,,-95.0,133.95157665086163,-1399.2893173050097,none,0.0,success,105.0,0.005,"(-95, 21, -591)",-95.0,21.0,-591.0,,,,
5297,realistic,3,x0y0,utah,4.637,6.1,Ab,saline,48.32801269805671,6.1,,b,-1,0.08,soma,57.520705246000006,-619.3089044643716,939.9803546991353,1037.081331624962,,-619.0,939.8789834093811,1037.0692584590329,none,0.0,success,105.0,0.005,"(-619, 332, 496)",-619.0,332.0,496.0,,,,
5298,realistic,3,x0y0,utah,5.594,7.2,Ab,saline,197.89996496329067,7.2,,b,-1,0.08,soma,60.579683761999995,936.9209908841403,-604.0860871618038,-1269.677565873753,,937.0,-604.6200973942194,-1269.8298135339596,none,0.0,success,105.0,0.005,"(937, -354, -494)",937.0,-354.0,-494.0,,,,
5299,realistic,3,x0y0,utah,6.116,7.8,Ab,saline,23.172023665557905,7.8,,b,-1,0.08,soma,62.248217498,-31.97310039122025,471.6452811538975,1380.6011453301444,,-32.0,472.1448367927316,1380.262893172956,none,0.0,success,105.0,0.005,"(-32, 151, 630)",-32.0,151.0,630.0,,,,
5300,realistic,3,x0y0,utah,5.768000000000001,7.4,Ab,saline,95.54796429690006,7.4,,b,-1,0.08,soma,61.135861674,652.0808479510694,1376.7224481164747,-364.4754496092818,,652.0,1376.7347615620665,-364.8654189119379,central,5.185000000000111,success,62.40234375,0.005,"(652, 565, -286)",652.0,565.0,-286.0,652.0,,565.0,-286.0
5301,realistic,3,x0y0,utah,5.2459999999999996,6.8,Ab,saline,146.17850262072963,6.8,,b,-1,0.08,soma,59.467327938000004,-1613.3868146055545,489.893833068405,-1003.4491982126973,,-1613.0,489.48075736514556,-1003.8807280254455,none,0.0,success,105.0,0.005,"(-1613, 36, -327)",-1613.0,36.0,-327.0,,,,
5302,realistic,3,x0y0,utah,5.2459999999999996,6.8,Ab,saline,136.50206177178632,6.8,,b,-1,0.08,soma,59.467327938000004,-1679.5128976577896,607.5981074482787,-852.6150776915221,,-1680.0,607.7811809098629,-853.0077998431128,none,0.0,success,105.0,0.005,"(-1680, 47, -262)",-1680.0,47.0,-262.0,,,,
5303,realistic,3,x0y0,utah,5.507,7.1,Ab,saline,134.97830565470366,7.1,,b,-1,0.08,soma,60.301594806000004,-1469.0385467441226,961.8858633601905,-675.6983107503587,,-1469.0,961.6376740828824,-676.1485836044405,periphery,5.18000000000011,success,48.81591796875,0.005,"(-1469, 385, -100)",-1469.0,385.0,-100.0,-1469.0,,385.0,-100.0
5304,realistic,3,x0y0,utah,4.898000000000001,6.4,Ab,saline,-12.669499502522473,6.4,,b,-1,0.08,soma,58.354972114000006,-189.3876057561064,-485.28074473512106,1287.3143368860801,,-189.0,-485.54912269230016,1287.3929731458152,none,0.0,success,105.0,0.005,"(-189, -307, 493)",-189.0,-307.0,493.0,,,,
5305,realistic,3,x0y0,utah,4.55,6.0,Ab,saline,51.97500281947856,6.0,,b,-1,0.08,soma,57.24261629,-289.8973837603145,963.3192206199817,651.0033330724159,,-290.0,962.8895044258167,651.1907258173202,tjn,5.200000000000113,success,73.81591796875,0.005,"(-290, 322, 150)",-290.0,322.0,150.0,-290.0,,322.0,150.0
5306,realistic,3,x0y0,utah,7.334,9.2,Ab,saline,129.29637367875299,9.2,,b,-1,0.08,soma,66.141462882,1306.9395733258818,1052.3742426018343,-754.3399964775398,,1307.0,1052.1049390621902,-754.0841942215854,central,5.230000000000118,success,53.02734375,0.005,"(1307, 419, -236)",1307.0,419.0,-236.0,1307.0,,419.0,-236.0
5307,realistic,3,x0y0,utah,6.986000000000001,8.8,Ab,saline,-16.478113036611862,8.8,,b,-1,0.08,soma,65.02910705800001,1033.1530810332322,-372.53102449901183,1098.9638455938714,,1033.0,-372.84712738082453,1098.9147053789584,none,0.0,success,105.0,0.005,"(1033, -141, 315)",1033.0,-141.0,315.0,,,,
5308,realistic,3,x0y0,utah,5.681,7.3,Ab,saline,156.81785353981599,7.3,,b,-1,0.08,soma,60.857772718,-1650.7902090025402,542.2308927432523,-1158.2613456609433,,-1651.0,542.0343525595383,-1158.6237752298289,none,0.0,success,105.0,0.005,"(-1651, 221, -409)",-1651.0,221.0,-409.0,,,,
5309,realistic,3,x0y0,utah,6.898999999999999,8.7,Ab,saline,180.29659226892062,8.7,,b,-1,0.08,soma,64.751018102,-1584.0583000631327,-103.79368333509592,-1316.9417122162565,,-1584.0,-104.2503526470652,-1317.3755090510003,none,0.0,success,105.0,0.005,"(-1584, -100, -500)",-1584.0,-100.0,-500.0,,,,
5310,realistic,3,x0y0,utah,4.55,6.0,Ab,saline,49.846511418576185,6.0,,b,-1,0.08,soma,57.24261629,1046.4298213215443,598.673316535796,482.5184245770757,,1046.0,598.8507658152237,482.62301949189623,none,0.0,success,105.0,0.005,"(1046, -23, -42)",1046.0,-23.0,-42.0,,,,
5311,realistic,3,x0y0,utah,5.855,7.5,Ab,saline,97.33050637077356,7.5,,b,-1,0.08,soma,61.41395063,-1800.756835800058,903.7634541763356,-122.7224578004748,,-1801.0,904.0181781174173,-123.08421005019403,none,0.0,success,105.0,0.005,"(-1801, 95, -19)",-1801.0,95.0,-19.0,,,,
5312,realistic,3,x0y0,utah,5.507,7.1,Ab,saline,119.62861870183285,7.1,,b,-1,0.08,soma,60.301594806000004,-1932.0783165874125,993.948368957706,-654.1267569625617,,-1932.0,993.5290731026878,-654.0105542360434,periphery,5.2100000000001145,success,105.0,0.005,"(-1932, 285, -251)",-1932.0,285.0,-251.0,-1932.0,,285.0,-251.0
5313,realistic,3,x0y0,utah,4.985,6.5,Ab,saline,151.36120086014176,6.5,,b,-1,0.08,soma,58.63306107,-1195.991155261255,737.6758262939827,-1077.4996272930662,,-1196.0,737.3019130854257,-1077.7256188505698,none,0.0,success,105.0,0.005,"(-1196, 347, -363)",-1196.0,347.0,-363.0,,,,
5314,realistic,3,x0y0,utah,5.2459999999999996,6.8,Ab,saline,134.77190426738994,6.8,,b,-1,0.08,soma,59.467327938000004,-194.04162547683086,963.856006566602,-693.4426318102292,,-194.0,963.3794280515933,-693.8169195333669,tjn,5.175000000000109,success,43.6431884765625,0.005,"(-194, 385, -120)",-194.0,385.0,-120.0,-194.0,,385.0,-120.0
5315,realistic,3,x0y0,utah,4.898000000000001,6.4,Ab,saline,150.95485133617055,6.4,,b,-1,0.08,soma,58.354972114000006,-20.13711327704404,643.3880156863362,-1314.4336463860682,,-20.0,643.2831694806737,-1314.7539583110297,none,0.0,success,105.0,0.005,"(-20, 248, -603)",-20.0,248.0,-603.0,,,,
5316,realistic,3,x0y0,utah,7.769,9.7,Ab,saline,101.74441285836866,9.7,,b,-1,0.08,soma,67.531907662,-433.09769077550794,311.22476531286975,-27.923099998127785,,-433.0,311.6537453959322,-27.61887160460853,none,0.0,success,105.0,0.005,"(-433, -490, 139)",-433.0,-490.0,139.0,,,,
5317,realistic,3,x0y0,utah,4.985,6.5,Ab,saline,-4.869067405694482,6.5,,b,-1,0.08,soma,58.63306107,429.5222066279503,-98.44890778141416,1379.7555192982584,,430.0,-98.13547344242151,1379.3849910250742,none,0.0,success,105.0,0.005,"(430, -29, 568)",430.0,-29.0,568.0,,,,
5318,realistic,3,x0y0,utah,4.985,6.5,Ab,saline,119.4901365396187,6.5,,b,-1,0.08,soma,58.63306107,739.7104248211252,1117.4870729069535,-874.847911315544,,740.0,1117.781108177664,-874.8880279823807,none,0.0,success,105.0,0.005,"(740, 409, -474)",740.0,409.0,-474.0,,,,
5319,realistic,3,x0y0,utah,5.072,6.6,Ab,saline,124.08288682767015,6.6,,b,-1,0.08,soma,58.911150026,588.6928921219377,1274.2745953870453,-660.2546948710383,,589.0,1274.5321072257668,-660.4209042372853,central,5.160000000000107,success,38.470458984375,0.005,"(589, 600, -204)",589.0,600.0,-204.0,589.0,,600.0,-204.0
5320,realistic,3,x0y0,utah,5.507,7.1,Ab,saline,-25.53316085668881,7.1,,b,-1,0.08,soma,60.301594806000004,208.36856558071682,-717.7463777769533,1272.2407539013166,,208.0,-717.3299936806932,1272.510564496727,none,0.0,success,105.0,0.005,"(208, -366, 537)",208.0,-366.0,537.0,,,,
5321,realistic,3,x0y0,utah,4.724,6.2,Ab,saline,-11.018687671530053,6.2,,b,-1,0.08,soma,57.798794201999996,141.25607649139704,-397.7808867326935,1342.1593815638298,,141.0,-397.53617478600114,1341.9236481943417,none,0.0,success,105.0,0.005,"(141, -242, 543)",141.0,-242.0,543.0,,,,
5322,realistic,3,x0y0,utah,5.855,7.5,Ab,saline,40.1940997864523,7.5,,b,-1,0.08,soma,61.41395063,1579.8813300328666,763.1697559346576,1057.1754780882848,,1580.0,763.4572818683012,1057.1185584431287,none,0.0,success,105.0,0.005,"(1580, 237, 434)",1580.0,237.0,434.0,,,,
5323,realistic,3,x0y0,utah,5.42,7.0,Ab,saline,-20.975218364126466,7.0,,b,-1,0.08,soma,60.02350585000001,1751.4651518430294,-473.44452208011126,957.402972362373,,1751.0,-473.77420754715007,956.9764737060727,none,0.0,success,105.0,0.005,"(1751, -182, 196)",1751.0,-182.0,196.0,,,,
5324,realistic,3,x0y0,utah,4.985,6.5,Ab,saline,196.54564887264488,6.5,,b,-1,0.08,soma,58.63306107,1153.8668790570046,-476.00264745386175,-1042.0007276447147,,1154.0,-475.917347896368,-1041.6038261708513,none,0.0,success,105.0,0.005,"(1154, -244, -261)",1154.0,-244.0,-261.0,,,,
5325,realistic,3,x0y0,utah,5.072,6.6,Ab,saline,63.94596124132741,6.6,,b,-1,0.08,soma,58.911150026,-130.01661452036228,1314.7505382941865,561.1195335574894,,-130.0,1314.7068885916792,560.7088885457097,tjn,5.150000000000105,success,28.38134765625,0.005,"(-130, 583, 203)",-130.0,583.0,203.0,-130.0,,583.0,203.0
5326,realistic,3,x0y0,utah,5.159,6.7,Ab,saline,162.22129204354562,6.7,,b,-1,0.08,soma,59.189238982000006,-689.6603057239548,524.5738394752493,-1252.1925782335068,,-690.0,524.6957373306024,-1252.6569966793304,none,0.0,success,105.0,0.005,"(-690, 276, -477)",-690.0,276.0,-477.0,,,,
5327,realistic,3,x0y0,utah,7.073,8.9,Ab,saline,96.66626989909395,8.9,,b,-1,0.08,soma,65.307196014,-1870.9952389476068,682.2473017194889,-63.42367518870742,,-1871.0,682.0935535405526,-63.92958272861273,none,0.0,success,105.0,0.005,"(-1871, -130, 31)",-1871.0,-130.0,31.0,,,,
5328,realistic,3,x0y0,utah,5.507,7.1,Ab,saline,88.53169209799447,7.1,,b,-1,0.08,soma,60.301594806000004,-807.7893160786948,1254.9819476024659,147.08570002353736,,-808.0,1254.9062521637793,146.8678604135168,periphery,5.195000000000112,success,43.231201171875,0.005,"(-808, 440, 126)",-808.0,440.0,126.0,-808.0,,440.0,126.0
5329,realistic,3,x0y0,utah,4.811,6.3,Ab,saline,124.98302393541893,6.3,,b,-1,0.08,soma,58.076883158,494.6007544500572,948.3115540228856,-699.7873628398627,,495.0,947.9416951856748,-699.6882385572408,none,0.0,success,105.0,0.005,"(495, 281, -233)",495.0,281.0,-233.0,,,,
5330,realistic,3,x0y0,utah,4.898000000000001,6.4,Ab,saline,135.1414022602637,6.4,,b,-1,0.08,soma,58.354972114000006,1136.0093034511133,938.5780929120236,-1026.6376384989358,,1136.0,938.320798664608,-1027.0890021172017,none,0.0,success,105.0,0.005,"(1136, 364, -450)",1136.0,364.0,-450.0,,,,
5331,realistic,3,x0y0,utah,4.55,6.0,Ab,saline,60.35919217675908,6.0,,b,-1,0.08,soma,57.24261629,1642.2528896428405,837.9230078256938,546.8415355760138,,1642.0,838.1182789088198,546.4170990085172,none,0.0,success,105.0,0.005,"(1642, 131, 144)",1642.0,131.0,144.0,,,,
5332,realistic,3,x0y0,utah,6.811999999999999,8.6,Ab,saline,73.67867815478805,8.6,,b,-1,0.08,soma,64.472929146,-845.2722414545848,1211.4416097553005,470.9234876653337,,-845.0,1211.3018350507082,470.64344654501303,periphery,5.2350000000001184,success,59.36279296875,0.005,"(-845, 427, 241)",-845.0,427.0,241.0,-845.0,,427.0,241.0
5333,realistic,3,x0y0,utah,5.681,7.3,Ab,saline,41.44456664647685,7.3,,b,-1,0.08,soma,60.857772718,620.1013648077876,855.3192727638843,1058.3637249523636,,620.0,855.7323798810223,1058.2454932147066,none,0.0,success,105.0,0.005,"(620, 316, 447)",620.0,316.0,447.0,,,,
5334,realistic,3,x0y0,utah,5.072,6.6,Ab,saline,127.83215891908999,6.6,,b,-1,0.08,soma,58.911150026,577.1433593070636,799.937880261768,-848.8848610876912,,577.0,800.2570131452675,-848.5870497129742,none,0.0,success,105.0,0.005,"(577, 157, -349)",577.0,157.0,-349.0,,,,
5335,realistic,3,x0y0,utah,4.985,6.5,Ab,saline,34.6478535653145,6.5,,b,-1,0.08,soma,58.63306107,272.1362420414304,729.2908615781363,976.179242678169,,272.0,728.9389476091476,975.9382096711447,none,0.0,success,105.0,0.005,"(272, 266, 306)",272.0,266.0,306.0,,,,
5336,realistic,3,x0y0,utah,5.594,7.2,Ab,saline,280.1322283897049,7.2,,b,-1,0.08,soma,60.579683761999995,521.947374185304,-389.10340281528397,100.3347642043218,,522.0,-389.57132034765664,100.40948318686793,central,5.155000000000106,success,32.220458984375,0.005,"(522, 413, -43)",522.0,413.0,-43.0,522.0,,413.0,-43.0
5337,realistic,3,x0y0,utah,6.116,7.8,Ab,saline,-9.276812768811649,7.8,,b,-1,0.08,soma,62.248217498,-992.674854171731,-183.51172000768338,1158.0843511532455,,-993.0,-183.55920633033884,1158.4328829243882,none,0.0,success,105.0,0.005,"(-993, -52, 353)",-993.0,-52.0,353.0,,,,
5338,realistic,3,x0y0,utah,10.553,12.9,Ab,saline,101.26466245866615,12.9,,b,-1,0.08,soma,76.430754254,-276.21031962016616,261.94443687676903,-84.38400894080404,,-276.0,262.3273203484491,-84.77396315290315,none,0.0,success,105.0,0.005,"(-276, -545, 76)",-276.0,-545.0,76.0,,,,
5339,realistic,3,x0y0,utah,4.724,6.2,Ab,saline,131.2603151672902,6.2,,b,-1,0.08,soma,57.798794201999996,-1422.0409291911906,850.2976742047899,-719.6225617239792,,-1422.0,849.8081768008219,-719.7666523881096,none,0.0,success,105.0,0.005,"(-1422, 238, -183)",-1422.0,238.0,-183.0,,,,
5340,realistic,3,x0y0,utah,4.637,6.1,Ab,saline,127.95109686375378,6.1,,b,-1,0.08,soma,57.520705246000006,-1595.278160442096,948.6687607708773,-751.430556292496,,-1595.0,948.6500380432357,-751.4626168631451,none,0.0,success,105.0,0.005,"(-1595, 307, -251)",-1595.0,307.0,-251.0,,,,
5341,realistic,3,x0y0,utah,7.073,8.9,Ab,saline,124.69582398384769,8.9,,b,-1,0.08,soma,65.307196014,1588.9298638671023,440.7207634563788,-281.5858896037016,,1589.0,440.27478828135565,-281.4084279855846,none,0.0,success,105.0,0.005,"(1589, -232, 184)",1589.0,-232.0,184.0,,,,
5342,realistic,3,x0y0,utah,9.248000000000001,11.4,Ab,saline,32.529096265868176,11.4,,b,-1,0.08,soma,72.25941991399999,-997.2719482515918,254.8325249783033,487.01723406603423,,-997.0,254.52144504387894,487.29445846474675,none,0.0,success,105.0,0.005,"(-997, -187, -205)",-997.0,-187.0,-205.0,,,,
5343,realistic,3,x0y0,utah,5.855,7.5,Ab,saline,170.2258774713945,7.5,,b,-1,0.08,soma,61.41395063,-717.4542955902699,237.41965692850545,-1417.221079929511,,-717.0,237.50704440848705,-1416.879224172933,none,0.0,success,105.0,0.005,"(-717, 99, -613)",-717.0,99.0,-613.0,,,,
5344,realistic,3,x0y0,utah,4.55,6.0,Ab,saline,166.81157537596908,6.0,,b,-1,0.08,soma,57.24261629,-229.31349899622043,324.7679835552617,-1250.7483755990206,,-229.0,324.66838251868904,-1251.1417056099722,none,0.0,success,105.0,0.005,"(-229, 139, -459)",-229.0,139.0,-459.0,,,,
5345,realistic,3,x0y0,utah,5.594,7.2,Ab,saline,75.04498346210484,7.2,,b,-1,0.08,soma,60.579683761999995,-962.9963010235944,1078.1883737592786,292.7947345828843,,-963.0,1078.6515162412343,292.4263081894861,periphery,5.215000000000115,success,76.025390625,0.005,"(-963, 291, 82)",-963.0,291.0,82.0,-963.0,,291.0,82.0
5346,realistic,3,x0y0,utah,4.811,6.3,Ab,saline,156.17014689757764,6.3,,b,-1,0.08,soma,58.076883158,1780.0112595751596,517.8785342937663,-1027.9619121856626,,1780.0,517.8715303979161,-1027.6009625123115,none,0.0,success,105.0,0.005,"(1780, 189, -283)",1780.0,189.0,-283.0,,,,
5347,realistic,3,x0y0,utah,4.898000000000001,6.4,Ab,saline,8.407963624912371,6.4,,b,-1,0.08,soma,58.354972114000006,-225.30948861078227,278.47881246099814,1243.5869189230825,,-225.0,278.0327484615334,1243.4657869561902,none,0.0,success,105.0,0.005,"(-225, 159, 438)",-225.0,159.0,438.0,,,,
5348,realistic,3,x0y0,utah,6.898999999999999,8.7,Ab,saline,59.14734057670408,8.7,,b,-1,0.08,soma,64.751018102,543.4621116990985,1088.2104705578217,845.4877050655432,,543.0,1088.7168745202837,845.1501610413529,none,0.0,success,105.0,0.005,"(543, 387, 426)",543.0,387.0,426.0,,,,
5349,realistic,3,x0y0,utah,6.029,7.7,Ab,saline,50.54308190700589,7.7,,b,-1,0.08,soma,61.970128542,98.05458883066832,965.7105379522997,1085.7327241343983,,98.0,966.0220681236393,1085.5585083442206,none,0.0,success,105.0,0.005,"(98, 336, 567)",98.0,336.0,567.0,,,,
5350,realistic,3,x0y0,utah,6.203,7.9,Ab,saline,198.88212115526656,7.9,,b,-1,0.08,soma,62.52630645400001,-1982.2654116518024,-517.1842710571868,-1064.2491242811866,,-1982.0,-517.1427563842573,-1064.3481955833877,none,0.0,success,105.0,0.005,"(-1982, -253, -292)",-1982.0,-253.0,-292.0,,,,
5351,realistic,3,x0y0,utah,5.507,7.1,Ab,saline,253.18149090355251,7.1,,b,-1,0.08,soma,60.301594806000004,-1628.5203548179475,-73.1147890039142,-23.94114010723888,,-1629.0,-73.26234327415193,-23.82312568868798,periphery,5.195000000000112,success,58.5205078125,0.005,"(-1629, 707, 212)",-1629.0,707.0,212.0,-1629.0,,707.0,212.0
5352,realistic,3,x0y0,utah,5.072,6.6,Ab,saline,85.24671968292208,6.6,,b,-1,0.08,soma,58.911150026,-156.61949683874732,1090.2936626854262,77.67147081048188,,-157.0,1090.686426057956,77.51836716857771,neck3,5.140000000000104,success,10.324859619140625,0.005,"(-157, 279, 10)",-157.0,279.0,10.0,-157.0,,603.6745704231823,37.00734686743109
5353,realistic,3,x0y0,utah,5.42,7.0,Ab,saline,113.90222792756359,7.0,,b,-1,0.08,soma,60.02350585000001,510.1790058110714,1159.5185686917614,-382.4800173151516,,510.0,1159.0837445240352,-382.2427622852101,central,5.160000000000107,success,36.907958984375,0.005,"(510, 414, -52)",510.0,414.0,-52.0,510.0,,414.0,-52.0
5354,realistic,3,x0y0,utah,5.42,7.0,Ab,saline,-8.829045736696337,7.0,,b,-1,0.08,soma,60.02350585000001,1183.1050482938347,-172.14697223311032,1365.928874622753,,1183.0,-172.10430407398752,1366.3946142404852,none,0.0,success,105.0,0.005,"(1183, -47, 561)",1183.0,-47.0,561.0,,,,
5355,realistic,3,x0y0,utah,4.985,6.5,Ab,saline,145.7077705230877,6.5,,b,-1,0.08,soma,58.63306107,-1761.0660838462795,592.6840191408787,-804.9985910519767,,-1761.0,592.7859333034191,-804.7883175280172,none,0.0,success,105.0,0.005,"(-1761, 134, -132)",-1761.0,134.0,-132.0,,,,
5356,realistic,3,x0y0,utah,4.724,6.2,Ab,saline,149.00861080075242,6.2,,b,-1,0.08,soma,57.798794201999996,1630.8614750869895,551.464009045395,-971.0572708272402,,1631.0,551.076799567305,-970.6745631949774,none,0.0,success,105.0,0.005,"(1631, 132, -273)",1631.0,132.0,-273.0,,,,
5357,realistic,3,x0y0,utah,4.724,6.2,Ab,saline,82.4081317295186,6.2,,b,-1,0.08,soma,57.798794201999996,-1166.440103843928,1172.1187875631422,188.0563029061227,,-1166.0,1171.7370824065115,188.51611035704212,periphery,5.195000000000112,success,47.6806640625,0.005,"(-1166, 365, 81)",-1166.0,365.0,81.0,-1166.0,,365.0,81.0
5358,realistic,3,x0y0,utah,5.2459999999999996,6.8,Ab,saline,117.11160811340024,6.8,,b,-1,0.08,soma,59.467327938000004,1098.8838935407953,755.5429798793097,-492.5829505036936,,1099.0,755.1944342988072,-492.27413067067346,none,0.0,success,105.0,0.005,"(1099, 30, -121)",1099.0,30.0,-121.0,,,,
5359,realistic,3,x0y0,utah,4.898000000000001,6.4,Ab,saline,0.9682340593382688,6.4,,b,-1,0.08,soma,58.354972114000006,1767.2739458280414,11.693503847777722,1114.9176568511566,,1767.0,11.759599514363302,1115.0960683083945,none,0.0,success,105.0,0.005,"(1767, -2, 301)",1767.0,-2.0,301.0,,,,
5360,realistic,3,x0y0,utah,4.898000000000001,6.4,Ab,saline,43.99644800862827,6.4,,b,-1,0.08,soma,58.354972114000006,640.2056856274702,1040.4652902549908,1007.2202938400003,,640.0,1040.5276818151924,1007.719283469406,none,0.0,success,105.0,0.005,"(640, 475, 422)",640.0,475.0,422.0,,,,
5361,realistic,3,x0y0,utah,4.985,6.5,Ab,saline,56.13684773947229,6.5,,b,-1,0.08,soma,58.63306107,219.4777633206841,963.6834683329453,515.4127052816916,,219.0,963.2084469562642,515.7371708141021,tjn,5.195000000000112,success,48.2666015625,0.005,"(219, 287, 62)",219.0,287.0,62.0,219.0,,287.0,62.0
5362,realistic,3,x0y0,utah,5.681,7.3,Ab,saline,55.33824223400626,7.3,,b,-1,0.08,soma,60.857772718,1919.1986110196035,642.1365431768445,388.30805246378304,,1919.0,641.6902590302777,388.73440767236343,none,0.0,success,105.0,0.005,"(1919, -29, -75)",1919.0,-29.0,-75.0,,,,
5363,realistic,3,x0y0,utah,6.638,8.4,Ab,saline,129.31890960286322,8.4,,b,-1,0.08,soma,63.916751233999996,1101.0880338126606,921.1992455790078,-969.2094826147168,,1101.0,920.9989993773113,-969.6248267909314,none,0.0,success,105.0,0.005,"(1101, 289, -452)",1101.0,289.0,-452.0,,,,
5364,realistic,3,x0y0,utah,8.203999999999999,10.2,Ab,saline,195.11656090699736,10.2,,b,-1,0.08,soma,68.922352442,-864.9626824566474,-385.93417548324203,-1360.0863891720594,,-865.0,-385.71547475843687,-1360.1078195237537,none,0.0,success,105.0,0.005,"(-865, -172, -569)",-865.0,-172.0,-569.0,,,,
5365,realistic,3,x0y0,utah,4.898000000000001,6.4,Ab,saline,92.6336116866668,6.4,,b,-1,0.08,soma,58.354972114000006,-1092.1361652149467,1397.0991356816587,-101.8903750975073,,-1092.0,1397.2818908223376,-101.37074661001631,periphery,5.135000000000103,success,7.65380859375,0.005,"(-1092, 584, -64)",-1092.0,584.0,-64.0,-1092.0,,584.0,-64.0
5366,realistic,3,x0y0,utah,4.811,6.3,Ab,saline,74.90712430605173,6.3,,b,-1,0.08,soma,58.076883158,1248.9886443536527,635.8966427380668,137.8326887065732,,1249.0,635.9541153445247,137.97561018717167,none,0.0,success,105.0,0.005,"(1249, -150, -74)",1249.0,-150.0,-74.0,,,,
5367,realistic,3,x0y0,utah,5.333,6.9,Ab,saline,64.54095633242419,6.9,,b,-1,0.08,soma,59.745416893999995,-206.5465721522924,1189.5456244756433,839.8653015151473,,-207.0,1189.7485684567964,840.3137773613654,none,0.0,success,105.0,0.005,"(-207, 454, 490)",-207.0,454.0,490.0,,,,
5368,realistic,3,x0y0,utah,10.031,12.3,Ab,saline,22.188122419665508,12.3,,b,-1,0.08,soma,74.76222051799998,-895.8728170247853,25.866036622544016,93.96257054066109,,-896.0,25.531107233798423,93.44266998880823,none,0.0,success,105.0,0.005,"(-896, -285, -668)",-896.0,-285.0,-668.0,,,,
5369,realistic,3,x0y0,utah,5.42,7.0,Ab,saline,51.20550505407072,7.0,,b,-1,0.08,soma,60.02350585000001,1800.6991320438262,818.8333419989384,596.6513450060493,,1801.0,819.2201602297451,596.6048632075126,none,0.0,success,105.0,0.005,"(1801, 184, 86)",1801.0,184.0,86.0,,,,
5370,realistic,3,x0y0,utah,6.551000000000001,8.3,Ab,saline,128.95480909322157,8.3,,b,-1,0.08,soma,63.63866227800001,-794.1603467617082,170.7395295370593,-170.03964761161112,,-794.0,171.15871189368647,-169.53431348708943,none,0.0,success,105.0,0.005,"(-794, -464, 344)",-794.0,-464.0,344.0,,,,
5371,realistic,3,x0y0,utah,5.333,6.9,Ab,saline,108.73330147632888,6.9,,b,-1,0.08,soma,59.745416893999995,-1016.2108360744542,1123.2791312891413,-343.70563095129273,,-1016.0,1123.684454899309,-343.73711395317645,periphery,5.205000000000114,success,51.2939453125,0.005,"(-1016, 352, -82)",-1016.0,352.0,-82.0,-1016.0,,352.0,-82.0
5372,realistic,3,x0y0,utah,5.855,7.5,Ab,saline,25.596377030272194,7.5,,b,-1,0.08,soma,61.41395063,-579.644082315941,720.7229758724312,1253.3797194569836,,-580.0,720.3854133360801,1253.6861210365987,none,0.0,success,105.0,0.005,"(-580, 368, 518)",-580.0,368.0,518.0,,,,
5373,realistic,3,x0y0,utah,5.072,6.6,Ab,saline,109.55474029797476,6.6,,b,-1,0.08,soma,58.911150026,763.0581204224014,1209.5658337229015,-391.36218509684164,,763.0,1209.46148833475,-391.59828095685117,central,5.230000000000118,success,50.68359375,0.005,"(763, 442, -119)",763.0,442.0,-119.0,763.0,,442.0,-119.0
5374,realistic,3,x0y0,utah,5.942,7.6,Ab,saline,109.6375911244165,7.6,,b,-1,0.08,soma,61.69203958600001,-1114.6895905825218,1337.2776917003048,-331.3054016226756,,-1115.0,1337.3637814410476,-331.20584725242736,periphery,5.135000000000103,success,7.17315673828125,0.005,"(-1115, 569, -57)",-1115.0,569.0,-57.0,-1115.0,,569.0,-57.0
5375,realistic,3,x0y0,utah,5.333,6.9,Ab,saline,48.17668100146079,6.9,,b,-1,0.08,soma,59.745416893999995,-1374.1148663359336,988.7146346330693,721.1849131351523,,-1374.0,988.2431423347045,721.3571219924596,periphery,5.195000000000112,success,57.0556640625,0.005,"(-1374, 381, 178)",-1374.0,381.0,178.0,-1374.0,,381.0,178.0
5376,realistic,3,x0y0,utah,5.159,6.7,Ab,saline,108.33951977207028,6.7,,b,-1,0.08,soma,59.189238982000006,1522.6372270755355,1148.296215980692,-455.3263255015213,,1523.0,1148.2132128208575,-455.27146729186865,central,5.255000000000122,success,82.598876953125,0.005,"(1523, 375, -199)",1523.0,375.0,-199.0,1523.0,,375.0,-199.0
5377,realistic,3,x0y0,utah,7.421000000000001,9.3,Ab,saline,73.41535649058498,9.3,,b,-1,0.08,soma,66.419551838,773.4360571941535,1317.0773488513166,565.563450098095,,773.0,1317.1722492407698,565.5170700472827,central,5.255000000000122,success,68.890380859375,0.005,"(773, 533, 332)",773.0,533.0,332.0,773.0,,533.0,332.0
5378,realistic,3,x0y0,utah,4.637,6.1,Ab,saline,20.827606893838496,6.1,,b,-1,0.08,soma,57.520705246000006,-141.90020574877303,394.5248913279456,939.7798119081826,,-142.0,394.3731813927389,939.6218015967183,none,0.0,success,105.0,0.005,"(-142, 105, 179)",-142.0,105.0,179.0,,,,
5379,realistic,3,x0y0,utah,7.073,8.9,Ab,saline,166.94551164553812,8.9,,b,-1,0.08,soma,65.307196014,655.7780549270733,487.68810930617485,-1358.1363398448607,,656.0,487.7079477897813,-1358.5581351784197,none,0.0,success,105.0,0.005,"(656, 303, -562)",656.0,303.0,-562.0,,,,
5380,realistic,3,x0y0,utah,6.986000000000001,8.8,Ab,saline,55.52411275590498,8.8,,b,-1,0.08,soma,65.02910705800001,1515.101602803428,891.8975493776525,530.7032383302385,,1515.0,891.9589979293079,530.794988752767,central,5.250000000000121,success,98.73046875,0.005,"(1515, 218, 68)",1515.0,218.0,68.0,1515.0,,218.0,68.0
5381,realistic,3,x0y0,utah,10.727,13.1,Ab,saline,118.7024641943638,13.1,,b,-1,0.08,soma,76.986932166,386.64976014535785,342.62727839155923,-140.4180667412079,,387.0,342.28611910139944,-140.523911759665,none,0.0,success,105.0,0.005,"(387, -380, 255)",387.0,-380.0,255.0,,,,
5382,realistic,3,x0y0,utah,7.943,9.9,Ab,saline,138.04987772397158,9.9,,b,-1,0.08,soma,68.08808557399999,-1590.1963525208828,111.00457390098109,-155.6013256882029,,-1590.0,110.53094260310957,-155.12305462069207,none,0.0,success,105.0,0.005,"(-1590, -437, 454)",-1590.0,-437.0,454.0,,,,
5383,realistic,3,x0y0,utah,6.725,8.5,Ab,saline,138.0255835828121,8.5,,b,-1,0.08,soma,64.19484019000001,32.95981239658752,222.66764540132962,-328.5576265951008,,33.0,222.4747545595361,-328.4302220986232,none,0.0,success,105.0,0.005,"(33, -324, 279)",33.0,-324.0,279.0,,,,
5384,realistic,3,x0y0,utah,6.203,7.9,Ab,saline,174.7094213734909,7.9,,b,-1,0.08,soma,62.52630645400001,1000.9775284493857,34.37083627910579,-1359.456653549509,,1001.0,34.259462727529424,-1359.753221668124,none,0.0,success,105.0,0.005,"(1001, -41, -547)",1001.0,-41.0,-547.0,,,,
5385,realistic,3,x0y0,utah,10.118,12.4,Ab,saline,96.74792518438299,12.4,,b,-1,0.08,soma,75.040309474,-679.5076210340777,529.5025271487339,5.0453805752104035,,-680.0,529.8447656693149,5.353881818402485,periphery,5.450000000000152,success,94.04296875,0.005,"(-680, -287, 102)",-680.0,-287.0,102.0,-680.0,,-287.0,102.0
5386,realistic,3,x0y0,utah,5.072,6.6,Ab,saline,137.3101820781418,6.6,,b,-1,0.08,soma,58.911150026,-1011.2604992887262,180.77750645480273,-236.784388870522,,-1011.0,181.20087985881412,-236.62484763455507,none,0.0,success,105.0,0.005,"(-1011, -371, 362)",-1011.0,-371.0,362.0,,,,
5387,realistic,3,x0y0,utah,4.724,6.2,Ab,saline,180.3964980681377,6.2,,b,-1,0.08,soma,57.798794201999996,-328.17596301245015,-2.1481663520003167,-1258.727852653574,,-328.0,-2.615905839996901,-1258.8993971010002,none,0.0,success,105.0,0.005,"(-328, 3, -445)",-328.0,3.0,-445.0,,,,
5388,realistic,3,x0y0,utah,4.724,6.2,Ab,saline,21.19125463728114,6.2,,b,-1,0.08,soma,57.798794201999996,743.4691192550522,287.97703087866785,1405.8988241970685,,743.0,288.22463205201154,1405.8797978569726,none,0.0,success,105.0,0.005,"(743, -6, 647)",743.0,-6.0,647.0,,,,
5389,realistic,3,x0y0,utah,7.769,9.7,Ab,saline,-10.606498203227828,9.7,,b,-1,0.08,soma,67.531907662,90.3610007983402,-48.88118354371727,1365.9143471153102,,90.0,-48.734812100287144,1365.7650560204902,none,0.0,success,105.0,0.005,"(90, 102, 561)",90.0,102.0,561.0,,,,
5390,realistic,3,x0y0,utah,4.985,6.5,Ab,saline,78.85751264975593,6.5,,b,-1,0.08,soma,58.63306107,-895.7866233681692,1169.0728905676715,132.84588169330664,,-896.0,1168.9259481078886,132.32595369936206,periphery,5.200000000000113,success,50.1953125,0.005,"(-896, 370, -25)",-896.0,370.0,-25.0,-896.0,,370.0,-25.0
5391,realistic,3,x0y0,utah,6.638,8.4,Ab,saline,148.7327272487614,8.4,,b,-1,0.08,soma,63.916751233999996,-1886.5439357471193,574.0299660684,-1051.7064725824607,,-1887.0,574.0013969452232,-1051.3360194774118,none,0.0,success,105.0,0.005,"(-1887, 150, -353)",-1887.0,150.0,-353.0,,,,
5392,realistic,3,x0y0,utah,5.42,7.0,Ab,saline,329.2289540589095,7.0,,b,-1,0.08,soma,60.02350585000001,-210.54534895948345,-554.6239140175162,821.3592159378177,,-211.0,-554.9600127964302,821.2580981131601,none,0.0,success,105.0,0.005,"(-211, -138, 121)",-211.0,-138.0,121.0,,,,
5393,realistic,3,x0y0,utah,6.203,7.9,Ab,saline,49.14610467686205,7.9,,b,-1,0.08,soma,62.52630645400001,-1083.222332008674,1131.5517299058138,764.9919221964328,,-1083.0,1131.421449100903,764.9177285257808,periphery,5.200000000000113,success,39.276123046875,0.005,"(-1083, 514, 231)",-1083.0,514.0,231.0,-1083.0,,514.0,231.0
5394,realistic,3,x0y0,utah,4.637,6.1,Ab,saline,199.62781009805718,6.1,,b,-1,0.08,soma,57.520705246000006,1678.8400325694092,-470.8838974512629,-1127.8929413252604,,1679.0,-471.3421024460658,-1127.480876135604,none,0.0,success,105.0,0.005,"(1679, -198, -361)",1679.0,-198.0,-361.0,,,,
5395,realistic,3,x0y0,utah,4.724,6.2,Ab,saline,189.6415154240216,6.2,,b,-1,0.08,soma,57.798794201999996,1743.3250901661834,-245.37991825545762,-1108.8546293308484,,1743.0,-245.32814901441753,-1108.423415601876,none,0.0,success,105.0,0.005,"(1743, -109, -306)",1743.0,-109.0,-306.0,,,,
5396,realistic,3,x0y0,utah,5.072,6.6,Ab,saline,9.737793025021158,6.6,,b,-1,0.08,soma,58.911150026,95.12206439358684,275.8812010042657,1436.6442944068756,,95.0,275.7244377346983,1436.727414732813,none,0.0,success,105.0,0.005,"(95, 138, 634)",95.0,138.0,634.0,,,,
5397,realistic,3,x0y0,utah,5.2459999999999996,6.8,Ab,saline,141.31375095102752,6.8,,b,-1,0.08,soma,59.467327938000004,-730.7436230428242,519.4941175247209,-757.7334372731875,,-731.0,519.2900133470221,-757.9810980942016,none,0.0,success,105.0,0.005,"(-731, 10, -122)",-731.0,10.0,-122.0,,,,
5398,realistic,3,x0y0,utah,4.985,6.5,Ab,saline,163.5515667144027,6.5,,b,-1,0.08,soma,58.63306107,-757.0470535850931,404.15418340183714,-1213.3047318513416,,-757.0,404.61444144751204,-1213.0109844361186,none,0.0,success,105.0,0.005,"(-757, 174, -432)",-757.0,174.0,-432.0,,,,
5399,realistic,3,x0y0,utah,6.29,8.0,Ab,saline,39.180264773221175,8.0,,b,-1,0.08,soma,62.80439541,-482.6299554729738,742.6646051740048,954.5531788807381,,-483.0,742.8029085100192,954.8749836609161,none,0.0,success,105.0,0.005,"(-483, 227, 322)",-483.0,227.0,322.0,,,,
5400,realistic,3,x0y0,utah,5.42,7.0,Ab,saline,41.517116358260715,7.0,,b,-1,0.08,soma,60.02350585000001,-728.0667259397158,936.9058688304663,835.5453603238346,,-728.0,937.1897898386901,835.2808005902402,periphery,5.2100000000001145,success,66.546630859375,0.005,"(-728, 397, 225)",-728.0,397.0,225.0,-728.0,,397.0,225.0
5401,realistic,3,x0y0,utah,5.768000000000001,7.4,Ab,saline,358.731099054638,7.4,,b,-1,0.08,soma,61.135861674,555.2302747100243,-24.2157952077564,985.52179663996,,555.0,-24.024051271497708,985.4048172508329,none,0.0,success,105.0,0.005,"(555, -6, 170)",555.0,-6.0,170.0,,,,
5402,realistic,3,x0y0,utah,5.159,6.7,Ab,saline,16.108499154743274,6.7,,b,-1,0.08,soma,59.189238982000006,460.34948141075006,464.85785887962487,1261.226169187612,,460.0,465.0500069087526,1261.5810509450039,none,0.0,success,105.0,0.005,"(460, 239, 479)",460.0,239.0,479.0,,,,
5403,realistic,3,x0y0,utah,5.159,6.7,Ab,saline,116.13033794757702,6.7,,b,-1,0.08,soma,59.189238982000006,1521.3724686785197,950.229221727232,-355.23067711738616,,1521.0,950.34304937902,-354.7474704238365,none,0.0,success,105.0,0.005,"(1521, 219, 4)",1521.0,219.0,4.0,,,,
5404,realistic,3,x0y0,utah,4.724,6.2,Ab,saline,207.23231693474028,6.2,,b,-1,0.08,soma,57.798794201999996,-109.70035489670772,-595.1292365892255,-1045.6389033789264,,-110.0,-595.4403641134177,-1045.7193439022094,none,0.0,success,105.0,0.005,"(-110, -223, -322)",-110.0,-223.0,-322.0,,,,
5405,realistic,3,x0y0,utah,5.333,6.9,Ab,saline,0.8667548924655609,6.9,,b,-1,0.08,soma,59.745416893999995,561.1920660608188,37.34368789521613,1305.7573453966024,,561.0,37.304577897549706,1305.7912211761554,none,0.0,success,105.0,0.005,"(561, 25, 491)",561.0,25.0,491.0,,,,
5406,realistic,3,x0y0,utah,4.724,6.2,Ab,saline,-33.30889736401891,6.2,,b,-1,0.08,soma,57.798794201999996,-1093.5062767511397,-626.3431569262481,1245.9354946042606,,-1094.0,-625.9935488878693,1246.175726157306,none,0.0,success,105.0,0.005,"(-1094, -179, 566)",-1094.0,-179.0,566.0,,,,
5407,realistic,3,x0y0,utah,5.681,7.3,Ab,saline,97.34029575256794,7.3,,b,-1,0.08,soma,60.857772718,-756.3505621011647,475.64172813607286,-98.59199210589212,,-756.0,475.7423694908564,-98.21181167668023,none,0.0,success,105.0,0.005,"(-756, -333, 6)",-756.0,-333.0,6.0,,,,
5408,realistic,3,x0y0,utah,5.768000000000001,7.4,Ab,saline,137.45150553173028,7.4,,b,-1,0.08,soma,61.135861674,-1184.3746966132676,658.1301979149889,-867.8968412952318,,-1184.0,658.4870348319796,-867.8288946476181,none,0.0,success,105.0,0.005,"(-1184, 107, -267)",-1184.0,107.0,-267.0,,,,
5409,realistic,3,x0y0,utah,4.898000000000001,6.4,Ab,saline,115.546337644176,6.4,,b,-1,0.08,soma,58.354972114000006,-14.74996727386646,1270.7453723434255,-509.491558089988,,-15.0,1270.5509279206258,-509.07333198777854,tjn,5.140000000000104,success,22.0550537109375,0.005,"(-15, 536, -158)",-15.0,536.0,-158.0,-15.0,,536.0,-158.0
5410,realistic,3,x0y0,utah,5.507,7.1,Ab,saline,104.7882291644097,7.1,,b,-1,0.08,soma,60.301594806000004,216.79916863905845,971.3966338952596,-313.3095991648638,,217.0,971.1693060089609,-313.02648349724564,tjn,5.215000000000115,success,49.7314453125,0.005,"(217, 183, -105)",217.0,183.0,-105.0,217.0,,183.0,-105.0
5411,realistic,3,x0y0,utah,4.985,6.5,Ab,saline,135.55971799357278,6.5,,b,-1,0.08,soma,58.63306107,-1136.6536686589634,695.0403402892363,-886.1440262475778,,-1137.0,695.1844346806072,-886.4220028019901,none,0.0,success,105.0,0.005,"(-1137, 125, -305)",-1137.0,125.0,-305.0,,,,
5412,realistic,3,x0y0,utah,6.203,7.9,Ab,saline,146.44651940996133,7.9,,b,-1,0.08,soma,62.52630645400001,1091.9797435489606,811.95818411342,-1082.2628654276164,,1092.0,812.1486447885629,-1082.2737118993819,none,0.0,success,105.0,0.005,"(1092, 361, -402)",1092.0,361.0,-402.0,,,,
5413,realistic,3,x0y0,utah,4.898000000000001,6.4,Ab,saline,181.1834888013866,6.4,,b,-1,0.08,soma,58.354972114000006,-771.4275834079187,-185.47665723180526,-1365.2172462638605,,-771.0,-185.8534739613799,-1365.0146505597888,none,0.0,success,105.0,0.005,"(-771, -169, -551)",-771.0,-169.0,-551.0,,,,
5414,realistic,3,x0y0,utah,5.42,7.0,Ab,saline,-1.6491920032743643,7.0,,b,-1,0.08,soma,60.02350585000001,1873.372141394915,-114.03332941094368,1151.9080157032006,,1873.0,-114.47233848424,1151.6857482238302,none,0.0,success,105.0,0.005,"(1873, -91, 337)",1873.0,-91.0,337.0,,,,
5415,realistic,3,x0y0,utah,7.943,9.9,Ab,saline,125.1777764040543,9.9,,b,-1,0.08,soma,68.08808557399999,1524.6496328659641,218.89826564469425,-114.88568290241163,,1525.0,218.48660057409393,-114.85127304959076,none,0.0,success,105.0,0.005,"(1525, -451, 357)",1525.0,-451.0,357.0,,,,
5416,realistic,3,x0y0,utah,5.072,6.6,Ab,saline,78.90161451783501,6.6,,b,-1,0.08,soma,58.911150026,201.98442250030246,1461.7211631635157,98.89673161150448,,202.0,1461.225255760257,98.78269819000252,tjn,5.1200000000001005,success,11.02752685546875,0.005,"(202, 662, -58)",202.0,662.0,-58.0,202.0,,662.0,-58.0
5417,realistic,3,x0y0,utah,4.985,6.5,Ab,saline,-4.433328044768659,6.5,,b,-1,0.08,soma,58.63306107,6.4924632436098575,-268.1980215748581,1437.263675688324,,6.0,-267.9466678103555,1436.8735809433952,none,0.0,success,105.0,0.005,"(6, -205, 625)",6.0,-205.0,625.0,,,,
5418,realistic,3,x0y0,utah,5.594,7.2,Ab,saline,57.63249081321444,7.2,,b,-1,0.08,soma,60.579683761999995,906.6442670307756,1173.1462861980724,783.1154450902609,,907.0,1173.593800452693,783.4246523588994,central,5.2800000000001255,success,87.286376953125,0.005,"(907, 485, 347)",907.0,485.0,347.0,907.0,,485.0,347.0
5419,realistic,3,x0y0,utah,6.4639999999999995,8.2,Ab,saline,103.07654981436026,8.2,,b,-1,0.08,soma,63.360573322,162.6906126290768,1230.1555549054556,-404.7433361224184,,163.0,1230.5282672364804,-404.8147488713844,tjn,5.1650000000001075,success,45.59326171875,0.005,"(163, 435, -220)",163.0,435.0,-220.0,163.0,,435.0,-220.0
5420,realistic,3,x0y0,utah,5.855,7.5,Ab,saline,-1.0603858085471851,7.5,,b,-1,0.08,soma,61.41395063,-330.20624992685856,-45.03918316437603,1344.109131437683,,-330.0,-45.0905790433275,1344.5438339199372,none,0.0,success,105.0,0.005,"(-330, -30, 529)",-330.0,-30.0,529.0,,,,
5421,realistic,3,x0y0,utah,8.203999999999999,10.2,Ab,saline,89.95378563421488,10.2,,b,-1,0.08,soma,68.922352442,0.8853918132787353,1457.9486559719876,139.67192350119967,,1.0,1457.4611762210002,139.6555689409768,tjn,5.1200000000001005,success,15.19775390625,0.005,"(1, 638, 139)",1.0,638.0,139.0,1.0,,638.0,139.0
5422,realistic,3,x0y0,utah,5.2459999999999996,6.8,Ab,saline,-17.058504084039107,6.8,,b,-1,0.08,soma,59.467327938000004,-125.58073892367628,-456.940409131681,1382.0967496062922,,-126.0,-456.96138364210776,1381.8853827543644,none,0.0,success,105.0,0.005,"(-126, -218, 603)",-126.0,-218.0,603.0,,,,
5423,realistic,3,x0y0,utah,5.507,7.1,Ab,saline,121.28670234707585,7.1,,b,-1,0.08,soma,60.301594806000004,1943.245646517001,853.8503266856392,-676.4163123554117,,1943.0,853.6278714606041,-676.307809091378,none,0.0,success,105.0,0.005,"(1943, 157, -253)",1943.0,157.0,-253.0,,,,
5424,realistic,3,x0y0,utah,5.942,7.6,Ab,saline,-0.8541929508148426,7.6,,b,-1,0.08,soma,61.69203958600001,-665.0634482621597,134.59676770626086,1370.5984253581294,,-665.0,134.8438943050843,1370.7644351910208,none,0.0,success,105.0,0.005,"(-665, 147, 555)",-665.0,147.0,555.0,,,,
5425,realistic,3,x0y0,utah,9.857,12.1,Ab,saline,71.88313256675367,12.1,,b,-1,0.08,soma,74.206042606,1789.363113990415,566.6589802965401,138.7085119569883,,1789.0,566.3267114463714,138.67403962523306,none,0.0,success,105.0,0.005,"(1789, -215, -117)",1789.0,-215.0,-117.0,,,,
5426,realistic,3,x0y0,utah,4.898000000000001,6.4,Ab,saline,96.21655509547432,6.4,,b,-1,0.08,soma,58.354972114000006,1246.9211812771514,1375.2398962636069,-116.81134847750992,,1247.0,1375.3738388892639,-117.17542173997312,central,5.170000000000108,success,7.745361328125,0.005,"(1247, 566, -29)",1247.0,566.0,-29.0,1247.0,,566.0,-29.0
5427,realistic,3,x0y0,utah,4.724,6.2,Ab,saline,191.0315819555159,6.2,,b,-1,0.08,soma,57.798794201999996,-973.478768645254,-114.5089474103115,-1158.001481263946,,-973.0,-114.78034460513143,-1157.8422582546318,none,0.0,success,105.0,0.005,"(-973, 41, -359)",-973.0,41.0,-359.0,,,,
5428,realistic,3,x0y0,utah,6.203,7.9,Ab,saline,79.69118690151006,7.9,,b,-1,0.08,soma,62.52630645400001,847.3557851819282,1416.8073606859698,110.12302346296836,,847.0,1417.1213164600454,110.11110442763302,central,5.195000000000112,success,15.3076171875,0.005,"(847, 614, -36)",847.0,614.0,-36.0,847.0,,614.0,-36.0
5429,realistic,3,x0y0,utah,5.855,7.5,Ab,saline,127.08787912272423,7.5,,b,-1,0.08,soma,61.41395063,-474.3919730365786,1100.954310543073,-948.2987131545668,,-474.0,1100.6894542087757,-947.8713061149451,none,0.0,success,105.0,0.005,"(-474, 450, -456)",-474.0,450.0,-456.0,,,,
5430,realistic,3,x0y0,utah,4.637,6.1,Ab,saline,-0.5367139407591335,6.1,,b,-1,0.08,soma,57.520705246000006,257.88973098352415,-135.00037269913037,1437.6353545193215,,258.0,-134.6493473146562,1437.7603526230002,none,0.0,success,105.0,0.005,"(258, -127, 624)",258.0,-127.0,624.0,,,,
5431,realistic,3,x0y0,utah,4.637,6.1,Ab,saline,102.10023654554823,6.1,,b,-1,0.08,soma,57.520705246000006,-190.44346013308262,1445.4411978502906,-150.77693078799714,,-190.0,1445.6948727947697,-150.56416990978084,tjn,5.110000000000099,success,8.54949951171875,0.005,"(-190, 650, 20)",-190.0,650.0,20.0,-190.0,,650.0,20.0
5432,realistic,3,x0y0,utah,7.073,8.9,Ab,saline,-2.6333311714412835,8.9,,b,-1,0.08,soma,65.307196014,-518.4355047827105,-306.6539291015397,1371.754400374919,,-518.0,-306.5303001485213,1371.7541790491925,none,0.0,success,105.0,0.005,"(-518, -269, 555)",-518.0,-269.0,555.0,,,,
5433,realistic,3,x0y0,utah,5.159,6.7,Ab,saline,31.440587778813928,6.7,,b,-1,0.08,soma,59.189238982000006,1067.1852773473497,715.9471268861224,863.6370667102033,,1067.0,715.8925535265057,864.0121293497214,central,5.285000000000126,success,87.78076171875,0.005,"(1067, 291, 169)",1067.0,291.0,169.0,1067.0,,291.0,169.0
5434,realistic,3,x0y0,utah,4.55,6.0,Ab,saline,14.708817973018153,6.0,,b,-1,0.08,soma,57.24261629,110.5791669214089,263.0093338057513,1312.3807951997787,,111.0,262.57845013801557,1311.9345292378443,none,0.0,success,105.0,0.005,"(111, 56, 525)",111.0,56.0,525.0,,,,
5435,realistic,3,x0y0,utah,6.638,8.4,Ab,saline,187.1741171546675,8.4,,b,-1,0.08,soma,63.916751233999996,-1570.7904938142538,-245.06495566472321,-1206.6121446483733,,-1571.0,-245.03810111456335,-1206.5861002871875,none,0.0,success,105.0,0.005,"(-1571, -143, -396)",-1571.0,-143.0,-396.0,,,,
5436,realistic,3,x0y0,utah,12.467,15.1,Ab,saline,122.1633320029185,15.1,,b,-1,0.08,soma,82.548711286,-470.4577099883157,253.67336374932617,-126.7733655134516,,-470.0,253.4412420517997,-126.82583950876898,none,0.0,success,105.0,0.005,"(-470, -446, 313)",-470.0,-446.0,313.0,,,,
5437,realistic,3,x0y0,utah,5.507,7.1,Ab,saline,203.5611661518877,7.1,,b,-1,0.08,soma,60.301594806000004,176.79980189953537,-653.2108383432666,-1305.1849676068593,,177.0,-652.8157737219792,-1305.1672208995901,none,0.0,success,105.0,0.005,"(177, -327, -558)",177.0,-327.0,-558.0,,,,
5438,realistic,3,x0y0,utah,5.333,6.9,Ab,saline,-17.03585217667899,6.9,,b,-1,0.08,soma,59.745416893999995,-758.2771322126573,-439.49888711612846,1266.6500799564235,,-758.0,-439.75770357497106,1267.0997965461768,none,0.0,success,105.0,0.005,"(-758, -201, 488)",-758.0,-201.0,488.0,,,,
5439,realistic,3,x0y0,utah,6.29,8.0,Ab,saline,198.00093395923253,8.0,,b,-1,0.08,soma,62.80439541,-310.33425828552595,-673.7703992587849,-1278.288146292035,,-310.0,-673.268279090845,-1278.4801302372257,none,0.0,success,105.0,0.005,"(-310, -421, -502)",-310.0,-421.0,-502.0,,,,
5440,realistic,3,x0y0,utah,5.2459999999999996,6.8,Ab,saline,142.704817978034,6.8,,b,-1,0.08,soma,59.467327938000004,-1860.8665131888265,494.2736345510598,-786.5192151016709,,-1861.0,494.64712699881727,-786.1206296873397,none,0.0,success,105.0,0.005,"(-1861, 1, -138)",-1861.0,1.0,-138.0,,,,
5441,realistic,3,x0y0,utah,5.855,7.5,Ab,saline,124.13880843026058,7.5,,b,-1,0.08,soma,61.41395063,-695.4090562844742,1093.0772645308286,-751.9328358073049,,-695.0,1093.1606634682257,-751.7747545467782,periphery,5.2100000000001145,success,77.2705078125,0.005,"(-695, 418, -294)",-695.0,418.0,-294.0,-695.0,,418.0,-294.0
5442,realistic,3,x0y0,utah,5.2459999999999996,6.8,Ab,saline,186.7200965203167,6.8,,b,-1,0.08,soma,59.467327938000004,-977.2331831767192,-358.03199729423295,-1331.4966974254128,,-977.0,-358.3238386843731,-1331.1120016876143,none,0.0,success,105.0,0.005,"(-977, -263, -522)",-977.0,-263.0,-522.0,,,,
5443,realistic,3,x0y0,utah,6.551000000000001,8.3,Ab,saline,179.85159435367248,8.3,,b,-1,0.08,soma,63.63866227800001,-1191.6869726504144,168.08687882816594,-1341.6703395330185,,-1192.0,168.1237302609614,-1341.819331139,none,0.0,success,105.0,0.005,"(-1192, 166, -525)",-1192.0,166.0,-525.0,,,,
5444,realistic,3,x0y0,utah,5.681,7.3,Ab,saline,42.6059123098395,7.3,,b,-1,0.08,soma,60.857772718,373.49403237387116,1150.6076055813035,888.8649231097548,,373.0,1151.045356065043,889.1556603602241,central,5.170000000000108,success,47.021484375,0.005,"(373, 599, 289)",373.0,599.0,289.0,373.0,,599.0,289.0
5445,realistic,3,x0y0,utah,4.811,6.3,Ab,saline,134.39202566970954,6.3,,b,-1,0.08,soma,58.076883158,-1175.4314192897812,719.8328631286197,-680.2182127979268,,-1175.0,719.7118703523536,-680.5012937286685,none,0.0,success,105.0,0.005,"(-1175, 138, -111)",-1175.0,138.0,-111.0,,,,
5446,realistic,3,x0y0,utah,6.638,8.4,Ab,saline,32.05688357975034,8.4,,b,-1,0.08,soma,63.916751233999996,-991.1694956805824,603.6193548086902,1277.1405368000533,,-991.0,603.6415057775038,1277.3722233354079,none,0.0,success,105.0,0.005,"(-991, 170, 585)",-991.0,170.0,585.0,,,,
5447,realistic,3,x0y0,utah,5.159,6.7,Ab,saline,79.29091238870348,6.7,,b,-1,0.08,soma,59.189238982000006,-510.2112139009109,1367.439857916098,488.7157006521143,,-510.0,1367.420673111857,488.35168030142785,periphery,5.195000000000112,success,74.1455078125,0.005,"(-510, 567, 337)",-510.0,567.0,337.0,-510.0,,567.0,337.0
5448,realistic,3,x0y0,utah,7.16,9.0,Ab,saline,-0.1592998181978726,9.0,,b,-1,0.08,soma,65.58528497,-443.03724601385215,-38.47765202744449,1319.4890518402224,,-443.0,-38.289819398958,1319.7926424850002,none,0.0,success,105.0,0.005,"(-443, -36, 502)",-443.0,-36.0,502.0,,,,
5449,realistic,3,x0y0,utah,6.29,8.0,Ab,saline,160.457213633692,8.0,,b,-1,0.08,soma,62.80439541,-319.02365137462095,600.8069431634573,-1323.2704740661407,,-319.0,601.0865351323225,-1323.3774311171921,none,0.0,success,105.0,0.005,"(-319, 328, -554)",-319.0,328.0,-554.0,,,,
5450,realistic,3,x0y0,utah,6.638,8.4,Ab,saline,114.46512156536112,8.4,,b,-1,0.08,soma,63.916751233999996,-366.7698321452658,234.7647577965049,-80.59085400930417,,-367.0,234.59551348659363,-80.30246334299983,none,0.0,success,105.0,0.005,"(-367, -509, 258)",-367.0,-509.0,258.0,,,,
5451,realistic,3,x0y0,utah,6.029,7.7,Ab,saline,157.22089293402462,7.7,,b,-1,0.08,soma,61.970128542,58.267302414920294,580.6969842564448,-1265.7002199928904,,58.0,580.9494168857314,-1265.3382292578622,none,0.0,success,105.0,0.005,"(58, 265, -513)",58.0,265.0,-513.0,,,,
5452,realistic,3,x0y0,utah,5.681,7.3,Ab,saline,43.23063900316664,7.3,,b,-1,0.08,soma,60.857772718,-1699.468804006435,767.7678788508119,809.13702538087,,-1699.0,767.4872442672793,809.1214866011676,none,0.0,success,105.0,0.005,"(-1699, 209, 215)",-1699.0,209.0,215.0,,,,
5453,realistic,3,x0y0,utah,5.42,7.0,Ab,saline,132.33609847055956,7.0,,b,-1,0.08,soma,60.02350585000001,-1916.7351466659234,694.373342913746,-546.6582270020913,,-1917.0,694.4566877621602,-546.9104155949876,none,0.0,success,105.0,0.005,"(-1917, 92, 2)",-1917.0,92.0,2.0,,,,
5454,realistic,3,x0y0,utah,5.42,7.0,Ab,saline,265.0323246351836,7.0,,b,-1,0.08,soma,60.02350585000001,-1453.3265571683132,-128.14879407661465,-0.2949759257680853,,-1453.0,-127.91470826388525,-0.5800178033050116,periphery,5.1650000000001075,success,21.6156005859375,0.005,"(-1453, 684, 70)",-1453.0,684.0,70.0,-1453.0,,684.0,70.0
5455,realistic,3,x0y0,utah,4.55,6.0,Ab,saline,41.10042045344029,6.0,,b,-1,0.08,soma,57.24261629,-750.3929466174591,1089.2643266150535,879.4147896986647,,-750.0,1088.8746479745232,879.1450178180722,periphery,5.185000000000111,success,60.0494384765625,0.005,"(-750, 554, 266)",-750.0,554.0,266.0,-750.0,,554.0,266.0
5456,realistic,3,x0y0,utah,4.724,6.2,Ab,saline,131.16495171695328,6.2,,b,-1,0.08,soma,57.798794201999996,403.468963011695,699.6268689743329,-780.7407068833522,,403.0,699.703466137633,-780.7085831718783,none,0.0,success,105.0,0.005,"(403, 87, -245)",403.0,87.0,-245.0,,,,
5457,realistic,3,x0y0,utah,8.552,10.6,Ab,saline,-20.569469129470075,10.6,,b,-1,0.08,soma,70.03470826600001,-1849.7635280151367,-619.744348531588,1098.087832937561,,-1850.0,-620.072096506923,1097.7002469393149,none,0.0,success,105.0,0.005,"(-1850, -332, 330)",-1850.0,-332.0,330.0,,,,
5458,realistic,3,x0y0,utah,4.985,6.5,Ab,saline,91.424009213604,6.5,,b,-1,0.08,soma,58.63306107,-1568.4947821387893,1310.906077110596,-79.22625358379082,,-1568.0,1311.0722355758398,-79.2764816103215,periphery,5.175000000000109,success,33.5205078125,0.005,"(-1568, 497, -59)",-1568.0,497.0,-59.0,-1568.0,,497.0,-59.0
5459,realistic,3,x0y0,utah,4.811,6.3,Ab,saline,39.475080412492545,6.3,,b,-1,0.08,soma,58.076883158,-1780.1082846224897,639.2567807381782,934.5607665481804,,-1780.0,639.4842373117705,934.3562730548302,none,0.0,success,105.0,0.005,"(-1780, 122, 306)",-1780.0,122.0,306.0,,,,
5460,realistic,3,x0y0,utah,7.595000000000001,9.5,Ab,saline,47.178582248824995,9.5,,b,-1,0.08,soma,66.97572975,-714.6403155221448,1020.3359674622106,975.6773649077464,,-715.0,1020.3608488858127,975.3262017555377,periphery,5.290000000000127,success,96.533203125,0.005,"(-715, 420, 419)",-715.0,420.0,419.0,-715.0,,420.0,419.0
5461,realistic,3,x0y0,utah,7.16,9.0,Ab,saline,183.6159896477685,9.0,,b,-1,0.08,soma,65.58528497,-276.35689675567346,139.0413784998441,-1453.6292306264208,,-276.0,139.39728425919648,-1453.15705720003,none,0.0,success,105.0,0.005,"(-276, 191, -637)",-276.0,191.0,-637.0,,,,
5462,realistic,3,x0y0,utah,6.725,8.5,Ab,saline,76.05715705280461,8.5,,b,-1,0.08,soma,64.19484019000001,431.7386715601046,312.2688832829199,106.32948288961235,,432.0,311.9930462021978,105.92047824289506,none,0.0,success,105.0,0.005,"(432, -481, -91)",432.0,-481.0,-91.0,,,,
5463,realistic,3,x0y0,utah,4.724,6.2,Ab,saline,171.57255237300214,6.2,,b,-1,0.08,soma,57.798794201999996,729.4486377068123,239.11697311359558,-1217.3984923142411,,729.0,239.31765161500664,-1217.1092836123094,none,0.0,success,105.0,0.005,"(729, 120, -412)",729.0,120.0,-412.0,,,,
5464,realistic,3,x0y0,utah,6.116,7.8,Ab,saline,68.4895876104984,7.8,,b,-1,0.08,soma,62.248217498,1037.4703843971006,1302.9989878214965,401.38619621801314,,1037.0,1303.3218707800697,401.2727106782584,central,5.185000000000111,success,15.88134765625,0.005,"(1037, 544, 102)",1037.0,544.0,102.0,1037.0,,544.0,102.0
5465,realistic,3,x0y0,utah,5.072,6.6,Ab,saline,-14.761432619894345,6.6,,b,-1,0.08,soma,58.911150026,-1847.4643233448287,-353.5269374943618,1215.7505337993246,,-1847.0,-353.52328051331244,1215.578541037571,none,0.0,success,105.0,0.005,"(-1847, -146, 428)",-1847.0,-146.0,428.0,,,,
5466,realistic,3,x0y0,utah,5.768000000000001,7.4,Ab,saline,193.9545228018699,7.4,,b,-1,0.08,soma,61.135861674,-580.4929154977293,-331.11315360118215,-1382.3500891734855,,-580.0,-330.71498491788446,-1382.508676877309,none,0.0,success,105.0,0.005,"(-580, -134, -591)",-580.0,-134.0,-591.0,,,,
5467,realistic,3,x0y0,utah,5.2459999999999996,6.8,Ab,saline,73.45277783615401,6.8,,b,-1,0.08,soma,59.467327938000004,-1957.4393007215729,883.5364155796942,352.20054465945617,,-1957.0,884.0036902806837,352.0361474983713,none,0.0,success,105.0,0.005,"(-1957, 103, 120)",-1957.0,103.0,120.0,,,,
5468,realistic,3,x0y0,utah,5.2459999999999996,6.8,Ab,saline,187.9327457886737,6.8,,b,-1,0.08,soma,59.467327938000004,168.50631816967018,-305.8182019337973,-1318.638148889781,,169.0,-305.43324562772204,-1318.9122207948978,none,0.0,success,105.0,0.005,"(169, -193, -512)",169.0,-193.0,-512.0,,,,
5469,realistic,3,x0y0,utah,5.333,6.9,Ab,saline,132.68027544031946,6.9,,b,-1,0.08,soma,59.745416893999995,-58.94413392228049,942.0080055733713,-1068.6282653267367,,-59.0,942.0129279793898,-1068.4022090562214,none,0.0,success,105.0,0.005,"(-59, 343, -516)",-59.0,343.0,-516.0,,,,
5470,realistic,3,x0y0,utah,5.507,7.1,Ab,saline,75.05494213249557,7.1,,b,-1,0.08,soma,60.301594806000004,-1668.1582417912664,1189.2769948545974,416.66400225278085,,-1668.0,1189.5987004507788,416.2273906502338,periphery,5.230000000000118,success,74.51171875,0.005,"(-1668, 402, 206)",-1668.0,402.0,206.0,-1668.0,,402.0,206.0
5471,realistic,3,x0y0,utah,4.724,6.2,Ab,saline,26.58277879163353,6.2,,b,-1,0.08,soma,57.798794201999996,-897.0429803472075,398.6002590991706,654.0730169671592,,-897.0,398.21998020269757,653.8702308274245,none,0.0,success,105.0,0.005,"(-897, 34, -74)",-897.0,34.0,-74.0,,,,
5472,realistic,3,x0y0,utah,4.985,6.5,Ab,saline,-1.5831357134953534,6.5,,b,-1,0.08,soma,58.63306107,-219.5591647375341,-161.1506700044115,1289.5710856231435,,-220.0,-161.475136242766,1289.9908039227862,none,0.0,success,105.0,0.005,"(-220, -139, 476)",-220.0,-139.0,476.0,,,,
5473,realistic,3,x0y0,utah,4.811,6.3,Ab,saline,-14.178702255063206,6.3,,b,-1,0.08,soma,58.076883158,-497.543773129983,-144.00122763670558,1440.6965590937546,,-498.0,-144.35801434269715,1440.2102691108407,none,0.0,success,105.0,0.005,"(-498, 55, 651)",-498.0,55.0,651.0,,,,
5474,realistic,3,x0y0,utah,4.724,6.2,Ab,saline,172.49419947131219,6.2,,b,-1,0.08,soma,57.798794201999996,1282.9586764548794,173.3803884247581,-1305.4913361415158,,1283.0,173.29526126139064,-1305.8998622859317,none,0.0,success,105.0,0.005,"(1283, 67, -499)",1283.0,67.0,-499.0,,,,
5475,realistic,3,x0y0,utah,7.16,9.0,Ab,saline,85.66198052912395,9.0,,b,-1,0.08,soma,65.58528497,-1352.0126804318918,456.53073595306205,24.779607504355678,,-1352.0,456.42104382179366,24.825123771866018,none,0.0,success,105.0,0.005,"(-1352, -359, -37)",-1352.0,-359.0,-37.0,,,,
5476,realistic,3,x0y0,utah,4.985,6.5,Ab,saline,-19.543247005007828,6.5,,b,-1,0.08,soma,58.63306107,138.14308276132857,-420.5863616852071,1396.0746975027778,,138.0,-420.3888794639576,1396.4118983761841,none,0.0,success,105.0,0.005,"(138, -148, 629)",138.0,-148.0,629.0,,,,
5477,realistic,3,x0y0,utah,5.2459999999999996,6.8,Ab,saline,62.37498111612978,6.8,,b,-1,0.08,soma,59.467327938000004,1692.7576744755972,942.6643207728912,667.2383341439763,,1693.0,942.8540262765342,666.7919999824255,none,0.0,success,105.0,0.005,"(1693, 221, 289)",1693.0,221.0,289.0,,,,
5478,realistic,3,x0y0,utah,6.4639999999999995,8.2,Ab,saline,218.79177188384327,8.2,,b,-1,0.08,soma,63.360573322,-1583.0145957592651,-481.1947796640384,-816.6318425289605,,-1583.0,-481.65019959311667,-816.5206154235836,none,0.0,success,105.0,0.005,"(-1583, 30, -180)",-1583.0,30.0,-180.0,,,,
5479,realistic,3,x0y0,utah,6.638,8.4,Ab,saline,4.086768551638399,8.4,,b,-1,0.08,soma,63.916751233999996,333.7872021922854,161.46809531074723,1451.2151667244825,,334.0,161.24913218149212,1450.9159796779577,none,0.0,success,105.0,0.005,"(334, 103, 636)",334.0,103.0,636.0,,,,
5480,realistic,3,x0y0,utah,5.333,6.9,Ab,saline,18.253735037401448,6.9,,b,-1,0.08,soma,59.745416893999995,-1290.4789779316231,618.1822879994593,1153.2916480680478,,-1290.0,618.2181322856004,1152.884611212116,none,0.0,success,105.0,0.005,"(-1290, 363, 379)",-1290.0,363.0,379.0,,,,
5481,realistic,3,x0y0,utah,4.898000000000001,6.4,Ab,saline,128.31769791762366,6.4,,b,-1,0.08,soma,58.354972114000006,-1719.0946479336087,696.5239711624235,-568.8640617936549,,-1719.0,696.8036555603223,-568.7900413553401,none,0.0,success,105.0,0.005,"(-1719, 58, -64)",-1719.0,58.0,-64.0,,,,
5482,realistic,3,x0y0,utah,4.985,6.5,Ab,saline,351.49083401335747,6.5,,b,-1,0.08,soma,58.63306107,85.45703039171927,-61.35011902714041,262.30836740197543,,85.0,-61.518846519180016,262.3590486991152,none,0.0,success,105.0,0.005,"(85, 59, -543)",85.0,59.0,-543.0,,,,
5483,realistic,3,x0y0,utah,6.29,8.0,Ab,saline,4.086124467189586,8.0,,b,-1,0.08,soma,62.80439541,-889.3088617348848,39.040398218635346,1417.5234385434494,,-889.0,39.209476696366515,1417.3611922107377,none,0.0,success,105.0,0.005,"(-889, -19, 603)",-889.0,-19.0,603.0,,,,
5484,realistic,3,x0y0,utah,5.507,7.1,Ab,saline,9.498471874113543,7.1,,b,-1,0.08,soma,60.301594806000004,-1591.9751917747865,272.2111292627282,1242.0505817667927,,-1592.0,272.49988157149505,1241.983231478579,none,0.0,success,105.0,0.005,"(-1592, 138, 438)",-1592.0,138.0,438.0,,,,
5485,realistic,3,x0y0,utah,4.898000000000001,6.4,Ab,saline,180.2098484602964,6.4,,b,-1,0.08,soma,58.354972114000006,-1830.2987799041932,-17.58865529075001,-1192.447224762692,,-1830.0,-18.0124566984109,-1192.1774860570004,none,0.0,success,105.0,0.005,"(-1830, -15, -378)",-1830.0,-15.0,-378.0,,,,
5486,realistic,3,x0y0,utah,5.333,6.9,Ab,saline,21.193994000856865,6.9,,b,-1,0.08,soma,59.745416893999995,-120.63648123258795,348.2181864340883,1404.8556877283509,,-121.0,348.57648410359053,1404.7873133559829,none,0.0,success,105.0,0.005,"(-121, 54, 645)",-121.0,54.0,645.0,,,,
5487,realistic,3,x0y0,utah,4.55,6.0,Ab,saline,146.5088101656867,6.0,,b,-1,0.08,soma,57.24261629,-891.7804260654813,549.5132680389843,-831.7135912110848,,-892.0,549.9562378344111,-831.5601709929302,none,0.0,success,105.0,0.005,"(-892, 101, -153)",-892.0,101.0,-153.0,,,,
5488,realistic,3,x0y0,utah,5.594,7.2,Ab,saline,33.091393499241555,7.2,,b,-1,0.08,soma,60.579683761999995,-1939.523736215161,298.11177580164434,577.7451851128981,,-1940.0,298.1482536670261,578.0498295279019,none,0.0,success,105.0,0.005,"(-1940, -147, -105)",-1940.0,-147.0,-105.0,,,,
5489,realistic,3,x0y0,utah,6.29,8.0,Ab,saline,-23.438670288118647,8.0,,b,-1,0.08,soma,62.80439541,-233.22688861338452,-719.0198970567967,1255.1563410419349,,-233.0,-718.764794247049,1255.0490163943377,none,0.0,success,105.0,0.005,"(-233, -394, 506)",-233.0,-394.0,506.0,,,,
5490,realistic,3,x0y0,utah,6.029,7.7,Ab,saline,18.380831480988764,7.7,,b,-1,0.08,soma,61.970128542,858.2293866319708,567.5392529056362,1246.5879727788433,,858.0,567.2800907646464,1246.3698259931793,none,0.0,success,105.0,0.005,"(858, 310, 472)",858.0,310.0,472.0,,,,
5491,realistic,3,x0y0,utah,5.42,7.0,Ab,saline,29.455063746492833,7.0,,b,-1,0.08,soma,60.02350585000001,-709.4100884802037,759.7465509661401,1142.0664323808423,,-709.0,759.7412789132227,1141.6307332717977,none,0.0,success,105.0,0.005,"(-709, 359, 432)",-709.0,359.0,432.0,,,,
5492,realistic,3,x0y0,utah,4.811,6.3,Ab,saline,157.5273782189341,6.3,,b,-1,0.08,soma,58.076883158,249.4906937050569,537.6117689337957,-1339.6897472698129,,249.0,537.1254923714939,-1339.2529238631541,none,0.0,success,105.0,0.005,"(249, 226, -587)",249.0,226.0,-587.0,,,,
5493,realistic,3,x0y0,utah,5.768000000000001,7.4,Ab,saline,14.06995361444741,7.4,,b,-1,0.08,soma,61.135861674,458.54471992422083,116.36155151679714,696.8534111990048,,459.0,116.26456398647477,697.1008929118902,none,0.0,success,105.0,0.005,"(459, -82, -94)",459.0,-82.0,-94.0,,,,
5494,realistic,3,x0y0,utah,5.333,6.9,Ab,saline,170.3082034026379,6.9,,b,-1,0.08,soma,59.745416893999995,-628.6261612076257,253.09983051124755,-1280.4677730659755,,-629.0,253.14307683163014,-1280.2200287162082,none,0.0,success,105.0,0.005,"(-629, 116, -477)",-629.0,116.0,-477.0,,,,
5495,realistic,3,x0y0,utah,6.551000000000001,8.3,Ab,saline,-39.153047078598455,8.3,,b,-1,0.08,soma,63.63866227800001,1200.0123834315468,-573.052307556608,1019.0686434733667,,1200.0,-572.7397256811647,1019.4433912982946,none,0.0,success,105.0,0.005,"(1200, -57, 386)",1200.0,-57.0,386.0,,,,
5496,realistic,3,x0y0,utah,5.594,7.2,Ab,saline,94.64919793052064,7.2,,b,-1,0.08,soma,60.579683761999995,639.7443768929218,1312.0229427254635,74.46384692781294,,640.0,1311.599385402793,74.87999382345089,central,5.1650000000001075,success,36.63330078125,0.005,"(640, 499, 141)",640.0,499.0,141.0,640.0,,499.0,141.0
5497,realistic,3,x0y0,utah,5.768000000000001,7.4,Ab,saline,130.0048296961409,7.4,,b,-1,0.08,soma,61.135861674,1062.98137537087,961.1441828162287,-1020.3446506452078,,1063.0,960.7250350211423,-1020.3286227351075,none,0.0,success,105.0,0.005,"(1063, 336, -496)",1063.0,336.0,-496.0,,,,
5498,realistic,3,x0y0,utah,6.898999999999999,8.7,Ab,saline,156.51411850844596,8.7,,b,-1,0.08,soma,64.751018102,-640.6282448606449,216.4966914092165,-446.8837082399223,,-641.0,216.72414035682363,-446.69681690157745,none,0.0,success,105.0,0.005,"(-641, -109, 303)",-641.0,-109.0,303.0,,,,
5499,realistic,3,x0y0,utah,5.768000000000001,7.4,Ab,saline,9.818864232437543,7.4,,b,-1,0.08,soma,61.135861674,1554.6167861169226,77.13086012003076,1114.3951982769904,,1555.0,77.05433220770857,1114.66063904678,none,0.0,success,105.0,0.005,"(1555, -62, 311)",1555.0,-62.0,311.0,,,,
5500,realistic,3,x0y0,utah,4.811,6.3,Ab,saline,169.8896433666604,6.3,,b,-1,0.08,soma,58.076883158,943.9622686710112,60.322243855712706,-641.6475034662226,,944.0,59.86374649711453,-641.4208457345256,none,0.0,success,105.0,0.005,"(944, -83, 160)",944.0,-83.0,160.0,,,,
5501,realistic,3,x0y0,utah,4.985,6.5,Ab,saline,132.62131595855394,6.5,,b,-1,0.08,soma,58.63306107,-1493.0628759972678,891.014397140023,-894.8496170228364,,-1493.0,891.1741031676531,-894.3737228252487,none,0.0,success,105.0,0.005,"(-1493, 292, -343)",-1493.0,292.0,-343.0,,,,
5502,realistic,3,x0y0,utah,10.988,13.4,Ab,saline,120.30666420342381,13.4,,b,-1,0.08,soma,77.821199034,-1574.5251417033078,409.6813088739168,-252.33297136097733,,-1575.0,409.2820205630262,-252.74528851627832,none,0.0,success,105.0,0.005,"(-1575, -302, 163)",-1575.0,-302.0,163.0,,,,
5503,realistic,3,x0y0,utah,6.116,7.8,Ab,saline,135.59158468191123,7.8,,b,-1,0.08,soma,62.248217498,1563.7105892168818,590.6925874806366,-782.5380679208098,,1564.0,591.1236513025503,-783.0390632902858,none,0.0,success,105.0,0.005,"(1564, 20, -200)",1564.0,20.0,-200.0,,,,
5504,realistic,3,x0y0,utah,5.942,7.6,Ab,saline,133.43545810154458,7.6,,b,-1,0.08,soma,61.69203958600001,1318.040364787838,754.8161280996901,-745.6194154205278,,1318.0,754.3857949716975,-745.8941386076876,none,0.0,success,105.0,0.005,"(1318, 162, -185)",1318.0,162.0,-185.0,,,,
5505,realistic,3,x0y0,utah,4.811,6.3,Ab,saline,98.73774971478123,6.3,,b,-1,0.08,soma,58.076883158,-1124.9248161192322,1195.1561870848418,-293.15932330038464,,-1125.0,1195.5955956566836,-292.65243927585016,periphery,5.200000000000113,success,53.02734375,0.005,"(-1125, 391, -169)",-1125.0,391.0,-169.0,-1125.0,,391.0,-169.0
5506,realistic,3,x0y0,utah,5.072,6.6,Ab,saline,-1.7148955958854035,6.6,,b,-1,0.08,soma,58.911150026,-687.1947823246727,-204.62852375050988,1422.5261913272336,,-687.0,-204.3522216928887,1422.129792782995,none,0.0,success,105.0,0.005,"(-687, -180, 608)",-687.0,-180.0,608.0,,,,
5507,realistic,3,x0y0,utah,5.159,6.7,Ab,saline,205.0203486655245,6.7,,b,-1,0.08,soma,59.189238982000006,1689.7960582369446,-325.8333632364115,-619.2762886192045,,1690.0,-325.492064582744,-619.1856441827445,none,0.0,success,105.0,0.005,"(1690, 19, 119)",1690.0,19.0,119.0,,,,
5508,realistic,3,x0y0,utah,4.55,6.0,Ab,saline,62.204575926750536,6.0,,b,-1,0.08,soma,57.24261629,1645.2049157834392,1016.2976747063119,420.49463833208085,,1645.0,1016.7294091850673,420.39161598801365,none,0.0,success,105.0,0.005,"(1645, 297, 41)",1645.0,297.0,41.0,,,,
5509,realistic,3,x0y0,utah,6.116,7.8,Ab,saline,320.3450415967373,7.8,,b,-1,0.08,soma,62.248217498,1415.0906489717484,-522.948016723386,598.0791886062258,,1415.0,-522.8504062036119,598.3339513258553,none,0.0,success,105.0,0.005,"(1415, -2, -30)",1415.0,-2.0,-30.0,,,,
5510,realistic,3,x0y0,utah,6.116,7.8,Ab,saline,2.327144313593028,7.8,,b,-1,0.08,soma,62.248217498,1921.4401107339625,137.15652165868914,1139.4122044949902,,1921.0,137.1346388152094,1139.471209462001,none,0.0,success,105.0,0.005,"(1921, 104, 324)",1921.0,104.0,324.0,,,,
5511,realistic,3,x0y0,utah,4.898000000000001,6.4,Ab,saline,-21.232663500018877,6.4,,b,-1,0.08,soma,58.354972114000006,-990.2433395758968,-542.7680993916897,1294.150460269475,,-990.0,-542.8950854498455,1293.8948347537298,none,0.0,success,105.0,0.005,"(-990, -248, 535)",-990.0,-248.0,535.0,,,,
5512,realistic,3,x0y0,utah,10.466000000000001,12.8,Ab,saline,108.77315725984973,12.8,,b,-1,0.08,soma,76.152665298,860.3909779635713,354.746621826836,-131.83067259813743,,860.0,354.28867175207336,-131.8659638464482,none,0.0,success,105.0,0.005,"(860, -425, 133)",860.0,-425.0,133.0,,,,
5513,realistic,3,x0y0,utah,5.681,7.3,Ab,saline,88.97960026077637,7.3,,b,-1,0.08,soma,60.857772718,-1550.6310787397013,1242.7371540950446,-170.86840845315191,,-1551.0,1242.2658005817284,-170.4853658228098,periphery,5.195000000000112,success,58.5205078125,0.005,"(-1551, 427, -185)",-1551.0,427.0,-185.0,-1551.0,,427.0,-185.0
5514,realistic,3,x0y0,utah,5.2459999999999996,6.8,Ab,saline,7.918347611900706,6.8,,b,-1,0.08,soma,59.467327938000004,-643.2121136203442,170.94113648820803,1326.1692957583327,,-643.0,171.27029889492826,1325.9936941612948,none,0.0,success,105.0,0.005,"(-643, 59, 519)",-643.0,59.0,519.0,,,,
5515,realistic,3,x0y0,utah,5.159,6.7,Ab,saline,34.793209060229,6.7,,b,-1,0.08,soma,59.189238982000006,456.5907817838919,611.5955105775223,827.9709333116658,,457.0,611.8076898815648,827.9451015260095,none,0.0,success,105.0,0.005,"(457, 147, 159)",457.0,147.0,159.0,,,,
5516,realistic,3,x0y0,utah,4.637,6.1,Ab,saline,62.322847355633115,6.1,,b,-1,0.08,soma,57.520705246000006,-411.3871243725752,1020.1798600504017,499.4347034829757,,-411.0,1020.6661682829291,498.99168379338363,tjn,5.200000000000113,success,69.27490234375,0.005,"(-411, 300, 121)",-411.0,300.0,121.0,-411.0,,300.0,121.0
5517,realistic,3,x0y0,utah,6.116,7.8,Ab,saline,1.3582047675980131,7.8,,b,-1,0.08,soma,62.248217498,-973.3820786713228,-68.60781003751754,1375.267645064194,,-973.0,-68.65785862264869,1374.8792715163754,none,0.0,success,105.0,0.005,"(-973, -88, 559)",-973.0,-88.0,559.0,,,,
5518,realistic,3,x0y0,utah,5.507,7.1,Ab,saline,132.66306066043654,7.1,,b,-1,0.08,soma,60.301594806000004,-1086.4601427582672,1036.5488158031676,-835.4768021489826,,-1086.0,1036.4618964101664,-835.4276954000132,periphery,5.215000000000115,success,65.0634765625,0.005,"(-1086, 437, -283)",-1086.0,437.0,-283.0,-1086.0,,437.0,-283.0
5519,realistic,3,x0y0,utah,8.552,10.6,Ab,saline,94.24536992445273,10.6,,b,-1,0.08,soma,70.03470826600001,705.5595837089846,596.846369914108,-79.0377438701953,,706.0,596.8033072768411,-78.68128420584202,tjn,5.4400000000001505,success,94.775390625,0.005,"(706, -221, -18)",706.0,-221.0,-18.0,706.0,,-221.0,-18.0
5520,realistic,3,x0y0,utah,5.42,7.0,Ab,saline,80.06339866359723,7.0,,b,-1,0.08,soma,60.02350585000001,748.242260123738,1304.0616080201135,382.9335850778207,,748.0,1303.7865766311252,382.67102855485507,central,5.230000000000118,success,62.40234375,0.005,"(748, 501, 242)",748.0,501.0,242.0,748.0,,501.0,242.0
5521,realistic,3,x0y0,utah,4.898000000000001,6.4,Ab,saline,-7.221339536178108,6.4,,b,-1,0.08,soma,58.354972114000006,-647.650818128825,38.68900514314555,1367.4200906168123,,-648.0,38.65789000263507,1367.74548391715,none,0.0,success,105.0,0.005,"(-648, 141, 560)",-648.0,141.0,560.0,,,,
5522,realistic,3,x0y0,utah,5.072,6.6,Ab,saline,94.87863784594906,6.6,,b,-1,0.08,soma,58.911150026,422.76996232169716,1340.7600019112406,-111.3433939740753,,423.0,1340.5235349429533,-111.22872387610502,central,5.1150000000001,success,11.259269714355469,0.005,"(423, 529, -42)",423.0,529.0,-42.0,423.0,,529.0,-42.0
5523,realistic,3,x0y0,utah,7.595000000000001,9.5,Ab,saline,153.0504771110379,9.5,,b,-1,0.08,soma,66.97572975,-1440.2745312214108,82.3585533405858,-147.67636041569403,,-1440.0,81.93870036135013,-147.60008274957522,none,0.0,success,105.0,0.005,"(-1440, -289, 582)",-1440.0,-289.0,582.0,,,,
5524,realistic,3,x0y0,utah,5.072,6.6,Ab,saline,4.825786212369153,6.6,,b,-1,0.08,soma,58.911150026,-1496.4214517350135,126.67178577940467,1105.6776375843583,,-1496.0,126.4957138585933,1105.6049805004545,none,0.0,success,105.0,0.005,"(-1496, 58, 294)",-1496.0,58.0,294.0,,,,
5525,realistic,3,x0y0,utah,5.333,6.9,Ab,saline,114.0636023091577,6.9,,b,-1,0.08,soma,59.745416893999995,-1007.6162800947827,1301.1554494623624,-435.0932285289649,,-1008.0,1301.0602700829559,-435.30509050468663,periphery,5.155000000000106,success,15.49072265625,0.005,"(-1008, 557, -103)",-1008.0,557.0,-103.0,-1008.0,,557.0,-103.0
5526,realistic,3,x0y0,utah,6.551000000000001,8.3,Ab,saline,55.362620486255295,8.3,,b,-1,0.08,soma,63.63866227800001,-21.866480823159453,28.59807074301898,21.687066461266113,,-22.0,29.078945661169314,21.280107819407704,none,0.0,success,105.0,0.005,"(-22, -643, -443)",-22.0,-643.0,-443.0,,,,
5527,realistic,3,x0y0,utah,5.2459999999999996,6.8,Ab,saline,60.59287678337046,6.8,,b,-1,0.08,soma,59.467327938000004,-284.6124541536144,1241.2924478063833,764.9907246604828,,-285.0,1241.795968049793,765.0342290087792,tjn,5.190000000000111,success,73.81591796875,0.005,"(-285, 532, 365)",-285.0,532.0,365.0,-285.0,,532.0,365.0
5528,realistic,3,x0y0,utah,4.637,6.1,Ab,saline,23.27047849692359,6.1,,b,-1,0.08,soma,57.520705246000006,764.664936047186,348.26515937058457,1394.9437601307916,,765.0,348.5167153213474,1394.6016359547502,none,0.0,success,105.0,0.005,"(765, 27, 647)",765.0,27.0,647.0,,,,
5529,realistic,3,x0y0,utah,6.203,7.9,Ab,saline,99.19255410933056,7.9,,b,-1,0.08,soma,62.52630645400001,55.08132508154761,1345.9802962963074,-340.99484483985907,,55.0,1345.8149848656944,-341.43885188567464,tjn,5.150000000000105,success,30.615234375,0.005,"(55, 540, -211)",55.0,540.0,-211.0,55.0,,540.0,-211.0
5530,realistic,3,x0y0,utah,4.811,6.3,Ab,saline,127.94215480060714,6.3,,b,-1,0.08,soma,58.076883158,1186.2016784664286,999.3700745129618,-831.3662026265579,,1186.0,998.9507150291995,-831.5522377269272,none,0.0,success,105.0,0.005,"(1186, 357, -331)",1186.0,357.0,-331.0,,,,
5531,realistic,3,x0y0,utah,5.333,6.9,Ab,saline,130.55148943856062,6.9,,b,-1,0.08,soma,59.745416893999995,-1372.305743944651,992.2810183527199,-870.5122559263805,,-1372.0,992.1402838780307,-870.7487477613948,periphery,5.175000000000109,success,105.0,0.005,"(-1372, 373, -341)",-1372.0,373.0,-341.0,-1372.0,,373.0,-341.0
5532,realistic,3,x0y0,utah,5.159,6.7,Ab,saline,-21.204976792558,6.7,,b,-1,0.08,soma,59.189238982000006,1012.0394320375084,-421.175911160914,1283.8486207277126,,1012.0,-421.6388738698948,1283.4465637514595,none,0.0,success,105.0,0.005,"(1012, -127, 524)",1012.0,-127.0,524.0,,,,
5533,realistic,3,x0y0,utah,5.42,7.0,Ab,saline,187.07491399335566,7.0,,b,-1,0.08,soma,60.02350585000001,1430.577188910522,-341.09120028260264,-1195.368645098602,,1431.0,-341.40944796036,-1195.8176636027702,none,0.0,success,105.0,0.005,"(1431, -241, -387)",1431.0,-241.0,-387.0,,,,
5534,realistic,3,x0y0,utah,7.508000000000001,9.4,Ab,saline,240.13781880651595,9.4,,b,-1,0.08,soma,66.697640794,855.5892867574727,-144.8602002536236,-78.94409580266166,,856.0,-144.6720970482786,-78.45587767566644,central,5.275000000000125,success,69.27490234375,0.005,"(856, 565, 329)",856.0,565.0,329.0,856.0,,565.0,329.0
5535,realistic,3,x0y0,utah,5.072,6.6,Ab,saline,42.790170633728366,6.6,,b,-1,0.08,soma,58.911150026,868.2012074042099,901.350893143248,924.1493401577943,,868.0,901.259672106331,923.6475009445395,none,0.0,success,105.0,0.005,"(868, 348, 326)",868.0,348.0,326.0,,,,
5536,realistic,3,x0y0,utah,4.811,6.3,Ab,saline,118.30948857767393,6.3,,b,-1,0.08,soma,58.076883158,-1115.2574692335666,983.8330629069908,-581.1872988584855,,-1115.0,983.6794439661517,-581.0170289967618,periphery,5.175000000000109,success,105.0,0.005,"(-1115, 267, -195)",-1115.0,267.0,-195.0,-1115.0,,267.0,-195.0
5537,realistic,3,x0y0,utah,5.072,6.6,Ab,saline,-0.5623564192411664,6.6,,b,-1,0.08,soma,58.911150026,-1772.406755445445,-100.72355043670177,1227.742131873022,,-1772.0,-100.9816646351274,1227.4555750130003,none,0.0,success,105.0,0.005,"(-1772, -93, 413)",-1772.0,-93.0,413.0,,,,
5538,realistic,3,x0y0,utah,4.985,6.5,Ab,saline,60.53985732117219,6.5,,b,-1,0.08,soma,58.63306107,-353.672386590167,1238.0377747142666,699.4027883456056,,-354.0,1238.0254031368247,699.4808697171131,tjn,5.185000000000111,success,59.36279296875,0.005,"(-354, 529, 299)",-354.0,529.0,299.0,-354.0,,529.0,299.0
5539,realistic,3,x0y0,utah,5.507,7.1,Ab,saline,196.21028088246726,7.1,,b,-1,0.08,soma,60.301594806000004,-824.4761656172682,-439.47517869589683,-1155.6444881291293,,-824.0,-439.5901026349177,-1155.7077956663609,none,0.0,success,105.0,0.005,"(-824, -212, -373)",-824.0,-212.0,-373.0,,,,
5540,realistic,3,x0y0,utah,4.55,6.0,Ab,saline,190.05349695162644,6.0,,b,-1,0.08,soma,57.24261629,1054.5533161855676,-122.8019801042742,-1056.1456709714982,,1055.0,-123.05828040211705,-1056.0915399995674,none,0.0,success,105.0,0.005,"(1055, 19, -255)",1055.0,19.0,-255.0,,,,
5541,realistic,3,x0y0,utah,4.811,6.3,Ab,saline,79.37910042663077,6.3,,b,-1,0.08,soma,58.076883158,919.1209754493816,502.13470437178734,175.99366001407043,,919.0,502.1183842279993,176.02728478300972,none,0.0,success,105.0,0.005,"(919, -298, 26)",919.0,-298.0,26.0,,,,
5542,realistic,3,x0y0,utah,4.724,6.2,Ab,saline,88.29249533413174,6.2,,b,-1,0.08,soma,57.798794201999996,-500.7613741738698,1374.3922429946406,90.47612816954323,,-501.0,1374.57383734216,90.2542020336098,periphery,5.110000000000099,success,9.6588134765625,0.005,"(-501, 561, 66)",-501.0,561.0,66.0,-501.0,,561.0,66.0
5543,realistic,3,x0y0,utah,4.724,6.2,Ab,saline,-21.717082411116834,6.2,,b,-1,0.08,soma,57.798794201999996,1403.1576190818182,-435.67496003732873,1243.363875491721,,1403.0,-436.14277692737005,1243.1125399068292,none,0.0,success,105.0,0.005,"(1403, -135, 487)",1403.0,-135.0,487.0,,,,
5544,realistic,3,x0y0,utah,5.681,7.3,Ab,saline,7.215388199642776,7.3,,b,-1,0.08,soma,60.857772718,-417.46388373238943,110.24998684171123,1424.0440928155713,,-417.0,110.41786812669042,1423.986998156764,none,0.0,success,105.0,0.005,"(-417, 8, 615)",-417.0,8.0,615.0,,,,
5545,realistic,3,x0y0,utah,6.29,8.0,Ab,saline,179.1076828990823,8.0,,b,-1,0.08,soma,62.80439541,-419.4058046343239,-56.18840808355344,-1454.2398009832489,,-419.0,-56.264125715801995,-1454.3205574852295,none,0.0,success,105.0,0.005,"(-419, -69, -638)",-419.0,-69.0,-638.0,,,,
5546,realistic,3,x0y0,utah,5.072,6.6,Ab,saline,71.29713420484015,6.6,,b,-1,0.08,soma,58.911150026,274.238972136192,1404.712410698231,369.7874810878628,,274.0,1404.4523206523138,370.1959029066691,central,5.125000000000101,success,15.012359619140625,0.005,"(274, 633, 109)",274.0,633.0,109.0,274.0,,633.0,109.0
5547,realistic,3,x0y0,utah,5.855,7.5,Ab,saline,205.0691781373007,7.5,,b,-1,0.08,soma,61.41395063,21.35660568657527,-661.7146214911489,-1306.7517243092516,,21.0,-661.6150454409656,-1306.8673782403273,none,0.0,success,105.0,0.005,"(21, -316, -568)",21.0,-316.0,-568.0,,,,
5548,realistic,3,x0y0,utah,6.116,7.8,Ab,saline,67.998629894174,7.8,,b,-1,0.08,soma,62.248217498,-236.40430824606807,1093.084920529026,609.9058974052359,,-236.0,1092.710273632073,609.7200911373754,tjn,5.205000000000114,success,94.04296875,0.005,"(-236, 336, 304)",-236.0,336.0,304.0,-236.0,,336.0,304.0
5549,realistic,3,x0y0,utah,6.377,8.1,Ab,saline,130.96865341307293,8.1,,b,-1,0.08,soma,63.082484366,1214.9759839292599,484.8560999797232,-530.9492397027307,,1215.0,484.57029197238353,-531.324438375175,none,0.0,success,105.0,0.005,"(1215, -132, 4)",1215.0,-132.0,4.0,,,,
5550,realistic,3,x0y0,utah,5.072,6.6,Ab,saline,49.70621380697532,6.6,,b,-1,0.08,soma,58.911150026,-1940.3524470894795,682.040510457181,672.1572737605837,,-1940.0,682.1852670624153,671.7084203609072,none,0.0,success,105.0,0.005,"(-1940, 61, 145)",-1940.0,61.0,145.0,,,,
5551,realistic,3,x0y0,utah,4.724,6.2,Ab,saline,-18.821576063467948,6.2,,b,-1,0.08,soma,57.798794201999996,236.76203104855583,-568.6331119788615,1253.1655737779884,,237.0,-568.5639455047826,1253.3557793560967,none,0.0,success,105.0,0.005,"(237, -306, 483)",237.0,-306.0,483.0,,,,
5552,realistic,3,x0y0,utah,6.029,7.7,Ab,saline,24.28515728029737,7.7,,b,-1,0.08,soma,61.970128542,234.98609787600347,700.4719381577498,1287.049060434666,,235.0,700.6146569346624,1286.7703860830168,none,0.0,success,105.0,0.005,"(235, 365, 543)",235.0,365.0,543.0,,,,
5553,realistic,3,x0y0,utah,5.159,6.7,Ab,saline,36.51021841038935,6.7,,b,-1,0.08,soma,59.189238982000006,673.6180193776506,858.7314041459468,1123.6243473325767,,674.0,858.6837985971451,1123.771155146866,none,0.0,success,105.0,0.005,"(674, 374, 469)",674.0,374.0,469.0,,,,
5554,realistic,3,x0y0,utah,5.855,7.5,Ab,saline,195.49571604615616,7.5,,b,-1,0.08,soma,61.41395063,-25.445185996370245,-540.9685820553659,-1166.2293745348536,,-25.0,-540.9569038041681,-1166.096812111066,none,0.0,success,105.0,0.005,"(-25, -323, -380)",-25.0,-323.0,-380.0,,,,
5555,realistic,3,x0y0,utah,5.333,6.9,Ab,saline,137.35519680621778,6.9,,b,-1,0.08,soma,59.745416893999995,1512.3646629175698,665.5641066823719,-632.4040932810279,,1512.0,666.0762599728426,-632.4203643336133,none,0.0,success,105.0,0.005,"(1512, 114, -33)",1512.0,114.0,-33.0,,,,
5556,realistic,3,x0y0,utah,5.594,7.2,Ab,saline,128.03108305878547,7.2,,b,-1,0.08,soma,60.579683761999995,145.28994214779,1110.820478546595,-745.8531896677138,,145.0,1111.203808449664,-746.3000715828841,tjn,5.175000000000109,success,44.110107421875,0.005,"(145, 469, -244)",145.0,469.0,-244.0,145.0,,469.0,-244.0
5557,realistic,3,x0y0,utah,5.768000000000001,7.4,Ab,saline,182.02744802372376,7.4,,b,-1,0.08,soma,61.135861674,-1500.8685812644849,-47.30177201343304,-1142.654235948732,,-1501.0,-46.871104751629815,-1143.078590078498,none,0.0,success,105.0,0.005,"(-1501, -18, -328)",-1501.0,-18.0,-328.0,,,,
5558,realistic,3,x0y0,utah,4.637,6.1,Ab,saline,98.8506505934473,6.1,,b,-1,0.08,soma,57.520705246000006,-1713.6904569768285,874.7383270032469,-166.73223485182552,,-1714.0,875.0766044267865,-167.23771826867974,none,0.0,success,105.0,0.005,"(-1714, 71, -42)",-1714.0,71.0,-42.0,,,,
5559,realistic,3,x0y0,utah,4.55,6.0,Ab,saline,98.4299861656392,6.0,,b,-1,0.08,soma,57.24261629,-128.53685665481152,1268.2779885975333,-258.694155468821,,-129.0,1267.8341980170344,-258.27688377405707,tjn,5.160000000000107,success,29.40673828125,0.005,"(-129, 463, -139)",-129.0,463.0,-139.0,-129.0,,463.0,-139.0
5560,realistic,3,x0y0,utah,6.725,8.5,Ab,saline,165.62623449402616,8.5,,b,-1,0.08,soma,64.19484019000001,-1639.5037854446691,198.88499139224862,-1260.854821906204,,-1640.0,198.80357966757907,-1260.522270846027,none,0.0,success,105.0,0.005,"(-1640, -4, -469)",-1640.0,-4.0,-469.0,,,,
5561,realistic,3,x0y0,utah,4.724,6.2,Ab,saline,112.72783507988844,6.2,,b,-1,0.08,soma,57.798794201999996,-994.2599406622733,1251.6490940282292,-388.3708775035798,,-994.0,1251.7408038859626,-388.4907270398265,periphery,5.1650000000001075,success,19.097900390625,0.005,"(-994, 501, -74)",-994.0,501.0,-74.0,-994.0,,501.0,-74.0
5562,realistic,3,x0y0,utah,4.637,6.1,Ab,saline,28.59979309619305,6.1,,b,-1,0.08,soma,57.520705246000006,-1584.731129349683,389.09863050547074,507.1218395383962,,-1585.0,389.5470808006302,507.4815896029942,none,0.0,success,105.0,0.005,"(-1585, 0, -207)",-1585.0,0.0,-207.0,,,,
5563,realistic,3,x0y0,utah,4.637,6.1,Ab,saline,155.74312651769145,6.1,,b,-1,0.08,soma,57.520705246000006,-1726.3929506731552,514.9537713510153,-980.5141266882324,,-1726.0,515.2927528575285,-980.9053134863893,none,0.0,success,105.0,0.005,"(-1726, 181, -239)",-1726.0,181.0,-239.0,,,,
5564,realistic,3,x0y0,utah,4.898000000000001,6.4,Ab,saline,10.851238541568188,6.4,,b,-1,0.08,soma,58.354972114000006,-533.0513995735638,157.43544656239192,1443.4839032212967,,-533.0,157.30962062453315,1443.6037090565799,none,0.0,success,105.0,0.005,"(-533, 4, 644)",-533.0,4.0,644.0,,,,
5565,realistic,3,x0y0,utah,6.725,8.5,Ab,saline,201.2566577552044,8.5,,b,-1,0.08,soma,64.19484019000001,1128.8166609466084,-676.5757889164906,-1220.4919057248162,,1129.0,-676.1978147844376,-1220.5347955285404,none,0.0,success,105.0,0.005,"(1129, -380, -459)",1129.0,-380.0,-459.0,,,,
5566,realistic,3,x0y0,utah,4.898000000000001,6.4,Ab,saline,123.18406863569064,6.4,,b,-1,0.08,soma,58.354972114000006,-1062.974176538194,1082.4829842757435,-753.6265959717647,,-1063.0,1082.3851380811034,-753.5993381189962,periphery,5.220000000000116,success,86.46240234375,0.005,"(-1063, 401, -308)",-1063.0,401.0,-308.0,-1063.0,,401.0,-308.0
5567,realistic,3,x0y0,utah,6.725,8.5,Ab,saline,-21.990984040677123,8.5,,b,-1,0.08,soma,64.19484019000001,-1018.8858618450694,-583.5951254366296,1232.585754592903,,-1019.0,-584.0029838255775,1232.6127279120842,none,0.0,success,105.0,0.005,"(-1019, -278, 475)",-1019.0,-278.0,475.0,,,,
5568,realistic,3,x0y0,utah,5.681,7.3,Ab,saline,353.45831139447245,7.3,,b,-1,0.08,soma,60.857772718,-1337.3523492378595,-153.83496429023353,732.0211479888753,,-1337.0,-153.8773501562901,732.1285985976667,none,0.0,success,105.0,0.005,"(-1337, -61, -78)",-1337.0,-61.0,-78.0,,,,
5569,realistic,3,x0y0,utah,5.855,7.5,Ab,saline,67.15605237010233,7.5,,b,-1,0.08,soma,61.41395063,-1626.6799809476306,1101.8968091001698,457.0785953266027,,-1627.0,1101.755548450304,456.65744781728307,periphery,5.230000000000118,success,71.47216796875,0.005,"(-1627, 350, 140)",-1627.0,350.0,140.0,-1627.0,,350.0,140.0
5570,realistic,3,x0y0,utah,5.681,7.3,Ab,saline,336.2383990415624,7.3,,b,-1,0.08,soma,60.857772718,-437.6510456682338,-405.34703567743327,902.2515039984836,,-438.0,-405.5362983140412,902.280516795757,none,0.0,success,105.0,0.005,"(-438, -77, 156)",-438.0,-77.0,156.0,,,,
5571,realistic,3,x0y0,utah,4.811,6.3,Ab,saline,90.61600824592985,6.3,,b,-1,0.08,soma,58.076883158,727.5317673195848,1434.6633681037476,123.5458180490382,,728.0,1434.9570377348423,123.2083848309468,central,5.160000000000107,success,34.197998046875,0.005,"(728, 621, 132)",728.0,621.0,132.0,728.0,,621.0,132.0
5572,realistic,3,x0y0,utah,10.205,12.5,Ab,saline,85.9034063667021,12.5,,b,-1,0.08,soma,75.31839843,1515.252521752124,498.5006128340688,18.15066564611516,,1515.0,498.52028529704114,17.737866823951016,none,0.0,success,105.0,0.005,"(1515, -322, -41)",1515.0,-322.0,-41.0,,,,
5573,realistic,3,x0y0,utah,6.986000000000001,8.8,Ab,saline,108.34138746034479,8.8,,b,-1,0.08,soma,65.02910705800001,640.3099248700255,379.9532596188418,-107.90615161237021,,640.0,379.9848142097271,-108.27182999557635,none,0.0,success,105.0,0.005,"(640, -396, 149)",640.0,-396.0,149.0,,,,
5574,realistic,3,x0y0,utah,4.985,6.5,Ab,saline,54.370992929424155,6.5,,b,-1,0.08,soma,58.63306107,1889.4574596272187,685.8166036073976,583.7623812236848,,1889.0,685.8764760188482,583.3393790366376,none,0.0,success,105.0,0.005,"(1889, 24, 109)",1889.0,24.0,109.0,,,,
5575,realistic,3,x0y0,utah,5.507,7.1,Ab,saline,52.3845718507277,7.1,,b,-1,0.08,soma,60.301594806000004,446.17747935204164,272.26790617428884,240.79087267011712,,446.0,272.6809466229165,240.56804673479144,none,0.0,success,105.0,0.005,"(446, -373, -257)",446.0,-373.0,-257.0,,,,
5576,realistic,3,x0y0,utah,4.811,6.3,Ab,saline,-18.302565939591,6.3,,b,-1,0.08,soma,58.076883158,-257.6243483019549,-260.66771953388616,1195.4099828578876,,-258.0,-260.60807065580605,1195.848096435103,none,0.0,success,105.0,0.005,"(-258, -5, 423)",-258.0,-5.0,423.0,,,,
5577,realistic,3,x0y0,utah,4.55,6.0,Ab,saline,-27.495179194394122,6.0,,b,-1,0.08,soma,57.24261629,-166.83606920804658,-522.7867154144587,1371.5019223390418,,-167.0,-522.6489579705467,1371.6821003246152,none,0.0,success,105.0,0.005,"(-167, -147, 650)",-167.0,-147.0,650.0,,,,
5578,realistic,3,x0y0,utah,4.724,6.2,Ab,saline,172.48651999697637,6.2,,b,-1,0.08,soma,57.798794201999996,-1544.919699156077,64.03297883015921,-1302.1290237478574,,-1545.0,64.45804114081082,-1301.8998622859317,none,0.0,success,105.0,0.005,"(-1545, -42, -495)",-1545.0,-42.0,-495.0,,,,
5579,realistic,3,x0y0,utah,6.4639999999999995,8.2,Ab,saline,-18.115542587061647,8.2,,b,-1,0.08,soma,63.360573322,1874.265896775507,-556.0268740946085,1081.301883350749,,1874.0,-555.905901122905,1081.1729444426146,none,0.0,success,105.0,0.005,"(1874, -302, 305)",1874.0,-302.0,305.0,,,,
5580,realistic,3,x0y0,utah,4.811,6.3,Ab,saline,13.992598478755365,6.3,,b,-1,0.08,soma,58.076883158,-1811.3056272034423,209.02013250885147,1050.9811635777069,,-1811.0,208.83449517380222,1050.8614998641037,none,0.0,success,105.0,0.005,"(-1811, 12, 261)",-1811.0,12.0,261.0,,,,
5581,realistic,3,x0y0,utah,5.159,6.7,Ab,saline,43.88331847841357,6.7,,b,-1,0.08,soma,59.189238982000006,-770.9326032376233,1065.4215243224774,943.8442443834197,,-771.0,1065.6769902311614,944.1598017291129,periphery,5.220000000000116,success,86.46240234375,0.005,"(-771, 501, 357)",-771.0,501.0,357.0,-771.0,,501.0,357.0
5582,realistic,3,x0y0,utah,5.507,7.1,Ab,saline,170.86396234372327,7.1,,b,-1,0.08,soma,60.301594806000004,1645.4330635521853,173.52180006788512,-1194.642778728529,,1645.0,173.44594662759644,-1194.798382275982,none,0.0,success,105.0,0.005,"(1645, 44, -390)",1645.0,44.0,-390.0,,,,
5583,realistic,3,x0y0,utah,4.637,6.1,Ab,saline,203.1599868316642,6.1,,b,-1,0.08,soma,57.520705246000006,1961.6386254454355,-341.58146925888883,-1067.334546199623,,1962.0,-342.05194668662597,-1067.1712682015864,none,0.0,success,105.0,0.005,"(1962, -22, -319)",1962.0,-22.0,-319.0,,,,
5584,realistic,3,x0y0,utah,5.768000000000001,7.4,Ab,saline,107.40151672240556,7.4,,b,-1,0.08,soma,61.135861674,-159.5494140569667,461.0572892938503,-213.05908917082115,,-160.0,461.21491960466574,-212.93636811334676,none,0.0,success,105.0,0.005,"(-160, -317, 31)",-160.0,-317.0,31.0,,,,
5585,realistic,3,x0y0,utah,6.551000000000001,8.3,Ab,saline,160.46585652419787,8.3,,b,-1,0.08,soma,63.63866227800001,1756.1154824150283,465.486796557796,-1176.794175730016,,1756.0,465.14438433288166,-1176.7705376653937,none,0.0,success,105.0,0.005,"(1756, 192, -407)",1756.0,192.0,-407.0,,,,
5586,realistic,3,x0y0,utah,5.072,6.6,Ab,saline,172.61486282824694,6.6,,b,-1,0.08,soma,58.911150026,1824.9273791676435,196.31816561995083,-1259.54292153703,,1825.0,196.65754138917052,-1259.6955937403923,none,0.0,success,105.0,0.005,"(1825, 92, -452)",1825.0,92.0,-452.0,,,,
5587,realistic,3,x0y0,utah,5.333,6.9,Ab,saline,74.49758144046687,6.9,,b,-1,0.08,soma,59.745416893999995,1249.879093350231,1324.1613184151747,206.60504798731472,,1250.0,1324.2113418595295,206.81547496788312,central,5.170000000000108,success,9.31396484375,0.005,"(1250, 539, -11)",1250.0,539.0,-11.0,1250.0,,539.0,-11.0
5588,realistic,3,x0y0,utah,5.333,6.9,Ab,saline,-14.25351246079037,6.9,,b,-1,0.08,soma,59.745416893999995,213.72425173004746,-235.7693759864219,1339.0370501206392,,214.0,-235.62166081965145,1338.7746290268324,none,0.0,success,105.0,0.005,"(214, -35, 549)",214.0,-35.0,549.0,,,,
5589,realistic,3,x0y0,utah,4.811,6.3,Ab,saline,132.09345271855196,6.3,,b,-1,0.08,soma,58.076883158,713.4479088253128,772.1443507092081,-717.3586635838658,,713.0,772.097927495776,-717.6499673904038,none,0.0,success,105.0,0.005,"(713, 168, -172)",713.0,168.0,-172.0,,,,
5590,realistic,3,x0y0,utah,4.724,6.2,Ab,saline,201.57970370703785,6.2,,b,-1,0.08,soma,57.798794201999996,662.0874496302088,-559.8066977120407,-1044.7672677407809,,662.0,-559.3521982537479,-1044.84504936422,none,0.0,success,105.0,0.005,"(662, -260, -288)",662.0,-260.0,-288.0,,,,
5591,realistic,3,x0y0,utah,4.811,6.3,Ab,saline,187.51697871021642,6.3,,b,-1,0.08,soma,58.076883158,194.04163123399985,-294.81570859415797,-1423.501344769582,,194.0,-294.4762281585332,-1423.0377109814208,none,0.0,success,105.0,0.005,"(194, -188, -616)",194.0,-188.0,-616.0,,,,
5592,realistic,3,x0y0,utah,5.681,7.3,Ab,saline,265.6011043271858,7.3,,b,-1,0.08,soma,60.857772718,-590.4290628011188,-164.3561631165271,-22.147981226545202,,-590.0,-164.0641425885591,-22.543395583735318,periphery,5.1150000000001,success,8.25653076171875,0.005,"(-590, 649, 40)",-590.0,649.0,40.0,-590.0,,649.0,40.0
5593,realistic,3,x0y0,utah,5.507,7.1,Ab,saline,70.46919797236815,7.1,,b,-1,0.08,soma,60.301594806000004,190.5917904853487,1391.9262760535528,445.33830172468834,,191.0,1392.2796265523277,445.504911571823,tjn,5.140000000000104,success,22.796630859375,0.005,"(191, 624, 173)",191.0,624.0,173.0,191.0,,624.0,173.0
5594,realistic,3,x0y0,utah,6.29,8.0,Ab,saline,-26.773474388205706,8.0,,b,-1,0.08,soma,62.80439541,160.58720845121766,-593.6998310444451,1252.9243806580234,,161.0,-593.7891900661026,1252.8838821110241,none,0.0,success,105.0,0.005,"(161, -226, 524)",161.0,-226.0,524.0,,,,
5595,realistic,3,x0y0,utah,5.072,6.6,Ab,saline,88.07139829637079,6.6,,b,-1,0.08,soma,58.911150026,1578.0413582679334,682.7026291805746,-8.712946688536249,,1578.0,682.9669016679924,-8.552847122061895,none,0.0,success,105.0,0.005,"(1578, -131, -36)",1578.0,-131.0,-36.0,,,,
5596,realistic,3,x0y0,utah,4.811,6.3,Ab,saline,127.62293044603321,6.3,,b,-1,0.08,soma,58.076883158,923.6874797959897,964.1727870417772,-677.1667437711944,,924.0,963.7184457305682,-676.9704685839797,central,5.285000000000126,success,94.775390625,0.005,"(924, 319, -180)",924.0,319.0,-180.0,924.0,,319.0,-180.0
5597,realistic,3,x0y0,utah,5.2459999999999996,6.8,Ab,saline,-19.080515946156524,6.8,,b,-1,0.08,soma,59.467327938000004,-651.1300781048184,-454.07806135355577,1365.1217142184296,,-651.0,-454.33643475146624,1365.0047858171022,none,0.0,success,105.0,0.005,"(-651, -188, 595)",-651.0,-188.0,595.0,,,,
5598,realistic,3,x0y0,utah,8.465,10.5,Ab,saline,134.90118842603087,10.5,,b,-1,0.08,soma,69.75661931,592.8779811623941,34.75915430194573,-31.51189165709184,,593.0,34.71980672863674,-31.752098785464682,none,0.0,success,105.0,0.005,"(593, -546, 547)",593.0,-546.0,547.0,,,,
5599,realistic,3,x0y0,utah,6.029,7.7,Ab,saline,159.77829523457066,7.7,,b,-1,0.08,soma,61.970128542,-626.3989143236697,539.2516046905872,-1323.5198292107734,,-626.0,539.0860367184848,-1323.7203843119066,none,0.0,success,105.0,0.005,"(-626, 257, -558)",-626.0,257.0,-558.0,,,,
5600,realistic,3,x0y0,utah,5.855,7.5,Ab,saline,147.82593388547562,7.5,,b,-1,0.08,soma,61.41395063,1256.8749885960053,820.6177519818011,-1107.619897601431,,1257.0,820.3639643552376,-1107.4143839066162,none,0.0,success,105.0,0.005,"(1257, 386, -417)",1257.0,386.0,-417.0,,,,
5601,realistic,3,x0y0,utah,4.811,6.3,Ab,saline,210.24052782251462,6.3,,b,-1,0.08,soma,58.076883158,-552.1471324449847,-723.7373786523905,-1261.035860200263,,-552.0,-723.9497591791845,-1261.2478096800983,none,0.0,success,105.0,0.005,"(-552, -314, -558)",-552.0,-314.0,-558.0,,,,
5602,realistic,3,x0y0,utah,8.9,11.0,Ab,saline,31.84978828951425,11.0,,b,-1,0.08,soma,71.14706409,1093.7423044764205,103.91214387210087,189.79342744167067,,1094.0,104.01665286014656,189.99515811902324,none,0.0,success,105.0,0.005,"(1094, -329, -507)",1094.0,-329.0,-507.0,,,,
5603,realistic,3,x0y0,utah,7.073,8.9,Ab,saline,122.29409173649456,8.9,,b,-1,0.08,soma,65.307196014,221.8590007170436,474.5229732230873,-294.6999184071801,,222.0,474.16258639531736,-294.87231741514023,none,0.0,success,105.0,0.005,"(222, -217, 142)",222.0,-217.0,142.0,,,,
5604,realistic,3,x0y0,utah,4.55,6.0,Ab,saline,35.10556503193868,6.0,,b,-1,0.08,soma,57.24261629,610.0856857249387,642.115163373453,1283.7221795398516,,610.0,641.9136143141895,1283.6235921934249,none,0.0,success,105.0,0.005,"(610, 174, 618)",610.0,174.0,618.0,,,,
5605,realistic,3,x0y0,utah,10.205,12.5,Ab,saline,165.19237270441118,12.5,,b,-1,0.08,soma,75.31839843,342.6907397660824,23.16722480850649,-110.92453845003773,,343.0,23.271691319354034,-111.34691380106221,none,0.0,success,105.0,0.005,"(343, -187, 684)",343.0,-187.0,684.0,,,,
5606,realistic,3,x0y0,utah,8.203999999999999,10.2,Ab,saline,355.22452927856165,10.2,,b,-1,0.08,soma,68.922352442,-1923.9089333138943,-5.629209677429572,54.65134784624252,,-1924.0,-5.261115979209322,54.593062104226874,none,0.0,success,105.0,0.005,"(-1924, 63, -762)",-1924.0,63.0,-762.0,,,,
5607,realistic,3,x0y0,utah,5.942,7.6,Ab,saline,38.31133480783487,7.6,,b,-1,0.08,soma,61.69203958600001,861.6699863509947,812.4873272999167,1168.1354480644486,,862.0,812.7429476696809,1168.1943717315671,none,0.0,success,105.0,0.005,"(862, 307, 528)",862.0,307.0,528.0,,,,
5608,realistic,3,x0y0,utah,4.724,6.2,Ab,saline,121.90409346736384,6.2,,b,-1,0.08,soma,57.798794201999996,-590.5893998628057,818.1632600100543,-562.100627352017,,-591.0,817.9191981990391,-562.1458313678786,none,0.0,success,105.0,0.005,"(-591, 127, -132)",-591.0,127.0,-132.0,,,,
5609,realistic,3,x0y0,utah,6.29,8.0,Ab,saline,44.15942805210707,8.0,,b,-1,0.08,soma,62.80439541,-305.44643446674735,1056.0023453603417,865.2148854613133,,-305.0,1055.7874111410736,865.6869366335671,tjn,5.175000000000109,success,50.1953125,0.005,"(-305, 487, 280)",-305.0,487.0,280.0,-305.0,,487.0,280.0
5610,realistic,3,x0y0,utah,4.811,6.3,Ab,saline,5.977911852045605,6.3,,b,-1,0.08,soma,58.076883158,762.9512784328723,-14.200256616119532,1428.4780474683787,,763.0,-14.258598231626081,1428.6426339944737,none,0.0,success,105.0,0.005,"(763, -99, 619)",763.0,-99.0,619.0,,,,
5611,realistic,3,x0y0,utah,5.333,6.9,Ab,saline,38.65310295600054,6.9,,b,-1,0.08,soma,59.745416893999995,-889.4703631802762,829.7617665423359,964.4162459134843,,-889.0,829.9694936959963,964.3340980262625,none,0.0,success,105.0,0.005,"(-889, 321, 328)",-889.0,321.0,328.0,,,,
5612,realistic,3,x0y0,utah,4.637,6.1,Ab,saline,41.67580124507275,6.1,,b,-1,0.08,soma,57.520705246000006,-176.12101399888385,947.3571359875097,1107.9474002676552,,-176.0,947.0692584590329,1107.7976073741188,none,0.0,success,105.0,0.005,"(-176, 406, 500)",-176.0,406.0,500.0,,,,
5613,realistic,3,x0y0,utah,4.811,6.3,Ab,saline,168.96487488261195,6.3,,b,-1,0.08,soma,58.076883158,-1175.8888448620914,229.82814541091287,-1325.077257718736,,-1176.0,229.80695771822062,-1324.9787304097886,none,0.0,success,105.0,0.005,"(-1176, 74, -526)",-1176.0,74.0,-526.0,,,,
5614,realistic,3,x0y0,utah,5.333,6.9,Ab,saline,-11.553526928014302,6.9,,b,-1,0.08,soma,59.745416893999995,643.7630122752928,-292.7029989586608,1345.7956476195525,,644.0,-292.21900350193414,1345.330792465526,none,0.0,success,105.0,0.005,"(644, -129, 547)",644.0,-129.0,547.0,,,,
5615,realistic,3,x0y0,utah,4.898000000000001,6.4,Ab,saline,152.5258523813591,6.4,,b,-1,0.08,soma,58.354972114000006,958.729938848456,831.502216662599,-1141.4801205591318,,959.0,831.5800743180941,-1141.3382656297706,none,0.0,success,105.0,0.005,"(959, 456, -419)",959.0,456.0,-419.0,,,,
5616,realistic,3,x0y0,utah,6.4639999999999995,8.2,Ab,saline,83.26929782621255,8.2,,b,-1,0.08,soma,63.360573322,-1392.5274657044808,1276.1632633760073,197.13812884681056,,-1393.0,1276.0451926830394,196.71492959666924,periphery,5.1650000000001075,success,28.38134765625,0.005,"(-1393, 465, 101)",-1393.0,465.0,101.0,-1393.0,,465.0,101.0
5617,realistic,3,x0y0,utah,6.203,7.9,Ab,saline,63.566152697741565,7.9,,b,-1,0.08,soma,62.52630645400001,664.5198756961421,1097.5403634967718,412.8977517499525,,665.0,1097.882027399456,413.40035581666046,central,5.170000000000108,success,55.06591796875,0.005,"(665, 367, 50)",665.0,367.0,50.0,665.0,,367.0,50.0
5618,realistic,3,x0y0,utah,5.594,7.2,Ab,saline,83.21340514759373,7.2,,b,-1,0.08,soma,60.579683761999995,362.77975987964936,1408.0726926965765,371.5744836473828,,363.0,1407.5828129878332,371.36725931033425,central,5.175000000000109,success,47.6806640625,0.005,"(363, 598, 275)",363.0,598.0,275.0,363.0,,598.0,275.0
5619,realistic,3,x0y0,utah,4.637,6.1,Ab,saline,153.64168743335168,6.1,,b,-1,0.08,soma,57.520705246000006,-1977.2235736018588,558.1593767665431,-1087.4633228877244,,-1977.0,558.3095965646121,-1087.1292759502082,none,0.0,success,105.0,0.005,"(-1977, 197, -358)",-1977.0,197.0,-358.0,,,,
5620,realistic,3,x0y0,utah,5.681,7.3,Ab,saline,97.93341989062307,7.3,,b,-1,0.08,soma,60.857772718,-1094.31399445405,407.1775959044139,-71.0353657872115,,-1094.0,407.6007690499538,-70.52918631754204,none,0.0,success,105.0,0.005,"(-1094, -400, 42)",-1094.0,-400.0,42.0,,,,
5621,realistic,3,x0y0,utah,5.768000000000001,7.4,Ab,saline,115.37694842418057,7.4,,b,-1,0.08,soma,61.135861674,1723.102914170818,956.8086205830714,-672.0458873595549,,1723.0,956.8656255112297,-672.5524151567383,none,0.0,success,105.0,0.005,"(1723, 220, -323)",1723.0,220.0,-323.0,,,,
5622,realistic,3,x0y0,utah,9.335,11.5,Ab,saline,131.34702950222976,11.5,,b,-1,0.08,soma,72.53750887,1309.922857624678,179.59777897855565,-139.94219051426307,,1310.0,179.52645395435468,-139.53013917976114,none,0.0,success,105.0,0.005,"(1310, -437, 403)",1310.0,-437.0,403.0,,,,
5623,realistic,3,x0y0,utah,5.333,6.9,Ab,saline,130.63333919336523,6.9,,b,-1,0.08,soma,59.745416893999995,-590.0561471662644,1056.314624343745,-835.188742001013,,-590.0,1056.4068984404284,-835.6451077406865,periphery,5.205000000000114,success,76.3916015625,0.005,"(-590, 438, -305)",-590.0,438.0,-305.0,-590.0,,438.0,-305.0
5624,realistic,3,x0y0,utah,5.942,7.6,Ab,saline,161.78612786243602,7.6,,b,-1,0.08,soma,61.69203958600001,-11.365580569007607,435.05751619403685,-1398.158477324758,,-11.0,435.03346578729185,-1397.9721342013709,none,0.0,success,105.0,0.005,"(-11, 180, -623)",-11.0,180.0,-623.0,,,,
5625,realistic,3,x0y0,utah,5.507,7.1,Ab,saline,199.19336980369368,7.1,,b,-1,0.08,soma,60.301594806000004,-125.03568790831144,-483.1488397122498,-1227.7347787934248,,-125.0,-483.02158218610646,-1227.8284130673935,none,0.0,success,105.0,0.005,"(-125, -215, -458)",-125.0,-215.0,-458.0,,,,
5626,realistic,3,x0y0,utah,4.724,6.2,Ab,saline,110.35761390075926,6.2,,b,-1,0.08,soma,57.798794201999996,-115.27105995538479,1313.0450830626523,-414.07788474447716,,-115.0,1313.0306847821876,-414.155600251438,tjn,5.135000000000103,success,18.22509765625,0.005,"(-115, 550, -131)",-115.0,550.0,-131.0,-115.0,,550.0,-131.0
5627,realistic,3,x0y0,utah,5.681,7.3,Ab,saline,12.683718502115465,7.3,,b,-1,0.08,soma,60.857772718,-1916.2602423590079,459.97444088723677,1162.1788765589436,,-1916.0,460.06818344443644,1162.5324215318406,none,0.0,success,105.0,0.005,"(-1916, 281, 367)",-1916.0,281.0,367.0,,,,
5628,realistic,3,x0y0,utah,6.029,7.7,Ab,saline,-28.03874520137127,7.7,,b,-1,0.08,soma,61.970128542,108.6530621147743,-513.5295345131403,1295.6333367496436,,109.0,-513.5945787137973,1295.188417725585,none,0.0,success,105.0,0.005,"(109, -130, 575)",109.0,-130.0,575.0,,,,
5629,realistic,3,x0y0,utah,4.637,6.1,Ab,saline,175.97800041911026,6.1,,b,-1,0.08,soma,57.520705246000006,944.0048077681096,11.324812063125137,-1312.8801267105182,,944.0,11.04460071887231,-1312.7259517414427,none,0.0,success,105.0,0.005,"(944, -46, -501)",944.0,-46.0,-501.0,,,,
5630,realistic,3,x0y0,utah,8.291,10.3,Ab,saline,61.79395935828585,10.3,,b,-1,0.08,soma,69.20044139800001,382.2351965402992,1315.43524721817,587.6735049075169,,382.0,1315.3136745020288,587.3430643023476,central,5.155000000000106,success,27.532958984375,0.005,"(382, 593, 200)",382.0,593.0,200.0,382.0,,593.0,200.0
5631,realistic,3,x0y0,utah,5.42,7.0,Ab,saline,54.36813193213065,7.0,,b,-1,0.08,soma,60.02350585000001,-890.0691781495834,513.1308990845391,424.0887587854168,,-890.0,513.4415527774402,423.82584725410516,none,0.0,success,105.0,0.005,"(-890, -149, -51)",-890.0,-149.0,-51.0,,,,
5632,realistic,3,x0y0,utah,8.116999999999999,10.1,Ab,saline,82.97798680537319,10.1,,b,-1,0.08,soma,68.644263486,-980.8873273880299,1397.2293408663882,171.89880668302845,,-981.0,1397.1772157549276,172.20309671216893,periphery,5.145000000000104,success,10.324859619140625,0.005,"(-981, 584, 72)",-981.0,584.0,72.0,-981.0,,584.0,72.0
5633,realistic,3,x0y0,utah,5.507,7.1,Ab,saline,158.633749361781,7.1,,b,-1,0.08,soma,60.301594806000004,1991.746394218324,617.8901009437991,-1021.162515020846,,1992.0,617.959435493913,-1021.1499376214142,none,0.0,success,105.0,0.005,"(1992, 321, -262)",1992.0,321.0,-262.0,,,,
5634,realistic,3,x0y0,utah,4.985,6.5,Ab,saline,349.40933485029547,6.5,,b,-1,0.08,soma,58.63306107,-1910.6719445163208,-182.03648672340702,658.043656719582,,-1911.0,-181.67137831233302,658.4731495159052,none,0.0,success,105.0,0.005,"(-1911, -32, -142)",-1911.0,-32.0,-142.0,,,,
5635,realistic,3,x0y0,utah,5.159,6.7,Ab,saline,127.0502885426642,6.7,,b,-1,0.08,soma,59.189238982000006,369.62681949508766,152.13850409582756,-139.69811479683176,,370.0,152.1279658157673,-139.79325824332767,none,0.0,success,105.0,0.005,"(370, -498, 351)",370.0,-498.0,351.0,,,,
5636,realistic,3,x0y0,utah,5.2459999999999996,6.8,Ab,saline,53.925275165994854,6.8,,b,-1,0.08,soma,59.467327938000004,-817.2365051563933,851.5689402155667,501.0380982556553,,-817.0,851.4677472197461,500.7151813449474,none,0.0,success,105.0,0.005,"(-817, 193, 21)",-817.0,193.0,21.0,,,,
5637,realistic,3,x0y0,utah,7.769,9.7,Ab,saline,200.6959879803946,9.7,,b,-1,0.08,soma,67.531907662,993.3212380411768,-54.513906119284,-141.70136006187204,,993.0,-54.35188808387545,-141.95554980890063,none,0.0,success,105.0,0.005,"(993, 235, 624)",993.0,235.0,624.0,,,,
5638,realistic,3,x0y0,utah,6.116,7.8,Ab,saline,41.3734698628321,7.8,,b,-1,0.08,soma,62.248217498,218.8127163448417,837.0303044135982,971.5348488782292,,219.0,837.4580358830892,971.4195312052498,tjn,5.160000000000107,success,105.0,0.005,"(219, 298, 359)",219.0,298.0,359.0,219.0,,298.0,359.0
5639,realistic,3,x0y0,utah,6.29,8.0,Ab,saline,119.77795214344282,8.0,,b,-1,0.08,soma,62.80439541,385.1932516768393,1156.6226116740072,-889.7066762918689,,385.0,1156.6371076079402,-889.4253313803031,none,0.0,success,105.0,0.005,"(385, 448, -484)",385.0,448.0,-484.0,,,,
5640,realistic,3,x0y0,utah,9.857,12.1,Ab,saline,57.65083776702027,12.1,,b,-1,0.08,soma,74.206042606,321.80177014444735,116.29294174427969,72.43018070041035,,322.0,116.51263239677462,72.90732669923545,none,0.0,success,105.0,0.005,"(322, -578, -367)",322.0,-578.0,-367.0,,,,
5641,realistic,3,x0y0,utah,6.377,8.1,Ab,saline,131.02324121863398,8.1,,b,-1,0.08,soma,63.082484366,-691.0392949396629,1190.8313285717195,-798.5355555699216,,-691.0,1190.9987131028554,-798.9776713689214,periphery,5.190000000000111,success,47.3876953125,0.005,"(-691, 575, -263)",-691.0,575.0,-263.0,-691.0,,575.0,-263.0
5642,realistic,3,x0y0,utah,5.42,7.0,Ab,saline,17.507801215804538,7.0,,b,-1,0.08,soma,60.02350585000001,-945.8710330313913,357.4337564310172,1210.3237461093406,,-946.0,357.1555352798401,1210.2767087645727,none,0.0,success,105.0,0.005,"(-946, 112, 433)",-946.0,112.0,433.0,,,,
5643,realistic,3,x0y0,utah,6.898999999999999,8.7,Ab,saline,203.24181020428472,8.7,,b,-1,0.08,soma,64.751018102,942.6786977024697,-614.9453546759622,-1158.32948847688,,943.0,-614.5363758715247,-1158.0046177160589,none,0.0,success,105.0,0.005,"(943, -292, -407)",943.0,-292.0,-407.0,,,,
5644,realistic,3,x0y0,utah,4.985,6.5,Ab,saline,191.8925113325495,6.5,,b,-1,0.08,soma,58.63306107,-1027.8050485813374,-248.8860849838256,-1359.9966039564595,,-1028.0,-248.83063694326356,-1359.8087251284978,none,0.0,success,105.0,0.005,"(-1028, -81, -563)",-1028.0,-81.0,-563.0,,,,
5645,realistic,3,x0y0,utah,7.595000000000001,9.5,Ab,saline,119.20309554046969,9.5,,b,-1,0.08,soma,66.97572975,439.86835665367187,469.346303940441,-313.93363088409336,,440.0,469.4580572493877,-314.3402292725126,none,0.0,success,105.0,0.005,"(440, -245, 85)",440.0,-245.0,85.0,,,,
5646,realistic,3,x0y0,utah,5.507,7.1,Ab,saline,12.633457319457689,7.1,,b,-1,0.08,soma,60.301594806000004,-422.90435310259215,462.54010746415497,1380.3222671034528,,-423.0,462.27347939203617,1380.4241481058477,none,0.0,success,105.0,0.005,"(-423, 284, 585)",-423.0,284.0,585.0,,,,
5647,realistic,3,x0y0,utah,6.29,8.0,Ab,saline,137.993883373966,8.0,,b,-1,0.08,soma,62.80439541,1016.7106430965202,379.82247592030853,-490.20178023785144,,1017.0,379.3363507041861,-490.6684731145856,none,0.0,success,105.0,0.005,"(1017, -167, 116)",1017.0,-167.0,116.0,,,,
5648,realistic,3,x0y0,utah,5.42,7.0,Ab,saline,127.05453175920758,7.0,,b,-1,0.08,soma,60.02350585000001,939.6532230028844,1138.3588788591278,-801.8984638537778,,940.0,1138.4608800094427,-802.1260823126051,central,5.260000000000122,success,76.025390625,0.005,"(940, 488, -311)",940.0,488.0,-311.0,940.0,,488.0,-311.0
5649,realistic,3,x0y0,utah,7.421000000000001,9.3,Ab,saline,237.5297703681254,9.3,,b,-1,0.08,soma,66.419551838,114.4557199775893,-106.8426483650742,-77.77629696428677,,114.0,-107.32358794286051,-78.29682869091124,tjn,5.195000000000112,success,67.4072265625,0.005,"(114, 583, 361)",114.0,583.0,361.0,114.0,,583.0,361.0
5650,realistic,3,x0y0,utah,4.898000000000001,6.4,Ab,saline,359.40125054110473,6.4,,b,-1,0.08,soma,58.354972114000006,193.4187867925849,-23.50528271562461,187.87960994449304,,193.0,-23.467445854992803,188.0960683083946,none,0.0,success,105.0,0.005,"(193, -15, -626)",193.0,-15.0,-626.0,,,,
5651,realistic,3,x0y0,utah,7.856,9.8,Ab,saline,0.8525210339416532,9.8,,b,-1,0.08,soma,67.809996618,-122.4937727344202,173.57993607738854,1444.1238911044675,,-122.0,173.2016844748041,1443.8231078091694,none,0.0,success,105.0,0.005,"(-122, 161, 625)",-122.0,161.0,625.0,,,,
5652,realistic,3,x0y0,utah,4.724,6.2,Ab,saline,142.43336088585414,6.2,,b,-1,0.08,soma,57.798794201999996,-779.4118447704292,707.527867340861,-1215.205680579262,,-779.0,707.2344624124798,-1215.0966621422526,none,0.0,success,105.0,0.005,"(-779, 211, -570)",-779.0,211.0,-570.0,,,,
5653,realistic,3,x0y0,utah,6.203,7.9,Ab,saline,101.93753588072953,7.9,,b,-1,0.08,soma,62.52630645400001,996.8811521451306,1204.9054409558576,-324.97648095655177,,997.0,1204.631869117297,-324.8032200873437,central,5.240000000000119,success,45.9228515625,0.005,"(997, 406, -156)",997.0,406.0,-156.0,997.0,,406.0,-156.0
5654,realistic,3,x0y0,utah,4.985,6.5,Ab,saline,16.054784976758132,6.5,,b,-1,0.08,soma,58.63306107,-1322.2572997413522,287.2392531910764,1333.8037633783906,,-1322.0,287.23995234598107,1333.558185844135,none,0.0,success,105.0,0.005,"(-1322, 62, 551)",-1322.0,62.0,551.0,,,,
5655,realistic,3,x0y0,utah,7.073,8.9,Ab,saline,64.17456300883833,8.9,,b,-1,0.08,soma,65.307196014,343.3157611109432,1166.7562491024166,690.5830353493325,,343.0,1166.9700035661008,690.1699072918493,central,5.18000000000011,success,72.16796875,0.005,"(343, 431, 334)",343.0,431.0,334.0,343.0,,431.0,334.0
5656,realistic,3,x0y0,utah,4.637,6.1,Ab,saline,133.89106613778276,6.1,,b,-1,0.08,soma,57.520705246000006,318.7739709573374,888.2675370739189,-1146.4188267443567,,319.0,888.4770861353962,-1146.180052473526,none,0.0,success,105.0,0.005,"(319, 302, -582)",319.0,302.0,-582.0,,,,
5657,realistic,3,x0y0,utah,5.2459999999999996,6.8,Ab,saline,18.592797548696588,6.8,,b,-1,0.08,soma,59.467327938000004,654.3871762043362,463.0966658473849,1118.0566940645494,,654.0,462.7370920733173,1118.2045667098184,none,0.0,success,105.0,0.005,"(654, 203, 346)",654.0,203.0,346.0,,,,
5658,realistic,3,x0y0,utah,5.507,7.1,Ab,saline,70.29992351950166,7.1,,b,-1,0.08,soma,60.301594806000004,-161.07590960481488,1248.6371765758631,500.1451904762671,,-161.0,1248.464475754925,499.7873338045514,tjn,5.1650000000001075,success,42.29736328125,0.005,"(-161, 481, 225)",-161.0,481.0,225.0,-161.0,,481.0,225.0
5659,realistic,3,x0y0,utah,5.681,7.3,Ab,saline,177.03907093493694,7.3,,b,-1,0.08,soma,60.857772718,-313.41967214077096,-54.9003049594112,-680.5179975671504,,-313.0,-54.84232657523969,-680.3688288067335,none,0.0,success,105.0,0.005,"(-313, -97, 134)",-313.0,-97.0,134.0,,,,
5660,realistic,3,x0y0,utah,5.159,6.7,Ab,saline,44.26574311512269,6.7,,b,-1,0.08,soma,59.189238982000006,941.9123763833724,1003.4422389332473,983.1665185399879,,942.0,1003.5870444047181,983.3312070175052,none,0.0,success,105.0,0.005,"(942, 435, 400)",942.0,435.0,400.0,,,,
5661,realistic,3,x0y0,utah,5.594,7.2,Ab,saline,134.59422832079338,7.2,,b,-1,0.08,soma,60.579683761999995,1783.2108228780469,517.1248376980084,-423.4449999159583,,1783.0,517.5678964034602,-423.4149979846502,none,0.0,success,105.0,0.005,"(1783, -63, 149)",1783.0,-63.0,149.0,,,,
5662,realistic,3,x0y0,utah,6.029,7.7,Ab,saline,5.441078801962948,7.7,,b,-1,0.08,soma,61.970128542,-1182.983996923226,11.082643151879434,208.9964122436586,,-1183.0,11.35538409289083,209.31313148178083,none,0.0,success,105.0,0.005,"(-1183, -66, -603)",-1183.0,-66.0,-603.0,,,,
5663,realistic,3,x0y0,utah,5.2459999999999996,6.8,Ab,saline,205.7690333779247,6.8,,b,-1,0.08,soma,59.467327938000004,1000.4435553065007,-603.8613258046225,-1203.9656060746836,,1000.0,-604.1647237273244,-1203.7491377704816,none,0.0,success,105.0,0.005,"(1000, -250, -470)",1000.0,-250.0,-470.0,,,,
5664,realistic,3,x0y0,utah,5.42,7.0,Ab,saline,97.42036512728212,7.0,,b,-1,0.08,soma,60.02350585000001,-1035.4152165699006,1051.357111911749,-8.8217550032291,,-1035.0,1051.1656542004303,-9.218017302617525,periphery,5.18000000000011,success,105.0,0.005,"(-1035, 243, 96)",-1035.0,243.0,96.0,-1035.0,,243.0,96.0
5665,realistic,3,x0y0,utah,5.42,7.0,Ab,saline,198.5065704418926,7.0,,b,-1,0.08,soma,60.02350585000001,1316.654511806997,-532.1541433413595,-1086.1722006143266,,1317.0,-531.6847303783951,-1085.8756452987777,none,0.0,success,105.0,0.005,"(1317, -273, -313)",1317.0,-273.0,-313.0,,,,
5666,realistic,3,x0y0,utah,4.55,6.0,Ab,saline,89.36887834930786,6.0,,b,-1,0.08,soma,57.24261629,1155.7409150504673,1229.795082983851,82.80508760323619,,1156.0,1229.5399460141857,82.949834389595,central,5.2350000000001184,success,39.276123046875,0.005,"(1156, 416, 74)",1156.0,416.0,74.0,1156.0,,416.0,74.0
5667,realistic,3,x0y0,utah,6.116,7.8,Ab,saline,56.9230733618828,7.8,,b,-1,0.08,soma,62.248217498,715.3893853541591,450.4368708998695,355.19805727066887,,715.0,450.83039072078725,355.4405385552043,none,0.0,success,105.0,0.005,"(715, -233, -90)",715.0,-233.0,-90.0,,,,
5668,realistic,3,x0y0,utah,5.2459999999999996,6.8,Ab,saline,137.89250180094598,6.8,,b,-1,0.08,soma,59.467327938000004,1995.0487976970355,803.0114685124918,-777.2711599669333,,1995.0,803.2789216912147,-777.4509052986014,none,0.0,success,105.0,0.005,"(1995, 257, -173)",1995.0,257.0,-173.0,,,,
5669,realistic,3,x0y0,utah,7.595000000000001,9.5,Ab,saline,-17.131916420593992,9.5,,b,-1,0.08,soma,66.97572975,286.6285346365194,-592.3337426040139,1329.8740926302044,,287.0,-592.1265249921751,1330.1470036745502,none,0.0,success,105.0,0.005,"(287, -351, 548)",287.0,-351.0,548.0,,,,
5670,realistic,3,x0y0,utah,5.159,6.7,Ab,saline,168.40334761519932,6.7,,b,-1,0.08,soma,59.189238982000006,-1389.3912028866234,292.6161245382837,-1083.646505195176,,-1389.0,292.7335185176911,-1083.976889253384,none,0.0,success,105.0,0.005,"(-1389, 129, -286)",-1389.0,129.0,-286.0,,,,
5671,realistic,3,x0y0,utah,4.55,6.0,Ab,saline,46.4611635257219,6.0,,b,-1,0.08,soma,57.24261629,-1238.1371052720297,1037.6085215776584,709.6779755809625,,-1238.0,1037.7940862743108,709.4223570502762,periphery,5.185000000000111,success,36.907958984375,0.005,"(-1238, 448, 149)",-1238.0,448.0,149.0,-1238.0,,448.0,149.0
5672,realistic,3,x0y0,utah,5.333,6.9,Ab,saline,142.24590161602276,6.9,,b,-1,0.08,soma,59.745416893999995,1661.3426311724993,735.3176307566423,-1066.286643578763,,1661.0,734.9465593820981,-1066.2383632981982,none,0.0,success,105.0,0.005,"(1661, 236, -422)",1661.0,236.0,-422.0,,,,
5673,realistic,3,x0y0,utah,5.159,6.7,Ab,saline,92.06727828996245,6.7,,b,-1,0.08,soma,59.189238982000006,634.3177302299703,1396.0728283433245,-82.02014826608729,,634.0,1396.0244032573564,-82.4068657636251,central,5.130000000000102,success,16.5130615234375,0.005,"(634, 582, -53)",634.0,582.0,-53.0,634.0,,582.0,-53.0
5674,realistic,3,x0y0,utah,5.159,6.7,Ab,saline,187.1198048050274,6.7,,b,-1,0.08,soma,59.189238982000006,1633.1866478056659,-180.89243978345348,-1217.448634636749,,1633.0,-180.92827335493493,-1217.3222409209195,none,0.0,success,105.0,0.005,"(1633, -80, -409)",1633.0,-80.0,-409.0,,,,
5675,realistic,3,x0y0,utah,4.811,6.3,Ab,saline,102.21496949317543,6.3,,b,-1,0.08,soma,58.076883158,-596.1883286052123,1112.6778060700208,-365.31896397771834,,-596.0,1112.6411727993147,-365.2505342381164,tjn,5.215000000000115,success,89.4561767578125,0.005,"(-596, 317, -193)",-596.0,317.0,-193.0,-596.0,,317.0,-193.0
5676,realistic,3,x0y0,utah,5.159,6.7,Ab,saline,115.1778958478598,6.7,,b,-1,0.08,soma,59.189238982000006,-7.009088233220773,1147.049975127411,-685.6032757624216,,-7.0,1147.2081306393552,-685.5285511314714,tjn,5.2100000000001145,success,83.4228515625,0.005,"(-7, 410, -339)",-7.0,410.0,-339.0,-7.0,,410.0,-339.0
5677,realistic,3,x0y0,utah,4.985,6.5,Ab,saline,-5.721355893205963,6.5,,b,-1,0.08,soma,58.63306107,-1138.8024678194074,-240.7955283661136,1117.8621654063118,,-1139.0,-241.18735809433952,1118.244947882325,none,0.0,success,105.0,0.005,"(-1139, -160, 308)",-1139.0,-160.0,308.0,,,,
5678,realistic,3,x0y0,utah,4.898000000000001,6.4,Ab,saline,90.17650622073351,6.4,,b,-1,0.08,soma,58.354972114000006,1026.3042759795292,1110.182825648144,-11.578480249335373,,1026.0,1110.1774860570004,-11.5239502067767,central,5.265000000000123,success,79.541015625,0.005,"(1026, 296, -9)",1026.0,296.0,-9.0,1026.0,,296.0,-9.0
5679,realistic,3,x0y0,utah,5.2459999999999996,6.8,Ab,saline,205.61729115554616,6.8,,b,-1,0.08,soma,59.467327938000004,764.3102361447106,-558.7233930918696,-1238.1623659661834,,764.0,-558.2908363001957,-1238.6453448008474,none,0.0,success,105.0,0.005,"(764, -206, -504)",764.0,-206.0,-504.0,,,,
5680,realistic,3,x0y0,utah,4.985,6.5,Ab,saline,109.16529923991041,6.5,,b,-1,0.08,soma,58.63306107,681.6438961790893,1202.7505018723539,-361.67759343727585,,682.0,1203.203394743361,-361.3401169746405,central,5.1650000000001075,success,47.021484375,0.005,"(682, 434, -94)",682.0,434.0,-94.0,682.0,,434.0,-94.0
5681,realistic,3,x0y0,utah,6.898999999999999,8.7,Ab,saline,312.9256896776866,8.7,,b,-1,0.08,soma,64.751018102,-554.7538803951413,-624.0266648461297,506.3070933404802,,-555.0,-624.4823477271424,506.6327216637312,none,0.0,success,105.0,0.005,"(-555, -26, -50)",-555.0,-26.0,-50.0,,,,
5682,realistic,3,x0y0,utah,5.333,6.9,Ab,saline,101.40480594798171,6.9,,b,-1,0.08,soma,59.745416893999995,-772.0862542744769,1197.073214329499,-249.1117341545341,,-772.0,1196.8197160905943,-249.10033445997192,periphery,5.195000000000112,success,49.7314453125,0.005,"(-772, 398, -88)",-772.0,398.0,-88.0,-772.0,,398.0,-88.0
5683,realistic,3,x0y0,utah,4.898000000000001,6.4,Ab,saline,128.5378093611453,6.4,,b,-1,0.08,soma,58.354972114000006,1075.9226714992574,776.8019459304788,-749.8610856423998,,1076.0,776.8496295937856,-750.2325738135112,none,0.0,success,105.0,0.005,"(1076, 140, -243)",1076.0,140.0,-243.0,,,,
5684,realistic,3,x0y0,utah,5.768000000000001,7.4,Ab,saline,22.27501278990534,7.4,,b,-1,0.08,soma,61.135861674,-568.6164797340689,558.6274136825236,1208.9276120259965,,-569.0,558.1818025803068,1208.7265631965602,none,0.0,success,105.0,0.005,"(-569, 249, 454)",-569.0,249.0,454.0,,,,
5685,realistic,3,x0y0,utah,5.333,6.9,Ab,saline,24.84159471187387,6.9,,b,-1,0.08,soma,59.745416893999995,-43.99218266163118,631.2322807725222,1261.8677034065884,,-44.0,631.3280248185847,1261.4969829156526,none,0.0,success,105.0,0.005,"(-44, 289, 522)",-44.0,289.0,522.0,,,,
5686,realistic,3,x0y0,utah,5.159,6.7,Ab,saline,64.60714884559081,6.7,,b,-1,0.08,soma,59.189238982000006,432.63782244453483,1288.0427655737567,536.0433460704621,,433.0,1287.9047792481697,536.2981728377409,central,5.150000000000105,success,31.7626953125,0.005,"(433, 552, 187)",433.0,552.0,187.0,433.0,,552.0,187.0
5687,realistic,3,x0y0,utah,9.074,11.2,Ab,saline,132.31216724774305,11.2,,b,-1,0.08,soma,71.703242002,1043.8918858273603,314.79565505425444,-321.6738947625426,,1044.0,315.01977373023976,-321.59731125787334,none,0.0,success,105.0,0.005,"(1044, -292, 231)",1044.0,-292.0,231.0,,,,
5688,realistic,3,x0y0,utah,5.594,7.2,Ab,saline,222.4066074334697,7.2,,b,-1,0.08,soma,60.579683761999995,-1314.283887846603,-31.00823937819132,-29.248733561913465,,-1314.0,-30.83146936454648,-29.010019244930504,none,0.0,success,105.0,0.005,"(-1314, 519, 573)",-1314.0,519.0,573.0,,,,
5689,realistic,3,x0y0,utah,5.42,7.0,Ab,saline,52.02213446164606,7.0,,b,-1,0.08,soma,60.02350585000001,74.52919362504207,1136.0597715243491,925.4691678910507,,75.0,1136.3922636554853,925.5582327500451,tjn,5.195000000000112,success,86.46240234375,0.005,"(75, 494, 424)",75.0,494.0,424.0,75.0,,494.0,424.0
5690,realistic,3,x0y0,utah,4.898000000000001,6.4,Ab,saline,177.08126244258395,6.4,,b,-1,0.08,soma,58.354972114000006,-762.0201714992929,-50.916829967756264,-1240.7067165591995,,-762.0,-50.55836595969869,-1241.1190553251263,none,0.0,success,105.0,0.005,"(-762, -92, -428)",-762.0,-92.0,-428.0,,,,
5691,realistic,3,x0y0,utah,5.159,6.7,Ab,saline,83.27625396029308,6.7,,b,-1,0.08,soma,59.189238982000006,397.86063484163583,1428.6876680007829,-19.28347865880869,,398.0,1428.9739166165123,-19.61097005760388,central,5.130000000000102,success,15.3076171875,0.005,"(398, 620, -115)",398.0,620.0,-115.0,398.0,,620.0,-115.0
5692,realistic,3,x0y0,utah,5.42,7.0,Ab,saline,133.36896110152614,7.0,,b,-1,0.08,soma,60.02350585000001,-1554.7533118631638,618.3957044678683,-521.7909225834069,,-1555.0,618.4320432011826,-521.6685707335977,none,0.0,success,105.0,0.005,"(-1555, 26, 38)",-1555.0,26.0,38.0,,,,
5693,realistic,3,x0y0,utah,4.55,6.0,Ab,saline,191.1036167696593,6.0,,b,-1,0.08,soma,57.24261629,-248.84621012252842,-293.2593685106913,-1291.9232039534434,,-249.0,-293.70346394872706,-1292.4065896826887,none,0.0,success,105.0,0.005,"(-249, -137, -494)",-249.0,-137.0,-494.0,,,,
5694,realistic,3,x0y0,utah,4.985,6.5,Ab,saline,198.79862386644527,6.5,,b,-1,0.08,soma,58.63306107,-333.4049631092941,-442.8389014113951,-1245.061593182318,,-333.0,-442.3727861383771,-1244.9134594574848,none,0.0,success,105.0,0.005,"(-333, -180, -474)",-333.0,-180.0,-474.0,,,,
5695,realistic,3,x0y0,utah,5.2459999999999996,6.8,Ab,saline,49.03860036620889,6.8,,b,-1,0.08,soma,59.467327938000004,-1354.2847263231383,912.1530992069087,835.9346332900836,,-1354.0,912.286863029389,836.1393900980765,none,0.0,success,105.0,0.005,"(-1354, 297, 302)",-1354.0,297.0,302.0,,,,
5696,realistic,3,x0y0,utah,4.811,6.3,Ab,saline,-9.68851464518944,6.3,,b,-1,0.08,soma,58.076883158,-80.21348833414255,-316.96189839655153,1343.4649702446604,,-80.0,-317.00266971774573,1343.3976918644205,none,0.0,success,105.0,0.005,"(-80, -180, 541)",-80.0,-180.0,541.0,,,,
5697,realistic,3,x0y0,utah,6.116,7.8,Ab,saline,170.44736243250938,7.8,,b,-1,0.08,soma,62.248217498,1091.261449225202,220.61415570863483,-1368.7656304848306,,1091.0,220.47660205233404,-1368.7799836373893,none,0.0,success,105.0,0.005,"(1091, 85, -564)",1091.0,85.0,-564.0,,,,
5698,realistic,3,x0y0,utah,6.377,8.1,Ab,saline,171.79307234906705,8.1,,b,-1,0.08,soma,63.082484366,-1262.1368109089735,61.97096777738261,-240.19942672189973,,-1262.0,61.52043525951413,-240.2125215127336,none,0.0,success,105.0,0.005,"(-1262, -55, 568)",-1262.0,-55.0,568.0,,,,
5699,realistic,3,x0y0,utah,6.203,7.9,Ab,saline,39.027516025264575,7.9,,b,-1,0.08,soma,62.52630645400001,-680.3546419785198,551.8409375624433,839.2376244547181,,-680.0,552.0009075870421,839.0732174267338,none,0.0,success,105.0,0.005,"(-680, 38, 205)",-680.0,38.0,205.0,,,,
5700,realistic,3,x0y0,utah,5.072,6.6,Ab,saline,101.15421324440105,6.6,,b,-1,0.08,soma,58.911150026,-1075.462261758115,1264.0888043898176,-375.5413203034595,,-1075.0,1264.0623646452545,-375.59715376501555,periphery,5.195000000000112,success,47.021484375,0.005,"(-1075, 465, -218)",-1075.0,465.0,-218.0,-1075.0,,465.0,-218.0
5701,realistic,3,x0y0,utah,4.811,6.3,Ab,saline,224.24909574230247,6.3,,b,-1,0.08,soma,58.076883158,1443.086107934529,-586.208398902309,-773.3904339863547,,1443.0,-586.0360245338263,-773.0957357030378,none,0.0,success,105.0,0.005,"(1443, -18, -190)",1443.0,-18.0,-190.0,,,,
5702,realistic,3,x0y0,utah,5.072,6.6,Ab,saline,150.64459396087776,6.6,,b,-1,0.08,soma,58.911150026,-774.8954594451344,512.6113516430587,-1136.2460919399246,,-775.0,512.2461228713727,-1135.8794791813311,none,0.0,success,105.0,0.005,"(-775, 113, -426)",-775.0,113.0,-426.0,,,,
5703,realistic,3,x0y0,utah,4.985,6.5,Ab,saline,45.038582020410225,6.5,,b,-1,0.08,soma,58.63306107,42.817506104072535,842.2018429439868,1182.4617145522816,,43.0,842.2103770065661,1182.3960604760312,none,0.0,success,105.0,0.005,"(43, 266, 607)",43.0,266.0,607.0,,,,
5704,realistic,3,x0y0,utah,5.2459999999999996,6.8,Ab,saline,-17.832252037649692,6.8,,b,-1,0.08,soma,59.467327938000004,766.5023037006492,-383.9340566216215,1117.2122183375513,,767.0,-383.47144790730795,1117.6264480984883,none,0.0,success,105.0,0.005,"(767, -134, 342)",767.0,-134.0,342.0,,,,
5705,realistic,3,x0y0,utah,4.985,6.5,Ab,saline,163.5123959219374,6.5,,b,-1,0.08,soma,58.63306107,-455.5114633594269,480.0897572437329,-1376.2185789854352,,-456.0,480.1030313658331,-1375.8481211300118,none,0.0,success,105.0,0.005,"(-456, 249, -595)",-456.0,249.0,-595.0,,,,
5706,realistic,3,x0y0,utah,5.507,7.1,Ab,saline,-0.2870138938494803,7.1,,b,-1,0.08,soma,60.301594806000004,67.53631518873226,-150.58307651323094,1453.2513329409967,,68.0,-150.075753987015,1453.1507974030003,none,0.0,success,105.0,0.005,"(68, -146, 638)",68.0,-146.0,638.0,,,,
5707,realistic,3,x0y0,utah,4.724,6.2,Ab,saline,-11.713940925060143,6.2,,b,-1,0.08,soma,57.798794201999996,-1211.7195810588964,-51.74182831339385,1275.1942567743315,,-1212.0,-51.22157761150305,1274.9702896412994,none,0.0,success,105.0,0.005,"(-1212, 114, 478)",-1212.0,114.0,478.0,,,,
5708,realistic,3,x0y0,utah,4.985,6.5,Ab,saline,89.22517577321257,6.5,,b,-1,0.08,soma,58.63306107,-1638.651721397998,1202.0242922002662,83.46747674662402,,-1639.0,1202.2350988819467,82.99327316222251,periphery,5.195000000000112,success,62.40234375,0.005,"(-1639, 388, 72)",-1639.0,388.0,72.0,-1639.0,,388.0,72.0
5709,realistic,3,x0y0,utah,7.073,8.9,Ab,saline,41.04169891167501,8.9,,b,-1,0.08,soma,65.307196014,-1013.0356766745452,809.2782779862822,1149.3134713849267,,-1013.0,808.8713524513963,1149.6743436168795,none,0.0,success,105.0,0.005,"(-1013, 272, 533)",-1013.0,272.0,533.0,,,,
5710,realistic,3,x0y0,utah,5.072,6.6,Ab,saline,205.89472595166737,6.6,,b,-1,0.08,soma,58.911150026,-1117.4499532358889,-384.8117904311199,-1155.8688745584438,,-1117.0,-384.6727496081771,-1155.6842352816948,none,0.0,success,105.0,0.005,"(-1117, -29, -423)",-1117.0,-29.0,-423.0,,,,
5711,realistic,3,x0y0,utah,5.333,6.9,Ab,saline,71.8769230169937,6.9,,b,-1,0.08,soma,59.745416893999995,573.9576835386558,429.73827331003304,154.15760143528996,,574.0,429.45502210802897,154.50689959786175,none,0.0,success,105.0,0.005,"(574, -345, -99)",574.0,-345.0,-99.0,,,,
5712,realistic,3,x0y0,utah,4.55,6.0,Ab,saline,-9.030830179943262,6.0,,b,-1,0.08,soma,57.24261629,-1573.2702012606546,-395.1170785568975,1202.7557409200544,,-1573.0,-394.738545378765,1202.5324039240022,none,0.0,success,105.0,0.005,"(-1573, -267, 399)",-1573.0,-267.0,399.0,,,,
5713,realistic,3,x0y0,utah,5.333,6.9,Ab,saline,48.19885378300888,6.9,,b,-1,0.08,soma,59.745416893999995,-367.787545540224,872.8555434626725,741.7163144296028,,-368.0,872.4876041472387,742.1126601799256,tjn,5.225000000000117,success,99.462890625,0.005,"(-368, 265, 199)",-368.0,265.0,199.0,-368.0,,265.0,199.0
5714,realistic,3,x0y0,utah,6.4639999999999995,8.2,Ab,saline,67.69624531983146,8.2,,b,-1,0.08,soma,63.360573322,626.1266752244222,478.58694579452634,272.1007614727091,,626.0,478.5926012187575,271.9301687878496,none,0.0,success,105.0,0.005,"(626, -277, -38)",626.0,-277.0,-38.0,,,,
5715,realistic,3,x0y0,utah,5.333,6.9,Ab,saline,103.20743534222427,6.9,,b,-1,0.08,soma,59.745416893999995,-1971.5520692745301,886.7502111918916,-104.41688871442238,,-1972.0,886.2785816731547,-104.19841388013955,none,0.0,success,105.0,0.005,"(-1972, 93, 82)",-1972.0,93.0,82.0,,,,
5716,realistic,3,x0y0,utah,4.55,6.0,Ab,saline,328.5973223279633,6.0,,b,-1,0.08,soma,57.24261629,56.86704701818135,-562.0258738059803,747.5254633160325,,57.0,-561.8967015435452,747.4257865017578,none,0.0,success,105.0,0.005,"(57, -138, 53)",57.0,-138.0,53.0,,,,
5717,realistic,3,x0y0,utah,4.898000000000001,6.4,Ab,saline,54.998248561345214,6.4,,b,-1,0.08,soma,58.354972114000006,1753.6397134740796,701.7844512987593,534.9568381667073,,1754.0,701.8927788292889,535.0122060022953,none,0.0,success,105.0,0.005,"(1754, 35, 68)",1754.0,35.0,68.0,,,,
5718,realistic,3,x0y0,utah,5.2459999999999996,6.8,Ab,saline,7.539844653709623,6.8,,b,-1,0.08,soma,59.467327938000004,-441.48277436079735,3.0881035941033588,1380.0312202151244,,-441.0,2.893056712732843,1379.7269544588669,none,0.0,success,105.0,0.005,"(-441, -104, 572)",-441.0,-104.0,572.0,,,,
5719,realistic,3,x0y0,utah,5.159,6.7,Ab,saline,-3.0758590079160046,6.7,,b,-1,0.08,soma,59.189238982000006,473.9363036572226,-263.47365185776556,1171.7545694859,,474.0,-263.7437310666667,1171.4541870237128,none,0.0,success,105.0,0.005,"(474, -220, 358)",474.0,-220.0,358.0,,,,
5720,realistic,3,x0y0,utah,6.4639999999999995,8.2,Ab,saline,175.00893995209756,8.2,,b,-1,0.08,soma,63.360573322,867.548582344555,161.24433848353598,-1417.0732762533105,,868.0,161.05118493950704,-1416.5769015716885,none,0.0,success,105.0,0.005,"(868, 90, -603)",868.0,90.0,-603.0,,,,
5721,realistic,3,x0y0,utah,7.16,9.0,Ab,saline,101.90904026732971,9.0,,b,-1,0.08,soma,65.58528497,-1699.0310792449093,452.03843511707686,-138.5181177956283,,-1699.0,452.2101006715727,-138.79240140890406,none,0.0,success,105.0,0.005,"(-1699, -348, 30)",-1699.0,-348.0,30.0,,,,
5722,realistic,3,x0y0,utah,4.55,6.0,Ab,saline,173.73657795666023,6.0,,b,-1,0.08,soma,57.24261629,1889.666640256664,8.88587829707194,-1156.827422646332,,1890.0,8.766084718619538,-1156.7395802961303,none,0.0,success,105.0,0.005,"(1890, -80, -348)",1890.0,-80.0,-348.0,,,,
5723,realistic,3,x0y0,utah,5.768000000000001,7.4,Ab,saline,134.31979309556073,7.4,,b,-1,0.08,soma,61.135861674,-712.6463625007657,1105.0309429611152,-834.9546347077701,,-713.0,1105.5388545138737,-834.8373132758121,periphery,5.185000000000111,success,53.9306640625,0.005,"(-713, 522, -265)",-713.0,522.0,-265.0,-713.0,,522.0,-265.0
5724,realistic,3,x0y0,utah,5.768000000000001,7.4,Ab,saline,214.02926232940487,7.4,,b,-1,0.08,soma,61.135861674,-1033.2648527487572,-411.0494287898391,-546.1381722750666,,-1033.0,-411.39181409638536,-545.9427010777058,none,0.0,success,105.0,0.005,"(-1033, 45, 130)",-1033.0,45.0,130.0,,,,
5725,realistic,3,x0y0,utah,5.855,7.5,Ab,saline,107.36669354472812,7.5,,b,-1,0.08,soma,61.41395063,1230.7093536235575,1026.6496352835038,-438.0400337012893,,1231.0,1026.5107372406362,-438.48853213152756,none,0.0,success,105.0,0.005,"(1231, 248, -195)",1231.0,248.0,-195.0,,,,
5726,realistic,3,x0y0,utah,5.681,7.3,Ab,saline,161.48168973808026,7.3,,b,-1,0.08,soma,60.857772718,115.8739538299043,363.8244979889,-1256.0462961174128,,116.0,363.98021430761844,-1256.189670045604,none,0.0,success,105.0,0.005,"(116, 105, -483)",116.0,105.0,-483.0,,,,
5727,realistic,3,x0y0,utah,5.42,7.0,Ab,saline,171.95704307407445,7.0,,b,-1,0.08,soma,60.02350585000001,-131.30158373624013,206.04779439994041,-1336.3318702089107,,-131.0,206.02014423420752,-1336.0246377463352,none,0.0,success,105.0,0.005,"(-131, 92, -529)",-131.0,92.0,-529.0,,,,
5728,realistic,3,x0y0,utah,6.29,8.0,Ab,saline,-5.4826098369791065,8.0,,b,-1,0.08,soma,62.80439541,460.7798752529979,-292.31820185352353,1361.4257195229748,,461.0,-291.96640988082754,1361.6467475955571,none,0.0,success,105.0,0.005,"(461, -214, 549)",461.0,-214.0,549.0,,,,
5729,realistic,3,x0y0,utah,8.9,11.0,Ab,saline,226.68509889239982,11.0,,b,-1,0.08,soma,71.14706409,-1366.1236705229774,-125.37529069709171,-111.61418277295616,,-1366.0,-125.04930191594212,-111.91344298287015,none,0.0,success,105.0,0.005,"(-1366, 472, 451)",-1366.0,472.0,451.0,,,,
5730,realistic,3,x0y0,utah,5.333,6.9,Ab,saline,51.570169551152105,6.9,,b,-1,0.08,soma,59.745416893999995,-570.965611983435,1266.9618666851457,696.5537083700387,,-571.0,1267.3712797973799,696.5248755706554,periphery,5.155000000000106,success,30.615234375,0.005,"(-571, 629, 190)",-571.0,629.0,190.0,-571.0,,629.0,190.0
5731,realistic,3,x0y0,utah,5.768000000000001,7.4,Ab,saline,17.417474233687383,7.4,,b,-1,0.08,soma,61.135861674,-271.0950784222017,474.0626955966486,1299.1243996387238,,-271.0,474.0994816995142,1299.133362811582,none,0.0,success,105.0,0.005,"(-271, 230, 521)",-271.0,230.0,521.0,,,,
5732,realistic,3,x0y0,utah,4.637,6.1,Ab,saline,21.33585897347493,6.1,,b,-1,0.08,soma,57.520705246000006,-998.1808349343332,475.76946991433306,1219.1292755374652,,-998.0,476.0460162842475,1219.0177684683247,none,0.0,success,105.0,0.005,"(-998, 180, 461)",-998.0,180.0,461.0,,,,
5733,realistic,3,x0y0,utah,4.55,6.0,Ab,saline,11.134549931530278,6.0,,b,-1,0.08,soma,57.24261629,-154.59114086811755,251.15159746753397,1180.5161185999534,,-155.0,251.11027460279956,1180.3252275518744,none,0.0,success,105.0,0.005,"(-155, 94, 382)",-155.0,94.0,382.0,,,,
5734,realistic,3,x0y0,utah,4.811,6.3,Ab,saline,75.58288466698785,6.3,,b,-1,0.08,soma,58.076883158,-935.0046538569113,1250.8829595415973,248.74138836786503,,-935.0,1250.3962306692615,248.69557195317105,periphery,5.18000000000011,success,25.7568359375,0.005,"(-935, 462, 46)",-935.0,462.0,46.0,-935.0,,462.0,46.0
5735,realistic,3,x0y0,utah,5.2459999999999996,6.8,Ab,saline,60.319268786249545,6.8,,b,-1,0.08,soma,59.467327938000004,-1346.0319777851967,1187.667912467372,579.4932174813703,,-1346.0,1187.8406072562675,579.4561103974489,periphery,5.185000000000111,success,37.255859375,0.005,"(-1346, 480, 176)",-1346.0,480.0,176.0,-1346.0,,480.0,176.0
5736,realistic,3,x0y0,utah,7.247,9.1,Ab,saline,327.9343938186583,9.1,,b,-1,0.08,soma,65.86337392600001,-986.4412180086213,-510.8375278269323,737.3784786079888,,-986.0,-511.23993260865683,737.1153115324464,none,0.0,success,105.0,0.005,"(-986, -77, 44)",-986.0,-77.0,44.0,,,,
5737,realistic,3,x0y0,utah,5.072,6.6,Ab,saline,-3.239288171314103,6.6,,b,-1,0.08,soma,58.911150026,310.97153043714013,-190.16507113246098,1211.9993262789847,,311.0,-190.01673998823452,1212.1524460929793,none,0.0,success,105.0,0.005,"(311, -144, 399)",311.0,-144.0,399.0,,,,
5738,realistic,3,x0y0,utah,5.768000000000001,7.4,Ab,saline,56.63105643710455,7.4,,b,-1,0.08,soma,61.135861674,-1977.0188758169159,922.1913034059587,625.2988584915115,,-1977.0,922.0807790419789,625.5623619603502,periphery,5.290000000000127,success,94.775390625,0.005,"(-1977, 241, 177)",-1977.0,241.0,177.0,-1977.0,,241.0,177.0
5739,realistic,3,x0y0,utah,4.898000000000001,6.4,Ab,saline,71.8503697349118,6.4,,b,-1,0.08,soma,58.354972114000006,657.2239017896393,1212.6619258582468,602.202420614125,,657.0,1212.6314472513618,602.6162869067556,none,0.0,success,105.0,0.005,"(657, 439, 349)",657.0,439.0,349.0,,,,
5740,realistic,3,x0y0,utah,5.072,6.6,Ab,saline,98.42183137221814,6.6,,b,-1,0.08,soma,58.911150026,863.593603811938,1392.1956663455658,-228.5431940655253,,864.0,1392.6594548028597,-228.3177417394045,central,5.225000000000117,success,24.13330078125,0.005,"(864, 587, -109)",864.0,587.0,-109.0,864.0,,587.0,-109.0
5741,realistic,3,x0y0,utah,7.595000000000001,9.5,Ab,saline,172.39985208860924,9.5,,b,-1,0.08,soma,66.97572975,-1899.3176546551695,-0.9840529504267579,-1036.8498346963715,,-1899.0,-0.7140554770374621,-1037.2851716641003,none,0.0,success,105.0,0.005,"(-1899, -109, -226)",-1899.0,-109.0,-226.0,,,,
5742,realistic,3,x0y0,utah,4.898000000000001,6.4,Ab,saline,66.55703944165806,6.4,,b,-1,0.08,soma,58.354972114000006,477.63382348745836,1306.1438693413265,487.60540313779165,,478.0,1306.0078434572977,487.87980395347466,central,5.145000000000104,success,28.1982421875,0.005,"(478, 559, 164)",478.0,559.0,164.0,478.0,,559.0,164.0
5743,realistic,3,x0y0,utah,5.159,6.7,Ab,saline,33.33694535135036,6.7,,b,-1,0.08,soma,59.189238982000006,717.8815708443109,620.2026256713548,932.7003824871013,,718.0,620.7012028722537,932.5938045847307,none,0.0,success,105.0,0.005,"(718, 173, 252)",718.0,173.0,252.0,,,,
5744,realistic,3,x0y0,utah,5.855,7.5,Ab,saline,80.45921572904659,7.5,,b,-1,0.08,soma,61.41395063,-1491.409276462367,1297.0388051504342,193.753041207578,,-1491.0,1297.4502190556532,194.16264580969553,periphery,5.170000000000108,success,26.6357421875,0.005,"(-1491, 493, 59)",-1491.0,493.0,59.0,-1491.0,,493.0,59.0
5745,realistic,3,x0y0,utah,6.029,7.7,Ab,saline,280.387794975948,7.7,,b,-1,0.08,soma,61.970128542,-998.5014390261772,-181.84904263890576,50.251366333290214,,-999.0,-181.60290921695594,50.12210708806134,periphery,5.150000000000105,success,12.92724609375,0.005,"(-999, 621, -97)",-999.0,621.0,-97.0,-999.0,,621.0,-97.0
5746,realistic,3,x0y0,utah,5.333,6.9,Ab,saline,187.86182957213245,6.9,,b,-1,0.08,soma,59.745416893999995,264.7111841926959,-331.1311736543425,-1337.2920392677995,,265.0,-331.4745865155496,-1337.2129049875984,none,0.0,success,105.0,0.005,"(265, -220, -530)",265.0,-220.0,-530.0,,,,
5747,realistic,3,x0y0,utah,4.724,6.2,Ab,saline,111.64235890544904,6.2,,b,-1,0.08,soma,57.798794201999996,1625.78203676183,944.9982526851503,-319.6355987590005,,1626.0,944.5194896053797,-319.1660976508489,none,0.0,success,105.0,0.005,"(1626, 188, -19)",1626.0,188.0,-19.0,,,,
5748,realistic,3,x0y0,utah,5.594,7.2,Ab,saline,13.774484295486586,7.2,,b,-1,0.08,soma,60.579683761999995,621.077497859805,458.2317677369333,1351.8674627913604,,621.0,458.1205113518661,1351.8094944348272,none,0.0,success,105.0,0.005,"(621, 264, 560)",621.0,264.0,560.0,,,,
5749,realistic,3,x0y0,utah,7.334,9.2,Ab,saline,9.804282064920557,9.2,,b,-1,0.08,soma,66.141462882,310.52977609671404,67.40711925839378,1210.9578844595214,,311.0,67.31744556440233,1211.1268987619617,none,0.0,success,105.0,0.005,"(311, -72, 405)",311.0,-72.0,405.0,,,,
5750,realistic,3,x0y0,utah,4.811,6.3,Ab,saline,51.77300353012448,6.3,,b,-1,0.08,soma,58.076883158,683.57058177466,760.2475430081818,764.8877152928052,,684.0,760.5085997044625,764.7269876490852,none,0.0,success,105.0,0.005,"(684, 121, 261)",684.0,121.0,261.0,,,,
5751,realistic,3,x0y0,utah,4.985,6.5,Ab,saline,18.68839734505688,6.5,,b,-1,0.08,soma,58.63306107,107.93260386694216,352.9061091128341,1422.2218267838125,,108.0,352.9070163834141,1422.4020493758057,none,0.0,success,105.0,0.005,"(108, 92, 651)",108.0,92.0,651.0,,,,
5752,realistic,3,x0y0,utah,5.2459999999999996,6.8,Ab,saline,22.724745286355105,6.8,,b,-1,0.08,soma,59.467327938000004,-588.6650064963038,391.4188218114969,1386.5649849203485,,-589.0,391.7316143912248,1386.5103316450059,none,0.0,success,105.0,0.005,"(-589, 77, 635)",-589.0,77.0,635.0,,,,
5753,realistic,3,x0y0,utah,6.116,7.8,Ab,saline,51.502090447391126,7.8,,b,-1,0.08,soma,62.248217498,-126.08068763357781,710.310847383676,720.0520558726795,,-126.0,710.6987275069675,720.0372576962527,none,0.0,success,105.0,0.005,"(-126, 72, 212)",-126.0,72.0,212.0,,,,
5754,realistic,3,x0y0,utah,5.681,7.3,Ab,saline,98.01427918356177,7.3,,b,-1,0.08,soma,60.857772718,-1572.546236634706,815.5965327439235,-161.6500828745743,,-1573.0,815.437683272682,-161.67078675844462,none,0.0,success,105.0,0.005,"(-1573, 8, -48)",-1573.0,8.0,-48.0,,,,
5755,realistic,3,x0y0,utah,4.724,6.2,Ab,saline,158.6464898995133,6.2,,b,-1,0.08,soma,57.798794201999996,700.7549483952562,455.5894998314766,-1200.300426189436,,701.0,455.34077048447415,-1200.0658984598717,none,0.0,success,105.0,0.005,"(701, 159, -442)",701.0,159.0,-442.0,,,,
5756,realistic,3,x0y0,utah,4.724,6.2,Ab,saline,74.72233957839504,6.2,,b,-1,0.08,soma,57.798794201999996,1215.1869419987104,1260.9536642923151,512.6156713843907,,1215.0,1261.1687483833348,512.4624911361136,central,5.275000000000125,success,81.390380859375,0.005,"(1215, 476, 298)",1215.0,476.0,298.0,1215.0,,476.0,298.0
5757,realistic,3,x0y0,utah,6.811999999999999,8.6,Ab,saline,336.633986909717,8.6,,b,-1,0.08,soma,64.472929146,-1338.1869587984688,-319.8850428068563,564.4928422393094,,-1338.0,-320.11598184965186,564.2230744780142,none,0.0,success,105.0,0.005,"(-1338, 4, -186)",-1338.0,4.0,-186.0,,,,
5758,realistic,3,x0y0,utah,5.42,7.0,Ab,saline,9.70557103100097,7.0,,b,-1,0.08,soma,60.02350585000001,-1271.636159543091,56.5323034949215,501.77605182343865,,-1272.0,56.41098154315503,501.3570848581727,none,0.0,success,105.0,0.005,"(-1272, -81, -302)",-1272.0,-81.0,-302.0,,,,
5759,realistic,3,x0y0,utah,5.594,7.2,Ab,saline,141.59698408347913,7.2,,b,-1,0.08,soma,60.579683761999995,-171.04715014159643,830.0871713810843,-1069.2510284620294,,-171.0,830.4580497764773,-1068.9426490821397,none,0.0,success,105.0,0.005,"(-171, 324, -430)",-171.0,324.0,-430.0,,,,
5760,realistic,3,x0y0,utah,4.55,6.0,Ab,saline,37.409052486270646,6.0,,b,-1,0.08,soma,57.24261629,569.070448406237,1008.4985940117026,1020.3584367734392,,569.0,1008.2749446980877,1020.2594050595737,central,5.190000000000111,success,89.044189453125,0.005,"(569, 514, 374)",569.0,514.0,374.0,569.0,,514.0,374.0
5761,realistic,3,x0y0,utah,4.724,6.2,Ab,saline,44.48541081641303,6.2,,b,-1,0.08,soma,57.798794201999996,-789.3285833958714,961.5021306949576,1031.93580546694,,-789.0,961.2993075486709,1031.6358298918535,none,0.0,success,105.0,0.005,"(-789, 391, 451)",-789.0,391.0,451.0,,,,
5762,realistic,3,x0y0,utah,5.333,6.9,Ab,saline,20.411892662532807,6.9,,b,-1,0.08,soma,59.745416893999995,241.83563508893525,609.5644629931921,1298.6797291670582,,242.0,609.2276007063136,1298.6987023565284,none,0.0,success,105.0,0.005,"(242, 325, 535)",242.0,325.0,535.0,,,,
5763,realistic,3,x0y0,utah,7.073,8.9,Ab,saline,145.5944976041168,8.9,,b,-1,0.08,soma,65.307196014,1544.6567390116115,114.76952754686316,-201.3601684037721,,1545.0,114.97428287395508,-201.64598371557588,none,0.0,success,105.0,0.005,"(1545, -347, 473)",1545.0,-347.0,473.0,,,,
5764,realistic,3,x0y0,utah,4.811,6.3,Ab,saline,219.21871129742487,6.3,,b,-1,0.08,soma,58.076883158,-1132.4904797290649,-478.2502589438037,-639.0568132668783,,-1132.0,-478.7165066104018,-638.6355806912514,none,0.0,success,105.0,0.005,"(-1132, 36, -8)",-1132.0,36.0,-8.0,,,,
5765,realistic,3,x0y0,utah,5.333,6.9,Ab,saline,163.94170638065478,6.9,,b,-1,0.08,soma,59.745416893999995,618.7981216948242,489.5313178812271,-1258.2695894371925,,619.0,489.3937911564402,-1258.092672817567,none,0.0,success,105.0,0.005,"(619, 264, -475)",619.0,264.0,-475.0,,,,
5766,realistic,3,x0y0,utah,6.203,7.9,Ab,saline,137.48052596378142,7.9,,b,-1,0.08,soma,62.52630645400001,169.2901789130534,877.9345846502437,-1169.5296562846734,,169.0,877.6306389508067,-1169.585943928299,none,0.0,success,105.0,0.005,"(169, 326, -568)",169.0,326.0,-568.0,,,,
5767,realistic,3,x0y0,utah,6.203,7.9,Ab,saline,94.87124178984136,7.9,,b,-1,0.08,soma,62.52630645400001,-1899.8146059372327,1224.6553227912136,-163.7988361902953,,-1900.0,1224.324605875383,-163.30074170897234,periphery,5.2350000000001184,success,39.7705078125,0.005,"(-1900, 411, -94)",-1900.0,411.0,-94.0,-1900.0,,411.0,-94.0
5768,realistic,3,x0y0,utah,6.029,7.7,Ab,saline,29.052358741369876,7.7,,b,-1,0.08,soma,61.970128542,-536.3927797502732,691.4342590063537,1219.314633357244,,-536.0,691.2423472099977,1219.3341431857084,none,0.0,success,105.0,0.005,"(-536, 295, 506)",-536.0,295.0,506.0,,,,
5769,realistic,3,x0y0,utah,5.159,6.7,Ab,saline,96.08310285878835,6.7,,b,-1,0.08,soma,59.189238982000006,1026.439090353368,266.6437106283456,-74.00957416152231,,1026.0,267.0328896218506,-74.34702966604603,none,0.0,success,105.0,0.005,"(1026, -543, 12)",1026.0,-543.0,12.0,,,,
5770,realistic,3,x0y0,utah,5.42,7.0,Ab,saline,33.41266632781404,7.0,,b,-1,0.08,soma,60.02350585000001,-1444.9579355858216,827.1636566646962,954.844702905305,,-1445.0,826.8269723357976,955.2903101664976,periphery,5.225000000000117,success,81.77490234375,0.005,"(-1445, 378, 275)",-1445.0,378.0,275.0,-1445.0,,378.0,275.0
5771,realistic,3,x0y0,utah,12.119,14.7,Ab,saline,148.7582676041463,14.7,,b,-1,0.08,soma,81.436355462,915.1489209060222,76.02126417497902,-108.32977784871944,,915.0,76.21744697129668,-107.98904196000512,none,0.0,success,105.0,0.005,"(915, -352, 598)",915.0,-352.0,598.0,,,,
5772,realistic,3,x0y0,utah,5.507,7.1,Ab,saline,214.98598180483447,7.1,,b,-1,0.08,soma,60.301594806000004,230.90558441772282,-573.4174013764223,-657.0835406487063,,231.0,-573.4074672308805,-656.8530483122781,none,0.0,success,105.0,0.005,"(231, -106, 11)",231.0,-106.0,11.0,,,,
5773,realistic,3,x0y0,utah,4.55,6.0,Ab,saline,-22.196057036899557,6.0,,b,-1,0.08,soma,57.24261629,1414.8631773488778,-588.340790178409,1086.8596530952227,,1415.0,-588.3861302171811,1087.3319692114558,none,0.0,success,105.0,0.005,"(1415, -281, 334)",1415.0,-281.0,334.0,,,,
5774,realistic,3,x0y0,utah,4.637,6.1,Ab,saline,188.85553901885768,6.1,,b,-1,0.08,soma,57.520705246000006,-208.7781390526382,-18.026885958154253,-1312.0474459678924,,-209.0,-18.237718268679743,-1312.0766044267866,none,0.0,success,105.0,0.005,"(-209, 107, -508)",-209.0,107.0,-508.0,,,,
5775,realistic,3,x0y0,utah,5.768000000000001,7.4,Ab,saline,46.05444234832043,7.4,,b,-1,0.08,soma,61.135861674,1586.34173053484,624.9381818253696,675.8011584046258,,1586.0,625.2089102026401,676.0041440008781,none,0.0,success,105.0,0.005,"(1586, 38, 110)",1586.0,38.0,110.0,,,,
5776,realistic,3,x0y0,utah,6.377,8.1,Ab,saline,188.41520058091885,8.1,,b,-1,0.08,soma,63.082484366,811.3979583600645,-341.06181757221657,-1364.402189200198,,811.0,-341.459983731373,-1364.722596767424,none,0.0,success,105.0,0.005,"(811, -222, -557)",811.0,-222.0,-557.0,,,,
5777,realistic,3,x0y0,utah,5.42,7.0,Ab,saline,33.9367380243346,7.0,,b,-1,0.08,soma,60.02350585000001,204.1933650603733,894.2785593899944,1156.0285922485482,,204.0,894.0210616580276,1156.2152514018726,none,0.0,success,105.0,0.005,"(204, 439, 480)",204.0,439.0,480.0,,,,
5778,realistic,3,x0y0,utah,6.203,7.9,Ab,saline,139.46735536064807,7.9,,b,-1,0.08,soma,62.52630645400001,1035.947428675925,597.5604607723362,-777.6823252580771,,1036.0,597.4894232822274,-777.3599964525201,none,0.0,success,105.0,0.005,"(1036, 67, -157)",1036.0,67.0,-157.0,,,,
5779,realistic,3,x0y0,utah,8.726,10.8,Ab,saline,214.7278032014821,10.8,,b,-1,0.08,soma,70.590886178,1809.8385052641888,-644.361768663613,-909.581719996736,,1810.0,-644.3223139278034,-909.2008246748492,none,0.0,success,105.0,0.005,"(1810, -177, -235)",1810.0,-177.0,-235.0,,,,
5780,realistic,3,x0y0,utah,5.507,7.1,Ab,saline,168.50842502184153,7.1,,b,-1,0.08,soma,60.301594806000004,-665.6321357834997,260.92963301058444,-1385.2658130527445,,-666.0,261.37803884267765,-1384.8477814549403,none,0.0,success,105.0,0.005,"(-666, 99, -586)",-666.0,99.0,-586.0,,,,
5781,realistic,3,x0y0,utah,5.159,6.7,Ab,saline,96.70516996232132,6.7,,b,-1,0.08,soma,59.189238982000006,-940.3655201592502,1418.4056405802344,-27.52061646252287,,-940.0,1418.0553760784614,-27.144651556548823,periphery,5.150000000000105,success,12.066650390625,0.005,"(-940, 609, 68)",-940.0,609.0,68.0,-940.0,,609.0,68.0
5782,realistic,3,x0y0,utah,4.55,6.0,Ab,saline,66.3679999169377,6.0,,b,-1,0.08,soma,57.24261629,-1580.4710628971814,912.624847826537,246.11926222896363,,-1580.0,912.3584803916348,246.18078243533057,none,0.0,success,105.0,0.005,"(-1580, 167, -80)",-1580.0,167.0,-80.0,,,,
5783,realistic,3,x0y0,utah,5.507,7.1,Ab,saline,126.73219366759753,7.1,,b,-1,0.08,soma,60.301594806000004,-1671.1396150003436,282.07024309416835,-268.1380770387641,,-1671.0,282.26184903876447,-268.5416919267345,none,0.0,success,105.0,0.005,"(-1671, -371, 219)",-1671.0,-371.0,219.0,,,,
5784,realistic,3,x0y0,utah,4.811,6.3,Ab,saline,173.4341904345618,6.3,,b,-1,0.08,soma,58.076883158,1197.7977642218225,84.84746640434423,-1239.577205109763,,1198.0,85.04459387247972,-1239.6657878645788,none,0.0,success,105.0,0.005,"(1198, -8, -431)",1198.0,-8.0,-431.0,,,,
5785,realistic,3,x0y0,utah,5.942,7.6,Ab,saline,134.75948370901136,7.6,,b,-1,0.08,soma,61.69203958600001,1869.6794256154608,157.3291430095073,-117.00778835419122,,1870.0,157.33225865500935,-117.43718253625138,none,0.0,success,105.0,0.005,"(1870, -422, 457)",1870.0,-422.0,457.0,,,,
5786,realistic,3,x0y0,utah,4.985,6.5,Ab,saline,90.1636988441638,6.5,,b,-1,0.08,soma,58.63306107,-1544.9412213313074,1229.7280652828329,-7.739074258721303,,-1545.0,1229.3165305350003,-7.361517938551501,periphery,5.185000000000111,success,44.110107421875,0.005,"(-1545, 415, -5)",-1545.0,415.0,-5.0,-1545.0,,415.0,-5.0
5787,realistic,3,x0y0,utah,5.855,7.5,Ab,saline,44.1131406393997,7.5,,b,-1,0.08,soma,61.41395063,542.6205085866374,389.74814208691987,473.9503336189637,,543.0,389.8136255167717,473.6776082761702,none,0.0,success,105.0,0.005,"(543, -178, -112)",543.0,-178.0,-112.0,,,,
5788,realistic,3,x0y0,utah,5.768000000000001,7.4,Ab,saline,29.77684927639357,7.4,,b,-1,0.08,soma,61.135861674,-324.3450755309023,813.9820932659517,1148.6275478780678,,-324.0,814.0110344536544,1148.9129639665161,tjn,5.135000000000103,success,105.0,0.005,"(-324, 409, 441)",-324.0,409.0,441.0,-324.0,,409.0,441.0
5789,realistic,3,x0y0,utah,5.594,7.2,Ab,saline,58.331610309517266,7.2,,b,-1,0.08,soma,60.579683761999995,-1155.5173922673655,1132.399084441221,797.6845916029124,,-1156.0,1132.8931844249191,798.0271669875251,periphery,5.2350000000001184,success,91.845703125,0.005,"(-1156, 439, 370)",-1156.0,439.0,370.0,-1156.0,,439.0,370.0
5790,realistic,3,x0y0,utah,5.855,7.5,Ab,saline,65.37846337946499,7.5,,b,-1,0.08,soma,61.41395063,-448.2513884001258,1371.477521635551,491.0679401169097,,-448.0,1371.5592112588668,490.82352591622913,periphery,5.150000000000105,success,20.855712890625,0.005,"(-448, 630, 151)",-448.0,630.0,151.0,-448.0,,630.0,151.0
5791,realistic,3,x0y0,utah,5.42,7.0,Ab,saline,-4.099755393465587,7.0,,b,-1,0.08,soma,60.02350585000001,-1729.4794749903626,-223.3549628320329,1086.6068093675904,,-1729.0,-223.27334033413752,1086.8927223673952,none,0.0,success,105.0,0.005,"(-1729, -165, 274)",-1729.0,-165.0,274.0,,,,
5792,realistic,3,x0y0,utah,5.681,7.3,Ab,saline,173.72808647179582,7.3,,b,-1,0.08,soma,60.857772718,-835.2404190301248,185.80106908721882,-1389.312372945175,,-835.0,186.04483439040283,-1389.5363130408464,none,0.0,success,105.0,0.005,"(-835, 97, -579)",-835.0,97.0,-579.0,,,,
5793,realistic,3,x0y0,utah,7.247,9.1,Ab,saline,291.6848677972188,9.1,,b,-1,0.08,soma,65.86337392600001,1999.1630155651555,-83.77979720527219,24.043842682209746,,1999.0,-84.02212352601975,24.225758332828548,central,5.275000000000125,success,55.9814453125,0.005,"(1999, 676, -278)",1999.0,676.0,-278.0,1999.0,,676.0,-278.0
5794,realistic,3,x0y0,utah,4.898000000000001,6.4,Ab,saline,48.864262586592474,6.4,,b,-1,0.08,soma,58.354972114000006,-1034.572146680977,1014.7742841277636,857.4099797768307,,-1035.0,1015.2384824981326,857.5659503282948,periphery,5.225000000000117,success,90.4449462890625,0.005,"(-1035, 402, 322)",-1035.0,402.0,322.0,-1035.0,,402.0,322.0
5795,realistic,3,x0y0,utah,4.724,6.2,Ab,saline,92.8868213827829,6.2,,b,-1,0.08,soma,57.798794201999996,505.8069051033882,1291.6244737039333,-200.8636983326028,,506.0,1291.8413278847688,-201.0205296138904,central,5.160000000000107,success,41.2994384765625,0.005,"(506, 479, -160)",506.0,479.0,-160.0,506.0,,479.0,-160.0
5796,realistic,3,x0y0,utah,4.898000000000001,6.4,Ab,saline,163.9776768870873,6.4,,b,-1,0.08,soma,58.354972114000006,-1273.1855056746945,139.65175160303352,-724.8482215264667,,-1273.0,139.71298615173208,-724.5873995979887,none,0.0,success,105.0,0.005,"(-1273, -85, 58)",-1273.0,-85.0,58.0,,,,
5797,realistic,3,x0y0,utah,6.029,7.7,Ab,saline,40.43299923208426,7.7,,b,-1,0.08,soma,61.970128542,360.95484896906686,745.4778394929242,812.5972391677979,,361.0,745.2479126861707,812.1278309230854,none,0.0,success,105.0,0.005,"(361, 216, 191)",361.0,216.0,191.0,,,,
5798,realistic,3,x0y0,utah,4.898000000000001,6.4,Ab,saline,174.16857293907023,6.4,,b,-1,0.08,soma,58.354972114000006,1685.7414513978165,234.14177211601884,-1235.0774134890914,,1686.0,233.72043258339122,-1234.9437631295038,none,0.0,success,105.0,0.005,"(1686, 151, -425)",1686.0,151.0,-425.0,,,,
5799,realistic,3,x0y0,utah,5.2459999999999996,6.8,Ab,saline,122.99543126195013,6.8,,b,-1,0.08,soma,59.467327938000004,-953.8731325643917,729.0759581646997,-373.06788952304845,,-954.0,729.3171239708006,-372.7039533975175,none,0.0,success,105.0,0.005,"(-954, 46, 71)",-954.0,46.0,71.0,,,,
5800,realistic,3,x0y0,utah,4.55,6.0,Ab,saline,198.5589911758848,6.0,,b,-1,0.08,soma,57.24261629,-79.70138391278824,-559.553897107719,-1091.5621253136162,,-80.0,-559.9756623825535,-1091.3130001214604,none,0.0,success,105.0,0.005,"(-80, -301, -320)",-80.0,-301.0,-320.0,,,,
5801,realistic,3,x0y0,utah,5.42,7.0,Ab,saline,166.6116106504109,7.0,,b,-1,0.08,soma,60.02350585000001,-1099.760807862229,223.35213625165628,-1268.6797770012042,,-1100.0,223.75672197743006,-1268.8434332454403,none,0.0,success,105.0,0.005,"(-1100, 35, -476)",-1100.0,35.0,-476.0,,,,
5802,realistic,3,x0y0,utah,6.725,8.5,Ab,saline,62.444230512248964,8.5,,b,-1,0.08,soma,64.19484019000001,-1836.9893643998544,412.3345280045518,269.23985676799754,,-1837.0,412.4385726562273,268.98926653594714,none,0.0,success,105.0,0.005,"(-1837, -312, -109)",-1837.0,-312.0,-109.0,,,,
5803,realistic,3,x0y0,utah,5.855,7.5,Ab,saline,202.22534322644188,7.5,,b,-1,0.08,soma,61.41395063,723.4213836671097,-586.2073869473206,-1292.2995148384493,,723.0,-586.5819487616645,-1292.0999470490956,none,0.0,success,105.0,0.005,"(723, -278, -537)",723.0,-278.0,-537.0,,,,
5804,realistic,3,x0y0,utah,4.811,6.3,Ab,saline,203.2284885623901,6.3,,b,-1,0.08,soma,58.076883158,-506.98407740817197,-474.8168747759618,-1319.374244120656,,-507.0,-475.0567613587576,-1319.0199239669432,none,0.0,success,105.0,0.005,"(-507, -154, -571)",-507.0,-154.0,-571.0,,,,
5805,realistic,3,x0y0,utah,5.42,7.0,Ab,saline,84.61463447779221,7.0,,b,-1,0.08,soma,60.02350585000001,-578.3032244158618,1439.613979217851,-79.71874600263119,,-578.0,1439.4257012121302,-79.47039640034248,periphery,5.150000000000105,success,24.13330078125,0.005,"(-578, 628, -156)",-578.0,628.0,-156.0,-578.0,,628.0,-156.0
5806,realistic,3,x0y0,utah,4.985,6.5,Ab,saline,120.09795526527084,6.5,,b,-1,0.08,soma,58.63306107,-492.8450708329264,1328.977446627413,-575.0936508662813,,-493.0,1328.5466622188821,-575.3797400633025,periphery,5.150000000000105,success,25.09765625,0.005,"(-493, 624, -167)",-493.0,624.0,-167.0,-493.0,,624.0,-167.0
5807,realistic,3,x0y0,utah,4.637,6.1,Ab,saline,81.29783464857219,6.1,,b,-1,0.08,soma,57.520705246000006,-97.75756778038436,1451.3857665859994,184.92376141532986,,-98.0,1451.4021085678357,185.12194135185993,tjn,5.105000000000098,success,7.80029296875,0.005,"(-98, 647, 62)",-98.0,647.0,62.0,-98.0,,647.0,62.0
5808,realistic,3,x0y0,utah,6.029,7.7,Ab,saline,139.8662719177704,7.7,,b,-1,0.08,soma,61.970128542,22.43786959487948,1095.2902704012095,-953.3306944126176,,22.0,1094.9839724290869,-952.8205816351797,tjn,5.170000000000108,success,50.1953125,0.005,"(22, 569, -329)",22.0,569.0,-329.0,22.0,,569.0,-329.0
5809,realistic,3,x0y0,utah,4.811,6.3,Ab,saline,40.63370069672358,6.3,,b,-1,0.08,soma,58.076883158,1632.0490222900878,856.6224796955557,877.9977589174522,,1632.0,857.1018331562449,877.7737733143032,none,0.0,success,105.0,0.005,"(1632, 327, 260)",1632.0,327.0,260.0,,,,
5810,realistic,3,x0y0,utah,4.637,6.1,Ab,saline,174.75889055134965,6.1,,b,-1,0.08,soma,57.520705246000006,-733.9594253898207,8.860520531004113,-1421.2269302097657,,-734.0,9.296320194479932,-1421.3425591419837,none,0.0,success,105.0,0.005,"(-734, -65, -611)",-734.0,-65.0,-611.0,,,,
5811,realistic,3,x0y0,utah,4.898000000000001,6.4,Ab,saline,170.31032360286767,6.4,,b,-1,0.08,soma,58.354972114000006,28.39576220011364,362.8734356276792,-1418.8317471746395,,28.0,363.02607090339313,-1418.5347480063851,none,0.0,success,105.0,0.005,"(28, 226, -616)",28.0,226.0,-616.0,,,,
5812,realistic,3,x0y0,utah,4.985,6.5,Ab,saline,121.22883151461056,6.5,,b,-1,0.08,soma,58.63306107,-362.97680826861335,836.6990825421558,-585.1496103726083,,-363.0,836.3220652604787,-585.2231210823976,none,0.0,success,105.0,0.005,"(-363, 140, -163)",-363.0,140.0,-163.0,,,,
5813,realistic,3,x0y0,utah,5.768000000000001,7.4,Ab,saline,141.4912357783819,7.4,,b,-1,0.08,soma,61.135861674,594.6674549027152,638.620671004297,-1141.099162254929,,595.0,638.7725937391165,-1141.1819058799529,none,0.0,success,105.0,0.005,"(595, 131, -503)",595.0,131.0,-503.0,,,,
5814,realistic,3,x0y0,utah,6.725,8.5,Ab,saline,46.849187412520244,8.5,,b,-1,0.08,soma,64.19484019000001,-113.79429506851156,985.6846424227516,1073.3051080773548,,-114.0,986.1542777013123,1072.8129256029706,none,0.0,success,105.0,0.005,"(-114, 390, 514)",-114.0,390.0,514.0,,,,
5815,realistic,3,x0y0,utah,6.725,8.5,Ab,saline,116.27062150279137,8.5,,b,-1,0.08,soma,64.19484019000001,-1096.269481130367,1192.7129641635076,-713.2311609652071,,-1096.0,1192.6912565991868,-713.647318134047,periphery,5.220000000000116,success,76.3916015625,0.005,"(-1096, 460, -352)",-1096.0,460.0,-352.0,-1096.0,,460.0,-352.0
5816,realistic,3,x0y0,utah,6.29,8.0,Ab,saline,186.04064082407436,8.0,,b,-1,0.08,soma,62.80439541,554.0921749502317,-211.83337554763008,-1344.5107896969873,,554.0,-211.885511198566,-1344.8303453978522,none,0.0,success,105.0,0.005,"(554, -126, -533)",554.0,-126.0,-533.0,,,,
5817,realistic,3,x0y0,utah,4.811,6.3,Ab,saline,2.243286296511648,6.3,,b,-1,0.08,soma,58.076883158,812.1698843334183,105.43077001351368,1424.2061895294135,,812.0,105.82890306573891,1424.387210825737,none,0.0,success,105.0,0.005,"(812, 74, 611)",812.0,74.0,611.0,,,,
5818,realistic,3,x0y0,utah,4.55,6.0,Ab,saline,349.40625051066473,6.0,,b,-1,0.08,soma,57.24261629,1350.3799251938865,-180.00265037629242,980.6362243524533,,1350.0,-179.54359643705104,980.7897459065352,none,0.0,success,105.0,0.005,"(1350, -30, 181)",1350.0,-30.0,181.0,,,,
5819,realistic,3,x0y0,utah,6.116,7.8,Ab,saline,121.86913941302984,7.8,,b,-1,0.08,soma,62.248217498,313.7976178013102,1106.4694365466582,-932.5253873719232,,314.0,1106.134205560526,-932.9135294194721,none,0.0,success,105.0,0.005,"(314, 413, -502)",314.0,413.0,-502.0,,,,
5820,realistic,3,x0y0,utah,4.55,6.0,Ab,saline,31.09346631608589,6.0,,b,-1,0.08,soma,57.24261629,-1472.6193505695496,575.4008842913254,733.4693573078589,,-1473.0,575.1540435260781,733.7039261645637,none,0.0,success,105.0,0.005,"(-1473, 155, 37)",-1473.0,155.0,37.0,,,,
5821,realistic,3,x0y0,utah,4.898000000000001,6.4,Ab,saline,133.7130931700892,6.4,,b,-1,0.08,soma,58.354972114000006,-1770.4314712795992,766.3927808481458,-593.2612127861472,,-1770.0,766.4874869219998,-593.5966428653871,none,0.0,success,105.0,0.005,"(-1770, 178, -31)",-1770.0,178.0,-31.0,,,,
5822,realistic,3,x0y0,utah,5.159,6.7,Ab,saline,138.62596731741948,6.7,,b,-1,0.08,soma,59.189238982000006,1533.8270898588742,828.7082323063988,-723.7102853722878,,1534.0,828.4470434835512,-723.2718024660466,central,5.285000000000126,success,96.533203125,0.005,"(1534, 290, -112)",1534.0,290.0,-112.0,1534.0,,290.0,-112.0
5823,realistic,3,x0y0,utah,4.985,6.5,Ab,saline,136.13050573245303,6.5,,b,-1,0.08,soma,58.63306107,-1509.689972153368,948.1630788234623,-915.5071156693081,,-1510.0,948.3213556607551,-915.0407868626817,periphery,5.335000000000134,success,105.0,0.005,"(-1510, 384, -328)",-1510.0,384.0,-328.0,-1510.0,,384.0,-328.0
5824,realistic,3,x0y0,utah,5.072,6.6,Ab,saline,97.21814917330325,6.6,,b,-1,0.08,soma,58.911150026,-17.901187902795265,1298.7810927155615,-121.27688822581877,,-18.0,1299.0213759703975,-121.29562022163282,tjn,5.1200000000001005,success,11.3983154296875,0.005,"(-18, 491, -19)",-18.0,491.0,-19.0,-18.0,,491.0,-19.0
5825,realistic,3,x0y0,utah,5.333,6.9,Ab,saline,166.59685241204028,6.9,,b,-1,0.08,soma,59.745416893999995,1835.4604304877744,168.76971898940747,-1044.3781979079156,,1835.0,168.88749381801463,-1044.7081707772418,none,0.0,success,105.0,0.005,"(1835, -20, -252)",1835.0,-20.0,-252.0,,,,
5826,realistic,3,x0y0,utah,5.072,6.6,Ab,saline,199.4315473451115,6.6,,b,-1,0.08,soma,58.911150026,-1210.9753964854106,-568.3471765763234,-1138.9764096262993,,-1211.0,-567.9693698068252,-1139.031607237259,none,0.0,success,105.0,0.005,"(-1211, -297, -371)",-1211.0,-297.0,-371.0,,,,
5827,realistic,3,x0y0,utah,6.029,7.7,Ab,saline,186.65763885136658,7.7,,b,-1,0.08,soma,61.970128542,-484.7114198594709,-4.28695737060616,-114.3314915129772,,-485.0,-4.5726689490089285,-114.51796434038454,none,0.0,success,105.0,0.005,"(-485, 90, 696)",-485.0,90.0,696.0,,,,
5828,realistic,3,x0y0,utah,5.072,6.6,Ab,saline,150.4731515765692,6.6,,b,-1,0.08,soma,58.911150026,-1931.5480784420374,690.6502566352588,-944.2815101941085,,-1932.0,690.3637073664065,-944.6577958188115,periphery,5.230000000000118,success,105.0,0.005,"(-1932, 289, -236)",-1932.0,289.0,-236.0,-1932.0,,289.0,-236.0
5829,realistic,3,x0y0,utah,5.2459999999999996,6.8,Ab,saline,-21.487235307161537,6.8,,b,-1,0.08,soma,59.467327938000004,-1070.4022897599955,-566.5761822925488,1275.3100312997176,,-1070.0,-566.4369411118448,1275.1096743231546,none,0.0,success,105.0,0.005,"(-1070, -268, 517)",-1070.0,-268.0,517.0,,,,
5830,realistic,3,x0y0,utah,7.247,9.1,Ab,saline,105.45155568494269,9.1,,b,-1,0.08,soma,65.86337392600001,389.36842270372085,261.71711753922364,-76.99092748222847,,389.0,261.4043530636359,-76.89700140694328,none,0.0,success,105.0,0.005,"(389, -527, 141)",389.0,-527.0,141.0,,,,
5831,realistic,3,x0y0,utah,6.29,8.0,Ab,saline,177.0000588613467,8.0,,b,-1,0.08,soma,62.80439541,850.8808966962778,-11.007897850363861,-641.6929456479315,,851.0,-11.302165060028493,-641.2592346282132,none,0.0,success,105.0,0.005,"(851, -54, 174)",851.0,-54.0,174.0,,,,
5832,realistic,3,x0y0,utah,5.2459999999999996,6.8,Ab,saline,100.5302492419033,6.8,,b,-1,0.08,soma,59.467327938000004,-354.0986579508674,1315.193158995152,-220.9942239775064,,-354.0,1315.046138414321,-220.93331377353326,periphery,5.140000000000104,success,17.0989990234375,0.005,"(-354, 514, -72)",-354.0,514.0,-72.0,-354.0,,514.0,-72.0
5833,realistic,3,x0y0,utah,4.637,6.1,Ab,saline,152.28314788599042,6.1,,b,-1,0.08,soma,57.520705246000006,-384.12607535733065,632.8026351915796,-1160.7926008621193,,-384.0,632.4799400049574,-1160.4220401771422,none,0.0,success,105.0,0.005,"(-384, 254, -440)",-384.0,254.0,-440.0,,,,
5834,realistic,3,x0y0,utah,4.55,6.0,Ab,saline,144.12053262466532,6.0,,b,-1,0.08,soma,57.24261629,299.3643148712555,735.1412313328437,-993.6858579724384,,299.0,734.8634487037846,-993.2773459898938,none,0.0,success,105.0,0.005,"(299, 258, -334)",299.0,258.0,-334.0,,,,
5835,realistic,3,x0y0,utah,4.811,6.3,Ab,saline,165.46604544528947,6.3,,b,-1,0.08,soma,58.076883158,-1280.2213488127018,270.87513211721443,-1128.3929795033707,,-1280.0,271.323648836329,-1127.9892114484721,none,0.0,success,105.0,0.005,"(-1280, 67, -340)",-1280.0,67.0,-340.0,,,,
5836,realistic,3,x0y0,utah,5.42,7.0,Ab,saline,33.4048259257767,7.0,,b,-1,0.08,soma,60.02350585000001,109.05054432670269,740.9097298954175,838.3493385293657,,109.0,740.7454711605051,838.3718113417901,tjn,5.18000000000011,success,69.27490234375,0.005,"(109, 292, 158)",109.0,292.0,158.0,109.0,,292.0,158.0
5837,realistic,3,x0y0,utah,4.724,6.2,Ab,saline,133.60704670189244,6.2,,b,-1,0.08,soma,57.798794201999996,-1635.5182887898095,1004.0138275197853,-720.5336813877838,,-1636.0,1004.3445534408343,-720.3464141805598,periphery,5.205000000000114,success,67.95654296875,0.005,"(-1636, 415, -159)",-1636.0,415.0,-159.0,-1636.0,,415.0,-159.0
5838,realistic,3,x0y0,utah,4.724,6.2,Ab,saline,102.0930897787126,6.2,,b,-1,0.08,soma,57.798794201999996,-1332.2943931920406,1177.0165917085942,-400.01792978036485,,-1332.0,1176.830830485358,-400.51192369265954,periphery,5.205000000000114,success,73.2666015625,0.005,"(-1332, 381, -230)",-1332.0,381.0,-230.0,-1332.0,,381.0,-230.0
5839,realistic,3,x0y0,utah,5.855,7.5,Ab,saline,172.882024874814,7.5,,b,-1,0.08,soma,61.41395063,239.07157452764838,123.65011765098689,-1442.9284870938418,,239.0,124.06609424152853,-1443.4260316050747,none,0.0,success,105.0,0.005,"(239, 23, -634)",239.0,23.0,-634.0,,,,
5840,realistic,3,x0y0,utah,5.594,7.2,Ab,saline,356.5313171843033,7.2,,b,-1,0.08,soma,60.579683761999995,1723.0128256228882,-58.19078017280162,746.5019136000119,,1723.0,-58.32503543380051,746.8223201656143,none,0.0,success,105.0,0.005,"(1723, -9, -67)",1723.0,-9.0,-67.0,,,,
5841,realistic,3,x0y0,utah,5.594,7.2,Ab,saline,356.61002836728767,7.2,,b,-1,0.08,soma,60.579683761999995,1425.1564311031145,-135.54256624536038,1341.7347012912278,,1425.0,-135.18362965516712,1341.9038491498025,none,0.0,success,105.0,0.005,"(1425, -87, 528)",1425.0,-87.0,528.0,,,,
5842,realistic,3,x0y0,utah,5.2459999999999996,6.8,Ab,saline,37.106176236621664,6.8,,b,-1,0.08,soma,59.467327938000004,-1868.6195302536112,770.9954580748822,732.3257946686326,,-1869.0,770.5288194724978,732.7500970152778,periphery,5.290000000000127,success,81.390380859375,0.005,"(-1869, 279, 83)",-1869.0,279.0,83.0,-1869.0,,279.0,83.0
5843,realistic,3,x0y0,utah,6.4639999999999995,8.2,Ab,saline,46.07264450938521,8.2,,b,-1,0.08,soma,63.360573322,1513.0571356489775,705.5845729034552,720.8760758686833,,1513.0,705.1731424532524,720.5311148567359,none,0.0,success,105.0,0.005,"(1513, 117, 154)",1513.0,117.0,154.0,,,,
5844,realistic,3,x0y0,utah,5.855,7.5,Ab,saline,82.06422633851669,7.5,,b,-1,0.08,soma,61.41395063,217.62807885557044,1315.859637851896,224.12458919268192,,218.0,1315.8761883519762,224.64913329100153,tjn,5.145000000000104,success,20.855712890625,0.005,"(218, 508, 112)",218.0,508.0,112.0,218.0,,508.0,112.0
5845,realistic,3,x0y0,utah,10.379,12.7,Ab,saline,76.43065762832444,12.7,,b,-1,0.08,soma,75.874576342,1914.7989657277328,386.2226073972197,92.19006565963629,,1915.0,385.9773378310292,92.06108780491664,none,0.0,success,105.0,0.005,"(1915, -414, -101)",1915.0,-414.0,-101.0,,,,
5846,realistic,3,x0y0,utah,4.55,6.0,Ab,saline,138.20315217894756,6.0,,b,-1,0.08,soma,57.24261629,-1725.7909444764566,659.5531106370381,-655.3109511256532,,-1726.0,659.2786018786427,-655.5546852220978,none,0.0,success,105.0,0.005,"(-1726, 117, -49)",-1726.0,117.0,-49.0,,,,
5847,realistic,3,x0y0,utah,5.42,7.0,Ab,saline,67.5934641686206,7.0,,b,-1,0.08,soma,60.02350585000001,-84.05272712994561,1372.6003744802147,510.25997001203217,,-84.0,1372.4783655791625,510.68248021501006,tjn,5.150000000000105,success,25.8544921875,0.005,"(-84, 619, 200)",-84.0,619.0,200.0,-84.0,,619.0,200.0
5848,realistic,3,x0y0,utah,5.2459999999999996,6.8,Ab,saline,113.29730999136127,6.8,,b,-1,0.08,soma,59.467327938000004,1727.702517234575,1129.5159292191286,-516.2897867580996,,1728.0,1129.3328703555267,-516.2271640997396,central,5.2100000000001145,success,105.0,0.005,"(1728, 381, -194)",1728.0,381.0,-194.0,1728.0,,381.0,-194.0
5849,realistic,3,x0y0,utah,5.594,7.2,Ab,saline,87.00585226695878,7.2,,b,-1,0.08,soma,60.579683761999995,-887.6242578370343,1080.42972548549,101.53751226955863,,-888.0,1080.1484361023668,101.5581297461882,periphery,5.2350000000001184,success,93.603515625,0.005,"(-888, 266, 59)",-888.0,266.0,59.0,-888.0,,266.0,59.0
5850,realistic,3,x0y0,utah,5.159,6.7,Ab,saline,100.53086449827896,6.7,,b,-1,0.08,soma,59.189238982000006,1035.6482553300173,679.3651739273943,-249.0750841478744,,1036.0,678.9094298835514,-248.90789644295484,none,0.0,success,105.0,0.005,"(1036, -122, -100)",1036.0,-122.0,-100.0,,,,
5851,realistic,3,x0y0,utah,5.855,7.5,Ab,saline,102.0485916218454,7.5,,b,-1,0.08,soma,61.41395063,-87.04513189987776,1398.7722763133359,-252.87419644319152,,-87.0,1398.7614218580702,-253.23804574824055,tjn,5.105000000000098,success,8.65936279296875,0.005,"(-87, 601, -83)",-87.0,601.0,-83.0,-87.0,,601.0,-83.0
5852,realistic,3,x0y0,utah,5.333,6.9,Ab,saline,49.61222714929418,6.9,,b,-1,0.08,soma,59.745416893999995,1066.447127501722,1007.6304591806404,884.5894273535208,,1066.0,1007.68854202408,885.0375150736561,none,0.0,success,105.0,0.005,"(1066, 387, 357)",1066.0,387.0,357.0,,,,
5853,realistic,3,x0y0,utah,6.116,7.8,Ab,saline,47.24434401240857,7.8,,b,-1,0.08,soma,62.248217498,1589.7216797065325,602.1323788025775,779.0183698555911,,1590.0,602.2799330543909,779.0666574296962,none,0.0,success,105.0,0.005,"(1590, 3, 225)",1590.0,3.0,225.0,,,,
5854,realistic,3,x0y0,utah,5.333,6.9,Ab,saline,121.73976355665228,6.9,,b,-1,0.08,soma,59.745416893999995,889.9811617713335,827.8482567287822,-581.3011465916106,,890.0,827.967751263329,-581.7045319139668,none,0.0,success,105.0,0.005,"(890, 135, -153)",890.0,135.0,-153.0,,,,
5855,realistic,3,x0y0,utah,5.159,6.7,Ab,saline,101.07218588507715,6.7,,b,-1,0.08,soma,59.189238982000006,470.0064314683765,1402.9886084715963,-305.61629394095144,,470.0,1403.4431595684678,-305.40216694227206,central,5.140000000000104,success,22.611236572265625,0.005,"(470, 604, -149)",470.0,604.0,-149.0,470.0,,604.0,-149.0
5856,realistic,3,x0y0,utah,5.768000000000001,7.4,Ab,saline,344.64890248671026,7.4,,b,-1,0.08,soma,61.135861674,-1184.7687191318007,-223.927087004532,948.9761737128572,,-1185.0,-223.88083129255398,949.4521557061195,none,0.0,success,105.0,0.005,"(-1185, -8, 163)",-1185.0,-8.0,163.0,,,,
5857,realistic,3,x0y0,utah,4.898000000000001,6.4,Ab,saline,68.3651074231857,6.4,,b,-1,0.08,soma,58.354972114000006,-909.0230993445143,297.68098825656944,95.90014791353632,,-909.0,297.85939103858743,96.18723910921602,none,0.0,success,105.0,0.005,"(-909, -459, -204)",-909.0,-459.0,-204.0,,,,
5858,realistic,3,x0y0,utah,4.898000000000001,6.4,Ab,saline,16.32276508501148,6.4,,b,-1,0.08,soma,58.354972114000006,569.1830828417864,309.6630149000739,1272.6708073491388,,569.0,309.7838735820171,1272.366133368903,none,0.0,success,105.0,0.005,"(569, 81, 491)",569.0,81.0,491.0,,,,
5859,realistic,3,x0y0,utah,7.247,9.1,Ab,saline,200.10159808797192,9.1,,b,-1,0.08,soma,65.86337392600001,1567.9144282504278,-610.0526369939885,-1067.914474566383,,1568.0,-610.1231208091831,-1068.1196472269535,none,0.0,success,105.0,0.005,"(1568, -329, -300)",1568.0,-329.0,-300.0,,,,
5860,realistic,3,x0y0,utah,5.507,7.1,Ab,saline,111.66399252916712,7.1,,b,-1,0.08,soma,60.301594806000004,-350.88736909141073,1363.905579372722,-528.9090998261372,,-351.0,1363.6011511063484,-528.9536744011878,periphery,5.170000000000108,success,36.4501953125,0.005,"(-351, 606, -228)",-351.0,606.0,-228.0,-351.0,,606.0,-228.0
5861,realistic,3,x0y0,utah,4.55,6.0,Ab,saline,192.82155514984314,6.0,,b,-1,0.08,soma,57.24261629,-1855.3274962499881,-302.3470881358644,-1076.0705116880322,,-1855.0,-302.54256827737555,-1076.3621375721898,none,0.0,success,105.0,0.005,"(-1855, -122, -283)",-1855.0,-122.0,-283.0,,,,
5862,realistic,3,x0y0,utah,7.247,9.1,Ab,saline,180.3894028504824,9.1,,b,-1,0.08,soma,65.86337392600001,-550.8602274264402,-13.074506303690667,-1333.77124560979,,-551.0,-13.561935471348402,-1333.9316869630002,none,0.0,success,105.0,0.005,"(-551, -8, -516)",-551.0,-8.0,-516.0,,,,
5863,realistic,3,x0y0,utah,6.029,7.7,Ab,saline,43.86209831809629,7.7,,b,-1,0.08,soma,61.970128542,-1290.9390375659852,582.7950636779693,855.5556360505742,,-1291.0,582.396051033376,855.3252313393912,none,0.0,success,105.0,0.005,"(-1291, 17, 267)",-1291.0,17.0,267.0,,,,
5864,realistic,3,x0y0,utah,6.725,8.5,Ab,saline,166.95262579879386,8.5,,b,-1,0.08,soma,64.19484019000001,330.605726269452,542.3863750599929,-1357.1337642794024,,331.0,542.500597457451,-1357.0163066565492,none,0.0,success,105.0,0.005,"(331, 358, -561)",331.0,358.0,-561.0,,,,
5865,realistic,3,x0y0,utah,5.2459999999999996,6.8,Ab,saline,89.98463405221699,6.8,,b,-1,0.08,soma,59.467327938000004,-1819.869513035762,934.7268044215513,-19.924789102700746,,-1820.0,934.7336639690003,-19.7555799008093,none,0.0,success,105.0,0.005,"(-1820, 120, -20)",-1820.0,120.0,-20.0,,,,
5866,realistic,3,x0y0,utah,5.507,7.1,Ab,saline,56.09818397085482,7.1,,b,-1,0.08,soma,60.301594806000004,251.0002967939302,1299.4721234452472,678.630873976098,,251.0,1299.5751618444901,678.6911147913936,central,5.155000000000106,success,32.220458984375,0.005,"(251, 623, 224)",251.0,623.0,224.0,251.0,,623.0,224.0
5867,realistic,3,x0y0,utah,5.507,7.1,Ab,saline,37.443622408959044,7.1,,b,-1,0.08,soma,60.301594806000004,1471.8807600549735,817.4261989942293,750.6702587274907,,1472.0,817.6116848210241,750.2297331379823,central,5.250000000000121,success,72.900390625,0.005,"(1472, 322, 103)",1472.0,322.0,103.0,1472.0,,322.0,103.0
5868,realistic,3,x0y0,utah,4.985,6.5,Ab,saline,136.93336069104345,6.5,,b,-1,0.08,soma,58.63306107,345.990713048157,686.4667603222803,-794.4239638920143,,346.0,686.0153270492981,-794.9396572088712,none,0.0,success,105.0,0.005,"(346, 130, -200)",346.0,130.0,-200.0,,,,
5869,realistic,3,x0y0,utah,6.116,7.8,Ab,saline,283.1915282223938,7.8,,b,-1,0.08,soma,62.248217498,889.6516307228985,-216.79705290644688,88.4436840427957,,890.0,-216.57843227802664,88.23952161652184,central,5.200000000000113,success,18.73779296875,0.005,"(890, 578, -98)",890.0,578.0,-98.0,890.0,,578.0,-98.0
5870,realistic,3,x0y0,utah,5.768000000000001,7.4,Ab,saline,-14.062585538345635,7.4,,b,-1,0.08,soma,61.135861674,1151.3036403585131,-354.9718808823368,1084.6600556586918,,1151.0,-355.18300719339106,1085.1008929118902,none,0.0,success,105.0,0.005,"(1151, -157, 294)",1151.0,-157.0,294.0,,,,
5871,realistic,3,x0y0,utah,6.811999999999999,8.6,Ab,saline,132.19807777239814,8.6,,b,-1,0.08,soma,64.472929146,-1276.1842056935154,308.82946292487395,-298.5710976286832,,-1276.0,308.4087729556785,-298.9377332536842,none,0.0,success,105.0,0.005,"(-1276, -297, 250)",-1276.0,-297.0,250.0,,,,
5872,realistic,3,x0y0,utah,4.811,6.3,Ab,saline,68.2526261875409,6.3,,b,-1,0.08,soma,58.076883158,865.0083480350302,1015.2297740882667,585.305710605498,,865.0,1015.0789045385753,585.6012426050195,none,0.0,success,105.0,0.005,"(865, 259, 284)",865.0,259.0,284.0,,,,
5873,realistic,3,x0y0,utah,5.42,7.0,Ab,saline,-6.00819026568942,7.0,,b,-1,0.08,soma,60.02350585000001,-753.6639532702683,83.54326581013765,1404.0283166413276,,-754.0,83.66826946875247,1403.5291882839128,none,0.0,success,105.0,0.005,"(-754, 169, 593)",-754.0,169.0,593.0,,,,
5874,realistic,3,x0y0,utah,5.072,6.6,Ab,saline,21.65131927959956,6.6,,b,-1,0.08,soma,58.911150026,-567.5362527489716,220.8898175890168,673.0125580132834,,-568.0,220.53410717979705,672.9550114170823,none,0.0,success,105.0,0.005,"(-568, -80, -84)",-568.0,-80.0,-84.0,,,,
5875,realistic,3,x0y0,utah,7.073,8.9,Ab,saline,143.73967576303392,8.9,,b,-1,0.08,soma,65.307196014,-454.9385497856086,1009.8487106862068,-1040.3866831538073,,-455.0,1009.6421032211406,-1040.2740960730443,periphery,5.215000000000115,success,69.27490234375,0.005,"(-455, 526, -381)",-455.0,526.0,-381.0,-455.0,,526.0,-381.0
5876,realistic,3,x0y0,utah,6.377,8.1,Ab,saline,197.4927770246544,8.1,,b,-1,0.08,soma,63.082484366,-1049.3189763425328,-356.7960206391226,-1133.4497787322684,,-1049.0,-356.4522974002099,-1133.8170367941457,none,0.0,success,105.0,0.005,"(-1049, -111, -355)",-1049.0,-111.0,-355.0,,,,
5877,realistic,3,x0y0,utah,5.072,6.6,Ab,saline,85.63369508296776,6.6,,b,-1,0.08,soma,58.911150026,1717.4872275400758,1075.4286502989737,79.20788535010297,,1717.0,1075.0936538454625,78.98006925848932,none,0.0,success,105.0,0.005,"(1717, 263, 17)",1717.0,263.0,17.0,,,,
5878,realistic,3,x0y0,utah,4.637,6.1,Ab,saline,156.43954871018698,6.1,,b,-1,0.08,soma,57.520705246000006,-1524.7673624790375,424.5776291107727,-1016.0293569409888,,-1525.0,424.2600129434132,-1015.892739214242,none,0.0,success,105.0,0.005,"(-1525, 99, -270)",-1525.0,99.0,-270.0,,,,
5879,realistic,3,x0y0,utah,4.811,6.3,Ab,saline,37.28206297728182,6.3,,b,-1,0.08,soma,58.076883158,-1451.589459387617,802.8611346624342,1055.1334114816714,,-1452.0,803.0630840644004,1054.7303879644105,none,0.0,success,105.0,0.005,"(-1452, 310, 407)",-1452.0,310.0,407.0,,,,
5880,realistic,3,x0y0,utah,5.159,6.7,Ab,saline,38.43408830758073,6.7,,b,-1,0.08,soma,59.189238982000006,1837.4125363947753,248.30598072280688,399.6609836897824,,1837.0,248.35201547560575,400.0719654473005,none,0.0,success,105.0,0.005,"(1837, -258, -238)",1837.0,-258.0,-238.0,,,,
5881,realistic,3,x0y0,utah,4.811,6.3,Ab,saline,50.38538241349934,6.3,,b,-1,0.08,soma,58.076883158,1551.3223984873425,1013.3562999389253,837.7353746102527,,1551.0,1013.1352153924618,838.0309103507705,none,0.0,success,105.0,0.005,"(1551, 386, 319)",1551.0,386.0,319.0,,,,
5882,realistic,3,x0y0,utah,6.811999999999999,8.6,Ab,saline,138.01222929064292,8.6,,b,-1,0.08,soma,64.472929146,86.24625077460024,1071.4375142842282,-998.6775066348778,,86.0,1071.7311947993371,-998.451864117111,tjn,5.170000000000108,success,66.05224609375,0.005,"(86, 525, -391)",86.0,525.0,-391.0,86.0,,525.0,-391.0
5883,realistic,3,x0y0,utah,4.985,6.5,Ab,saline,22.329680765925087,6.5,,b,-1,0.08,soma,58.63306107,-460.6947680354244,298.0525027486747,721.7038466237615,,-461.0,298.35884995024657,721.2427907448753,none,0.0,success,105.0,0.005,"(-461, -11, -32)",-461.0,-11.0,-32.0,,,,
5884,realistic,3,x0y0,utah,4.55,6.0,Ab,saline,56.7058243049449,6.0,,b,-1,0.08,soma,57.24261629,1022.5263050372888,380.3203765262983,216.2998467728421,,1023.0,380.1060514784057,216.5967360407907,none,0.0,success,105.0,0.005,"(1023, -300, -230)",1023.0,-300.0,-230.0,,,,
5885,realistic,3,x0y0,utah,5.159,6.7,Ab,saline,61.4489848574973,6.7,,b,-1,0.08,soma,59.189238982000006,1836.2474976783087,815.1105809320378,475.4518830526782,,1836.0,815.5399137608946,475.294768654749,none,0.0,success,105.0,0.005,"(1836, 100, 86)",1836.0,100.0,86.0,,,,
5886,realistic,3,x0y0,utah,6.986000000000001,8.8,Ab,saline,59.45396104915396,8.8,,b,-1,0.08,soma,65.02910705800001,-1288.0744624105653,478.002352579254,293.605728116243,,-1288.0,478.04353349917506,293.46089610343796,none,0.0,success,105.0,0.005,"(-1288, -226, -122)",-1288.0,-226.0,-122.0,,,,
5887,realistic,3,x0y0,utah,5.768000000000001,7.4,Ab,saline,330.9167255808726,7.4,,b,-1,0.08,soma,61.135861674,587.7614487359342,-327.1578159905139,481.65811704597945,,588.0,-327.4475711798658,481.7248147584546,none,0.0,success,105.0,0.005,"(588, 69, -231)",588.0,69.0,-231.0,,,,
5888,realistic,3,x0y0,utah,6.116,7.8,Ab,saline,133.64036293162386,7.8,,b,-1,0.08,soma,62.248217498,980.6013109237157,455.5617215663224,-364.41435807454855,,981.0,455.62901750165145,-364.20724744768506,none,0.0,success,105.0,0.005,"(981, -135, 199)",981.0,-135.0,199.0,,,,
5889,realistic,3,x0y0,utah,5.855,7.5,Ab,saline,118.92759764151177,7.5,,b,-1,0.08,soma,61.41395063,1335.1548925463871,839.8729731032105,-421.5724720247022,,1335.0,839.9067447956882,-421.55746395986563,none,0.0,success,105.0,0.005,"(1335, 126, -27)",1335.0,126.0,-27.0,,,,
5890,realistic,3,x0y0,utah,4.898000000000001,6.4,Ab,saline,-26.445351675551862,6.4,,b,-1,0.08,soma,58.354972114000006,1419.8009517979388,-543.5411779811525,1239.4691601397844,,1420.0,-543.5532345411822,1239.0145210154378,none,0.0,success,105.0,0.005,"(1420, -181, 510)",1420.0,-181.0,510.0,,,,
5891,realistic,3,x0y0,utah,5.2459999999999996,6.8,Ab,saline,212.29636024386826,6.8,,b,-1,0.08,soma,59.467327938000004,218.07951446152802,-607.455401021718,-1053.59217594058,,218.0,-607.3121966586368,-1053.694366152996,none,0.0,success,105.0,0.005,"(218, -172, -365)",218.0,-172.0,-365.0,,,,
5892,realistic,3,x0y0,utah,7.943,9.9,Ab,saline,174.28406154847266,9.9,,b,-1,0.08,soma,68.08808557399999,-299.7820229296668,0.4095914740678381,-152.6639879149743,,-300.0,0.5767866615852171,-152.94882257306517,none,0.0,success,105.0,0.005,"(-300, -81, 662)",-300.0,-81.0,662.0,,,,
5893,realistic,3,x0y0,utah,4.811,6.3,Ab,saline,192.0466897262741,6.3,,b,-1,0.08,soma,58.076883158,-1213.5578841770046,-454.7991370042546,-1151.212092040096,,-1214.0,-454.88982275753733,-1151.1295958642622,none,0.0,success,105.0,0.005,"(-1214, -285, -355)",-1214.0,-285.0,-355.0,,,,
5894,realistic,3,x0y0,utah,5.072,6.6,Ab,saline,143.50776415880657,6.6,,b,-1,0.08,soma,58.911150026,-965.8028323614734,845.2297932990718,-1048.2244408679007,,-966.0,845.3567304602311,-1047.7408367529508,none,0.0,success,105.0,0.005,"(-966, 361, -393)",-966.0,361.0,-393.0,,,,
5895,realistic,3,x0y0,utah,6.377,8.1,Ab,saline,112.2188147614582,8.1,,b,-1,0.08,soma,63.082484366,-599.1548620021507,330.865702987453,-132.07398652013944,,-599.0,330.8722278888033,-131.73424366939236,none,0.0,success,105.0,0.005,"(-599, -425, 177)",-599.0,-425.0,177.0,,,,
5896,realistic,3,x0y0,utah,4.985,6.5,Ab,saline,62.69349213690672,6.5,,b,-1,0.08,soma,58.63306107,-280.63805976493467,1356.0096154088749,540.8613523110589,,-281.0,1355.601669033401,540.608424209458,tjn,5.150000000000105,success,25.341796875,0.005,"(-281, 632, 167)",-281.0,632.0,167.0,-281.0,,632.0,167.0
5897,realistic,3,x0y0,utah,5.072,6.6,Ab,saline,-17.35082148900166,6.6,,b,-1,0.08,soma,58.911150026,-1480.3029230063394,-480.71564221407743,1212.3162956864708,,-1480.0,-480.87065246887664,1212.3978463499088,none,0.0,success,105.0,0.005,"(-1480, -238, 435)",-1480.0,-238.0,435.0,,,,
5898,realistic,3,x0y0,utah,4.811,6.3,Ab,saline,94.36283213872696,6.3,,b,-1,0.08,soma,58.076883158,418.90375134695915,1312.0201255502652,106.37910508711641,,419.0,1311.677730098421,106.05167459583808,central,5.160000000000107,success,36.63330078125,0.005,"(419, 500, 168)",419.0,500.0,168.0,419.0,,500.0,168.0
5899,realistic,3,x0y0,utah,5.855,7.5,Ab,saline,303.99571794313636,7.5,,b,-1,0.08,soma,61.41395063,1672.0910449451885,-66.31536605231895,45.17489993689786,,1672.0,-66.30265323366666,45.06176989861666,none,0.0,success,105.0,0.005,"(1672, 610, -411)",1672.0,610.0,-411.0,,,,
5900,realistic,3,x0y0,utah,5.072,6.6,Ab,saline,33.99691728916963,6.6,,b,-1,0.08,soma,58.911150026,755.4313047015471,643.0414094685275,1116.2347204087346,,755.0,643.3621119897684,1116.2651172432784,none,0.0,success,105.0,0.005,"(755, 188, 441)",755.0,188.0,441.0,,,,
5901,realistic,3,x0y0,utah,4.985,6.5,Ab,saline,171.18849976880355,6.5,,b,-1,0.08,soma,58.63306107,-1034.7407222681704,41.57763151679183,-1048.0756436577267,,-1035.0,41.753292477962034,-1047.7075954746872,none,0.0,success,105.0,0.005,"(-1035, -83, -243)",-1035.0,-83.0,-243.0,,,,
5902,realistic,3,x0y0,utah,4.637,6.1,Ab,saline,96.6067105325024,6.1,,b,-1,0.08,soma,57.520705246000006,-1978.7763120518066,877.5098328112987,-11.681507142579449,,-1979.0,877.3895342956883,-11.663816586907316,none,0.0,success,105.0,0.005,"(-1979, 69, 82)",-1979.0,69.0,82.0,,,,
5903,realistic,3,x0y0,utah,5.681,7.3,Ab,saline,86.2929924726446,7.3,,b,-1,0.08,soma,60.857772718,1006.8944993754887,1265.7332594871605,37.06438983683938,,1007.0,1265.7164856976465,36.75824894742731,central,5.205000000000114,success,23.69384765625,0.005,"(1007, 452, -16)",1007.0,452.0,-16.0,1007.0,,452.0,-16.0
5904,realistic,3,x0y0,utah,5.159,6.7,Ab,saline,149.7323729079749,6.7,,b,-1,0.08,soma,59.189238982000006,1479.612466713898,658.6942558098012,-1148.3705664259426,,1480.0,658.5556882234641,-1148.565372854377,none,0.0,success,105.0,0.005,"(1480, 248, -445)",1480.0,248.0,-445.0,,,,
5905,realistic,3,x0y0,utah,5.681,7.3,Ab,saline,143.9198707983351,7.3,,b,-1,0.08,soma,60.857772718,1702.2379281963335,865.0403455563664,-936.2054399117543,,1702.0,865.2060711768152,-936.029625955344,none,0.0,success,105.0,0.005,"(1702, 385, -277)",1702.0,385.0,-277.0,,,,
5906,realistic,3,x0y0,utah,5.072,6.6,Ab,saline,56.317729150718186,6.6,,b,-1,0.08,soma,58.911150026,-1356.5237689518547,1004.3678000191346,848.9819452396382,,-1357.0,1004.7084839683174,848.69706190221,none,0.0,success,105.0,0.005,"(-1357, 327, 397)",-1357.0,327.0,397.0,,,,
5907,realistic,3,x0y0,utah,4.637,6.1,Ab,saline,127.00729512187029,6.1,,b,-1,0.08,soma,57.520705246000006,657.9096408940952,1049.501976430175,-979.6115858357324,,658.0,1049.869017604728,-979.8023562437838,none,0.0,success,105.0,0.005,"(658, 400, -490)",658.0,400.0,-490.0,,,,
5908,realistic,3,x0y0,utah,4.811,6.3,Ab,saline,36.01252239023528,6.3,,b,-1,0.08,soma,58.076883158,551.1630654702393,714.123709484099,950.2124988742712,,551.0,713.654603648452,950.4756953932532,none,0.0,success,105.0,0.005,"(551, 235, 292)",551.0,235.0,292.0,,,,
5909,realistic,3,x0y0,utah,4.985,6.5,Ab,saline,133.02576537584733,6.5,,b,-1,0.08,soma,58.63306107,-281.1012801069724,950.9734210403412,-815.0479749583211,,-281.0,951.2653838210852,-814.6081687840307,tjn,5.195000000000112,success,78.55224609375,0.005,"(-281, 356, -259)",-281.0,356.0,-259.0,-281.0,,356.0,-259.0
5910,realistic,3,x0y0,utah,4.985,6.5,Ab,saline,18.17787483918713,6.5,,b,-1,0.08,soma,58.63306107,114.4317829749344,456.0737543654727,1307.7159154036215,,114.0,456.06675752692007,1307.6821356613036,none,0.0,success,105.0,0.005,"(114, 202, 534)",114.0,202.0,534.0,,,,
5911,realistic,3,x0y0,utah,4.55,6.0,Ab,saline,69.61282615866622,6.0,,b,-1,0.08,soma,57.24261629,1046.2542574387883,933.267926696225,358.6943068986921,,1046.0,933.6886142551233,358.46566375771806,none,0.0,success,105.0,0.005,"(1046, 171, 75)",1046.0,171.0,75.0,,,,
5912,realistic,3,x0y0,utah,6.638,8.4,Ab,saline,200.87973659112563,8.4,,b,-1,0.08,soma,63.916751233999996,1716.7880236700269,-373.7374724919664,-782.9936163158957,,1717.0,-374.1639650698989,-783.2842103389634,none,0.0,success,105.0,0.005,"(1717, -83, -20)",1717.0,-83.0,-20.0,,,,
5913,realistic,3,x0y0,utah,4.985,6.5,Ab,saline,1.0571882192731088,6.5,,b,-1,0.08,soma,58.63306107,-1977.5698854133905,-41.66820197633661,1119.0540258672027,,-1978.0,-41.9351441851025,1119.1536672288933,none,0.0,success,105.0,0.005,"(-1978, -57, 305)",-1978.0,-57.0,305.0,,,,
5914,realistic,3,x0y0,utah,5.594,7.2,Ab,saline,121.39631336241678,7.2,,b,-1,0.08,soma,60.579683761999995,-528.5058992008774,1127.5269764522366,-750.4892701302887,,-529.0,1127.9314090296216,-750.7660076200011,periphery,5.220000000000116,success,81.77490234375,0.005,"(-529, 432, -326)",-529.0,432.0,-326.0,-529.0,,432.0,-326.0
5915,realistic,3,x0y0,utah,5.855,7.5,Ab,saline,-20.42287346428865,7.5,,b,-1,0.08,soma,61.41395063,-1186.8175931422866,-670.1801258902643,1207.7304734676527,,-1187.0,-670.6001636874036,1207.3990065676867,none,0.0,success,105.0,0.005,"(-1187, -386, 443)",-1187.0,-386.0,443.0,,,,
5916,realistic,3,x0y0,utah,5.333,6.9,Ab,saline,159.56322890554253,6.9,,b,-1,0.08,soma,59.745416893999995,-1578.4647667634486,385.7740431056468,-1088.5431020808867,,-1578.0,385.55354978969245,-1088.6172150856837,none,0.0,success,105.0,0.005,"(-1578, 101, -325)",-1578.0,101.0,-325.0,,,,
5917,realistic,3,x0y0,utah,5.159,6.7,Ab,saline,272.1941697385989,6.7,,b,-1,0.08,soma,59.189238982000006,1880.327977777536,-408.8863796579458,29.629446110264784,,1880.0,-409.02440325735654,29.19897392650531,central,5.345000000000136,success,58.8134765625,0.005,"(1880, 405, -2)",1880.0,405.0,-2.0,1880.0,,405.0,-2.0
5918,realistic,3,x0y0,utah,5.159,6.7,Ab,saline,108.97183209380024,6.7,,b,-1,0.08,soma,59.189238982000006,438.9825854750261,1228.1092927890768,-538.9524195596482,,439.0,1228.362131652639,-538.8247107965242,central,5.18000000000011,success,66.546630859375,0.005,"(439, 458, -274)",439.0,458.0,-274.0,439.0,,458.0,-274.0
5919,realistic,3,x0y0,utah,6.638,8.4,Ab,saline,112.26288313902543,8.4,,b,-1,0.08,soma,63.916751233999996,-1118.3642723972355,1241.0387737750216,-547.6689847802836,,-1118.0,1241.0949766335339,-547.5455285212814,periphery,5.200000000000113,success,43.231201171875,0.005,"(-1118, 485, -238)",-1118.0,485.0,-238.0,-1118.0,,485.0,-238.0
5920,realistic,3,x0y0,utah,5.681,7.3,Ab,saline,84.98415562039814,7.3,,b,-1,0.08,soma,60.857772718,-601.5088419986407,595.0724274288483,30.871891790455717,,-602.0,595.330256590836,31.26848466777662,tjn,5.465000000000154,success,82.598876953125,0.005,"(-602, -217, -40)",-602.0,-217.0,-40.0,-602.0,,-217.0,-40.0
5921,realistic,3,x0y0,utah,7.247,9.1,Ab,saline,131.5120848162965,9.1,,b,-1,0.08,soma,65.86337392600001,-1839.2925539031535,438.5376308071241,-433.0672499121988,,-1839.0,438.4672471978945,-433.1251221190764,none,0.0,success,105.0,0.005,"(-1839, -174, 109)",-1839.0,-174.0,109.0,,,,
5922,realistic,3,x0y0,utah,5.333,6.9,Ab,saline,8.189369585990407,6.9,,b,-1,0.08,soma,59.745416893999995,760.2194505806108,409.95326515076295,1363.0231941693155,,760.0,410.0378736828528,1362.5610068208407,none,0.0,success,105.0,0.005,"(760, 294, 556)",760.0,294.0,556.0,,,,
5923,realistic,3,x0y0,utah,7.334,9.2,Ab,saline,49.059568549196044,9.2,,b,-1,0.08,soma,66.141462882,1939.218204506133,64.30302598711069,65.17411502267805,,1939.0,63.970630530531594,65.08175031328744,none,0.0,success,105.0,0.005,"(1939, -554, -471)",1939.0,-554.0,-471.0,,,,
5924,realistic,3,x0y0,utah,4.55,6.0,Ab,saline,-24.91987362217948,6.0,,b,-1,0.08,soma,57.24261629,839.6002114901204,-675.8115584139764,1243.8021029267709,,840.0,-675.8600192523031,1243.8731643567007,none,0.0,success,105.0,0.005,"(840, -333, 506)",840.0,-333.0,506.0,,,,
5925,realistic,3,x0y0,utah,4.724,6.2,Ab,saline,84.50490694364751,6.2,,b,-1,0.08,soma,57.798794201999996,7.250290933934924,981.6151276937258,270.77942071030475,,7.0,981.1554598743355,270.9715622422758,tjn,5.240000000000119,success,57.6416015625,0.005,"(7, 171, 193)",7.0,171.0,193.0,7.0,,171.0,193.0
5926,realistic,3,x0y0,utah,5.768000000000001,7.4,Ab,saline,26.230308629518657,7.4,,b,-1,0.08,soma,61.135861674,685.783734551729,729.4540432385788,1194.4498208434234,,686.0,729.4810254299541,1194.5644339607893,none,0.0,success,105.0,0.005,"(686, 369, 463)",686.0,369.0,463.0,,,,
5927,realistic,3,x0y0,utah,6.4639999999999995,8.2,Ab,saline,60.21804020568838,8.2,,b,-1,0.08,soma,63.360573322,693.2951282550129,255.74216625008881,170.72762543946646,,693.0,255.79682079308213,170.64509838451886,none,0.0,success,105.0,0.005,"(693, -453, -235)",693.0,-453.0,-235.0,,,,
5928,realistic,3,x0y0,utah,5.942,7.6,Ab,saline,-2.8083882011902683,7.6,,b,-1,0.08,soma,61.69203958600001,-1277.5230017194724,-108.1261611713012,1266.980025516823,,-1278.0,-107.976454969857,1266.8670045692486,none,0.0,success,105.0,0.005,"(-1278, -68, 452)",-1278.0,-68.0,452.0,,,,
5929,realistic,3,x0y0,utah,4.637,6.1,Ab,saline,56.131620038700866,6.1,,b,-1,0.08,soma,57.520705246000006,176.73932873585255,841.3501553506694,621.706679710132,,177.0,841.6652207828771,621.5086445167981,none,0.0,success,105.0,0.005,"(177, 166, 168)",177.0,166.0,168.0,,,,
5930,realistic,3,x0y0,utah,4.898000000000001,6.4,Ab,saline,59.72829790720583,6.4,,b,-1,0.08,soma,58.354972114000006,-900.7398268335596,1251.4285201891707,649.8232896256559,,-901.0,1251.1236769588254,649.4268707213339,periphery,5.205000000000114,success,48.01025390625,0.005,"(-901, 548, 239)",-901.0,548.0,239.0,-901.0,,548.0,239.0
5931,realistic,3,x0y0,utah,5.594,7.2,Ab,saline,179.53455004553226,7.2,,b,-1,0.08,soma,60.579683761999995,1012.82357392795,-33.578609557410346,-1288.7959306975508,,1013.0,-33.3961522807639,-1289.289841881,none,0.0,success,105.0,0.005,"(1013, -40, -474)",1013.0,-40.0,-474.0,,,,
5932,realistic,3,x0y0,utah,6.638,8.4,Ab,saline,134.40708576804354,8.4,,b,-1,0.08,soma,63.916751233999996,110.49153549728909,182.81818246150812,-230.7368028341025,,110.0,182.63506354078504,-230.70747125677678,none,0.0,success,105.0,0.005,"(110, -401, 341)",110.0,-401.0,341.0,,,,
5933,realistic,3,x0y0,utah,5.2459999999999996,6.8,Ab,saline,334.708643203433,6.8,,b,-1,0.08,soma,59.467327938000004,-922.558978093576,-598.069568121311,852.1973975842243,,-923.0,-598.0542212475569,852.6007055943732,none,0.0,success,105.0,0.005,"(-923, -250, 116)",-923.0,-250.0,116.0,,,,
5934,realistic,3,x0y0,utah,4.724,6.2,Ab,saline,195.75675648572727,6.2,,b,-1,0.08,soma,57.798794201999996,1877.9429039649253,-400.61851567533813,-1129.1320927990973,,1878.0,-401.0550762526317,-1129.2967797700026,none,0.0,success,105.0,0.005,"(1878, -180, -346)",1878.0,-180.0,-346.0,,,,
5935,realistic,3,x0y0,utah,4.55,6.0,Ab,saline,6.718503904325549,6.0,,b,-1,0.08,soma,57.24261629,-1728.66245207365,354.1007197950512,1195.2249786753234,,-1729.0,354.19369305296505,1195.0073211187996,none,0.0,success,105.0,0.005,"(-1729, 259, 387)",-1729.0,259.0,387.0,,,,
5936,realistic,3,x0y0,utah,4.724,6.2,Ab,saline,127.70557228853492,6.2,,b,-1,0.08,soma,57.798794201999996,1789.760840558246,846.7496559303427,-703.1099434460542,,1790.0,846.9572029863114,-702.7808712669718,none,0.0,success,105.0,0.005,"(1790, 203, -205)",1790.0,203.0,-205.0,,,,
5937,realistic,3,x0y0,utah,11.423,13.9,Ab,saline,109.02934451757481,13.9,,b,-1,0.08,soma,79.211643814,740.09697428011,443.2407734788726,-166.4189208734456,,740.0,443.58234403087806,-166.9039585238728,none,0.0,success,105.0,0.005,"(740, -336, 102)",740.0,-336.0,102.0,,,,
5938,realistic,3,x0y0,utah,4.898000000000001,6.4,Ab,saline,144.5006913818855,6.4,,b,-1,0.08,soma,58.354972114000006,-15.496351777068762,596.1978689249681,-859.6126787916728,,-15.0,595.7928661533001,-859.8218913990039,none,0.0,success,105.0,0.005,"(-15, 123, -197)",-15.0,123.0,-197.0,,,,
5939,realistic,3,x0y0,utah,5.855,7.5,Ab,saline,77.71013260404318,7.5,,b,-1,0.08,soma,61.41395063,88.52656911385418,471.6395804630247,28.450825832524966,,89.0,472.02728558028673,28.66401504456357,neck0,5.770000000000202,success,32.806396484375,0.005,"(89, -325, -145)",89.0,-325.0,-145.0,89.0,,312.62182846422934,-6.0687879643491485
5940,realistic,3,x0y0,utah,5.855,7.5,Ab,saline,85.60884699413991,7.5,,b,-1,0.08,soma,61.41395063,578.7689341381023,1213.5737844953073,310.75505225364935,,579.0,1213.3414250865867,310.483154309129,central,5.195000000000112,success,76.3916015625,0.005,"(579, 400, 248)",579.0,400.0,248.0,579.0,,400.0,248.0
5941,realistic,3,x0y0,utah,6.551000000000001,8.3,Ab,saline,172.86359915275628,8.3,,b,-1,0.08,soma,63.63866227800001,1715.5589165715849,55.60269623837348,-1205.9548074445274,,1716.0,55.44896092746383,-1205.5298222892297,none,0.0,success,105.0,0.005,"(1716, -46, -395)",1716.0,-46.0,-395.0,,,,
5942,realistic,3,x0y0,utah,7.073,8.9,Ab,saline,73.09460793581616,8.9,,b,-1,0.08,soma,65.307196014,87.24142120753586,439.6253353473066,120.15613650033949,,87.0,439.33096257309785,119.77366630043568,neck0,5.870000000000218,success,70.098876953125,0.005,"(87, -343, -118)",87.0,-343.0,-118.0,87.0,,282.86477005847826,72.21893304034853
5943,realistic,3,x0y0,utah,5.072,6.6,Ab,saline,78.95096572581377,6.6,,b,-1,0.08,soma,58.911150026,-318.9399468782097,1420.8633426119393,263.9790319984854,,-319.0,1421.3881468752597,264.04968817249085,periphery,5.140000000000104,success,15.972900390625,0.005,"(-319, 622, 108)",-319.0,622.0,108.0,-319.0,,622.0,108.0
5944,realistic,3,x0y0,utah,5.942,7.6,Ab,saline,119.67272732674304,7.6,,b,-1,0.08,soma,61.69203958600001,-901.4953168785373,1240.348288160394,-672.3848452674015,,-901.0,1239.8886065981378,-672.843779797535,periphery,5.200000000000113,success,52.3681640625,0.005,"(-901, 531, -269)",-901.0,531.0,-269.0,-901.0,,531.0,-269.0
5945,realistic,3,x0y0,utah,4.55,6.0,Ab,saline,28.786033613236842,6.0,,b,-1,0.08,soma,57.24261629,492.8183560855626,528.8618044657578,870.7384658165315,,493.0,528.7586598718176,871.0577144582783,none,0.0,success,105.0,0.005,"(493, 137, 158)",493.0,137.0,158.0,,,,
5946,realistic,3,x0y0,utah,6.29,8.0,Ab,saline,199.79442314978274,8.0,,b,-1,0.08,soma,62.80439541,-975.5152805195952,-591.6789158126371,-1092.816116792531,,-976.0,-591.433784142913,-1093.1528278206347,none,0.0,success,105.0,0.005,"(-976, -315, -325)",-976.0,-315.0,-325.0,,,,
5947,realistic,3,x0y0,utah,5.159,6.7,Ab,saline,185.63641933334432,6.7,,b,-1,0.08,soma,59.189238982000006,1021.2763626753168,-112.14148831693363,-1266.225961576792,,1021.0,-111.99319163401621,-1266.6845653174435,none,0.0,success,105.0,0.005,"(1021, -32, -456)",1021.0,-32.0,-456.0,,,,
5948,realistic,3,x0y0,utah,5.159,6.7,Ab,saline,187.46905452909414,6.7,,b,-1,0.08,soma,59.189238982000006,1215.461254402886,-338.74874118404614,-1278.5401039898359,,1215.0,-338.89730053383005,-1278.6705652253268,none,0.0,success,105.0,0.005,"(1215, -233, -471)",1215.0,-233.0,-471.0,,,,
5949,realistic,3,x0y0,utah,5.768000000000001,7.4,Ab,saline,139.07847575617234,7.4,,b,-1,0.08,soma,61.135861674,1698.8439656660016,731.8056997577581,-929.2306092817895,,1699.0,732.1969946982352,-929.2431285404375,none,0.0,success,105.0,0.005,"(1699, 198, -313)",1699.0,198.0,-313.0,,,,
5950,realistic,3,x0y0,utah,4.637,6.1,Ab,saline,37.35596428001442,6.1,,b,-1,0.08,soma,57.520705246000006,1154.1161801592261,60.16300358021317,86.47268635194996,,1154.0,59.78978197163656,86.85810430002289,none,0.0,success,105.0,0.005,"(1154, -434, -560)",1154.0,-434.0,-560.0,,,,
5951,realistic,3,x0y0,utah,5.681,7.3,Ab,saline,21.175342871184142,7.3,,b,-1,0.08,soma,60.857772718,-1963.555157547161,313.6310823656495,1019.9485380192214,,-1964.0,313.5329137528709,1020.3874365297677,none,0.0,success,105.0,0.005,"(-1964, 19, 260)",-1964.0,19.0,260.0,,,,
5952,realistic,3,x0y0,utah,6.203,7.9,Ab,saline,93.78243081358862,7.9,,b,-1,0.08,soma,62.52630645400001,-824.5326147435396,1417.823301191731,26.16253273193161,,-825.0,1417.4673742899008,26.126631887017986,periphery,5.160000000000107,success,18.4539794921875,0.005,"(-825, 603, 80)",-825.0,603.0,80.0,-825.0,,603.0,80.0
5953,realistic,3,x0y0,utah,4.985,6.5,Ab,saline,44.33129490079728,6.5,,b,-1,0.08,soma,58.63306107,-1139.6975411884669,931.3320543153972,977.0066534264296,,-1140.0,931.0443915378581,977.4806142916857,none,0.0,success,105.0,0.005,"(-1140, 362, 395)",-1140.0,362.0,395.0,,,,
5954,realistic,3,x0y0,utah,7.247,9.1,Ab,saline,69.56255120812719,9.1,,b,-1,0.08,soma,65.86337392600001,1590.23233196537,513.2607096512811,229.7380212128087,,1590.0,513.4837838530275,229.62174508747967,none,0.0,success,105.0,0.005,"(1590, -253, -56)",1590.0,-253.0,-56.0,,,,
5955,realistic,3,x0y0,utah,7.073,8.9,Ab,saline,16.164719373956345,8.9,,b,-1,0.08,soma,65.307196014,654.3620118040574,202.67820931629242,1427.6682207655053,,654.0,202.63476168514885,1427.3562808857237,none,0.0,success,105.0,0.005,"(654, -25, 642)",654.0,-25.0,642.0,,,,
5956,realistic,3,x0y0,utah,5.594,7.2,Ab,saline,220.8148313630764,7.2,,b,-1,0.08,soma,60.579683761999995,1039.827249516187,-514.4994814586898,-632.9043881994107,,1040.0,-514.8734406534217,-633.0113523355409,none,0.0,success,105.0,0.005,"(1040, 18, -16)",1040.0,18.0,-16.0,,,,
5957,realistic,3,x0y0,utah,5.42,7.0,Ab,saline,137.45198888146314,7.0,,b,-1,0.08,soma,60.02350585000001,812.8865278953641,979.1218422549132,-967.1535778652627,,813.0,979.1109473278851,-967.4191583798477,central,5.220000000000116,success,105.0,0.005,"(813, 428, -367)",813.0,428.0,-367.0,813.0,,428.0,-367.0
5958,realistic,3,x0y0,utah,5.507,7.1,Ab,saline,201.9380800432751,7.1,,b,-1,0.08,soma,60.301594806000004,-1647.4981016312008,-606.6289327793511,-1156.1539061115272,,-1647.0,-606.5403379097609,-1156.133879671023,none,0.0,success,105.0,0.005,"(-1647, -302, -400)",-1647.0,-302.0,-400.0,,,,
5959,realistic,3,x0y0,utah,5.855,7.5,Ab,saline,191.39908480361805,7.5,,b,-1,0.08,soma,61.41395063,-344.77410394339563,-355.4586892533539,-1366.610369186506,,-345.0,-355.183698322244,-1366.6375479012947,none,0.0,success,105.0,0.005,"(-345, -194, -567)",-345.0,-194.0,-567.0,,,,
5960,realistic,3,x0y0,utah,5.072,6.6,Ab,saline,-17.143970157589884,6.6,,b,-1,0.08,soma,58.911150026,1126.9994867721468,-483.9227801195825,1043.2245489082852,,1127.0,-484.1015035138324,1043.293747482423,none,0.0,success,105.0,0.005,"(1127, -244, 265)",1127.0,-244.0,265.0,,,,
5961,realistic,3,x0y0,utah,9.943999999999999,12.2,Ab,saline,87.59866100604368,12.2,,b,-1,0.08,soma,74.484131562,-215.28506347373263,294.85822929639284,-18.946460949521228,,-215.0,294.5020479217974,-18.548057443776088,none,0.0,success,105.0,0.005,"(-215, -527, -53)",-215.0,-527.0,-53.0,,,,
5962,realistic,3,x0y0,utah,5.594,7.2,Ab,saline,154.7895214109538,7.2,,b,-1,0.08,soma,60.579683761999995,812.7962205556906,455.1711169596215,-1348.8800252102105,,813.0,455.23194365711794,-1348.5927199497407,none,0.0,success,105.0,0.005,"(813, 108, -611)",813.0,108.0,-611.0,,,,
5963,realistic,3,x0y0,utah,4.898000000000001,6.4,Ab,saline,61.5201152088821,6.4,,b,-1,0.08,soma,58.354972114000006,1277.8278666051215,1234.2710732883195,588.4272563822642,,1278.0,1234.6620102441032,588.2812431005834,central,5.230000000000118,success,41.2994384765625,0.005,"(1278, 519, 200)",1278.0,519.0,200.0,1278.0,,519.0,200.0
5964,realistic,3,x0y0,utah,5.159,6.7,Ab,saline,156.05127285130385,6.7,,b,-1,0.08,soma,59.189238982000006,212.38534097341355,388.68556906421685,-1413.6969448612972,,212.0,388.64395605139697,-1413.4580227528252,none,0.0,success,105.0,0.005,"(212, 58, -669)",212.0,58.0,-669.0,,,,
5965,realistic,3,x0y0,utah,6.4639999999999995,8.2,Ab,saline,82.69007112847603,8.2,,b,-1,0.08,soma,63.360573322,-1282.7888553250416,640.8588718165038,134.960748810493,,-1283.0,641.0651763390462,134.88173246327926,none,0.0,success,105.0,0.005,"(-1283, -169, 31)",-1283.0,-169.0,31.0,,,,
5966,realistic,3,x0y0,utah,5.594,7.2,Ab,saline,85.94112693495462,7.2,,b,-1,0.08,soma,60.579683761999995,-72.70311706876065,421.13434411218077,104.64223437616238,,-73.0,421.2516172762977,104.72252080517481,neck0,5.955000000000231,success,66.546630859375,0.005,"(-73, -392, 47)",-73.0,-392.0,47.0,-73.0,,258.6012938210381,93.17801664413984
5967,realistic,3,x0y0,utah,5.42,7.0,Ab,saline,48.5467966533789,7.0,,b,-1,0.08,soma,60.02350585000001,423.441480662236,522.4356525903522,563.2046455005258,,423.0,522.8513088172878,563.5377804363502,none,0.0,success,105.0,0.005,"(423, -88, 24)",423.0,-88.0,24.0,,,,
5968,realistic,3,x0y0,utah,5.855,7.5,Ab,saline,190.60830411035343,7.5,,b,-1,0.08,soma,61.41395063,1725.693755241676,-178.43952251105748,-1058.6906322367893,,1726.0,-178.17165415549155,-1058.7583860371137,none,0.0,success,105.0,0.005,"(1726, -28, -257)",1726.0,-28.0,-257.0,,,,
5969,realistic,3,x0y0,utah,4.985,6.5,Ab,saline,104.17325871013365,6.5,,b,-1,0.08,soma,58.63306107,1592.1296020260102,1108.9493662217574,-408.89385255044135,,1592.0,1108.5613080067362,-409.4261183280215,none,0.0,success,105.0,0.005,"(1592, 319, -210)",1592.0,319.0,-210.0,,,,
5970,realistic,3,x0y0,utah,4.724,6.2,Ab,saline,-9.242250340902126,6.2,,b,-1,0.08,soma,57.798794201999996,-1847.9099678202915,-369.67606568283065,1149.7386337122591,,-1848.0,-369.7122431744206,1149.3187049386872,none,0.0,success,105.0,0.005,"(-1848, -239, 346)",-1848.0,-239.0,346.0,,,,
5971,realistic,3,x0y0,utah,8.9,11.0,Ab,saline,334.88736694042933,11.0,,b,-1,0.08,soma,71.14706409,142.88199516952326,-629.0495021386314,933.9103928683277,,143.0,-629.2514069998981,934.0293332667477,none,0.0,success,105.0,0.005,"(143, -281, 191)",143.0,-281.0,191.0,,,,
5972,realistic,3,x0y0,utah,8.291,10.3,Ab,saline,57.25900087712015,10.3,,b,-1,0.08,soma,69.20044139800001,373.91023437502855,378.7162628680508,300.0639998899683,,374.0,378.36574562992905,300.2397993540193,none,0.0,success,105.0,0.005,"(374, -311, -143)",374.0,-311.0,-143.0,,,,
5973,realistic,3,x0y0,utah,4.637,6.1,Ab,saline,35.22181852146733,6.1,,b,-1,0.08,soma,57.520705246000006,304.0130798243657,668.8951169554061,1213.9906681273894,,304.0,669.2955953576843,1213.7608320577287,none,0.0,success,105.0,0.005,"(304, 200, 549)",304.0,200.0,549.0,,,,
5974,realistic,3,x0y0,utah,8.813,10.9,Ab,saline,196.5177775198704,10.9,,b,-1,0.08,soma,70.86897513400001,-1292.4588096396835,-529.1105765880461,-1244.2866724584326,,-1292.0,-529.2495248152982,-1244.550543230483,none,0.0,success,105.0,0.005,"(-1292, -296, -458)",-1292.0,-296.0,-458.0,,,,
5975,realistic,3,x0y0,utah,4.637,6.1,Ab,saline,95.29061586005436,6.1,,b,-1,0.08,soma,57.520705246000006,1174.7074016412755,1304.5170851545226,-47.246097397330686,,1175.0,1304.2611831067213,-47.02870451184063,central,5.200000000000113,success,16.5130615234375,0.005,"(1175, 494, 28)",1175.0,494.0,28.0,1175.0,,494.0,28.0
5976,realistic,3,x0y0,utah,4.724,6.2,Ab,saline,129.6595939114621,6.2,,b,-1,0.08,soma,57.798794201999996,1797.4803489766193,633.0087238692395,-714.7102215251042,,1797.0,632.53975588835,-714.4305952298583,none,0.0,success,105.0,0.005,"(1797, 6, -195)",1797.0,6.0,-195.0,,,,
5977,realistic,3,x0y0,utah,4.811,6.3,Ab,saline,94.63779705999916,6.3,,b,-1,0.08,soma,58.076883158,-1634.2703025662438,1276.4474675117215,-83.67126609697743,,-1634.0,1276.3521147217893,-83.85570992374112,periphery,5.185000000000111,success,44.110107421875,0.005,"(-1634, 465, -18)",-1634.0,465.0,-18.0,-1634.0,,465.0,-18.0
5978,realistic,3,x0y0,utah,4.55,6.0,Ab,saline,46.659947927938155,6.0,,b,-1,0.08,soma,57.24261629,1813.3371881693247,882.8474827424353,751.9679832237565,,1813.0,882.7467774138587,752.3883037799137,none,0.0,success,105.0,0.005,"(1813, 291, 194)",1813.0,291.0,194.0,,,,
5979,realistic,3,x0y0,utah,4.55,6.0,Ab,saline,-22.699575891329626,6.0,,b,-1,0.08,soma,57.24261629,181.33535820514984,-355.90923975656233,1172.9882772383053,,181.0,-355.97646281315565,1172.5656567637627,none,0.0,success,105.0,0.005,"(181, -42, 422)",181.0,-42.0,422.0,,,,
5980,realistic,3,x0y0,utah,4.898000000000001,6.4,Ab,saline,36.712159875007245,6.4,,b,-1,0.08,soma,58.354972114000006,-1034.6994839635042,564.0705456358255,879.0862566207726,,-1035.0,563.7153011648747,878.6446728232913,none,0.0,success,105.0,0.005,"(-1035, 77, 226)",-1035.0,77.0,226.0,,,,
5981,realistic,3,x0y0,utah,4.637,6.1,Ab,saline,149.49328991639325,6.1,,b,-1,0.08,soma,57.520705246000006,-1058.5789590853371,673.2550916449431,-992.323461897994,,-1059.0,673.0647549914349,-992.1359198199771,none,0.0,success,105.0,0.005,"(-1059, 260, -291)",-1059.0,260.0,-291.0,,,,
5982,realistic,3,x0y0,utah,6.811999999999999,8.6,Ab,saline,337.6554702242252,8.6,,b,-1,0.08,soma,64.472929146,-612.3367908055012,-360.1073879272867,872.1687857805072,,-612.0,-359.71330383065464,871.8620060835678,none,0.0,success,105.0,0.005,"(-612, -49, 116)",-612.0,-49.0,116.0,,,,
5983,realistic,3,x0y0,utah,8.9,11.0,Ab,saline,202.17674958822778,11.0,,b,-1,0.08,soma,71.14706409,-541.2163551389837,-624.7288033788583,-1013.9999875072513,,-541.0,-624.7665083469876,-1013.8510906736702,none,0.0,success,105.0,0.005,"(-541, -315, -254)",-541.0,-315.0,-254.0,,,,
5984,realistic,3,x0y0,utah,7.421000000000001,9.3,Ab,saline,107.41609808160818,9.3,,b,-1,0.08,soma,66.419551838,185.301919106666,414.2828447649772,-100.2697733903783,,185.0,414.7357681819101,-99.89018593255676,neck0,5.910000000000224,success,76.3916015625,0.005,"(185, -366, 145)",185.0,-366.0,145.0,185.0,,258.58861454552806,-50.9121487460454
5985,realistic,3,x0y0,utah,4.55,6.0,Ab,saline,119.92214888390569,6.0,,b,-1,0.08,soma,57.24261629,-1145.092791725686,850.9701181807136,-471.00979726631067,,-1145.0,851.1655877692717,-470.8343085027262,none,0.0,success,105.0,0.005,"(-1145, 146, -65)",-1145.0,146.0,-65.0,,,,
5986,realistic,3,x0y0,utah,4.637,6.1,Ab,saline,134.91991971610278,6.1,,b,-1,0.08,soma,57.520705246000006,-694.5318846688448,210.37496427361248,-203.017938334166,,-695.0,210.22370569234647,-202.5961849871004,none,0.0,success,105.0,0.005,"(-695, -366, 372)",-695.0,-366.0,372.0,,,,
5987,realistic,3,x0y0,utah,6.725,8.5,Ab,saline,99.98027279420091,8.5,,b,-1,0.08,soma,64.19484019000001,-1652.2863357512604,184.72061350076046,-28.457067224760518,,-1652.0,184.7592490515658,-28.602982902463566,none,0.0,success,105.0,0.005,"(-1652, -620, 113)",-1652.0,-620.0,113.0,,,,
5988,realistic,3,x0y0,utah,5.942,7.6,Ab,saline,39.35530420028674,7.6,,b,-1,0.08,soma,61.69203958600001,-1994.324921104538,445.83062561829,740.2619090595085,,-1994.0,445.32796115074143,739.8121425039477,none,0.0,success,105.0,0.005,"(-1994, -72, 109)",-1994.0,-72.0,109.0,,,,
5989,realistic,3,x0y0,utah,9.508999999999999,11.7,Ab,saline,215.32283312611668,11.7,,b,-1,0.08,soma,73.09368678199999,203.67068759614486,-652.5687548539454,-756.5681159418264,,204.0,-653.0183848486763,-756.300069522717,none,0.0,success,105.0,0.005,"(204, -178, -86)",204.0,-178.0,-86.0,,,,
5990,realistic,3,x0y0,utah,4.55,6.0,Ab,saline,18.303826325417315,6.0,,b,-1,0.08,soma,57.24261629,1123.73528429048,606.9047743523324,1261.1783477518347,,1124.0,606.5584528883446,1261.4520699528634,none,0.0,success,105.0,0.005,"(1124, 351, 489)",1124.0,351.0,489.0,,,,
5991,realistic,3,x0y0,utah,7.769,9.7,Ab,saline,112.12259239433115,9.7,,b,-1,0.08,soma,67.531907662,-1283.0950451563822,557.8202470167771,-230.1045737288486,,-1283.0,557.5047796290386,-230.34725821275464,none,0.0,success,105.0,0.005,"(-1283, -201, 78)",-1283.0,-201.0,78.0,,,,
5992,realistic,3,x0y0,utah,5.942,7.6,Ab,saline,100.15339904157288,7.6,,b,-1,0.08,soma,61.69203958600001,-799.3784797574808,721.271296069383,-136.60624395330888,,-799.0,721.0372372822501,-136.83365328950595,none,0.0,success,105.0,0.005,"(-799, -82, 7)",-799.0,-82.0,7.0,,,,
5993,realistic,3,x0y0,utah,4.55,6.0,Ab,saline,140.13188371110346,6.0,,b,-1,0.08,soma,57.24261629,1203.5752653927534,577.287687411786,-795.8131107648642,,1204.0,577.5312585209452,-795.4543540012877,none,0.0,success,105.0,0.005,"(1204, 56, -171)",1204.0,56.0,-171.0,,,,
5994,realistic,3,x0y0,utah,5.159,6.7,Ab,saline,163.82970900982372,6.7,,b,-1,0.08,soma,59.189238982000006,1821.3817443791918,226.8717200089313,-1029.5693824707485,,1821.0,226.86460152824358,-1029.3366725591568,none,0.0,success,105.0,0.005,"(1821, 0, -247)",1821.0,0.0,-247.0,,,,
5995,realistic,3,x0y0,utah,4.637,6.1,Ab,saline,95.77522519937712,6.1,,b,-1,0.08,soma,57.520705246000006,-613.7373740630105,1295.4194889870942,-27.88187045165296,,-614.0,1295.6101748246228,-27.86429147387382,periphery,5.145000000000104,success,22.0550537109375,0.005,"(-614, 486, 54)",-614.0,486.0,54.0,-614.0,,486.0,54.0
5996,realistic,3,x0y0,utah,5.594,7.2,Ab,saline,29.630441392064576,7.2,,b,-1,0.08,soma,60.579683761999995,-1059.994351056567,528.2942374245704,1059.9557191391277,,-1060.0,528.0792978259665,1059.6499305629654,none,0.0,success,105.0,0.005,"(-1060, 125, 351)",-1060.0,125.0,351.0,,,,
5997,realistic,3,x0y0,utah,4.985,6.5,Ab,saline,192.4886272462249,6.5,,b,-1,0.08,soma,58.63306107,873.7006107001781,-195.7977131351104,-681.8657689482211,,874.0,-196.05523390166704,-682.0172287613207,none,0.0,success,105.0,0.005,"(874, -20, 113)",874.0,-20.0,113.0,,,,
5998,realistic,3,x0y0,utah,6.029,7.7,Ab,saline,125.04801828969376,7.7,,b,-1,0.08,soma,61.970128542,221.93529510367748,1190.829505795029,-841.3067636199147,,222.0,1191.0469721186678,-841.6202224108355,tjn,5.175000000000109,success,67.95654296875,0.005,"(222, 523, -373)",222.0,523.0,-373.0,222.0,,523.0,-373.0
5999,realistic,3,x0y0,utah,6.029,7.7,Ab,saline,5.893652082398418,7.7,,b,-1,0.08,soma,61.970128542,-1165.0372509975555,209.51881825490815,1262.707503536003,,-1165.0,209.80166610063173,1262.660343430364,none,0.0,success,105.0,0.005,"(-1165, 126, 451)",-1165.0,126.0,451.0,,,,
6000,realistic,3,x0y0,utah,5.681,7.3,Ab,saline,9.087176086222296,7.3,,b,-1,0.08,soma,60.857772718,1018.4320465039732,109.39181663820864,1313.5918744751814,,1018.0,109.75622115608616,1313.1544823908769,none,0.0,success,105.0,0.005,"(1018, -19, 508)",1018.0,-19.0,508.0,,,,
6001,realistic,3,x0y0,utah,6.4639999999999995,8.2,Ab,saline,65.41506021963151,8.2,,b,-1,0.08,soma,63.360573322,890.2784880675121,112.33936932010236,48.09150684406768,,890.0,112.60738466084763,47.73899925097612,none,0.0,success,105.0,0.005,"(890, -630, -292)",890.0,-630.0,-292.0,,,,
6002,realistic,3,x0y0,utah,5.42,7.0,Ab,saline,112.943435584246,7.0,,b,-1,0.08,soma,60.02350585000001,-1072.3245681471362,1334.636121600961,-434.86445676135287,,-1072.0,1334.5443232686328,-434.69158129016506,periphery,5.155000000000106,success,14.8406982421875,0.005,"(-1072, 584, -117)",-1072.0,584.0,-117.0,-1072.0,,584.0,-117.0
6003,realistic,3,x0y0,utah,5.2459999999999996,6.8,Ab,saline,80.22419378633938,6.8,,b,-1,0.08,soma,59.467327938000004,-1863.0899990802234,1122.1597722043186,341.09535780004626,,-1863.0,1121.9200258414498,341.3417761419363,periphery,5.285000000000126,success,87.286376953125,0.005,"(-1863, 319, 203)",-1863.0,319.0,203.0,-1863.0,,319.0,203.0
6004,realistic,3,x0y0,utah,5.594,7.2,Ab,saline,74.4826990321308,7.2,,b,-1,0.08,soma,60.579683761999995,36.46245043790697,622.927758512471,190.38453678288303,,36.0,622.5317626523437,190.09003270316754,tjn,5.415000000000147,success,50.68359375,0.005,"(36, -163, -28)",36.0,-163.0,-28.0,36.0,,-163.0,-28.0
6005,realistic,3,x0y0,utah,6.29,8.0,Ab,saline,189.0238113292997,8.0,,b,-1,0.08,soma,62.80439541,-658.5339687876246,-334.6407597422622,-1190.6179173916578,,-659.0,-335.011864600144,-1190.2788104534582,none,0.0,success,105.0,0.005,"(-659, -207, -384)",-659.0,-207.0,-384.0,,,,
6006,realistic,3,x0y0,utah,5.768000000000001,7.4,Ab,saline,72.07624135774262,7.4,,b,-1,0.08,soma,61.135861674,-794.7249767495379,1247.4157199201488,509.5532405767399,,-795.0,1247.0128861914059,510.0318091116287,periphery,5.2350000000001184,success,61.23046875,0.005,"(-795, 471, 259)",-795.0,471.0,259.0,-795.0,,471.0,259.0
6007,realistic,3,x0y0,utah,5.159,6.7,Ab,saline,183.11196952708138,6.7,,b,-1,0.08,soma,59.189238982000006,-168.55151053355507,-80.7468371587861,-1465.1923721763258,,-169.0,-81.23248783836132,-1465.372727561764,none,0.0,success,105.0,0.005,"(-169, -37, -652)",-169.0,-37.0,-652.0,,,,
6008,realistic,3,x0y0,utah,4.55,6.0,Ab,saline,32.95641559807805,6.0,,b,-1,0.08,soma,57.24261629,692.6728684535555,731.5865944375419,1087.7515307566464,,693.0,731.6099916308801,1087.7096396644697,none,0.0,success,105.0,0.005,"(693, 289, 405)",693.0,289.0,405.0,,,,
6009,realistic,3,x0y0,utah,5.507,7.1,Ab,saline,189.15686101566163,7.1,,b,-1,0.08,soma,60.301594806000004,-858.0712604552463,-175.91667242194492,-1385.0338782136673,,-858.0,-175.69049186681735,-1384.798382275982,none,0.0,success,105.0,0.005,"(-858, -46, -580)",-858.0,-46.0,-580.0,,,,
6010,realistic,3,x0y0,utah,4.898000000000001,6.4,Ab,saline,162.1164138194078,6.4,,b,-1,0.08,soma,58.354972114000006,397.0358749289702,391.2661308560182,-1226.7270061409015,,397.0,391.03390596810476,-1226.8527134804472,none,0.0,success,105.0,0.005,"(397, 141, -452)",397.0,141.0,-452.0,,,,
6011,realistic,3,x0y0,utah,5.507,7.1,Ab,saline,135.55326229242823,7.1,,b,-1,0.08,soma,60.301594806000004,-1037.909762970304,892.1846295430732,-920.5624400274468,,-1038.0,891.7685883415809,-920.936154266002,none,0.0,success,105.0,0.005,"(-1038, 321, -339)",-1038.0,321.0,-339.0,,,,
6012,realistic,3,x0y0,utah,4.811,6.3,Ab,saline,72.54177138159503,6.3,,b,-1,0.08,soma,58.076883158,-94.9050365802655,990.2619827193694,229.21875743005103,,-95.0,990.5112694222082,229.21153247370003,tjn,5.160000000000107,success,15.88134765625,0.005,"(-95, 214, -15)",-95.0,214.0,-15.0,-95.0,,214.0,-15.0
6013,realistic,3,x0y0,utah,5.681,7.3,Ab,saline,164.19125196563715,7.3,,b,-1,0.08,soma,60.857772718,-496.26864698868485,221.29644608844774,-1388.9344503722864,,-496.0,221.12282864419163,-1388.60567445463,none,0.0,success,105.0,0.005,"(-496, -1, -604)",-496.0,-1.0,-604.0,,,,
6014,realistic,3,x0y0,utah,8.9,11.0,Ab,saline,60.388777257493494,11.0,,b,-1,0.08,soma,71.14706409,1960.8174985821345,348.458847192062,220.8910754876215,,1961.0,348.40662875992314,220.44538218343456,none,0.0,success,105.0,0.005,"(1961, -365, -185)",1961.0,-365.0,-185.0,,,,
6015,realistic,3,x0y0,utah,4.637,6.1,Ab,saline,71.44040873221377,6.1,,b,-1,0.08,soma,57.520705246000006,-1033.9420042933484,915.4998742818941,348.2096895889299,,-1034.0,915.4448142866042,348.019920239901,none,0.0,success,105.0,0.005,"(-1034, 144, 89)",-1034.0,144.0,89.0,,,,
6016,realistic,3,x0y0,utah,6.811999999999999,8.6,Ab,saline,107.42274420710056,8.6,,b,-1,0.08,soma,64.472929146,-1875.413636119937,395.0084700695288,-106.0522542156432,,-1875.0,394.7253108490994,-105.68059749315626,none,0.0,success,105.0,0.005,"(-1875, -385, 139)",-1875.0,-385.0,139.0,,,,
6017,realistic,3,x0y0,utah,4.898000000000001,6.4,Ab,saline,9.326687463698699,6.4,,b,-1,0.08,soma,58.354972114000006,-1941.6922392755814,396.13979366677404,1175.8957748218118,,-1942.0,395.9781704898397,1175.430343241048,none,0.0,success,105.0,0.005,"(-1942, 264, 372)",-1942.0,264.0,372.0,,,,
6018,realistic,3,x0y0,utah,4.55,6.0,Ab,saline,326.0230043806553,6.0,,b,-1,0.08,soma,57.24261629,144.71905715082477,-554.5521745402211,747.9471520272972,,145.0,-554.7329491222406,747.7361508446488,none,0.0,success,105.0,0.005,"(145, -100, 73)",145.0,-100.0,73.0,,,,
6019,realistic,3,x0y0,utah,4.985,6.5,Ab,saline,199.3340951968641,6.5,,b,-1,0.08,soma,58.63306107,-1183.9638681000908,-506.4040469209485,-1281.8802505445633,,-1184.0,-506.62020326013857,-1281.3890782128262,none,0.0,success,105.0,0.005,"(-1184, -237, -513)",-1184.0,-237.0,-513.0,,,,
6020,realistic,3,x0y0,utah,5.855,7.5,Ab,saline,81.48801950081194,7.5,,b,-1,0.08,soma,61.41395063,-596.1771873622905,1364.9112597742794,99.20917211485266,,-596.0,1364.7341985865353,98.72463234662003,periphery,5.110000000000099,success,8.20159912109375,0.005,"(-596, 558, -22)",-596.0,558.0,-22.0,-596.0,,558.0,-22.0
6021,realistic,3,x0y0,utah,4.811,6.3,Ab,saline,118.26530017211105,6.3,,b,-1,0.08,soma,58.076883158,301.6043795129051,1027.1641919584254,-746.0019237448564,,302.0,1027.0050593427834,-746.5286059318145,none,0.0,success,105.0,0.005,"(302, 310, -361)",302.0,310.0,-361.0,,,,
6022,realistic,3,x0y0,utah,4.811,6.3,Ab,saline,120.95735487977085,6.3,,b,-1,0.08,soma,58.076883158,-2.4093174886998803,1154.2586560923571,-752.4302815413575,,-2.0,1154.1193674981505,-752.7413743482377,tjn,5.195000000000112,success,72.16796875,0.005,"(-2, 456, -334)",-2.0,456.0,-334.0,-2.0,,456.0,-334.0
6023,realistic,3,x0y0,utah,5.681,7.3,Ab,saline,41.31253086464108,7.3,,b,-1,0.08,soma,60.857772718,261.8378003634127,1018.2439179757966,950.0218045670473,,262.0,1018.346150774212,950.4686365442451,central,5.175000000000109,success,63.525390625,0.005,"(262, 480, 338)",262.0,480.0,338.0,262.0,,480.0,338.0
6024,realistic,3,x0y0,utah,4.724,6.2,Ab,saline,40.15784986692691,6.2,,b,-1,0.08,soma,57.798794201999996,270.5330339710299,139.60848345896147,196.34417543445167,,271.0,139.88372119043504,196.06330920429446,none,0.0,success,105.0,0.005,"(271, -385, -426)",271.0,-385.0,-426.0,,,,
6025,realistic,3,x0y0,utah,5.2459999999999996,6.8,Ab,saline,19.475932513640405,6.8,,b,-1,0.08,soma,59.467327938000004,-16.636861495633152,252.67590734521264,1357.8455433704175,,-17.0,252.6322035672647,1358.1308983899735,none,0.0,success,105.0,0.005,"(-17, -19, 590)",-17.0,-19.0,590.0,,,,
6026,realistic,3,x0y0,utah,7.16,9.0,Ab,saline,202.7340739575944,9.0,,b,-1,0.08,soma,65.58528497,651.419237380318,-445.8928305059976,-1359.327327147047,,651.0,-446.0768563204526,-1359.2501541639158,none,0.0,success,105.0,0.005,"(651, -130, -605)",651.0,-130.0,-605.0,,,,
6027,realistic,3,x0y0,utah,4.898000000000001,6.4,Ab,saline,314.6643264879458,6.4,,b,-1,0.08,soma,58.354972114000006,1952.525724497971,-614.0331368156235,500.4694855930675,,1953.0,-614.0430280837386,500.36677269807114,none,0.0,success,105.0,0.005,"(1953, -35, -72)",1953.0,-35.0,-72.0,,,,
6028,realistic,3,x0y0,utah,4.724,6.2,Ab,saline,110.75397841391195,6.2,,b,-1,0.08,soma,57.798794201999996,155.7777994762426,1009.0477574911256,-253.44550468447915,,156.0,1009.0773262291453,-253.44594633259447,tjn,5.155000000000106,success,16.1102294921875,0.005,"(156, 248, 35)",156.0,248.0,35.0,156.0,,248.0,35.0
6029,realistic,3,x0y0,utah,4.811,6.3,Ab,saline,-18.740252057450785,6.3,,b,-1,0.08,soma,58.076883158,819.3071671976303,-444.92065084629394,1265.4213382755506,,819.0,-444.55055127933275,1265.894404175313,none,0.0,success,105.0,0.005,"(819, -183, 495)",819.0,-183.0,495.0,,,,
6030,realistic,3,x0y0,utah,5.2459999999999996,6.8,Ab,saline,67.32211268757054,6.8,,b,-1,0.08,soma,59.467327938000004,13.84293916776036,1310.4127828195026,456.6352788962782,,14.0,1310.7547517441967,457.0798274600496,tjn,5.130000000000102,success,17.6483154296875,0.005,"(14, 559, 143)",14.0,559.0,143.0,14.0,,559.0,143.0
6031,realistic,3,x0y0,utah,5.768000000000001,7.4,Ab,saline,-31.568733152040682,7.4,,b,-1,0.08,soma,61.135861674,1180.658298802791,-665.5041354093872,1153.3369104617614,,1181.0,-665.9498117931696,1152.8638770731243,none,0.0,success,105.0,0.005,"(1181, -239, 458)",1181.0,-239.0,458.0,,,,
6032,realistic,3,x0y0,utah,4.637,6.1,Ab,saline,40.2271496683836,6.1,,b,-1,0.08,soma,57.520705246000006,1542.7722348778275,783.9433200566333,833.5427365267627,,1543.0,783.5264357239336,833.3060292276607,none,0.0,success,105.0,0.005,"(1543, 258, 212)",1543.0,258.0,212.0,,,,
6033,realistic,3,x0y0,utah,5.159,6.7,Ab,saline,138.34751981989345,6.7,,b,-1,0.08,soma,59.189238982000006,1996.461843413473,631.7056334972281,-741.9851039908908,,1996.0,631.3795841137187,-741.6650996836754,none,0.0,success,105.0,0.005,"(1996, 90, -133)",1996.0,90.0,-133.0,,,,
6034,realistic,3,x0y0,utah,5.855,7.5,Ab,saline,-5.774219502812668,7.5,,b,-1,0.08,soma,61.41395063,-922.9511607393199,-222.0469079417344,1196.2944941934586,,-923.0,-222.06012171668903,1196.5468697408937,none,0.0,success,105.0,0.005,"(-923, -140, 385)",-923.0,-140.0,385.0,,,,
6035,realistic,3,x0y0,utah,5.942,7.6,Ab,saline,211.12409277911186,7.6,,b,-1,0.08,soma,61.69203958600001,-940.6211375048068,-539.8471293447938,-1308.4044296747302,,-941.0,-539.7108076310019,-1308.3641929428081,none,0.0,success,105.0,0.005,"(-941, -118, -610)",-941.0,-118.0,-610.0,,,,
6036,realistic,3,x0y0,utah,5.2459999999999996,6.8,Ab,saline,65.09894745696874,6.8,,b,-1,0.08,soma,59.467327938000004,-223.65585822268486,1369.291703066383,522.9378262394886,,-224.0,1368.9634332198834,523.084345897346,tjn,5.145000000000104,success,25.64697265625,0.005,"(-224, 630, 180)",-224.0,630.0,180.0,-224.0,,630.0,180.0
6037,realistic,3,x0y0,utah,4.985,6.5,Ab,saline,102.98835109063495,6.5,,b,-1,0.08,soma,58.63306107,-36.92744074832199,459.67631476009774,-54.1592098331821,,-37.0,459.4700273533042,-54.058356064268054,neck0,5.860000000000216,success,39.7705078125,0.005,"(-37, -334, 129)",-37.0,-334.0,129.0,-37.0,,300.77602188264336,-17.44668485141444
6038,realistic,3,x0y0,utah,5.681,7.3,Ab,saline,1.3435755893777064,7.3,,b,-1,0.08,soma,60.857772718,932.6489674152336,101.27611399569332,1314.817071437974,,933.0,101.0810359408006,1315.1842576930926,none,0.0,success,105.0,0.005,"(933, 82, 500)",933.0,82.0,500.0,,,,
6039,realistic,3,x0y0,utah,5.333,6.9,Ab,saline,50.45294667691283,6.9,,b,-1,0.08,soma,59.745416893999995,-1001.1256096434043,722.4572003758926,709.0240991283517,,-1001.0,722.3483454834818,708.829453468205,none,0.0,success,105.0,0.005,"(-1001, 94, 190)",-1001.0,94.0,190.0,,,,
6040,realistic,3,x0y0,utah,5.507,7.1,Ab,saline,2.2544349528898904,7.1,,b,-1,0.08,soma,60.301594806000004,-1033.8097267100634,127.49388166238529,1397.2239698211997,,-1034.0,127.0354263379379,1397.498676765078,none,0.0,success,105.0,0.005,"(-1034, 95, 583)",-1034.0,95.0,583.0,,,,
6041,realistic,3,x0y0,utah,4.811,6.3,Ab,saline,176.31199268816945,6.3,,b,-1,0.08,soma,58.076883158,1894.6425887184807,114.01534651359137,-1066.6942055171894,,1895.0,114.34267179352972,-1066.3289608516843,none,0.0,success,105.0,0.005,"(1895, 62, -254)",1895.0,62.0,-254.0,,,,
6042,realistic,3,x0y0,utah,6.551000000000001,8.3,Ab,saline,82.95483802432919,8.3,,b,-1,0.08,soma,63.63866227800001,-690.7990714197888,1397.7618413572782,336.48046859676424,,-691.0,1397.6115042223437,336.2237319307553,periphery,5.185000000000111,success,42.15087890625,0.005,"(-691, 587, 236)",-691.0,587.0,236.0,-691.0,,587.0,236.0
6043,realistic,3,x0y0,utah,5.072,6.6,Ab,saline,83.12973869151752,6.6,,b,-1,0.08,soma,58.911150026,-682.6218293200891,1031.2150720096738,292.6651986058496,,-683.0,1031.5914948729064,292.4088867715548,none,0.0,success,105.0,0.005,"(-683, 223, 195)",-683.0,223.0,195.0,,,,
6044,realistic,3,x0y0,utah,4.55,6.0,Ab,saline,53.89106748370922,6.0,,b,-1,0.08,soma,57.24261629,-1926.6905241410016,945.7539985569348,584.8042927416759,,-1927.0,945.3246548503457,584.4670368898487,periphery,5.275000000000125,success,89.044189453125,0.005,"(-1927, 288, 105)",-1927.0,288.0,105.0,-1927.0,,288.0,105.0
6045,realistic,3,x0y0,utah,5.159,6.7,Ab,saline,181.9688733971175,6.7,,b,-1,0.08,soma,59.189238982000006,-77.43767658525623,-216.85285954208985,-1451.948224616845,,-77.0,-217.0220549104904,-1452.1058627193056,none,0.0,success,105.0,0.005,"(-77, -189, -638)",-77.0,-189.0,-638.0,,,,
6046,realistic,3,x0y0,utah,5.2459999999999996,6.8,Ab,saline,23.192844532512368,6.8,,b,-1,0.08,soma,59.467327938000004,953.5914892651967,764.0409712804413,1193.7100717563362,,954.0,763.8421168709923,1193.903183920305,none,0.0,success,105.0,0.005,"(954, 443, 445)",954.0,443.0,445.0,,,,
6047,realistic,3,x0y0,utah,5.42,7.0,Ab,saline,-10.041002940191683,7.0,,b,-1,0.08,soma,60.02350585000001,1999.342494915704,-97.87483876882423,1197.0256092257032,,1999.0,-98.13804971012004,1196.5420731052477,none,0.0,success,105.0,0.005,"(1999, 44, 394)",1999.0,44.0,394.0,,,,
6048,realistic,3,x0y0,utah,4.898000000000001,6.4,Ab,saline,-16.399997417292255,6.4,,b,-1,0.08,soma,58.354972114000006,49.01114156913057,-488.26342837189344,1383.8641264700746,,49.0,-487.8423043138912,1384.0404623744803,none,0.0,success,105.0,0.005,"(49, -258, 603)",49.0,-258.0,603.0,,,,
6049,realistic,3,x0y0,utah,5.942,7.6,Ab,saline,154.79778168594558,7.6,,b,-1,0.08,soma,61.69203958600001,1012.7965448991824,659.1577663529215,-1176.7593614107711,,1013.0,659.3872352278595,-1177.1774787087065,none,0.0,success,105.0,0.005,"(1013, 312, -439)",1013.0,312.0,-439.0,,,,
6050,realistic,3,x0y0,utah,4.637,6.1,Ab,saline,166.1561784215905,6.1,,b,-1,0.08,soma,57.520705246000006,-50.208906204147965,237.0863151923959,-1384.3598340383726,,-50.0,236.73285238268397,-1384.1613023969333,none,0.0,success,105.0,0.005,"(-50, 42, -594)",-50.0,42.0,-594.0,,,,
6051,realistic,3,x0y0,utah,5.42,7.0,Ab,saline,22.47776547672557,7.0,,b,-1,0.08,soma,60.02350585000001,1127.191245814264,432.2818107723929,1160.9903592028595,,1127.0,432.57899314322754,1161.0708597027,none,0.0,success,105.0,0.005,"(1127, 121, 408)",1127.0,121.0,408.0,,,,
6052,realistic,3,x0y0,utah,5.2459999999999996,6.8,Ab,saline,89.4164140984209,6.8,,b,-1,0.08,soma,59.467327938000004,1763.8854065160447,354.4426591972488,46.442176886176654,,1764.0,354.65219060260347,46.3102833724838,none,0.0,success,105.0,0.005,"(1764, -460, 38)",1764.0,-460.0,38.0,,,,
6053,realistic,3,x0y0,utah,5.855,7.5,Ab,saline,173.01722597995862,7.5,,b,-1,0.08,soma,61.41395063,-8.658523974438339,-42.979880910759675,-1466.6713060431025,,-9.0,-42.81003180169597,-1466.6707436976694,none,0.0,success,105.0,0.005,"(-9, -142, -657)",-9.0,-142.0,-657.0,,,,
6054,realistic,3,x0y0,utah,4.55,6.0,Ab,saline,103.23435437390869,6.0,,b,-1,0.08,soma,57.24261629,-1042.5000283516608,1105.0364842695717,-218.4032653882477,,-1043.0,1104.9789813483433,-218.23791743439057,periphery,5.215000000000115,success,67.4072265625,0.005,"(-1043, 313, -32)",-1043.0,313.0,-32.0,-1043.0,,313.0,-32.0
6055,realistic,3,x0y0,utah,5.594,7.2,Ab,saline,36.13375553948881,7.2,,b,-1,0.08,soma,60.579683761999995,444.9834616738488,698.6855201809453,1250.2824008631815,,445.0,698.7764197572258,1250.4280763030956,none,0.0,success,105.0,0.005,"(445, 218, 592)",445.0,218.0,592.0,,,,
6056,realistic,3,x0y0,utah,5.507,7.1,Ab,saline,188.760310575622,7.1,,b,-1,0.08,soma,60.301594806000004,307.65596688953184,-238.75716841212304,-1088.5136490025006,,308.0,-239.14746644447695,-1088.613533073385,none,0.0,success,105.0,0.005,"(308, -115, -283)",308.0,-115.0,-283.0,,,,
6057,realistic,3,x0y0,utah,5.2459999999999996,6.8,Ab,saline,175.87793121439006,6.8,,b,-1,0.08,soma,59.467327938000004,1030.7268097700571,281.10639942078893,-1359.1168847237786,,1031.0,281.5793504393711,-1358.6153564426809,none,0.0,success,105.0,0.005,"(1031, 223, -546)",1031.0,223.0,-546.0,,,,
6058,realistic,3,x0y0,utah,7.16,9.0,Ab,saline,38.63938475066176,9.0,,b,-1,0.08,soma,65.58528497,810.5208574166318,110.66771846378609,140.57691134444713,,811.0,110.6297259676341,140.77783304503373,none,0.0,success,105.0,0.005,"(811, -400, -498)",811.0,-400.0,-498.0,,,,
6059,realistic,3,x0y0,utah,4.55,6.0,Ab,saline,161.38063310949678,6.0,,b,-1,0.08,soma,57.24261629,-432.3944818252514,319.60308956459215,-1335.7531242180676,,-432.0,319.7892836906986,-1336.068913729017,none,0.0,success,105.0,0.005,"(-432, 60, -565)",-432.0,60.0,-565.0,,,,
6060,realistic,3,x0y0,utah,4.637,6.1,Ab,saline,363.5570328488631,6.1,,b,-1,0.08,soma,57.520705246000006,66.62310460689768,-81.34435786264612,981.091172979101,,67.0,-81.54685813737399,981.2142079530165,none,0.0,success,105.0,0.005,"(67, -132, 169)",67.0,-132.0,169.0,,,,
6061,realistic,3,x0y0,utah,5.507,7.1,Ab,saline,145.6998809539553,7.1,,b,-1,0.08,soma,60.301594806000004,675.1624168249164,513.5094352994065,-701.3761819534192,,675.0,513.3374743365907,-701.3960737346185,none,0.0,success,105.0,0.005,"(675, 54, -28)",675.0,54.0,-28.0,,,,
6062,realistic,3,x0y0,utah,7.508000000000001,9.4,Ab,saline,57.29784024736321,9.4,,b,-1,0.08,soma,66.697640794,1340.4227471586105,348.2526206398256,293.7115868668511,,1340.0,348.64053236407574,294.15386766049926,none,0.0,success,105.0,0.005,"(1340, -340, -148)",1340.0,-340.0,-148.0,,,,
6063,realistic,3,x0y0,utah,6.29,8.0,Ab,saline,-12.093408620710097,8.0,,b,-1,0.08,soma,62.80439541,230.9641636296038,-321.1629068480588,1170.9996246840785,,231.0,-321.03626041919756,1171.278068915949,none,0.0,success,105.0,0.005,"(231, -150, 373)",231.0,-150.0,373.0,,,,
6064,realistic,3,x0y0,utah,5.2459999999999996,6.8,Ab,saline,157.30406126808148,6.8,,b,-1,0.08,soma,59.467327938000004,620.8124599626541,562.0269511222014,-1217.6514886689301,,621.0,562.3242475592403,-1217.6732783777998,none,0.0,success,105.0,0.005,"(621, 248, -466)",621.0,248.0,-466.0,,,,
6065,realistic,3,x0y0,utah,5.594,7.2,Ab,saline,324.573126497988,7.2,,b,-1,0.08,soma,60.579683761999995,-62.17088358876377,-477.00613607350533,660.2123837392987,,-62.0,-476.6235213384158,660.379692148827,none,0.0,success,105.0,0.005,"(-62, -4, -4)",-62.0,-4.0,-4.0,,,,
6066,realistic,3,x0y0,utah,5.768000000000001,7.4,Ab,saline,48.67073761257772,7.4,,b,-1,0.08,soma,61.135861674,-608.1262606372163,1024.0215220636094,1005.7432430609916,,-608.0,1024.4099592655034,1005.601061524755,none,0.0,success,105.0,0.005,"(-608, 412, 467)",-608.0,412.0,467.0,,,,
6067,realistic,3,x0y0,utah,4.637,6.1,Ab,saline,171.22159265992823,6.1,,b,-1,0.08,soma,57.520705246000006,1596.955304844818,296.2025476380168,-1279.6197718111082,,1597.0,296.17982981026984,-1279.239356497311,none,0.0,success,105.0,0.005,"(1597, 172, -475)",1597.0,172.0,-475.0,,,,
6068,realistic,3,x0y0,utah,4.637,6.1,Ab,saline,127.58349638977607,6.1,,b,-1,0.08,soma,57.520705246000006,733.5681245387634,1069.1912087038097,-839.1372164645363,,734.0,1068.9050794537277,-839.3124390647679,none,0.0,success,105.0,0.005,"(734, 424, -343)",734.0,424.0,-343.0,,,,
6069,realistic,3,x0y0,utah,9.422,11.6,Ab,saline,273.7156207787476,11.6,,b,-1,0.08,soma,72.815597826,1683.0514069963795,-142.34734736196378,27.10380023434345,,1683.0,-142.68284253528304,27.22722536956242,central,5.205000000000114,success,30.9814453125,0.005,"(1683, 677, -26)",1683.0,677.0,-26.0,1683.0,,677.0,-26.0
6070,realistic,3,x0y0,utah,4.724,6.2,Ab,saline,193.73791046654998,6.2,,b,-1,0.08,soma,57.798794201999996,-1624.9359155758825,-123.20575358904762,-1255.2558379157633,,-1625.0,-123.30110681148753,-1255.6218743439117,none,0.0,success,105.0,0.005,"(-1625, 70, -465)",-1625.0,70.0,-465.0,,,,
6071,realistic,3,x0y0,utah,5.507,7.1,Ab,saline,34.66711617089852,7.1,,b,-1,0.08,soma,60.301594806000004,-892.374850597351,118.24448265482029,234.7809756664533,,-892.0,118.65777356282655,234.4615308639677,none,0.0,success,105.0,0.005,"(-892, -345, -436)",-892.0,-345.0,-436.0,,,,
6072,realistic,3,x0y0,utah,5.072,6.6,Ab,saline,202.08664301769943,6.6,,b,-1,0.08,soma,58.911150026,722.2544530078944,-580.960407669616,-1031.813861947291,,722.0,-581.2352962048881,-1031.674535807046,none,0.0,success,105.0,0.005,"(722, -275, -277)",722.0,-275.0,-277.0,,,,
6073,realistic,3,x0y0,utah,4.55,6.0,Ab,saline,200.52632354588334,6.0,,b,-1,0.08,soma,57.24261629,355.4792194693544,-304.89567330564614,-778.8620794239555,,355.0,-305.25563063563715,-778.9563550777928,none,0.0,success,105.0,0.005,"(355, -20, -17)",355.0,-20.0,-17.0,,,,
6074,realistic,3,x0y0,utah,5.681,7.3,Ab,saline,-17.748749061698106,7.3,,b,-1,0.08,soma,60.857772718,350.18171641737393,-490.4309391098968,1269.6441840566113,,350.0,-490.54272456222327,1269.6144713683118,none,0.0,success,105.0,0.005,"(350, -242, 493)",350.0,-242.0,493.0,,,,
6075,realistic,3,x0y0,utah,7.595000000000001,9.5,Ab,saline,81.9614918481691,9.5,,b,-1,0.08,soma,66.97572975,323.0854284313623,730.5806701883121,-7.647305266041258,,323.0,730.4666837992252,-7.575396490474958,tjn,5.3250000000001325,success,24.407958984375,0.005,"(323, -80, -122)",323.0,-80.0,-122.0,323.0,,-80.0,-122.0
6076,realistic,3,x0y0,utah,6.29,8.0,Ab,saline,171.45755309395778,8.0,,b,-1,0.08,soma,62.80439541,-1029.1575224959843,93.95846134574732,-1387.537687527424,,-1029.0,94.23572635919251,-1387.3401333104748,none,0.0,success,105.0,0.005,"(-1029, -27, -580)",-1029.0,-27.0,-580.0,,,,
6077,realistic,3,x0y0,utah,4.55,6.0,Ab,saline,117.7616707707185,6.0,,b,-1,0.08,soma,57.24261629,-4.439808266844203,1143.3637025680273,-456.38858004343683,,-4.0,1142.9734955775107,-455.98480533394115,tjn,5.155000000000106,success,26.6357421875,0.005,"(-4, 423, -77)",-4.0,423.0,-77.0,-4.0,,423.0,-77.0
6078,realistic,3,x0y0,utah,4.985,6.5,Ab,saline,-6.256593101544121,6.5,,b,-1,0.08,soma,58.63306107,-752.0323033088565,-210.35657297390392,1375.9855475442844,,-752.0,-210.760501828315,1376.4306313517902,none,0.0,success,105.0,0.005,"(-752, -122, 567)",-752.0,-122.0,567.0,,,,
6079,realistic,3,x0y0,utah,5.942,7.6,Ab,saline,-15.424727447995146,7.6,,b,-1,0.08,soma,61.69203958600001,845.7306089825082,-252.96114071297455,1405.309450832001,,846.0,-253.01504126493808,1405.475563080452,none,0.0,success,105.0,0.005,"(846, -36, 619)",846.0,-36.0,619.0,,,,
6080,realistic,3,x0y0,utah,8.291,10.3,Ab,saline,100.17260030842388,10.3,,b,-1,0.08,soma,69.20044139800001,-1289.4519736716475,146.44066329834098,-10.010170436551565,,-1289.0,146.7324972340259,-9.741398975443445,none,0.0,success,105.0,0.005,"(-1289, -660, 135)",-1289.0,-660.0,135.0,,,,
6081,realistic,3,x0y0,utah,5.42,7.0,Ab,saline,57.75737168849932,7.0,,b,-1,0.08,soma,60.02350585000001,-1787.428051391018,375.60387718111,309.4755909297951,,-1787.0,375.33694062396523,309.8087701854876,none,0.0,success,105.0,0.005,"(-1787, -314, -125)",-1787.0,-314.0,-125.0,,,,
6082,realistic,3,x0y0,utah,7.682,9.6,Ab,saline,324.8008201073391,9.6,,b,-1,0.08,soma,67.253818706,-976.2524877817826,-104.66636767125463,110.16388804011422,,-976.0,-104.85655055106935,109.98191032327179,none,0.0,success,105.0,0.005,"(-976, 367, -559)",-976.0,367.0,-559.0,,,,
6083,realistic,3,x0y0,utah,5.333,6.9,Ab,saline,137.13447908469834,6.9,,b,-1,0.08,soma,59.745416893999995,-154.85175116104278,806.320167219099,-1208.7093795124342,,-155.0,806.3579035564942,-1208.301695291651,none,0.0,success,105.0,0.005,"(-155, 252, -611)",-155.0,252.0,-611.0,,,,
6084,realistic,3,x0y0,utah,7.856,9.8,Ab,saline,45.74758091140977,9.8,,b,-1,0.08,soma,67.809996618,1696.0149766651398,444.74399031005936,377.05788132424277,,1696.0,444.5816502887369,377.43190782002034,none,0.0,success,105.0,0.005,"(1696, -142, -194)",1696.0,-142.0,-194.0,,,,
6085,realistic,3,x0y0,utah,4.637,6.1,Ab,saline,169.38869013976026,6.1,,b,-1,0.08,soma,57.520705246000006,1603.0873722711624,59.847529366767034,-623.2371700515241,,1603.0,59.81328091789436,-622.845050593147,none,0.0,success,105.0,0.005,"(1603, -90, 177)",1603.0,-90.0,177.0,,,,
6086,realistic,3,x0y0,utah,8.9,11.0,Ab,saline,123.92558326488856,11.0,,b,-1,0.08,soma,71.14706409,1406.7047100638815,235.05399543017398,-115.68368187282658,,1407.0,234.91191689094114,-115.96208823431465,none,0.0,success,105.0,0.005,"(1407, -446, 342)",1407.0,-446.0,342.0,,,,
6087,realistic,3,x0y0,utah,4.637,6.1,Ab,saline,2.5591502441865965,6.1,,b,-1,0.08,soma,57.520705246000006,1885.802477540701,-72.00295052925503,1238.5543477921954,,1886.0,-71.62491223775189,1238.946592270377,none,0.0,success,105.0,0.005,"(1886, -108, 426)",1886.0,-108.0,426.0,,,,
6088,realistic,3,x0y0,utah,4.811,6.3,Ab,saline,93.59183254978123,6.3,,b,-1,0.08,soma,58.076883158,1213.9020593643304,967.0404141182216,-25.00810950567302,,1214.0,967.4103646958422,-24.958806442845415,none,0.0,success,105.0,0.005,"(1214, 155, 26)",1214.0,155.0,26.0,,,,
6089,realistic,3,x0y0,utah,4.811,6.3,Ab,saline,68.82341817302854,6.3,,b,-1,0.08,soma,58.076883158,-349.86139823860213,911.4741954620656,457.83310110711824,,-350.0,911.0908467724176,458.03068509833486,none,0.0,success,105.0,0.005,"(-350, 152, 164)",-350.0,152.0,164.0,,,,
6090,realistic,3,x0y0,utah,7.073,8.9,Ab,saline,92.37952206867243,8.9,,b,-1,0.08,soma,65.307196014,282.1551735259273,1457.0140939032626,88.0315898545632,,282.0,1456.9177097687939,88.0673756827095,central,5.130000000000102,success,15.88134765625,0.005,"(282, 640, 122)",282.0,640.0,122.0,282.0,,640.0,122.0
6091,realistic,3,x0y0,utah,4.811,6.3,Ab,saline,113.79887995556663,6.3,,b,-1,0.08,soma,58.076883158,-140.50228471958138,971.4370433008003,-528.3595260933862,,-141.0,971.8451740447852,-528.4645111771266,tjn,5.215000000000115,success,92.9443359375,0.005,"(-141, 227, -200)",-141.0,227.0,-200.0,-141.0,,227.0,-200.0
6092,realistic,3,x0y0,utah,5.768000000000001,7.4,Ab,saline,196.46775130752727,7.4,,b,-1,0.08,soma,61.135861674,629.2165947751463,-295.1910175591056,-1146.519672550012,,629.0,-295.21350839228955,-1146.1296456726832,none,0.0,success,105.0,0.005,"(629, -64, -364)",629.0,-64.0,-364.0,,,,
6093,realistic,3,x0y0,utah,4.724,6.2,Ab,saline,190.39252107163674,6.2,,b,-1,0.08,soma,57.798794201999996,-1718.9400393898122,-244.08287082868264,-1238.8188369434847,,-1719.0,-243.82745123702045,-1238.5514469885438,none,0.0,success,105.0,0.005,"(-1719, -97, -438)",-1719.0,-97.0,-438.0,,,,
6094,realistic,3,x0y0,utah,4.724,6.2,Ab,saline,101.12485380018434,6.2,,b,-1,0.08,soma,57.798794201999996,1770.7658392946116,1257.6601821689435,-229.5510272457418,,1771.0,1257.5980884355013,-230.00119370078292,central,5.365000000000139,success,71.8017578125,0.005,"(1771, 459, -73)",1771.0,459.0,-73.0,1771.0,,459.0,-73.0
6095,realistic,3,x0y0,utah,5.2459999999999996,6.8,Ab,saline,202.21395967799117,6.8,,b,-1,0.08,soma,59.467327938000004,1231.6563202224418,-192.9868847669813,-408.2329574224846,,1232.0,-193.05079834667902,-408.2804261025004,none,0.0,success,105.0,0.005,"(1232, 115, 346)",1232.0,115.0,346.0,,,,
6096,realistic,3,x0y0,utah,8.03,10.0,Ab,saline,8.069466859091438,10.0,,b,-1,0.08,soma,68.36617453,1955.0090046144367,2.238600340906032,796.7219374233873,,1955.0,2.0133054520060227,797.0731747010766,none,0.0,success,105.0,0.005,"(1955, -113, -14)",1955.0,-113.0,-14.0,,,,
6097,realistic,3,x0y0,utah,6.725,8.5,Ab,saline,63.36479438706535,8.5,,b,-1,0.08,soma,64.19484019000001,759.7536264857747,312.58132326253644,137.90352813567551,,760.0,312.4033838229208,138.3047734285886,none,0.0,success,105.0,0.005,"(760, -418, -228)",760.0,-418.0,-228.0,,,,
6098,realistic,3,x0y0,utah,4.898000000000001,6.4,Ab,saline,62.624891398200596,6.4,,b,-1,0.08,soma,58.354972114000006,-901.302098497543,1302.5690239553705,484.3468062768917,,-901.0,1302.9896076186162,484.3588080890087,periphery,5.170000000000108,success,20.34759521484375,0.005,"(-901, 580, 110)",-901.0,580.0,110.0,-901.0,,580.0,110.0
6099,realistic,3,x0y0,utah,5.768000000000001,7.4,Ab,saline,297.39750108037515,7.4,,b,-1,0.08,soma,61.135861674,572.2904275238003,-578.4562242496962,282.17911415634944,,572.0,-578.0612089970889,282.3243617711875,central,5.140000000000104,success,105.0,0.005,"(572, 146, -93)",572.0,146.0,-93.0,572.0,,146.0,-93.0
6100,realistic,3,x0y0,utah,5.681,7.3,Ab,saline,92.45962688152477,7.3,,b,-1,0.08,soma,60.857772718,140.185143945341,693.0075270330608,-68.89758668695094,,140.0,692.6950003612772,-68.98189922480111,tjn,5.320000000000132,success,17.52471923828125,0.005,"(140, -122, -34)",140.0,-122.0,-34.0,140.0,,-122.0,-34.0
6101,realistic,3,x0y0,utah,6.29,8.0,Ab,saline,198.61885486596947,8.0,,b,-1,0.08,soma,62.80439541,-618.1691567866359,-559.2178705375572,-1334.5544551346725,,-618.0,-559.6772217272065,-1334.7043627650287,none,0.0,success,105.0,0.005,"(-618, -299, -561)",-618.0,-299.0,-561.0,,,,
6102,realistic,3,x0y0,utah,6.203,7.9,Ab,saline,49.94315911092604,7.9,,b,-1,0.08,soma,62.52630645400001,365.3948269695349,957.7017059022464,1101.7416836294278,,365.0,957.767817479946,1101.2653391015747,none,0.0,success,105.0,0.005,"(365, 333, 576)",365.0,333.0,576.0,,,,
6103,realistic,3,x0y0,utah,5.855,7.5,Ab,saline,-24.06138409787639,7.5,,b,-1,0.08,soma,61.41395063,-843.6552847258048,-628.3801135479748,1133.8004897329638,,-844.0,-628.5637338359256,1133.8220391601267,none,0.0,success,105.0,0.005,"(-844, -296, 389)",-844.0,-296.0,389.0,,,,
6104,realistic,3,x0y0,utah,4.898000000000001,6.4,Ab,saline,10.70238429750164,6.4,,b,-1,0.08,soma,58.354972114000006,-747.5400522358034,287.8998078846585,1410.109377208144,,-748.0,288.19275916078493,1410.0107977996086,none,0.0,success,105.0,0.005,"(-748, 137, 610)",-748.0,137.0,610.0,,,,
6105,realistic,3,x0y0,utah,5.42,7.0,Ab,saline,94.4698065456418,7.0,,b,-1,0.08,soma,60.02350585000001,1098.3614785059217,1351.0692129261595,-30.747646656892808,,1098.0,1351.5667176662253,-30.489415552857515,central,5.170000000000108,success,8.65936279296875,0.005,"(1098, 539, 33)",1098.0,539.0,33.0,1098.0,,539.0,33.0
6106,realistic,3,x0y0,utah,5.2459999999999996,6.8,Ab,saline,33.25202622311236,6.8,,b,-1,0.08,soma,59.467327938000004,699.4274240627676,672.7056413740053,1276.6512821813146,,699.0,672.7184679542029,1276.361763177275,none,0.0,success,105.0,0.005,"(699, 226, 595)",699.0,226.0,595.0,,,,
6107,realistic,3,x0y0,utah,5.333,6.9,Ab,saline,125.2539352358115,6.9,,b,-1,0.08,soma,59.745416893999995,1461.8218337486246,1041.7892143345607,-565.9456847558395,,1462.0,1041.4250537178204,-566.3445273156085,central,5.240000000000119,success,55.615234375,0.005,"(1462, 376, -96)",1462.0,376.0,-96.0,1462.0,,376.0,-96.0
6108,realistic,3,x0y0,utah,6.203,7.9,Ab,saline,49.60063572535048,7.9,,b,-1,0.08,soma,62.52630645400001,807.4361060102804,85.19760556338406,77.73203907862398,,807.0,85.5843911823606,78.02014960641884,none,0.0,success,105.0,0.005,"(807, -536, -451)",807.0,-536.0,-451.0,,,,
6109,realistic,3,x0y0,utah,4.55,6.0,Ab,saline,108.93927104254028,6.0,,b,-1,0.08,soma,57.24261629,-271.00937449443967,1420.9209659731287,-355.80023125762085,,-271.0,1420.6043953743556,-356.1014766238671,periphery,5.140000000000104,success,16.265869140625,0.005,"(-271, 651, -92)",-271.0,651.0,-92.0,-271.0,,651.0,-92.0
6110,realistic,3,x0y0,utah,6.116,7.8,Ab,saline,83.54799070926765,7.8,,b,-1,0.08,soma,62.248217498,1797.6145426174044,893.7038747582415,145.16222015660102,,1798.0,893.9825268638816,144.7323498233876,none,0.0,success,105.0,0.005,"(1798, 83, 53)",1798.0,83.0,53.0,,,,
6111,realistic,3,x0y0,utah,4.985,6.5,Ab,saline,43.888201740518504,6.5,,b,-1,0.08,soma,58.63306107,910.386487285258,799.2483144300572,781.3072191863253,,910.0,799.5656506199157,780.8779235565746,none,0.0,success,105.0,0.005,"(910, 235, 194)",910.0,235.0,194.0,,,,
6112,realistic,3,x0y0,utah,6.638,8.4,Ab,saline,216.78305861582612,8.4,,b,-1,0.08,soma,63.916751233999996,1237.296695363788,-36.79376422474343,-61.69803675535877,,1237.0,-37.19467531945975,-61.30196303165542,none,0.0,success,105.0,0.005,"(1237, 452, 593)",1237.0,452.0,593.0,,,,
6113,realistic,3,x0y0,utah,5.072,6.6,Ab,saline,48.03282146960709,6.6,,b,-1,0.08,soma,58.911150026,-314.45164125890443,826.6410571021761,650.9730298002743,,-314.0,826.5477200221657,650.6264430111931,tjn,5.215000000000115,success,96.533203125,0.005,"(-314, 221, 106)",-314.0,221.0,106.0,-314.0,,221.0,106.0
6114,realistic,3,x0y0,utah,4.55,6.0,Ab,saline,210.44678152654458,6.0,,b,-1,0.08,soma,57.24261629,-363.1884542691784,-613.5952994896661,-1321.3581286794881,,-363.0,-613.2619168370717,-1321.4229297518048,none,0.0,success,105.0,0.005,"(-363, -201, -620)",-363.0,-201.0,-620.0,,,,
6115,realistic,3,x0y0,utah,4.724,6.2,Ab,saline,87.9650799241763,6.2,,b,-1,0.08,soma,57.798794201999996,-1246.621271025202,1015.3241455376781,134.90442443047823,,-1247.0,1015.4110574627396,134.89342859708552,none,0.0,success,105.0,0.005,"(-1247, 202, 106)",-1247.0,202.0,106.0,,,,
6116,realistic,3,x0y0,utah,4.637,6.1,Ab,saline,178.5594746860124,6.1,,b,-1,0.08,soma,57.520705246000006,743.1371504766939,179.90943341163484,-1414.4297753449,,743.0,179.4253848508373,-1414.5162245172132,none,0.0,success,105.0,0.005,"(743, 159, -601)",743.0,159.0,-601.0,,,,
6117,realistic,3,x0y0,utah,6.029,7.7,Ab,saline,98.066284009417,7.7,,b,-1,0.08,soma,61.970128542,-432.1100013423831,1451.9821005348467,-16.443899504137335,,-432.0,1451.9068121347173,-16.48270451722135,periphery,5.130000000000102,success,12.73193359375,0.005,"(-432, 644, 98)",-432.0,644.0,98.0,-432.0,,644.0,98.0
6118,realistic,3,x0y0,utah,8.378,10.4,Ab,saline,91.40761317759268,10.4,,b,-1,0.08,soma,69.478530354,1498.7174935012888,425.2145762286385,-28.987356991463,,1499.0,425.4933433974471,-29.165585923354207,none,0.0,success,105.0,0.005,"(1499, -394, -9)",1499.0,-394.0,-9.0,,,,
6119,realistic,3,x0y0,utah,4.811,6.3,Ab,saline,122.60655057904378,6.3,,b,-1,0.08,soma,58.076883158,-1223.6687136389435,1049.668177954537,-677.6612829042166,,-1224.0,1049.7459831861497,-677.6853161669233,periphery,5.225000000000117,success,75.29296875,0.005,"(-1224, 364, -239)",-1224.0,364.0,-239.0,-1224.0,,364.0,-239.0
6120,realistic,3,x0y0,utah,4.55,6.0,Ab,saline,211.47184126652888,6.0,,b,-1,0.08,soma,57.24261629,-685.6527339208156,-588.3544200298534,-1176.373444115549,,-686.0,-588.7916849825046,-1175.9376137168706,none,0.0,success,105.0,0.005,"(-686, -164, -482)",-686.0,-164.0,-482.0,,,,
6121,realistic,3,x0y0,utah,5.159,6.7,Ab,saline,137.99919430243781,6.7,,b,-1,0.08,soma,59.189238982000006,1545.030386834563,754.9795621789673,-629.4638101296133,,1545.0,755.0452599014283,-629.3252617437622,none,0.0,success,105.0,0.005,"(1545, 210, -24)",1545.0,210.0,-24.0,,,,
6122,realistic,3,x0y0,utah,6.29,8.0,Ab,saline,131.27319121209706,8.0,,b,-1,0.08,soma,62.80439541,641.7561248853325,988.2348534217637,-1007.3778612423926,,642.0,988.6078917950781,-1007.5805298259886,none,0.0,success,105.0,0.005,"(642, 375, -469)",642.0,375.0,-469.0,,,,
6123,realistic,3,x0y0,utah,6.203,7.9,Ab,saline,182.77906359466857,7.9,,b,-1,0.08,soma,62.52630645400001,-408.6473796376751,-126.71624515444228,-1448.9141001289495,,-409.0,-126.5887629315095,-1449.2836374431279,none,0.0,success,105.0,0.005,"(-409, -87, -634)",-409.0,-87.0,-634.0,,,,
6124,realistic,3,x0y0,utah,4.811,6.3,Ab,saline,41.2541064462587,6.3,,b,-1,0.08,soma,58.076883158,-97.38314811848323,713.8758933483717,917.7764642524513,,-97.0,713.7769483771928,917.9941003790923,none,0.0,success,105.0,0.005,"(-97, 177, 306)",-97.0,177.0,306.0,,,,
6125,realistic,3,x0y0,utah,4.55,6.0,Ab,saline,54.57851627291601,6.0,,b,-1,0.08,soma,57.24261629,1881.043114800125,968.4160877905192,567.1620141449798,,1881.0,968.0200040073607,567.5749102008422,none,0.0,success,105.0,0.005,"(1881, 305, 96)",1881.0,305.0,96.0,,,,
6126,realistic,3,x0y0,utah,4.637,6.1,Ab,saline,35.3936932423478,6.1,,b,-1,0.08,soma,57.520705246000006,-1258.5257314359308,655.2099774618932,941.8817516294873,,-1259.0,655.3299962392418,942.3774394582698,none,0.0,success,105.0,0.005,"(-1259, 184, 279)",-1259.0,184.0,279.0,,,,
6127,realistic,3,x0y0,utah,4.811,6.3,Ab,saline,-12.428898775676195,6.3,,b,-1,0.08,soma,58.076883158,336.0160956662301,-246.5146881564237,1277.0017085291586,,336.0,-246.18107262780083,1276.9899420460515,none,0.0,success,105.0,0.005,"(336, -71, 482)",336.0,-71.0,482.0,,,,
6128,realistic,3,x0y0,utah,4.637,6.1,Ab,saline,93.42188355409971,6.1,,b,-1,0.08,soma,57.520705246000006,-978.4808959763324,1115.1069544399697,-98.3145219098292,,-978.0,1115.2955839882788,-98.58149305159311,periphery,5.230000000000118,success,75.29296875,0.005,"(-978, 303, -50)",-978.0,303.0,-50.0,-978.0,,303.0,-50.0
6129,realistic,3,x0y0,utah,5.855,7.5,Ab,saline,46.85505230684447,7.5,,b,-1,0.08,soma,61.41395063,548.6847042720817,211.81676224653802,220.7242813312332,,549.0,212.13980918982418,220.78042972039714,none,0.0,success,105.0,0.005,"(549, -383, -337)",549.0,-383.0,-337.0,,,,
6130,realistic,3,x0y0,utah,4.724,6.2,Ab,saline,-19.0570745582616,6.2,,b,-1,0.08,soma,57.798794201999996,-450.078701520455,-319.6419955164638,1415.719786332382,,-450.0,-319.73815315347656,1415.2977101398656,none,0.0,success,105.0,0.005,"(-450, -54, 646)",-450.0,-54.0,646.0,,,,
6131,realistic,3,x0y0,utah,4.898000000000001,6.4,Ab,saline,177.30744026857033,6.4,,b,-1,0.08,soma,58.354972114000006,455.0897568793428,3.482801481900424,-575.7768778212412,,455.0,3.266341844679012,-575.2818908223376,none,0.0,success,105.0,0.005,"(455, -35, 238)",455.0,-35.0,238.0,,,,
6132,realistic,3,x0y0,utah,4.55,6.0,Ab,saline,199.7605190658134,6.0,,b,-1,0.08,soma,57.24261629,132.18508713598308,-674.1466243345217,-1248.281171634338,,132.0,-674.0853642838247,-1248.69901309526,none,0.0,success,105.0,0.005,"(132, -399, -483)",132.0,-399.0,-483.0,,,,
6133,realistic,3,x0y0,utah,4.55,6.0,Ab,saline,51.2474648264551,6.0,,b,-1,0.08,soma,57.24261629,-976.6694241059623,995.56376340739,854.0603352228659,,-977.0,995.5432582222858,854.3269388987701,none,0.0,success,105.0,0.005,"(-977, 361, 345)",-977.0,361.0,345.0,,,,
6134,realistic,3,x0y0,utah,4.811,6.3,Ab,saline,123.50510638582122,6.3,,b,-1,0.08,soma,58.076883158,1213.9739700983866,370.2116967469609,-276.18650622033243,,1214.0,369.74525258857034,-276.34921975160813,none,0.0,success,105.0,0.005,"(1214, -309, 173)",1214.0,-309.0,173.0,,,,
6135,realistic,3,x0y0,utah,8.726,10.8,Ab,saline,91.69705675326328,10.8,,b,-1,0.08,soma,70.590886178,1778.952746185613,36.75670423684369,-1.5107853203821833,,1779.0,36.96732491176465,-1.2807451154344065,none,0.0,success,105.0,0.005,"(1779, -783, 23)",1779.0,-783.0,23.0,,,,
6136,realistic,3,x0y0,utah,5.2459999999999996,6.8,Ab,saline,213.07941458213617,6.8,,b,-1,0.08,soma,59.467327938000004,1736.0920610969727,-557.1918102921418,-879.8916219308992,,1736.0,-557.6816337942803,-879.6653370396253,none,0.0,success,105.0,0.005,"(1736, -113, -197)",1736.0,-113.0,-197.0,,,,
6137,realistic,3,x0y0,utah,4.811,6.3,Ab,saline,122.49616431551435,6.3,,b,-1,0.08,soma,58.076883158,80.05780627330374,1010.3545842429337,-751.4128907888994,,80.0,1010.5600216277288,-751.3014508162389,tjn,5.18000000000011,success,105.0,0.005,"(80, 324, -314)",80.0,324.0,-314.0,80.0,,324.0,-314.0
6138,realistic,3,x0y0,utah,6.811999999999999,8.6,Ab,saline,164.92616561017132,8.6,,b,-1,0.08,soma,64.472929146,-567.6401560587227,383.50804819794615,-1339.4542528857608,,-568.0,383.56320443543734,-1339.123530191689,none,0.0,success,105.0,0.005,"(-568, 171, -550)",-568.0,171.0,-550.0,,,,
6139,realistic,3,x0y0,utah,6.29,8.0,Ab,saline,120.70769695840113,8.0,,b,-1,0.08,soma,62.80439541,34.80114379000065,360.84553961012716,-295.86666675153486,,35.0,360.9426095867591,-295.93660236794364,none,0.0,success,105.0,0.005,"(35, -341, 121)",35.0,-341.0,121.0,,,,
6140,realistic,3,x0y0,utah,7.073,8.9,Ab,saline,117.6630069554975,8.9,,b,-1,0.08,soma,65.307196014,891.8466058860681,586.1265220315067,-291.44515208190484,,892.0,586.1957917548002,-291.6365655546502,none,0.0,success,105.0,0.005,"(892, -138, 88)",892.0,-138.0,88.0,,,,
6141,realistic,3,x0y0,utah,6.029,7.7,Ab,saline,78.93431516625729,7.7,,b,-1,0.08,soma,61.970128542,-1358.674531926949,1254.9442795172165,46.902537386628865,,-1359.0,1254.8077420755599,46.58753383360494,periphery,5.170000000000108,success,30.3955078125,0.005,"(-1359, 454, -110)",-1359.0,454.0,-110.0,-1359.0,,454.0,-110.0
6142,realistic,3,x0y0,utah,4.637,6.1,Ab,saline,23.107342222225213,6.1,,b,-1,0.08,soma,57.520705246000006,-35.58076318398773,560.9272050032849,1359.6815051387255,,-36.0,561.4009384045276,1359.4967723426357,none,0.0,success,105.0,0.005,"(-36, 242, 611)",-36.0,242.0,611.0,,,,
6143,realistic,3,x0y0,utah,5.681,7.3,Ab,saline,193.6221270606001,7.3,,b,-1,0.08,soma,60.857772718,433.0380323939211,-230.95262512555198,-1430.203613119417,,433.0,-231.03350273754455,-1430.5153346523123,none,0.0,success,105.0,0.005,"(433, -39, -638)",433.0,-39.0,-638.0,,,,
6144,realistic,3,x0y0,utah,4.724,6.2,Ab,saline,212.6424418077694,6.2,,b,-1,0.08,soma,57.798794201999996,465.20292345433785,-508.522722914005,-1105.7284011425406,,465.0,-509.0173347962795,-1105.3846822987523,none,0.0,success,105.0,0.005,"(465, -70, -420)",465.0,-70.0,-420.0,,,,
6145,realistic,3,x0y0,utah,4.724,6.2,Ab,saline,188.5805274651508,6.2,,b,-1,0.08,soma,57.798794201999996,-750.8649620907173,-246.95524866223786,-1264.1081764643186,,-751.0,-247.43379004746924,-1263.783723853469,none,0.0,success,105.0,0.005,"(-751, -126, -459)",-751.0,-126.0,-459.0,,,,
6146,realistic,3,x0y0,utah,4.985,6.5,Ab,saline,176.99751701009617,6.5,,b,-1,0.08,soma,58.63306107,218.0881828937267,52.497370639982364,-1240.126002463865,,218.0,52.67018620003401,-1240.1764873922511,none,0.0,success,105.0,0.005,"(218, 10, -427)",218.0,10.0,-427.0,,,,
6147,realistic,3,x0y0,utah,4.898000000000001,6.4,Ab,saline,196.93963454550286,6.4,,b,-1,0.08,soma,58.354972114000006,1660.1843404883457,-545.3385303486584,-1093.2661190817919,,1660.0,-545.2513194370099,-1092.8421831621263,none,0.0,success,105.0,0.005,"(1660, -308, -314)",1660.0,-308.0,-314.0,,,,
6148,realistic,3,x0y0,utah,6.116,7.8,Ab,saline,324.2284316647757,7.8,,b,-1,0.08,soma,62.248217498,1716.6187793646945,-631.856948412596,882.1690608255963,,1717.0,-632.1061539746656,882.2031018389388,none,0.0,success,105.0,0.005,"(1717, -155, 220)",1717.0,-155.0,220.0,,,,
6149,realistic,3,x0y0,utah,6.116,7.8,Ab,saline,193.4894342875476,7.8,,b,-1,0.08,soma,62.248217498,678.0196286026277,-532.4203180464569,-1292.6955591434507,,678.0,-532.4017545711417,-1292.599083347528,none,0.0,success,105.0,0.005,"(678, -342, -499)",678.0,-342.0,-499.0,,,,
6150,realistic,3,x0y0,utah,4.637,6.1,Ab,saline,143.63302850595787,6.1,,b,-1,0.08,soma,57.520705246000006,1498.6054713000524,715.5716284720284,-975.0792692626272,,1499.0,715.5598891054392,-975.2398359320398,none,0.0,success,105.0,0.005,"(1499, 233, -320)",1499.0,233.0,-320.0,,,,
6151,realistic,3,x0y0,utah,4.55,6.0,Ab,saline,53.77030691313517,6.0,,b,-1,0.08,soma,57.24261629,1920.995497751479,807.4798415161836,547.3590384713189,,1921.0,807.3483092805717,546.8501931136951,none,0.0,success,105.0,0.005,"(1921, 151, 66)",1921.0,151.0,66.0,,,,
6152,realistic,3,x0y0,utah,8.639,10.7,Ab,saline,14.849851899583047,10.7,,b,-1,0.08,soma,70.312797222,588.0460693838352,525.8191575181177,1342.1410365810968,,588.0,526.2060849639993,1341.7631748973927,none,0.0,success,105.0,0.005,"(588, 316, 549)",588.0,316.0,549.0,,,,
6153,realistic,3,x0y0,utah,4.985,6.5,Ab,saline,9.425785299699658,6.5,,b,-1,0.08,soma,58.63306107,-1028.4405715908426,4.982567761680457,1404.221491363145,,-1028.0,5.385047701633027,1404.3232573727778,none,0.0,success,105.0,0.005,"(-1028, -128, 601)",-1028.0,-128.0,601.0,,,,
6154,realistic,3,x0y0,utah,5.681,7.3,Ab,saline,329.3626574530886,7.3,,b,-1,0.08,soma,60.857772718,-250.92424610064603,-669.0874733688165,890.4688394460228,,-251.0,-669.5425604885465,890.5950138232838,none,0.0,success,105.0,0.005,"(-251, -254, 189)",-251.0,-254.0,189.0,,,,
6155,realistic,3,x0y0,utah,6.725,8.5,Ab,saline,148.04926052949048,8.5,,b,-1,0.08,soma,64.19484019000001,396.68847342097916,568.0681594576645,-1331.3870695044384,,397.0,568.4079547142742,-1331.3071609506078,none,0.0,success,105.0,0.005,"(397, 136, -638)",397.0,136.0,-638.0,,,,
6156,realistic,3,x0y0,utah,5.507,7.1,Ab,saline,179.8062605927368,7.1,,b,-1,0.08,soma,60.301594806000004,509.8233684927632,-118.67488888669732,-1254.3035853980073,,510.0,-118.2284872888298,-1254.1507974030003,none,0.0,success,105.0,0.005,"(510, -121, -439)",510.0,-121.0,-439.0,,,,
6157,realistic,3,x0y0,utah,5.942,7.6,Ab,saline,95.97965039954813,7.6,,b,-1,0.08,soma,61.69203958600001,211.90239526997144,1143.4619617175522,-155.82174314292206,,212.0,1143.4404512861179,-156.01115526243063,tjn,5.145000000000104,success,20.2239990234375,0.005,"(212, 332, -71)",212.0,332.0,-71.0,212.0,,332.0,-71.0
6158,realistic,3,x0y0,utah,6.116,7.8,Ab,saline,54.44497886748296,7.8,,b,-1,0.08,soma,62.248217498,-154.8880044707539,1124.8693622580677,831.2674113190608,,-155.0,1124.9985748781864,831.5761692375436,tjn,5.195000000000112,success,70.59326171875,0.005,"(-155, 461, 357)",-155.0,461.0,357.0,-155.0,,461.0,357.0
6159,realistic,3,x0y0,utah,4.898000000000001,6.4,Ab,saline,130.1154374102028,6.4,,b,-1,0.08,soma,58.354972114000006,1458.5736590575134,246.59401168179008,-200.68835368661075,,1459.0,246.60152358778817,-200.57455426652518,none,0.0,success,105.0,0.005,"(1459, -376, 324)",1459.0,-376.0,324.0,,,,
6160,realistic,3,x0y0,utah,5.855,7.5,Ab,saline,52.0830290456708,7.5,,b,-1,0.08,soma,61.41395063,-619.6688003900288,1076.8074540237621,966.0947593037707,,-620.0,1076.5112328260038,966.2519363310677,none,0.0,success,105.0,0.005,"(-620, 433, 465)",-620.0,433.0,465.0,,,,
6161,realistic,3,x0y0,utah,5.333,6.9,Ab,saline,142.33818823515688,6.9,,b,-1,0.08,soma,59.745416893999995,-422.4291076165445,594.6323151526226,-954.0711482317256,,-422.0,594.8872248611171,-954.0532360066453,none,0.0,success,105.0,0.005,"(-422, 97, -309)",-422.0,97.0,-309.0,,,,
6162,realistic,3,x0y0,utah,5.333,6.9,Ab,saline,34.067018482949855,6.9,,b,-1,0.08,soma,59.745416893999995,-1693.4411411607534,508.6694376384648,767.6519279186232,,-1693.0,508.4916912720095,768.0405516774949,none,0.0,success,105.0,0.005,"(-1693, 52, 93)",-1693.0,52.0,93.0,,,,
6163,realistic,3,x0y0,utah,4.637,6.1,Ab,saline,56.850672257430716,6.1,,b,-1,0.08,soma,57.520705246000006,-721.8086376766291,1215.7171383970465,677.049097287264,,-722.0,1215.2801672159758,676.9641608142565,periphery,5.185000000000111,success,52.0751953125,0.005,"(-722, 534, 232)",-722.0,534.0,232.0,-722.0,,534.0,232.0
6164,realistic,3,x0y0,utah,5.333,6.9,Ab,saline,12.557331226549135,6.9,,b,-1,0.08,soma,59.745416893999995,-1219.4555155533446,224.325354836044,1230.2081936516095,,-1219.0,224.15332681637784,1230.3972507151168,none,0.0,success,105.0,0.005,"(-1219, 47, 435)",-1219.0,47.0,435.0,,,,
6165,realistic,3,x0y0,utah,9.943999999999999,12.2,Ab,saline,264.928173190137,12.2,,b,-1,0.08,soma,74.484131562,971.5035753408437,-166.1750963517875,-19.194859992447626,,972.0,-166.03532172445443,-19.686198615040425,central,5.175000000000109,success,9.942626953125,0.005,"(972, 653, 53)",972.0,653.0,53.0,972.0,,653.0,53.0
6166,realistic,3,x0y0,utah,5.159,6.7,Ab,saline,45.57948941457948,6.7,,b,-1,0.08,soma,59.189238982000006,951.6098068904124,481.2139588496189,454.4675137235618,,952.0,480.7834772404723,454.134774181751,none,0.0,success,105.0,0.005,"(952, -101, -116)",952.0,-101.0,-116.0,,,,
6167,realistic,3,x0y0,utah,6.116,7.8,Ab,saline,121.66898969181122,7.8,,b,-1,0.08,soma,62.248217498,1967.6178524129998,799.4997266256406,-527.6196025978311,,1968.0,799.603228956274,-527.4651570932251,none,0.0,success,105.0,0.005,"(1968, 105, -99)",1968.0,105.0,-99.0,,,,
6168,realistic,3,x0y0,utah,4.637,6.1,Ab,saline,-22.710378617583903,6.1,,b,-1,0.08,soma,57.520705246000006,-163.11772401506389,-583.3494333826852,1345.4179883567122,,-163.0,-583.1928721477404,1345.6939252947177,none,0.0,success,105.0,0.005,"(-163, -269, 595)",-163.0,-269.0,595.0,,,,
6169,realistic,3,x0y0,utah,5.2459999999999996,6.8,Ab,saline,37.85452122628798,6.8,,b,-1,0.08,soma,59.467327938000004,-1211.0199750101876,625.9776462107011,676.798595193683,,-1211.0,626.0020495777756,677.3137010699226,none,0.0,success,105.0,0.005,"(-1211, 126, 34)",-1211.0,126.0,34.0,,,,
6170,realistic,3,x0y0,utah,5.072,6.6,Ab,saline,85.52942355425017,6.6,,b,-1,0.08,soma,58.911150026,1412.3223902070365,1302.7908775506858,-74.96721489304218,,1412.0,1303.0122082879611,-74.5539107064873,central,5.220000000000116,success,36.083984375,0.005,"(1412, 491, -138)",1412.0,491.0,-138.0,1412.0,,491.0,-138.0
6171,realistic,3,x0y0,utah,7.769,9.7,Ab,saline,104.09526542664452,9.7,,b,-1,0.08,soma,67.531907662,-504.6920328939151,435.7327418594237,-169.75916859292147,,-505.0,436.121098620687,-169.36950975784853,none,0.0,success,105.0,0.005,"(-505, -358, 30)",-505.0,-358.0,30.0,,,,
6172,realistic,3,x0y0,utah,6.029,7.7,Ab,saline,31.30318833528709,7.7,,b,-1,0.08,soma,61.970128542,482.9571465303173,689.3503243166406,1108.7482448642022,,483.0,688.9858393952118,1109.1776389131428,none,0.0,success,105.0,0.005,"(483, 265, 412)",483.0,265.0,412.0,,,,
6173,realistic,3,x0y0,utah,5.42,7.0,Ab,saline,144.4575921895116,7.0,,b,-1,0.08,soma,60.02350585000001,-298.3225603912312,719.5814198661337,-1149.5337442742905,,-298.0,719.7663319753026,-1149.1750633550728,none,0.0,success,105.0,0.005,"(-298, 246, -486)",-298.0,246.0,-486.0,,,,
6174,realistic,3,x0y0,utah,4.724,6.2,Ab,saline,285.4367195877236,6.2,,b,-1,0.08,soma,57.798794201999996,-1068.9942913733555,-449.85414066333084,178.97436813066406,,-1069.0,-449.51762886565405,178.66001950828624,periphery,5.205000000000114,success,52.0751953125,0.005,"(-1069, 335, -38)",-1069.0,335.0,-38.0,-1069.0,,335.0,-38.0
6175,realistic,3,x0y0,utah,6.551000000000001,8.3,Ab,saline,37.99031542874742,8.3,,b,-1,0.08,soma,63.63866227800001,68.3750122796445,917.7738696370787,1040.1816204704382,,68.0,917.7522983160546,1039.735314870646,central,5.190000000000111,success,79.9072265625,0.005,"(68, 415, 396)",68.0,415.0,396.0,68.0,,415.0,396.0
6176,realistic,3,x0y0,utah,4.55,6.0,Ab,saline,55.47975432882764,6.0,,b,-1,0.08,soma,57.24261629,846.890889067325,1024.2494012111283,664.4896604525529,,847.0,1024.3425957806658,664.0791953257717,central,5.31000000000013,success,98.291015625,0.005,"(847, 354, 203)",847.0,354.0,203.0,847.0,,354.0,203.0
6177,realistic,3,x0y0,utah,5.2459999999999996,6.8,Ab,saline,-2.5719530609303067,6.8,,b,-1,0.08,soma,59.467327938000004,-25.93266187887067,-226.0671403109827,1339.5083723493624,,-26.0,-226.5815415122081,1339.9189303050312,none,0.0,success,105.0,0.005,"(-26, -190, 526)",-26.0,-190.0,526.0,,,,
6178,realistic,3,x0y0,utah,5.072,6.6,Ab,saline,129.0935311851141,6.6,,b,-1,0.08,soma,58.911150026,1917.0149446814364,661.2304020651054,-564.6374125988342,,1917.0,661.0989717675894,-564.5956856031979,none,0.0,success,105.0,0.005,"(1917, 29, -51)",1917.0,29.0,-51.0,,,,
6179,realistic,3,x0y0,utah,4.637,6.1,Ab,saline,105.6890896154632,6.1,,b,-1,0.08,soma,57.520705246000006,-417.53616489472535,1435.872766053626,-232.962327764436,,-418.0,1435.4070914701624,-233.04079934925923,periphery,5.075000000000093,success,4.656982421875,0.005,"(-418, 652, -13)",-418.0,652.0,-13.0,-418.0,,652.0,-13.0
6180,realistic,3,x0y0,utah,5.594,7.2,Ab,saline,198.03949156870442,7.2,,b,-1,0.08,soma,60.579683761999995,-1320.5178618261145,-445.64239662222053,-1040.8168186382006,,-1321.0,-445.49526403054574,-1041.177581660455,none,0.0,success,105.0,0.005,"(-1321, -193, -266)",-1321.0,-193.0,-266.0,,,,
6181,realistic,3,x0y0,utah,4.724,6.2,Ab,saline,197.32803979928337,6.2,,b,-1,0.08,soma,57.798794201999996,1840.5865053098507,-243.6923390040197,-1227.5272828243221,,1841.0,-243.37924045667788,-1227.9483644726147,none,0.0,success,105.0,0.005,"(1841, -1, -451)",1841.0,-1.0,-451.0,,,,
6182,realistic,3,x0y0,utah,5.2459999999999996,6.8,Ab,saline,-11.367685653399914,6.8,,b,-1,0.08,soma,59.467327938000004,-1160.0513593656813,-164.67383242074087,1353.7733578474526,,-1160.0,-164.58400516828996,1353.764884155208,none,0.0,success,105.0,0.005,"(-1160, -4, 555)",-1160.0,-4.0,555.0,,,,
6183,realistic,3,x0y0,utah,4.898000000000001,6.4,Ab,saline,6.09652133444594,6.4,,b,-1,0.08,soma,58.354972114000006,1999.6290245492405,101.34126813260357,1005.2143857266133,,2000.0,101.46564901925343,1005.5366743864753,none,0.0,success,105.0,0.005,"(2000, 15, 196)",2000.0,15.0,196.0,,,,
6184,realistic,3,x0y0,utah,4.637,6.1,Ab,saline,31.34519471680109,6.1,,b,-1,0.08,soma,57.520705246000006,1149.3486948921002,498.60103224653676,860.7369006112907,,1149.0,498.3181354344847,860.9513411400422,none,0.0,success,105.0,0.005,"(1149, 75, 166)",1149.0,75.0,166.0,,,,
6185,realistic,3,x0y0,utah,4.637,6.1,Ab,saline,36.95953566662546,6.1,,b,-1,0.08,soma,57.520705246000006,-479.5764539360765,727.0511860134293,732.5256837016967,,-480.0,727.31410003221,732.2758977810395,none,0.0,success,105.0,0.005,"(-480, 238, 82)",-480.0,238.0,82.0,,,,
6186,realistic,3,x0y0,utah,5.159,6.7,Ab,saline,108.49650516543112,6.7,,b,-1,0.08,soma,59.189238982000006,352.7517672252401,1328.7957096110813,-532.0229037030787,,353.0,1328.4800776633156,-532.3894133025453,central,5.170000000000108,success,49.951171875,0.005,"(353, 556, -274)",353.0,556.0,-274.0,353.0,,556.0,-274.0
6187,realistic,3,x0y0,utah,4.637,6.1,Ab,saline,28.89429753911266,6.1,,b,-1,0.08,soma,57.520705246000006,1254.295205883042,642.6180634534107,977.5158257708304,,1254.0,642.2090023874337,977.4471887214366,none,0.0,success,105.0,0.005,"(1254, 249, 265)",1254.0,249.0,265.0,,,,
6188,realistic,3,x0y0,utah,6.029,7.7,Ab,saline,179.40018183533047,7.7,,b,-1,0.08,soma,61.970128542,1427.2333475199505,72.360664091902,-1124.8952351396063,,1427.0,72.5678431748455,-1124.9034657645732,none,0.0,success,105.0,0.005,"(1427, 64, -309)",1427.0,64.0,-309.0,,,,
6189,realistic,3,x0y0,utah,4.811,6.3,Ab,saline,203.6153007293792,6.3,,b,-1,0.08,soma,58.076883158,-434.56119659833604,-479.6663370423571,-1334.660150761989,,-435.0,-480.10379969654747,-1334.903424018838,none,0.0,success,105.0,0.005,"(-435, -154, -589)",-435.0,-154.0,-589.0,,,,
6190,realistic,3,x0y0,utah,4.811,6.3,Ab,saline,105.1232501114537,6.3,,b,-1,0.08,soma,58.076883158,1757.3796848140476,1246.2791199959554,-334.83679883033983,,1757.0,1245.8727115003667,-334.3826294079612,central,5.275000000000125,success,81.77490234375,0.005,"(1757, 460, -122)",1757.0,460.0,-122.0,1757.0,,460.0,-122.0
6191,realistic,3,x0y0,utah,4.985,6.5,Ab,saline,189.87936470630382,6.5,,b,-1,0.08,soma,58.63306107,340.34387071185216,-397.541529752602,-1224.0750001393064,,340.0,-397.73671663980605,-1224.2646458830823,none,0.0,success,105.0,0.005,"(340, -258, -422)",340.0,-258.0,-422.0,,,,
6192,realistic,3,x0y0,utah,4.637,6.1,Ab,saline,79.54319134490807,6.1,,b,-1,0.08,soma,57.520705246000006,-518.8431641200493,1067.0999155287946,175.482511398804,,-519.0,1067.2519307694583,175.69750400107455,tjn,5.200000000000113,success,43.6431884765625,0.005,"(-519, 267, 28)",-519.0,267.0,28.0,-519.0,,267.0,28.0
6193,realistic,3,x0y0,utah,5.072,6.6,Ab,saline,177.08100907691437,6.6,,b,-1,0.08,soma,58.911150026,1709.2095124568455,99.37616301542221,-1290.4013488941746,,1709.0,99.45578876816171,-1290.3967827654833,none,0.0,success,105.0,0.005,"(1709, 58, -477)",1709.0,58.0,-477.0,,,,
6194,realistic,3,x0y0,utah,4.637,6.1,Ab,saline,-14.004555920142836,6.1,,b,-1,0.08,soma,57.520705246000006,1433.2226716753455,-138.99750816064258,1156.945666812845,,1433.0,-138.93000533476607,1156.5916701500973,none,0.0,success,105.0,0.005,"(1433, 58, 367)",1433.0,58.0,367.0,,,,
6195,realistic,3,x0y0,utah,4.724,6.2,Ab,saline,159.16794797900238,6.2,,b,-1,0.08,soma,57.798794201999996,658.418432565192,665.3832153557519,-1284.7497158568688,,658.0,665.4226256091157,-1284.6703765305947,none,0.0,success,105.0,0.005,"(658, 376, -524)",658.0,376.0,-524.0,,,,
6196,realistic,3,x0y0,utah,5.072,6.6,Ab,saline,16.234774969429463,6.6,,b,-1,0.08,soma,58.911150026,303.79307626508734,323.6533382742441,1298.2622692256136,,304.0,323.72177877363487,1297.9587975699815,none,0.0,success,105.0,0.005,"(304, 96, 516)",304.0,96.0,516.0,,,,
6197,realistic,3,x0y0,utah,5.42,7.0,Ab,saline,12.928151805698175,7.0,,b,-1,0.08,soma,60.02350585000001,-431.7751227322015,317.735170431788,1336.374759748538,,-432.0,317.31812912932253,1336.3919555759976,none,0.0,success,105.0,0.005,"(-432, 135, 542)",-432.0,135.0,542.0,,,,
6198,realistic,3,x0y0,utah,5.2459999999999996,6.8,Ab,saline,190.1541073002681,6.8,,b,-1,0.08,soma,59.467327938000004,-1230.5021438010085,-335.3979176971225,-1166.7752971092798,,-1231.0,-335.6375449577348,-1166.942345444687,none,0.0,success,105.0,0.005,"(-1231, -192, -365)",-1231.0,-192.0,-365.0,,,,
6199,realistic,3,x0y0,utah,5.768000000000001,7.4,Ab,saline,61.438631733613605,7.4,,b,-1,0.08,soma,61.135861674,1589.4241154132358,339.98757982826464,215.23071498698158,,1589.0,340.31331365413735,214.92302773316987,none,0.0,success,105.0,0.005,"(1589, -376, -175)",1589.0,-376.0,-175.0,,,,
6200,realistic,3,x0y0,utah,5.507,7.1,Ab,saline,70.25912616924941,7.1,,b,-1,0.08,soma,60.301594806000004,1166.917268728723,900.3781866283784,353.9019828898604,,1167.0,900.2199305157039,354.3579393627335,none,0.0,success,105.0,0.005,"(1167, 133, 79)",1167.0,133.0,79.0,,,,
6201,realistic,3,x0y0,utah,4.985,6.5,Ab,saline,49.79336870362766,6.5,,b,-1,0.08,soma,58.63306107,703.8572015836872,985.5303124031017,1020.2732496006427,,704.0,985.8935343695797,1020.6413204603426,none,0.0,success,105.0,0.005,"(704, 364, 495)",704.0,364.0,495.0,,,,
6202,realistic,3,x0y0,utah,5.507,7.1,Ab,saline,316.3014176136131,7.1,,b,-1,0.08,soma,60.301594806000004,1729.091668889323,-693.3176408164909,749.226803309025,,1729.0,-693.1876859257329,749.3540265223692,none,0.0,success,105.0,0.005,"(1729, -130, 160)",1729.0,-130.0,160.0,,,,
6203,realistic,3,x0y0,utah,4.724,6.2,Ab,saline,48.5383462470631,6.2,,b,-1,0.08,soma,57.798794201999996,1161.0710607669948,833.3213070131901,562.2614411417708,,1161.0,832.9362081874896,561.8827908205723,none,0.0,success,105.0,0.005,"(1161, 223, 23)",1161.0,223.0,23.0,,,,
6204,realistic,3,x0y0,utah,4.637,6.1,Ab,saline,192.61651225241212,6.1,,b,-1,0.08,soma,57.520705246000006,732.958542014621,-363.774207825159,-1284.1585694339965,,733.0,-363.72526101286326,-1284.148728124786,none,0.0,success,105.0,0.005,"(733, -186, -490)",733.0,-186.0,-490.0,,,,
6205,realistic,3,x0y0,utah,5.2459999999999996,6.8,Ab,saline,65.42482837725802,6.8,,b,-1,0.08,soma,59.467327938000004,-848.3708177000177,1280.6762773697,540.3622288176301,,-848.0,1280.9187940134088,540.8477308447073,periphery,5.195000000000112,success,40.447998046875,0.005,"(-848, 540, 202)",-848.0,540.0,202.0,-848.0,,540.0,202.0
6206,realistic,3,x0y0,utah,5.507,7.1,Ab,saline,171.86177919696118,7.1,,b,-1,0.08,soma,60.301594806000004,-46.75799359472378,223.71645765093623,-1450.2534212877829,,-47.0,223.42535291226483,-1449.91777434923,none,0.0,success,105.0,0.005,"(-47, 108, -643)",-47.0,108.0,-643.0,,,,
6207,realistic,3,x0y0,utah,6.638,8.4,Ab,saline,156.95497690284455,8.4,,b,-1,0.08,soma,63.916751233999996,-1955.011893098371,325.4701954206838,-972.6082391922827,,-1955.0,325.8392040540556,-972.7650972427637,none,0.0,success,105.0,0.005,"(-1955, 6, -221)",-1955.0,6.0,-221.0,,,,
6208,realistic,3,x0y0,utah,4.724,6.2,Ab,saline,125.37273154541477,6.2,,b,-1,0.08,soma,57.798794201999996,1282.9350928694678,985.6449087095572,-517.1119750126231,,1283.0,985.6535683961556,-517.166360981769,central,5.260000000000122,success,69.27490234375,0.005,"(1283, 322, -46)",1283.0,322.0,-46.0,1283.0,,322.0,-46.0
6209,realistic,3,x0y0,utah,4.637,6.1,Ab,saline,197.44226925029727,6.1,,b,-1,0.08,soma,57.520705246000006,-1235.309071767686,-283.0532847746922,-1136.478365469434,,-1235.0,-282.88397768111315,-1136.3273764023422,none,0.0,success,105.0,0.005,"(-1235, -39, -360)",-1235.0,-39.0,-360.0,,,,
6210,realistic,3,x0y0,utah,4.55,6.0,Ab,saline,101.20447018275671,6.0,,b,-1,0.08,soma,57.24261629,549.1742420064567,1442.2744923865775,-144.9720499933851,,549.0,1442.081141159431,-145.08662017257356,central,5.110000000000099,success,10.22186279296875,0.005,"(549, 644, 13)",549.0,644.0,13.0,549.0,,644.0,13.0
6211,realistic,3,x0y0,utah,4.637,6.1,Ab,saline,326.64028796899726,6.1,,b,-1,0.08,soma,57.520705246000006,960.8167377283254,-576.7311502933778,797.3356380126669,,961.0,-576.4868179073878,797.6526465107298,none,0.0,success,105.0,0.005,"(961, -129, 118)",961.0,-129.0,118.0,,,,
6212,realistic,3,x0y0,utah,5.594,7.2,Ab,saline,-13.183631314104323,7.2,,b,-1,0.08,soma,60.579683761999995,-1302.9015631822185,-447.26725706910935,1141.1519890293566,,-1303.0,-446.9676129330561,1140.7661900553417,none,0.0,success,105.0,0.005,"(-1303, -261, 347)",-1303.0,-261.0,347.0,,,,
6213,realistic,3,x0y0,utah,6.725,8.5,Ab,saline,120.32017738775629,8.5,,b,-1,0.08,soma,64.19484019000001,-327.3374694969329,1184.1449250349715,-856.8858975452569,,-327.0,1184.3184930260043,-856.4707776639561,tjn,5.195000000000112,success,95.361328125,0.005,"(-327, 479, -444)",-327.0,479.0,-444.0,-327.0,,479.0,-444.0
6214,realistic,3,x0y0,utah,4.898000000000001,6.4,Ab,saline,78.18495922005133,6.4,,b,-1,0.08,soma,58.354972114000006,-936.4844667064726,1381.7129011822612,302.2741580440488,,-936.0,1381.9169233525918,302.74354914447366,periphery,5.175000000000109,success,22.611236572265625,0.005,"(-936, 585, 136)",-936.0,585.0,136.0,-936.0,,585.0,136.0
6215,realistic,3,x0y0,utah,5.072,6.6,Ab,saline,68.10001463248452,6.6,,b,-1,0.08,soma,58.911150026,-1353.8198280404586,1237.0336027510366,508.7830751493607,,-1354.0,1236.6518824970615,508.79192947984905,periphery,5.185000000000111,success,44.110107421875,0.005,"(-1354, 481, 205)",-1354.0,481.0,205.0,-1354.0,,481.0,205.0
6216,realistic,3,x0y0,utah,6.4639999999999995,8.2,Ab,saline,88.63477388910748,8.2,,b,-1,0.08,soma,63.360573322,-383.0972419772554,638.4635432608508,-5.07318209847017,,-383.0,638.435282575002,-5.563009177468192,tjn,5.400000000000144,success,41.986083984375,0.005,"(-383, -178, -25)",-383.0,-178.0,-25.0,-383.0,,-178.0,-25.0
6217,realistic,3,x0y0,utah,5.594,7.2,Ab,saline,86.69857758096347,7.2,,b,-1,0.08,soma,60.579683761999995,1058.9256472868317,1359.7908347396315,39.14600742466155,,1059.0,1359.9038491498025,38.96069489234561,central,5.1650000000001075,success,7.3516845703125,0.005,"(1059, 546, -8)",1059.0,546.0,-8.0,1059.0,,546.0,-8.0
6218,realistic,3,x0y0,utah,5.2459999999999996,6.8,Ab,saline,188.44820547139113,6.8,,b,-1,0.08,soma,59.467327938000004,-15.019931422727062,-253.70673801487143,-1445.524675047987,,-15.0,-253.68437523704614,-1445.8530670317382,none,0.0,success,105.0,0.005,"(-15, -134, -640)",-15.0,-134.0,-640.0,,,,
6219,realistic,3,x0y0,utah,5.42,7.0,Ab,saline,126.03969273991295,7.0,,b,-1,0.08,soma,60.02350585000001,360.3213670210797,885.5104382755118,-711.9210267010973,,360.0,885.0185034151551,-711.4714142457776,none,0.0,success,105.0,0.005,"(360, 226, -232)",360.0,226.0,-232.0,,,,
6220,realistic,3,x0y0,utah,5.333,6.9,Ab,saline,62.99924425457803,6.9,,b,-1,0.08,soma,59.745416893999995,-24.264048460711287,1198.0424424794976,603.9475336807322,,-24.0,1198.0515832262772,603.9522096349381,tjn,5.1650000000001075,success,43.231201171875,0.005,"(-24, 472, 234)",-24.0,472.0,234.0,-24.0,,472.0,234.0
6221,realistic,3,x0y0,utah,5.072,6.6,Ab,saline,-9.071978803444523,6.6,,b,-1,0.08,soma,58.911150026,-720.1283008821359,-269.5241601110465,1147.7851522594865,,-720.0,-269.4396441795501,1148.2748803253376,none,0.0,success,105.0,0.005,"(-720, -141, 344)",-720.0,-141.0,344.0,,,,
6222,realistic,3,x0y0,utah,5.855,7.5,Ab,saline,51.67024093850426,7.5,,b,-1,0.08,soma,61.41395063,1999.9160868519705,210.09258226641572,180.79078470267947,,2000.0,209.92212213461767,180.90146609036316,none,0.0,success,105.0,0.005,"(2000, -430, -325)",2000.0,-430.0,-325.0,,,,
6223,realistic,3,x0y0,utah,6.116,7.8,Ab,saline,29.147256993870357,7.8,,b,-1,0.08,soma,62.248217498,1445.517238164452,607.9310985177152,1181.8430469759414,,1446.0,607.534053371638,1181.8027965813767,none,0.0,success,105.0,0.005,"(1446, 210, 469)",1446.0,210.0,469.0,,,,
6224,realistic,3,x0y0,utah,5.2459999999999996,6.8,Ab,saline,163.89528082135303,6.8,,b,-1,0.08,soma,59.467327938000004,1579.4738787640765,241.04980903654172,-1246.6167080894502,,1579.0,241.00711838500067,-1246.7961043414155,none,0.0,success,105.0,0.005,"(1579, 15, -464)",1579.0,15.0,-464.0,,,,
6225,realistic,3,x0y0,utah,4.637,6.1,Ab,saline,26.966771893543573,6.1,,b,-1,0.08,soma,57.520705246000006,-975.6080066915944,585.5082138770102,1140.8110884712642,,-976.0,585.0403199145306,1141.3046022928802,none,0.0,success,105.0,0.005,"(-976, 216, 416)",-976.0,216.0,416.0,,,,
6226,realistic,3,x0y0,utah,6.029,7.7,Ab,saline,89.13062020327138,7.7,,b,-1,0.08,soma,61.970128542,1158.227887066999,585.9366521682996,-30.31375595088457,,1158.0,585.9034657645732,-30.5970270230808,none,0.0,success,105.0,0.005,"(1158, -230, -43)",1158.0,-230.0,-43.0,,,,
6227,realistic,3,x0y0,utah,4.985,6.5,Ab,saline,138.2552646505491,6.5,,b,-1,0.08,soma,58.63306107,1943.783446346684,738.9627872320111,-933.4918224792116,,1944.0,739.1719460302031,-933.5615634321637,none,0.0,success,105.0,0.005,"(1944, 197, -326)",1944.0,197.0,-326.0,,,,
6228,realistic,3,x0y0,utah,4.637,6.1,Ab,saline,-11.206622019441244,6.1,,b,-1,0.08,soma,57.520705246000006,-255.90246374269387,-332.58895988140375,1343.6768927356115,,-256.0,-332.113636514649,1343.217529887901,none,0.0,success,105.0,0.005,"(-256, -174, 545)",-256.0,-174.0,545.0,,,,
6229,realistic,3,x0y0,utah,5.333,6.9,Ab,saline,74.7112076043867,6.9,,b,-1,0.08,soma,59.745416893999995,584.3286415134377,1010.9117580124553,357.9194401271857,,584.0,1011.0262145679764,357.88193321747394,tjn,5.24500000000012,success,89.044189453125,0.005,"(584, 225, 143)",584.0,225.0,143.0,584.0,,225.0,143.0
6230,realistic,3,x0y0,utah,5.2459999999999996,6.8,Ab,saline,322.671488728034,6.8,,b,-1,0.08,soma,59.467327938000004,-1353.4529241646615,-581.4111219537907,699.0711495551864,,-1353.0,-581.0544938308019,698.8762095881491,none,0.0,success,105.0,0.005,"(-1353, -87, 51)",-1353.0,-87.0,51.0,,,,
6231,realistic,3,x0y0,utah,4.55,6.0,Ab,saline,3.4408984442317836,6.0,,b,-1,0.08,soma,57.24261629,-1878.337753011515,189.47251875410942,1209.5621892570146,,-1878.0,189.81727848870003,1209.1567897903392,none,0.0,success,105.0,0.005,"(-1878, 141, 397)",-1878.0,141.0,397.0,,,,
6232,realistic,3,x0y0,utah,4.898000000000001,6.4,Ab,saline,118.8180026879763,6.4,,b,-1,0.08,soma,58.354972114000006,1210.247407412443,920.524447439764,-547.4826224816234,,1210.0,920.3823132831436,-547.433548279474,none,0.0,success,105.0,0.005,"(1210, 207, -155)",1210.0,207.0,-155.0,,,,
6233,realistic,3,x0y0,utah,4.637,6.1,Ab,saline,162.98345565098498,6.1,,b,-1,0.08,soma,57.520705246000006,-22.073841651157228,383.29405923028435,-1344.202840106941,,-22.0,383.1062791774899,-1344.117649178113,none,0.0,success,105.0,0.005,"(-22, 145, -566)",-22.0,145.0,-566.0,,,,
6234,realistic,3,x0y0,utah,5.768000000000001,7.4,Ab,saline,-24.41097827170745,7.4,,b,-1,0.08,soma,61.135861674,935.9012632025667,-563.5966404935361,1045.5297934622408,,936.0,-564.0742258149322,1045.6561578201724,none,0.0,success,105.0,0.005,"(936, -227, 303)",936.0,-227.0,303.0,,,,
6235,realistic,3,x0y0,utah,5.072,6.6,Ab,saline,44.62770964207507,6.6,,b,-1,0.08,soma,58.911150026,-1796.6904786383602,916.024063210166,756.8251268358476,,-1797.0,916.1550414466326,756.6480327367522,periphery,5.305000000000129,success,80.89599609375,0.005,"(-1797, 344, 177)",-1797.0,344.0,177.0,-1797.0,,344.0,177.0
6236,realistic,3,x0y0,utah,5.42,7.0,Ab,saline,50.33775667516556,7.0,,b,-1,0.08,soma,60.02350585000001,-1421.187385229925,809.4844818011992,641.2055114056029,,-1421.0,809.3960474016652,641.2220018920276,none,0.0,success,105.0,0.005,"(-1421, 182, 121)",-1421.0,182.0,121.0,,,,
6237,realistic,3,x0y0,utah,4.811,6.3,Ab,saline,181.81002704679696,6.3,,b,-1,0.08,soma,58.076883158,-724.0463691778116,-270.1780557908773,-1400.7754889832215,,-724.0,-269.7236147538964,-1400.6314223582108,none,0.0,success,105.0,0.005,"(-724, -244, -587)",-724.0,-244.0,-587.0,,,,
6238,realistic,3,x0y0,utah,5.768000000000001,7.4,Ab,saline,130.49967979650054,7.4,,b,-1,0.08,soma,61.135861674,1569.6680985060098,249.964177761487,-253.56640707250423,,1570.0,250.15785460845495,-253.62981428554792,none,0.0,success,105.0,0.005,"(1570, -370, 276)",1570.0,-370.0,276.0,,,,
6239,realistic,3,x0y0,utah,4.724,6.2,Ab,saline,3.9161021565313017,6.2,,b,-1,0.08,soma,57.798794201999996,-538.4208496080025,304.43555135187216,1400.979943804129,,-538.0,304.5893288219983,1401.027428487668,none,0.0,success,105.0,0.005,"(-538, 249, 589)",-538.0,249.0,589.0,,,,
6240,realistic,3,x0y0,utah,4.637,6.1,Ab,saline,143.9007770887015,6.1,,b,-1,0.08,soma,57.520705246000006,-251.8379842108096,956.5178126573384,-952.3125643047424,,-252.0,956.4675997654717,-952.5183649193842,tjn,5.185000000000111,success,59.36279296875,0.005,"(-252, 477, -295)",-252.0,477.0,-295.0,-252.0,,477.0,-295.0
6241,realistic,3,x0y0,utah,4.55,6.0,Ab,saline,125.30224216660915,6.0,,b,-1,0.08,soma,57.24261629,1313.2306158744514,882.366696265065,-537.5172188982115,,1313.0,881.9963495771348,-537.1917539769956,none,0.0,success,105.0,0.005,"(1313, 218, -67)",1313.0,218.0,-67.0,,,,
6242,realistic,3,x0y0,utah,4.985,6.5,Ab,saline,335.9957385360026,6.5,,b,-1,0.08,soma,58.63306107,60.4107564222407,-405.21680203321336,1009.5240652857848,,60.0,-405.2639646216381,1009.8781506437226,none,0.0,success,105.0,0.005,"(60, -74, 266)",60.0,-74.0,266.0,,,,
6243,realistic,3,x0y0,utah,4.811,6.3,Ab,saline,360.5430368135292,6.3,,b,-1,0.08,soma,58.076883158,815.0676938848618,-22.489403146161294,220.8834980963216,,815.0,-22.266634804999498,221.03844157900016,none,0.0,success,105.0,0.005,"(815, -30, -593)",815.0,-30.0,-593.0,,,,
6244,realistic,3,x0y0,utah,5.594,7.2,Ab,saline,136.73552837934642,7.2,,b,-1,0.08,soma,60.579683761999995,-1887.6841256628202,189.65669367196784,-195.3494231954469,,-1888.0,189.7996576252375,-195.69406285774426,none,0.0,success,105.0,0.005,"(-1888, -369, 398)",-1888.0,-369.0,398.0,,,,
6245,realistic,3,x0y0,utah,5.42,7.0,Ab,saline,113.49800864402836,7.0,,b,-1,0.08,soma,60.02350585000001,749.7953379987341,201.18377608483115,-115.52399966050872,,750.0,201.44727860751777,-115.94518589119758,none,0.0,success,105.0,0.005,"(750, -546, 209)",750.0,-546.0,209.0,,,,
6246,realistic,3,x0y0,utah,4.811,6.3,Ab,saline,110.85086457460855,6.3,,b,-1,0.08,soma,58.076883158,-1844.9268645648465,1160.4609601175753,-465.1967124052794,,-1845.0,1160.7189236555755,-464.7162813579662,periphery,5.270000000000124,success,65.61279296875,0.005,"(-1845, 400, -175)",-1845.0,400.0,-175.0,-1845.0,,400.0,-175.0
6247,realistic,3,x0y0,utah,5.2459999999999996,6.8,Ab,saline,190.61824640724942,6.8,,b,-1,0.08,soma,59.467327938000004,-588.4418999318807,-315.4874121352692,-1161.910572391048,,-588.0,-315.15541426948676,-1161.8017183151305,none,0.0,success,105.0,0.005,"(-588, -165, -361)",-588.0,-165.0,-361.0,,,,
6248,realistic,3,x0y0,utah,5.072,6.6,Ab,saline,4.933690140311362,6.6,,b,-1,0.08,soma,58.911150026,-1418.7851182647553,144.52371707298337,1270.0618388834755,,-1419.0,144.04317945111802,1270.4420893854522,none,0.0,success,105.0,0.005,"(-1419, 74, 459)",-1419.0,74.0,459.0,,,,
6249,realistic,3,x0y0,utah,4.985,6.5,Ab,saline,14.61400881961283,6.5,,b,-1,0.08,soma,58.63306107,-62.012597058946454,137.02635661401428,1462.0766476893914,,-62.0,137.45206065398057,1461.9326749456663,none,0.0,success,105.0,0.005,"(-62, -68, 674)",-62.0,-68.0,674.0,,,,
6250,realistic,3,x0y0,utah,4.985,6.5,Ab,saline,-29.8228696505805,6.5,,b,-1,0.08,soma,58.63306107,1356.5447398023068,-515.1363476345673,1157.0434741928575,,1357.0,-514.9596106350557,1157.5010218921661,none,0.0,success,105.0,0.005,"(1357, -110, 451)",1357.0,-110.0,451.0,,,,
6251,realistic,3,x0y0,utah,5.072,6.6,Ab,saline,136.74086757030298,6.6,,b,-1,0.08,soma,58.911150026,868.5037683737744,231.02128507541786,-339.5039065808155,,869.0,231.14640555640904,-339.16799528196793,none,0.0,success,105.0,0.005,"(869, -327, 254)",869.0,-327.0,254.0,,,,
6252,realistic,3,x0y0,utah,4.898000000000001,6.4,Ab,saline,2.101662417885453,6.4,,b,-1,0.08,soma,58.354972114000006,-455.3163070170968,65.63161059425465,1330.1224931619845,,-455.0,65.8803137382919,1329.6075618167602,none,0.0,success,105.0,0.005,"(-455, 36, 516)",-455.0,36.0,516.0,,,,
6253,realistic,3,x0y0,utah,6.377,8.1,Ab,saline,193.9700746594833,8.1,,b,-1,0.08,soma,63.082484366,-821.9642673839337,-361.94957298494415,-1251.2829078217253,,-822.0,-362.11305586297624,-1251.3716214143833,none,0.0,success,105.0,0.005,"(-822, -165, -459)",-822.0,-165.0,-459.0,,,,
6254,realistic,3,x0y0,utah,5.768000000000001,7.4,Ab,saline,198.118281440734,7.4,,b,-1,0.08,soma,61.135861674,-361.2761533918474,-243.4257926496844,-1441.7208266968887,,-361.0,-243.6416264903071,-1442.115761467485,none,0.0,success,105.0,0.005,"(-361, 10, -667)",-361.0,10.0,-667.0,,,,
6255,realistic,3,x0y0,utah,7.16,9.0,Ab,saline,204.2844715836845,9.0,,b,-1,0.08,soma,65.58528497,524.2522664961235,-690.7656384567254,-1052.2235552784869,,524.0,-690.3581138540806,-1052.4179936250775,none,0.0,success,105.0,0.005,"(524, -354, -307)",524.0,-354.0,-307.0,,,,
6256,realistic,3,x0y0,utah,4.637,6.1,Ab,saline,-21.075476588517944,6.1,,b,-1,0.08,soma,57.520705246000006,-1258.7945831786928,-545.8159883944641,1001.8592913018038,,-1259.0,-545.6282228032309,1002.3197850325215,none,0.0,success,105.0,0.005,"(-1259, -253, 243)",-1259.0,-253.0,243.0,,,,
6257,realistic,3,x0y0,utah,4.898000000000001,6.4,Ab,saline,133.36850781790164,6.4,,b,-1,0.08,soma,58.354972114000006,-1517.5852746042074,375.01156876055165,-409.0017721418826,,-1518.0,374.90703236343916,-409.095679675342,none,0.0,success,105.0,0.005,"(-1518, -217, 150)",-1518.0,-217.0,150.0,,,,
6258,realistic,3,x0y0,utah,5.333,6.9,Ab,saline,47.367996868104726,6.9,,b,-1,0.08,soma,59.745416893999995,-1006.3289220686523,604.4003124607971,614.7344082459825,,-1006.0,604.501851604458,614.9132854311532,none,0.0,success,105.0,0.005,"(-1006, 5, 63)",-1006.0,5.0,63.0,,,,
6259,realistic,3,x0y0,utah,5.42,7.0,Ab,saline,123.27258355548588,7.0,,b,-1,0.08,soma,60.02350585000001,1283.3518430792149,1018.9815774025333,-858.3634451498942,,1283.0,1019.4313266205927,-858.1154476546551,none,0.0,success,105.0,0.005,"(1283, 338, -411)",1283.0,338.0,-411.0,,,,
6260,realistic,3,x0y0,utah,5.159,6.7,Ab,saline,142.54779602805633,6.7,,b,-1,0.08,soma,59.189238982000006,-1967.6045577728448,578.398855669001,-670.6099070984898,,-1968.0,578.3549881124773,-670.7066684139052,none,0.0,success,105.0,0.005,"(-1968, 83, -24)",-1968.0,83.0,-24.0,,,,
6261,realistic,3,x0y0,utah,6.811999999999999,8.6,Ab,saline,-22.497927896768466,8.6,,b,-1,0.08,soma,64.472929146,100.29579550640987,-615.7016847821827,1086.090090942468,,100.0,-615.7563949920872,1086.044769618995,none,0.0,success,105.0,0.005,"(100, -303, 331)",100.0,-303.0,331.0,,,,
6262,realistic,3,x0y0,utah,4.811,6.3,Ab,saline,159.3037706705427,6.3,,b,-1,0.08,soma,58.076883158,-1243.7163728104185,392.6313145078657,-1251.1474732257886,,-1244.0,392.68118525401866,-1251.5329620971547,none,0.0,success,105.0,0.005,"(-1244, 105, -490)",-1244.0,105.0,-490.0,,,,
6263,realistic,3,x0y0,utah,4.811,6.3,Ab,saline,136.22715262602216,6.3,,b,-1,0.08,soma,58.076883158,1020.1511105890421,1056.3010950914868,-864.7855626623117,,1020.0,1056.1517938843522,-864.817158664196,central,5.275000000000125,success,69.27490234375,0.005,"(1020, 493, -277)",1020.0,493.0,-277.0,1020.0,,493.0,-277.0
6264,realistic,3,x0y0,utah,4.637,6.1,Ab,saline,39.64053147250204,6.1,,b,-1,0.08,soma,57.520705246000006,-126.14115463970757,816.2206407159665,799.9165357655702,,-126.0,816.1791049734742,799.6768475549725,tjn,5.195000000000112,success,78.55224609375,0.005,"(-126, 297, 173)",-126.0,297.0,173.0,-126.0,,297.0,173.0
6265,realistic,3,x0y0,utah,4.898000000000001,6.4,Ab,saline,172.3020589892486,6.4,,b,-1,0.08,soma,58.354972114000006,-1268.0387998534225,182.33943609809646,-1300.319928406692,,-1268.0,182.09978313163805,-1299.8498886824873,none,0.0,success,105.0,0.005,"(-1268, 73, -493)",-1268.0,73.0,-493.0,,,,
6266,realistic,3,x0y0,utah,5.594,7.2,Ab,saline,84.78126653725813,7.2,,b,-1,0.08,soma,60.579683761999995,19.139002244709104,1421.1427435583664,360.19556715181847,,19.0,1420.947153529288,360.191375611171,tjn,5.170000000000108,success,44.72808837890625,0.005,"(19, 609, 286)",19.0,609.0,286.0,19.0,,609.0,286.0
6267,realistic,3,x0y0,utah,4.898000000000001,6.4,Ab,saline,26.596881092299565,6.4,,b,-1,0.08,soma,58.354972114000006,1491.1031108280677,340.05446615675964,1139.3469267645505,,1491.0,340.50726050771897,1139.0375080321696,none,0.0,success,105.0,0.005,"(1491, -24, 411)",1491.0,-24.0,411.0,,,,
6268,realistic,3,x0y0,utah,4.985,6.5,Ab,saline,152.24746563928647,6.5,,b,-1,0.08,soma,58.63306107,161.6070747231362,15.200373085779116,-20.249191567103022,,162.0,15.227208270149617,-20.670129523475225,none,0.0,success,105.0,0.005,"(162, -364, 700)",162.0,-364.0,700.0,,,,
6269,realistic,3,x0y0,utah,5.594,7.2,Ab,saline,183.68203177967857,7.2,,b,-1,0.08,soma,60.579683761999995,-1485.0182464091772,-0.3079637973714853,-1227.930757888893,,-1485.0,-0.341607848760205,-1227.5777332130501,none,0.0,success,105.0,0.005,"(-1485, 52, -414)",-1485.0,52.0,-414.0,,,,
6270,realistic,3,x0y0,utah,4.811,6.3,Ab,saline,135.79703062461041,6.3,,b,-1,0.08,soma,58.076883158,91.91128111546543,529.6072981343832,-682.0014522671645,,92.0,529.547601468879,-681.5841587679852,none,0.0,success,105.0,0.005,"(92, -38, -98)",92.0,-38.0,-98.0,,,,
6271,realistic,3,x0y0,utah,4.985,6.5,Ab,saline,217.464217393588,6.5,,b,-1,0.08,soma,58.63306107,806.676513510086,-94.59466902303666,-127.808595834877,,807.0,-94.34874552444057,-127.32303028562967,none,0.0,success,105.0,0.005,"(807, 401, 519)",807.0,401.0,519.0,,,,
6272,realistic,3,x0y0,utah,5.942,7.6,Ab,saline,61.14667336535749,7.6,,b,-1,0.08,soma,61.69203958600001,-90.00313436402618,820.9894100843973,611.6296680485748,,-90.0,820.5995287366889,611.7272891521019,none,0.0,success,105.0,0.005,"(-90, 106, 218)",-90.0,106.0,218.0,,,,
6273,realistic,3,x0y0,utah,5.681,7.3,Ab,saline,69.34652422253572,7.3,,b,-1,0.08,soma,60.857772718,-1033.532239054208,426.3128969485065,150.82188729294012,,-1034.0,425.99680896611653,150.60176821881942,none,0.0,success,105.0,0.005,"(-1034, -337, -137)",-1034.0,-337.0,-137.0,,,,
6274,realistic,3,x0y0,utah,4.55,6.0,Ab,saline,116.70028352209705,6.0,,b,-1,0.08,soma,57.24261629,-563.6600941861568,1280.7916382982496,-490.62904811994116,,-564.0,1280.8892766967433,-490.5600537495486,periphery,5.135000000000103,success,20.64971923828125,0.005,"(-564, 554, -125)",-564.0,554.0,-125.0,-564.0,,554.0,-125.0
6275,realistic,3,x0y0,utah,4.724,6.2,Ab,saline,82.24544870627588,6.2,,b,-1,0.08,soma,57.798794201999996,930.7613641035042,1247.953731736574,35.68437831514529,,931.0,1247.492912587381,35.79502866892493,central,5.24500000000012,success,37.4755859375,0.005,"(931, 441, -74)",931.0,441.0,-74.0,931.0,,441.0,-74.0
6276,realistic,3,x0y0,utah,5.681,7.3,Ab,saline,290.8647942116599,7.3,,b,-1,0.08,soma,60.857772718,-55.66482454001087,-141.40829146935718,38.26086559413034,,-56.0,-140.93675141384983,38.45576932107588,tjn,5.170000000000108,success,40.228271484375,0.005,"(-56, 621, -252)",-56.0,621.0,-252.0,-56.0,,621.0,-252.0
6277,realistic,3,x0y0,utah,4.985,6.5,Ab,saline,193.37887645960248,6.5,,b,-1,0.08,soma,58.63306107,1496.6063413863806,-393.5305738682255,-1192.3054432564195,,1497.0,-393.43284516579905,-1192.2485525575016,none,0.0,success,105.0,0.005,"(1497, -205, -400)",1497.0,-205.0,-400.0,,,,
6278,realistic,3,x0y0,utah,5.072,6.6,Ab,saline,134.39147593004944,6.6,,b,-1,0.08,soma,58.911150026,880.5408905264073,864.8958343525346,-770.5245780955711,,881.0,865.0099539042899,-770.7931202790949,none,0.0,success,105.0,0.005,"(881, 283, -201)",881.0,283.0,-201.0,,,,
6279,realistic,3,x0y0,utah,6.986000000000001,8.8,Ab,saline,38.4424634527881,8.8,,b,-1,0.08,soma,65.02910705800001,440.85174709930845,1065.7359469686844,980.703486461035,,441.0,1065.2487979289795,980.2773983239131,central,5.175000000000109,success,57.6416015625,0.005,"(441, 557, 340)",441.0,557.0,340.0,441.0,,557.0,340.0
6280,realistic,3,x0y0,utah,5.855,7.5,Ab,saline,121.91107960394821,7.5,,b,-1,0.08,soma,61.41395063,830.2762500110379,548.8905153993242,-362.5122122890935,,830.0,548.4536513449037,-362.1827071515091,none,0.0,success,105.0,0.005,"(830, -144, 69)",830.0,-144.0,69.0,,,,
6281,realistic,3,x0y0,utah,5.507,7.1,Ab,saline,155.4718356361091,7.1,,b,-1,0.08,soma,60.301594806000004,-865.7442788167731,612.9508684053171,-1260.1179698713654,,-866.0,613.3690960019854,-1260.6241954772497,none,0.0,success,105.0,0.005,"(-866, 275, -519)",-866.0,275.0,-519.0,,,,
6282,realistic,3,x0y0,utah,6.116,7.8,Ab,saline,92.15103621473229,7.8,,b,-1,0.08,soma,62.248217498,1879.3505269508887,195.46125623758053,-19.837534864191184,,1879.0,195.55282187287594,-19.604654078087506,none,0.0,success,105.0,0.005,"(1879, -620, 11)",1879.0,-620.0,11.0,,,,
6283,realistic,3,x0y0,utah,4.898000000000001,6.4,Ab,saline,109.62724284131114,6.4,,b,-1,0.08,soma,58.354972114000006,-504.1159077446137,1226.3028175267555,-287.8533034262582,,-504.0,1225.8737741170885,-287.48221756654635,periphery,5.145000000000104,success,23.236083984375,0.005,"(-504, 459, -14)",-504.0,459.0,-14.0,-504.0,,459.0,-14.0
6284,realistic,3,x0y0,utah,5.594,7.2,Ab,saline,91.6399728203,7.2,,b,-1,0.08,soma,60.579683761999995,-1466.261819073834,165.74364107646488,4.707670903349936,,-1466.0,165.9637259442478,4.682710522203397,none,0.0,success,105.0,0.005,"(-1466, -649, 28)",-1466.0,-649.0,28.0,,,,
6285,realistic,3,x0y0,utah,4.55,6.0,Ab,saline,43.21667789649172,6.0,,b,-1,0.08,soma,57.24261629,1788.1231373160592,768.9642433814571,862.0728622928572,,1788.0,769.1678718176962,861.9672093760762,none,0.0,success,105.0,0.005,"(1788, 212, 269)",1788.0,212.0,269.0,,,,
6286,realistic,3,x0y0,utah,5.159,6.7,Ab,saline,182.71339847265588,6.7,,b,-1,0.08,soma,59.189238982000006,466.6000966943824,-27.26105248627709,-1326.44736039902,,467.0,-27.53032550192431,-1326.6985654095602,none,0.0,success,105.0,0.005,"(467, 11, -513)",467.0,11.0,-513.0,,,,
6287,realistic,3,x0y0,utah,4.811,6.3,Ab,saline,52.04624381883495,6.3,,b,-1,0.08,soma,58.076883158,1030.3392776694277,947.5337104979117,841.26253577541,,1030.0,947.8693111850416,841.633641571085,none,0.0,success,105.0,0.005,"(1030, 306, 341)",1030.0,306.0,341.0,,,,
6288,realistic,3,x0y0,utah,4.637,6.1,Ab,saline,128.29909658309657,6.1,,b,-1,0.08,soma,57.520705246000006,-48.930788100195905,1091.926741899901,-893.4033164829754,,-49.0,1091.6391247385307,-893.3686665557356,tjn,5.205000000000114,success,88.22021484375,0.005,"(-49, 453, -389)",-49.0,453.0,-389.0,-49.0,,453.0,-389.0
6289,realistic,3,x0y0,utah,4.724,6.2,Ab,saline,36.22721899460572,6.2,,b,-1,0.08,soma,57.798794201999996,-1444.7169871731735,517.1314535987211,854.4406305043996,,-1445.0,517.014543686691,854.5726436413769,none,0.0,success,105.0,0.005,"(-1445, 36, 198)",-1445.0,36.0,198.0,,,,
6290,realistic,3,x0y0,utah,5.42,7.0,Ab,saline,27.414844519731822,7.0,,b,-1,0.08,soma,60.02350585000001,1230.507402254495,478.15566810087057,1274.8015510803152,,1231.0,478.2314110466701,1274.4859330715226,none,0.0,success,105.0,0.005,"(1231, 103, 551)",1231.0,103.0,551.0,,,,
6291,realistic,3,x0y0,utah,7.595000000000001,9.5,Ab,saline,-16.21930605245536,9.5,,b,-1,0.08,soma,66.97572975,-1158.4130070028712,-500.2942140659534,1045.0787009623557,,-1158.0,-500.6036606595876,1044.9120478529753,none,0.0,success,105.0,0.005,"(-1158, -272, 259)",-1158.0,-272.0,259.0,,,,
6292,realistic,3,x0y0,utah,5.942,7.6,Ab,saline,193.0348820864284,7.6,,b,-1,0.08,soma,61.69203958600001,1839.1563094832559,-298.1231986371454,-1121.5942876311847,,1839.0,-297.97327746332155,-1121.7971924823407,none,0.0,success,105.0,0.005,"(1839, -114, -327)",1839.0,-114.0,-327.0,,,,
6293,realistic,3,x0y0,utah,6.377,8.1,Ab,saline,58.51257365001413,8.1,,b,-1,0.08,soma,63.082484366,-717.4178095732768,321.56519853912965,195.32186701743882,,-717.0,321.34637133366266,195.47949079218102,none,0.0,success,105.0,0.005,"(-717, -375, -231)",-717.0,-375.0,-231.0,,,,
6294,realistic,3,x0y0,utah,4.898000000000001,6.4,Ab,saline,43.646638120062406,6.4,,b,-1,0.08,soma,58.354972114000006,-86.39957062331447,1042.4559518006286,1036.5835593638758,,-86.0,1042.9453008765418,1036.1388289108454,tjn,5.190000000000111,success,97.6318359375,0.005,"(-86, 481, 447)",-86.0,481.0,447.0,-86.0,,481.0,447.0
6295,realistic,3,x0y0,utah,5.2459999999999996,6.8,Ab,saline,55.34077713627238,6.8,,b,-1,0.08,soma,59.467327938000004,177.02088959532585,987.1223969170627,775.5571185018498,,177.0,987.1184386145028,775.3390346991705,tjn,5.135000000000103,success,105.0,0.005,"(177, 317, 312)",177.0,317.0,312.0,177.0,,317.0,312.0
6296,realistic,3,x0y0,utah,4.724,6.2,Ab,saline,30.03330561405929,6.2,,b,-1,0.08,soma,57.798794201999996,1782.120128749037,496.5304465524987,1150.0244202120555,,1782.0,496.3566482490506,1149.592708070336,none,0.0,success,105.0,0.005,"(1782, 89, 445)",1782.0,89.0,445.0,,,,
6297,realistic,3,x0y0,utah,4.55,6.0,Ab,saline,46.84704407484562,6.0,,b,-1,0.08,soma,57.24261629,-58.51640743962694,923.3174344938852,852.0396241973262,,-59.0,923.5367442917777,852.4356126403657,tjn,5.200000000000113,success,93.603515625,0.005,"(-59, 330, 296)",-59.0,330.0,296.0,-59.0,,330.0,296.0
6298,realistic,3,x0y0,utah,4.898000000000001,6.4,Ab,saline,96.83601195624159,6.4,,b,-1,0.08,soma,58.354972114000006,855.6716055991188,1329.5013293178472,-195.09472851603093,,856.0,1329.3968259059957,-194.88712084078304,central,5.24500000000012,success,29.26025390625,0.005,"(856, 521, -98)",856.0,521.0,-98.0,856.0,,521.0,-98.0
6299,realistic,3,x0y0,utah,4.724,6.2,Ab,saline,189.5814635669677,6.2,,b,-1,0.08,soma,57.798794201999996,-1392.7049707094461,-321.7282640214721,-1315.3356416277056,,-1393.0,-321.4328596776064,-1315.5048055415862,none,0.0,success,105.0,0.005,"(-1393, -186, -513)",-1393.0,-186.0,-513.0,,,,
6300,realistic,3,x0y0,utah,4.898000000000001,6.4,Ab,saline,0.3212748319990737,6.4,,b,-1,0.08,soma,58.354972114000006,-919.3979345341344,106.10626859554623,1167.4895357234627,,-919.0,106.5593939219192,1167.1774860570004,none,0.0,success,105.0,0.005,"(-919, 102, 353)",-919.0,102.0,353.0,,,,
6301,realistic,3,x0y0,utah,4.985,6.5,Ab,saline,42.67128370612078,6.5,,b,-1,0.08,soma,58.63306107,-349.53295909685636,877.3352559054408,1169.0633387677408,,-350.0,876.9437443966231,1168.7669449023856,none,0.0,success,105.0,0.005,"(-350, 325, 570)",-350.0,325.0,570.0,,,,
6302,realistic,3,x0y0,utah,5.42,7.0,Ab,saline,118.39055399471113,7.0,,b,-1,0.08,soma,60.02350585000001,-81.99675484089373,991.6309168681473,-423.5846505322893,,-82.0,991.9658390481227,-423.5380885158376,tjn,5.170000000000108,success,35.0494384765625,0.005,"(-82, 275, -36)",-82.0,275.0,-36.0,-82.0,,275.0,-36.0
6303,realistic,3,x0y0,utah,4.898000000000001,6.4,Ab,saline,68.59680897596034,6.4,,b,-1,0.08,soma,58.354972114000006,1415.2051333129873,1234.702747176938,428.4124049208895,,1415.0,1234.9992395190673,428.0933646621994,central,5.225000000000117,success,38.19580078125,0.005,"(1415, 477, 131)",1415.0,477.0,131.0,1415.0,,477.0,131.0
6304,realistic,3,x0y0,utah,5.942,7.6,Ab,saline,93.29075485874188,7.6,,b,-1,0.08,soma,61.69203958600001,1018.0546737022896,1399.1237947822647,-148.93385077196126,,1018.0,1399.5406661613315,-148.8295615361182,central,5.185000000000111,success,14.05029296875,0.005,"(1018, 585, -102)",1018.0,585.0,-102.0,1018.0,,585.0,-102.0
6305,realistic,3,x0y0,utah,7.247,9.1,Ab,saline,81.47283337986845,9.1,,b,-1,0.08,soma,65.86337392600001,745.288114295098,407.44960161319887,85.64841038899203,,745.0,407.8526452377108,85.29926917661291,none,0.0,success,105.0,0.005,"(745, -401, -36)",745.0,-401.0,-36.0,,,,
6306,realistic,3,x0y0,utah,4.724,6.2,Ab,saline,102.90623075786924,6.2,,b,-1,0.08,soma,57.798794201999996,854.739050135894,1265.229649512912,-272.9578893004691,,855.0,1265.307742354345,-272.8251253123634,central,5.270000000000124,success,37.646484375,0.005,"(855, 472, -91)",855.0,472.0,-91.0,855.0,,472.0,-91.0
6307,realistic,3,x0y0,utah,5.507,7.1,Ab,saline,152.82527957668225,7.1,,b,-1,0.08,soma,60.301594806000004,-896.8505651154163,468.9961495325216,-1172.05014212558,,-897.0,469.2793691739502,-1172.158149369709,none,0.0,success,105.0,0.005,"(-897, 97, -447)",-897.0,97.0,-447.0,,,,
6308,realistic,3,x0y0,utah,4.898000000000001,6.4,Ab,saline,21.31189969847127,6.4,,b,-1,0.08,soma,58.354972114000006,-1268.8999455710969,575.3377450859016,1238.0742585140688,,-1269.0,574.8720984331139,1238.4877460107014,none,0.0,success,105.0,0.005,"(-1269, 279, 480)",-1269.0,279.0,480.0,,,,
6309,realistic,3,x0y0,utah,4.637,6.1,Ab,saline,309.92423275146075,6.1,,b,-1,0.08,soma,57.520705246000006,-1689.6324807802735,-467.09547060068235,366.601114621376,,-1690.0,-467.07281442657893,366.27139431344153,none,0.0,success,105.0,0.005,"(-1690, 157, -156)",-1690.0,157.0,-156.0,,,,
6310,realistic,3,x0y0,utah,4.898000000000001,6.4,Ab,saline,104.77918072812193,6.4,,b,-1,0.08,soma,58.354972114000006,-234.0956607732809,1343.0555264742113,-400.51057775715515,,-234.0,1343.2282112685134,-400.6966766931407,tjn,5.160000000000107,success,31.7626953125,0.005,"(-234, 556, -193)",-234.0,556.0,-193.0,-234.0,,556.0,-193.0
6311,realistic,3,x0y0,utah,5.942,7.6,Ab,saline,198.76444458373126,7.6,,b,-1,0.08,soma,61.69203958600001,-1939.1069147182639,-299.1832738720692,-978.2137288256357,,-1939.0,-299.45766456740813,-978.4430115400125,none,0.0,success,105.0,0.005,"(-1939, -37, -206)",-1939.0,-37.0,-206.0,,,,
6312,realistic,3,x0y0,utah,5.072,6.6,Ab,saline,102.17818671353771,6.6,,b,-1,0.08,soma,58.911150026,142.9459261048793,1068.6466702835305,-352.01049354654737,,143.0,1069.1303245752079,-351.85012632774306,tjn,5.190000000000111,success,54.26025390625,0.005,"(143, 273, -180)",143.0,273.0,-180.0,143.0,,273.0,-180.0
6313,realistic,3,x0y0,utah,5.333,6.9,Ab,saline,330.14725624764355,6.9,,b,-1,0.08,soma,59.745416893999995,840.7806662995309,-506.0539048752508,748.7214790537364,,841.0,-505.64363426491667,748.7391000360832,none,0.0,success,105.0,0.005,"(841, -100, 42)",841.0,-100.0,42.0,,,,
6314,realistic,3,x0y0,utah,6.29,8.0,Ab,saline,61.292403320612,8.0,,b,-1,0.08,soma,62.80439541,177.3705761067701,284.65846612532414,112.65471698218971,,177.0,285.06636760705567,113.11797555771159,none,0.0,success,105.0,0.005,"(177, -431, -279)",177.0,-431.0,-279.0,,,,
6315,realistic,3,x0y0,utah,5.855,7.5,Ab,saline,260.7193024895465,7.5,,b,-1,0.08,soma,61.41395063,42.81951013524132,-157.45626413848188,-13.388264150193207,,43.0,-157.02121393837376,-13.573535118309536,tjn,5.125000000000101,success,13.995361328125,0.005,"(43, 648, 118)",43.0,648.0,118.0,43.0,,648.0,118.0
6316,realistic,3,x0y0,utah,4.811,6.3,Ab,saline,193.76837767070919,6.3,,b,-1,0.08,soma,58.076883158,-281.30130039007906,-292.07076821575987,-1430.5957830026202,,-281.0,-291.74114909580203,-1430.675538305683,none,0.0,success,105.0,0.005,"(-281, -98, -640)",-281.0,-98.0,-640.0,,,,
6317,realistic,3,x0y0,utah,5.768000000000001,7.4,Ab,saline,170.51669971162744,7.4,,b,-1,0.08,soma,61.135861674,1470.003283901049,6.743500243511335,-31.68956914671617,,1470.0,6.405595001937655,-31.39465018453336,none,0.0,success,105.0,0.005,"(1470, -128, 773)",1470.0,-128.0,773.0,,,,
6318,realistic,3,x0y0,utah,4.811,6.3,Ab,saline,120.71707255583135,6.3,,b,-1,0.08,soma,58.076883158,267.75001354028643,1117.0168180291514,-688.874232535984,,268.0,1116.8288482254666,-688.8108359585533,tjn,5.195000000000112,success,67.95654296875,0.005,"(268, 417, -273)",268.0,417.0,-273.0,268.0,,417.0,-273.0
6319,realistic,3,x0y0,utah,5.2459999999999996,6.8,Ab,saline,170.43474710338282,6.8,,b,-1,0.08,soma,59.467327938000004,-1215.3602656880992,446.1355544750231,-1296.8967902604206,,-1215.0,446.40873495164783,-1296.408866039831,none,0.0,success,105.0,0.005,"(-1215, 311, -493)",-1215.0,311.0,-493.0,,,,
6320,realistic,3,x0y0,utah,4.55,6.0,Ab,saline,118.14404229487712,6.0,,b,-1,0.08,soma,57.24261629,-69.29456511499433,970.6122841368376,-486.144288445847,,-69.0,970.4512695222613,-485.78517105199666,tjn,5.190000000000111,success,56.7626953125,0.005,"(-69, 253, -102)",-69.0,253.0,-102.0,-69.0,,253.0,-102.0
6321,realistic,3,x0y0,utah,4.55,6.0,Ab,saline,77.16068285676954,6.0,,b,-1,0.08,soma,57.24261629,-581.1768809479947,1192.7198663625122,195.96348502470755,,-581.0,1192.2807754413752,195.78665466981906,tjn,5.190000000000111,success,41.546630859375,0.005,"(-581, 399, 15)",-581.0,399.0,15.0,-581.0,,399.0,15.0
6322,realistic,3,x0y0,utah,5.072,6.6,Ab,saline,111.80425191041107,6.6,,b,-1,0.08,soma,58.911150026,227.76345044253608,1304.9803162938479,-657.5549992734809,,228.0,1305.2220013995707,-657.4888005598283,tjn,5.195000000000112,success,67.95654296875,0.005,"(228, 549, -355)",228.0,549.0,-355.0,228.0,,549.0,-355.0
6323,realistic,3,x0y0,utah,4.55,6.0,Ab,saline,34.062933104429625,6.0,,b,-1,0.08,soma,57.24261629,1201.7586078755533,623.333869944051,1206.0424082335712,,1202.0,623.7092946920147,1206.0038916673184,none,0.0,success,105.0,0.005,"(1202, 168, 532)",1202.0,168.0,532.0,,,,
6324,realistic,3,x0y0,utah,8.378,10.4,Ab,saline,169.9655361165819,10.4,,b,-1,0.08,soma,69.478530354,-551.2350171194187,10.786032497018368,-147.54109691964825,,-551.0,10.798579993833442,-147.1972544197921,none,0.0,success,105.0,0.005,"(-551, -132, 660)",-551.0,-132.0,660.0,,,,
6325,realistic,3,x0y0,utah,4.637,6.1,Ab,saline,9.675317206289202,6.1,,b,-1,0.08,soma,57.520705246000006,1581.6202681304474,330.64371553710043,1285.2034185213888,,1582.0,330.7931152759263,1285.2049556157535,none,0.0,success,105.0,0.005,"(1582, 194, 483)",1582.0,194.0,483.0,,,,
6326,realistic,3,x0y0,utah,6.638,8.4,Ab,saline,53.693957250217714,8.4,,b,-1,0.08,soma,63.916751233999996,714.2997310934119,337.74166880710027,331.2671643239205,,714.0,337.3867549097405,331.7210542028258,none,0.0,success,105.0,0.005,"(714, -321, -152)",714.0,-321.0,-152.0,,,,
6327,realistic,3,x0y0,utah,5.594,7.2,Ab,saline,201.63900568164883,7.2,,b,-1,0.08,soma,60.579683761999995,-1944.2738605929408,-512.87662307135,-1003.9755042245496,,-1944.0,-512.6788936857129,-1003.8119080283897,none,0.0,success,105.0,0.005,"(-1944, -212, -246)",-1944.0,-212.0,-246.0,,,,
6328,realistic,3,x0y0,utah,5.768000000000001,7.4,Ab,saline,154.94078938183955,7.4,,b,-1,0.08,soma,61.135861674,394.9123130937655,411.66018163806166,-1395.2613470393576,,395.0,411.4745755025533,-1394.8229885452386,none,0.0,success,105.0,0.005,"(395, 66, -656)",395.0,66.0,-656.0,,,,
6329,realistic,3,x0y0,utah,5.2459999999999996,6.8,Ab,saline,17.809696928647554,6.8,,b,-1,0.08,soma,59.467327938000004,1743.5699529524536,127.33190777803702,864.4953941053654,,1744.0,127.22702780811719,864.7079214648851,none,0.0,success,105.0,0.005,"(1744, -122, 89)",1744.0,-122.0,89.0,,,,
6330,realistic,3,x0y0,utah,6.029,7.7,Ab,saline,55.545503063015225,7.7,,b,-1,0.08,soma,61.970128542,-126.86775412250765,1277.7555485330995,722.7543112849298,,-127.0,1277.8612839978668,722.684349364532,tjn,5.160000000000107,success,36.907958984375,0.005,"(-127, 605, 261)",-127.0,605.0,261.0,-127.0,,605.0,261.0
6331,realistic,3,x0y0,utah,4.811,6.3,Ab,saline,94.05178592587838,6.3,,b,-1,0.08,soma,58.076883158,-1520.1262296458813,705.730578124138,-112.40987828480866,,-1520.0,706.0033454750527,-112.55251781963531,none,0.0,success,105.0,0.005,"(-1520, -106, -55)",-1520.0,-106.0,-55.0,,,,
6332,realistic,3,x0y0,utah,4.898000000000001,6.4,Ab,saline,-22.7139869686982,6.4,,b,-1,0.08,soma,58.354972114000006,1855.7028736804998,-520.9337248148058,1025.0654457818282,,1856.0,-521.3539273666078,1024.997313138977,none,0.0,success,105.0,0.005,"(1856, -207, 274)",1856.0,-207.0,274.0,,,,
6333,realistic,3,x0y0,utah,5.507,7.1,Ab,saline,-11.277670659961446,7.1,,b,-1,0.08,soma,60.301594806000004,1425.938836019083,-308.27279165891696,1302.7060034926053,,1426.0,-308.4434959720269,1302.4183870131224,none,0.0,success,105.0,0.005,"(1426, -149, 503)",1426.0,-149.0,503.0,,,,
6334,realistic,3,x0y0,utah,5.855,7.5,Ab,saline,110.42371471754265,7.5,,b,-1,0.08,soma,61.41395063,-199.6263134835925,581.832292047081,-253.2806814005957,,-200.0,581.3990065676868,-253.68173438493506,tjn,5.430000000000149,success,83.09326171875,0.005,"(-200, -183, 31)",-200.0,-183.0,31.0,-200.0,,-183.0,31.0
6335,realistic,3,x0y0,utah,6.116,7.8,Ab,saline,176.19391093810566,7.8,,b,-1,0.08,soma,62.248217498,1972.4776137610904,21.609861282638573,-136.61815993671598,,1972.0,21.190640820933616,-136.32863570975246,none,0.0,success,105.0,0.005,"(1972, -33, 678)",1972.0,-33.0,678.0,,,,
6336,realistic,3,x0y0,utah,4.898000000000001,6.4,Ab,saline,117.16242763336172,6.4,,b,-1,0.08,soma,58.354972114000006,1539.6978002730707,814.1462810226873,-599.4955483065046,,1540.0,814.3737093449131,-599.6720223850207,none,0.0,success,105.0,0.005,"(1540, 90, -228)",1540.0,90.0,-228.0,,,,
6337,realistic,3,x0y0,utah,6.725,8.5,Ab,saline,207.25921708110337,8.5,,b,-1,0.08,soma,64.19484019000001,106.1292275546917,-501.7230889196453,-880.1570100429813,,106.0,-501.23061840351016,-880.3178967224458,none,0.0,success,105.0,0.005,"(106, -127, -154)",106.0,-127.0,-154.0,,,,
6338,realistic,3,x0y0,utah,5.159,6.7,Ab,saline,-1.7194097476003576,6.7,,b,-1,0.08,soma,59.189238982000006,1324.3858756275658,74.30920404763174,1219.632228054561,,1324.0,74.56216141527,1219.1873221812548,none,0.0,success,105.0,0.005,"(1324, 99, 405)",1324.0,99.0,405.0,,,,
6339,realistic,3,x0y0,utah,5.594,7.2,Ab,saline,174.8240144722208,7.2,,b,-1,0.08,soma,60.579683761999995,113.12718262244935,39.18188326834979,-1456.3459922564612,,113.0,39.53914373766621,-1455.947153529288,none,0.0,success,105.0,0.005,"(113, -34, -644)",113.0,-34.0,-644.0,,,,
6340,realistic,3,x0y0,utah,4.637,6.1,Ab,saline,57.74627825702384,6.1,,b,-1,0.08,soma,57.520705246000006,1722.4997095813012,1155.716124596771,589.0054990939981,,1722.0,1156.1971302132713,589.3039001948952,central,5.265000000000123,success,85.58349609375,0.005,"(1722, 468, 155)",1722.0,468.0,155.0,1722.0,,468.0,155.0
6341,realistic,3,x0y0,utah,5.768000000000001,7.4,Ab,saline,60.80155409979115,7.4,,b,-1,0.08,soma,61.135861674,-1207.6043217466354,496.8270902448912,233.58067237564185,,-1208.0,496.9092468276176,233.83403666228872,none,0.0,success,105.0,0.005,"(-1208, -215, -164)",-1208.0,-215.0,-164.0,,,,
6342,realistic,3,x0y0,utah,7.595000000000001,9.5,Ab,saline,-22.795018267996625,9.5,,b,-1,0.08,soma,66.97572975,-1699.1545242151974,-637.4134562621016,1105.5862946257412,,-1699.0,-637.0821988525752,1105.5639626282627,none,0.0,success,105.0,0.005,"(-1699, -320, 351)",-1699.0,-320.0,351.0,,,,
6343,realistic,3,x0y0,utah,5.681,7.3,Ab,saline,135.16159864515916,7.3,,b,-1,0.08,soma,60.857772718,1067.2787566640206,730.0983730618077,-862.8584674096138,,1067.0,729.958907771731,-863.220623317167,none,0.0,success,105.0,0.005,"(1067, 155, -285)",1067.0,155.0,-285.0,,,,
6344,realistic,3,x0y0,utah,6.203,7.9,Ab,saline,95.79637506659391,7.9,,b,-1,0.08,soma,62.52630645400001,666.0704894943957,1267.0554967959324,-223.63239513385133,,666.0,1267.1002111455425,-223.442578475927,central,5.170000000000108,success,43.6431884765625,0.005,"(666, 455, -141)",666.0,455.0,-141.0,666.0,,455.0,-141.0
6345,realistic,3,x0y0,utah,4.985,6.5,Ab,saline,123.66448909007595,6.5,,b,-1,0.08,soma,58.63306107,-102.51171976994057,867.2753205520221,-717.6553257901927,,-103.0,867.7556483642807,-717.3756528755506,none,0.0,success,105.0,0.005,"(-103, 190, -266)",-103.0,190.0,-266.0,,,,
6346,realistic,3,x0y0,utah,5.507,7.1,Ab,saline,198.11664230516158,7.1,,b,-1,0.08,soma,60.301594806000004,820.3785871465496,-462.89274004902967,-1167.0381442613009,,820.0,-462.5118979923331,-1166.7193178518114,none,0.0,success,105.0,0.005,"(820, -209, -392)",820.0,-209.0,-392.0,,,,
6347,realistic,3,x0y0,utah,5.942,7.6,Ab,saline,35.92552093750909,7.6,,b,-1,0.08,soma,61.69203958600001,1017.092818175397,804.7438358941981,1148.6857995709504,,1017.0,804.6568598125532,1148.6721068283714,none,0.0,success,105.0,0.005,"(1017, 326, 488)",1017.0,326.0,488.0,,,,
6348,realistic,3,x0y0,utah,4.55,6.0,Ab,saline,54.68046186386033,6.0,,b,-1,0.08,soma,57.24261629,1670.2170914520434,562.3097610512004,503.5268611427708,,1670.0,561.8336253155057,503.3544782386246,none,0.0,success,105.0,0.005,"(1670, -102, 33)",1670.0,-102.0,33.0,,,,
6349,realistic,3,x0y0,utah,4.55,6.0,Ab,saline,24.132459950470892,6.0,,b,-1,0.08,soma,57.24261629,-1293.8007613744958,377.7169782452661,1237.9292535000286,,-1294.0,377.60839076967613,1237.5108058131273,none,0.0,success,105.0,0.005,"(-1294, 45, 495)",-1294.0,45.0,495.0,,,,
6350,realistic,3,x0y0,utah,5.2459999999999996,6.8,Ab,saline,128.73653586681792,6.8,,b,-1,0.08,soma,59.467327938000004,-181.98174249518416,1002.2243276518024,-953.0544386777427,,-182.0,1002.4922578958202,-952.7788535454035,none,0.0,success,105.0,0.005,"(-182, 367, -443)",-182.0,367.0,-443.0,,,,
6351,realistic,3,x0y0,utah,4.55,6.0,Ab,saline,-11.975043682006936,6.0,,b,-1,0.08,soma,57.24261629,-1268.0948387892802,-409.5390353815351,1183.9353485623853,,-1268.0,-409.82642144008753,1183.8843636274391,none,0.0,success,105.0,0.005,"(-1268, -241, 388)",-1268.0,-241.0,388.0,,,,
6352,realistic,3,x0y0,utah,4.811,6.3,Ab,saline,71.98425178159951,6.3,,b,-1,0.08,soma,58.076883158,-419.1641472285577,1326.5661825641243,418.2458653229342,,-419.0,1326.1505579416291,417.78208998038474,periphery,5.160000000000107,success,27.8076171875,0.005,"(-419, 552, 166)",-419.0,552.0,166.0,-419.0,,552.0,166.0
6353,realistic,3,x0y0,utah,5.333,6.9,Ab,saline,340.0078890976334,6.9,,b,-1,0.08,soma,59.745416893999995,-1373.6144207345887,-48.02166200759575,143.65327162262975,,-1374.0,-47.604979018029326,143.73588412764605,none,0.0,success,105.0,0.005,"(-1374, 231, -622)",-1374.0,231.0,-622.0,,,,
6354,realistic,3,x0y0,utah,4.637,6.1,Ab,saline,355.92746293377434,6.1,,b,-1,0.08,soma,57.520705246000006,-970.4048527545652,-44.4236528687129,846.2693305844963,,-970.0,-44.776985036233015,846.7259517414428,none,0.0,success,105.0,0.005,"(-970, 13, 35)",-970.0,13.0,35.0,,,,
6355,realistic,3,x0y0,utah,4.55,6.0,Ab,saline,57.133016024000476,6.0,,b,-1,0.08,soma,57.24261629,913.2042293323932,1217.8430101406154,586.9916895815068,,913.0,1217.3605367109858,586.5522839302917,central,5.260000000000122,success,34.197998046875,0.005,"(913, 534, 145)",913.0,534.0,145.0,913.0,,534.0,145.0
6356,realistic,3,x0y0,utah,4.985,6.5,Ab,saline,154.16846280402177,6.5,,b,-1,0.08,soma,58.63306107,-557.7756449262358,209.95119256243197,-640.6262224416614,,-558.0,209.7977123540996,-640.9663091345537,none,0.0,success,105.0,0.005,"(-558, -145, 92)",-558.0,-145.0,92.0,,,,
6357,realistic,3,x0y0,utah,4.985,6.5,Ab,saline,83.52317326127873,6.5,,b,-1,0.08,soma,58.63306107,-1999.6336733938401,675.7140237293361,27.975181454736685,,-2000.0,676.1049047395762,27.854904644348025,none,0.0,success,105.0,0.005,"(-2000, -133, -64)",-2000.0,-133.0,-64.0,,,,
6358,realistic,3,x0y0,utah,6.029,7.7,Ab,saline,145.2154664241491,7.7,,b,-1,0.08,soma,61.970128542,246.41279662722542,797.3087459050968,-1144.7132401380766,,246.0,797.5194791666056,-1145.1685332857726,none,0.0,success,105.0,0.005,"(246, 332, -475)",246.0,332.0,-475.0,,,,
6359,realistic,3,x0y0,utah,7.595000000000001,9.5,Ab,saline,46.97112368111,9.5,,b,-1,0.08,soma,66.97572975,-1485.2587164352374,185.4269774546724,196.53616108940238,,-1485.0,185.31462922362516,196.53611899070017,none,0.0,success,105.0,0.005,"(-1485, -413, -362)",-1485.0,-413.0,-362.0,,,,
6360,realistic,3,x0y0,utah,5.2459999999999996,6.8,Ab,saline,181.1352455673684,6.8,,b,-1,0.08,soma,59.467327938000004,344.3421839700966,-168.05771512064166,-1319.9300395355035,,344.0,-168.1317265465862,-1319.5707172362065,none,0.0,success,105.0,0.005,"(344, -152, -505)",344.0,-152.0,-505.0,,,,
6361,realistic,3,x0y0,utah,4.811,6.3,Ab,saline,60.02694864773135,6.3,,b,-1,0.08,soma,58.076883158,-1274.181001911509,905.8208628448593,561.2034639340353,,-1274.0,906.2015019398879,561.6936054128685,none,0.0,success,105.0,0.005,"(-1274, 201, 155)",-1274.0,201.0,155.0,,,,
6362,realistic,3,x0y0,utah,5.507,7.1,Ab,saline,110.54935122465456,7.1,,b,-1,0.08,soma,60.301594806000004,409.18049166522553,1321.9858588501338,-360.19132351039343,,409.0,1322.3072066881696,-360.1179298884531,central,5.1150000000001,success,10.80780029296875,0.005,"(409, 559, -74)",409.0,559.0,-74.0,409.0,,559.0,-74.0
6363,realistic,3,x0y0,utah,4.811,6.3,Ab,saline,68.94515245989143,6.3,,b,-1,0.08,soma,58.076883158,-1051.9486813270385,1052.6997124258023,493.30472815133817,,-1052.0,1052.660673681523,493.48401205933476,periphery,5.2350000000001184,success,95.361328125,0.005,"(-1052, 293, 201)",-1052.0,293.0,201.0,-1052.0,,293.0,201.0
6364,realistic,3,x0y0,utah,5.2459999999999996,6.8,Ab,saline,141.35257853042626,6.8,,b,-1,0.08,soma,59.467327938000004,1352.8159080784933,547.9719500183351,-920.3673759593339,,1353.0,547.8011731486407,-920.3069915597893,none,0.0,success,105.0,0.005,"(1353, 39, -284)",1353.0,39.0,-284.0,,,,
6365,realistic,3,x0y0,utah,5.855,7.5,Ab,saline,68.25989830435691,7.5,,b,-1,0.08,soma,61.41395063,873.0435204228654,1245.6780580327668,530.470325716828,,873.0,1245.7102093701037,530.137863656676,central,5.255000000000122,success,52.0751953125,0.005,"(873, 488, 228)",873.0,488.0,228.0,873.0,,488.0,228.0
6366,realistic,3,x0y0,utah,4.55,6.0,Ab,saline,34.32287093270821,6.0,,b,-1,0.08,soma,57.24261629,1294.8395232075504,858.1228037304588,1052.143881388567,,1295.0,857.8010556629656,1051.9698383969558,none,0.0,success,105.0,0.005,"(1295, 399, 380)",1295.0,399.0,380.0,,,,
6367,realistic,3,x0y0,utah,6.029,7.7,Ab,saline,70.03592278278934,7.7,,b,-1,0.08,soma,61.970128542,-1422.2632494285376,447.03626190514296,182.01214161499183,,-1422.0,446.9443619083131,181.5773009421195,none,0.0,success,105.0,0.005,"(-1422, -320, -97)",-1422.0,-320.0,-97.0,,,,
6368,realistic,3,x0y0,utah,5.072,6.6,Ab,saline,56.65340503503292,6.6,,b,-1,0.08,soma,58.911150026,658.6301422307264,1063.80851775255,954.1716249272232,,659.0,1063.3961873658604,953.7062295846462,none,0.0,success,105.0,0.005,"(659, 383, 506)",659.0,383.0,506.0,,,,
6369,realistic,3,x0y0,utah,8.987,11.1,Ab,saline,110.63204988513776,11.1,,b,-1,0.08,soma,71.42515304599999,1182.3513148164036,353.1805284991451,-128.92507752508527,,1182.0,353.10490036787587,-129.21911196670527,none,0.0,success,105.0,0.005,"(1182, -415, 160)",1182.0,-415.0,160.0,,,,
6370,realistic,3,x0y0,utah,4.985,6.5,Ab,saline,208.3248698434343,6.5,,b,-1,0.08,soma,58.63306107,9.695264031824413,-556.3038462903514,-1098.7445685214896,,10.0,-556.3931937388576,-1098.8428418299607,none,0.0,success,105.0,0.005,"(10, -170, -382)",10.0,-170.0,-382.0,,,,
6371,realistic,3,x0y0,utah,6.986000000000001,8.8,Ab,saline,98.09855380618478,8.8,,b,-1,0.08,soma,65.02910705800001,-9.67781648663224,1404.5350310920844,-386.93375080382754,,-10.0,1404.3394079937102,-387.18780059223616,tjn,5.160000000000107,success,39.056396484375,0.005,"(-10, 595, -272)",-10.0,595.0,-272.0,-10.0,,595.0,-272.0
6372,realistic,3,x0y0,utah,4.898000000000001,6.4,Ab,saline,117.51779060277859,6.4,,b,-1,0.08,soma,58.354972114000006,-1520.4512127647488,927.7132599565117,-474.4776211269108,,-1520.0,928.0940123839536,-474.1499985583341,none,0.0,success,105.0,0.005,"(-1520, 206, -98)",-1520.0,206.0,-98.0,,,,
6373,realistic,3,x0y0,utah,6.638,8.4,Ab,saline,222.0864217287696,8.4,,b,-1,0.08,soma,63.916751233999996,-414.2585275170389,-693.8322124409924,-687.1255838137099,,-414.0,-693.6071991760753,-687.2648105453759,none,0.0,success,105.0,0.005,"(-414, -146, -81)",-414.0,-146.0,-81.0,,,,
6374,realistic,3,x0y0,utah,10.466000000000001,12.8,Ab,saline,143.7401447856449,12.8,,b,-1,0.08,soma,76.152665298,1193.891018242261,54.957685706064694,-60.538330558404596,,1194.0,54.767343128618734,-60.64644701488885,none,0.0,success,105.0,0.005,"(1194, -432, 603)",1194.0,-432.0,603.0,,,,
6375,realistic,3,x0y0,utah,5.072,6.6,Ab,saline,106.72881894834028,6.6,,b,-1,0.08,soma,58.911150026,413.1332689973317,1423.0460467657813,-328.33031324787964,,413.0,1423.0041041899503,-328.40031448874146,central,5.1150000000001,success,12.823486328125,0.005,"(413, 643, -94)",413.0,643.0,-94.0,413.0,,643.0,-94.0
6376,realistic,3,x0y0,utah,4.811,6.3,Ab,saline,29.964637110420075,6.3,,b,-1,0.08,soma,58.076883158,-1055.7699890266276,635.1340935322527,998.9733604352882,,-1056.0,635.6122015687106,999.2015019398879,none,0.0,success,105.0,0.005,"(-1056, 229, 294)",-1056.0,229.0,294.0,,,,
6377,realistic,3,x0y0,utah,4.637,6.1,Ab,saline,70.50015890446815,6.1,,b,-1,0.08,soma,57.520705246000006,-698.2804302609593,1226.6810376496705,477.4429854298578,,-698.0,1227.05050838244,477.6332057055575,periphery,5.175000000000109,success,58.19091796875,0.005,"(-698, 460, 206)",-698.0,460.0,206.0,-698.0,,460.0,206.0
6378,realistic,3,x0y0,utah,4.985,6.5,Ab,saline,-20.31867930372875,6.5,,b,-1,0.08,soma,58.63306107,476.55272074244004,-326.63015699954576,1420.6398088285625,,477.0,-326.7306994017521,1420.6660423357232,none,0.0,success,105.0,0.005,"(477, -44, 657)",477.0,-44.0,657.0,,,,
6379,realistic,3,x0y0,utah,5.333,6.9,Ab,saline,45.085668994979066,6.9,,b,-1,0.08,soma,59.745416893999995,140.01589611401144,923.1112031863986,1139.3108773172114,,140.0,923.0928521221656,1139.300132163582,none,0.0,success,105.0,0.005,"(140, 346, 564)",140.0,346.0,564.0,,,,
6380,realistic,3,x0y0,utah,6.638,8.4,Ab,saline,242.86769398104371,8.4,,b,-1,0.08,soma,63.916751233999996,-906.4822647137596,-44.7699504041775,-20.13002951096496,,-906.0,-45.09295429913027,-20.533019281352097,periphery,5.265000000000123,success,83.4228515625,0.005,"(-906, 682, 352)",-906.0,682.0,352.0,-906.0,,682.0,352.0
6381,realistic,3,x0y0,utah,4.637,6.1,Ab,saline,131.38882093627606,6.1,,b,-1,0.08,soma,57.520705246000006,-1184.4111428296528,787.0383423826262,-887.6145663795601,,-1184.0,787.4830165377748,-888.0583451543278,none,0.0,success,105.0,0.005,"(-1184, 177, -350)",-1184.0,177.0,-350.0,,,,
6382,realistic,3,x0y0,utah,4.811,6.3,Ab,saline,99.8819321986392,6.3,,b,-1,0.08,soma,58.076883158,-976.201852032799,938.3293022487468,-243.95188271942882,,-976.0,937.9906726436309,-243.68899657495643,none,0.0,success,105.0,0.005,"(-976, 136, -104)",-976.0,136.0,-104.0,,,,
6383,realistic,3,x0y0,utah,4.811,6.3,Ab,saline,35.01234279535809,6.3,,b,-1,0.08,soma,58.076883158,1094.5733151986901,819.6493320358845,1023.060786359631,,1095.0,820.0952577780303,1022.6974836532011,none,0.0,success,105.0,0.005,"(1095, 353, 356)",1095.0,353.0,356.0,,,,
6384,realistic,3,x0y0,utah,6.029,7.7,Ab,saline,73.83981936282744,7.7,,b,-1,0.08,soma,61.970128542,-22.59489453203889,363.2014547316612,80.79894440019416,,-23.0,362.75365423229584,81.08864338661937,neck0,5.930000000000227,success,91.1865234375,0.005,"(-23, -421, -146)",-23.0,-421.0,-146.0,-23.0,,206.00292338583665,35.67091470929549
6385,realistic,3,x0y0,utah,5.333,6.9,Ab,saline,2.9076615227099363,6.9,,b,-1,0.08,soma,59.745416893999995,-1807.8022364999035,54.782220817819955,1092.3164675249736,,-1808.0,54.31404631826291,1091.813373926019,none,0.0,success,105.0,0.005,"(-1808, 13, 278)",-1808.0,13.0,278.0,,,,
6386,realistic,3,x0y0,utah,4.898000000000001,6.4,Ab,saline,34.92873126135625,6.4,,b,-1,0.08,soma,58.354972114000006,222.22180833482415,795.5423838774964,1033.2519181414173,,222.0,795.1980285162383,1033.5441208181346,tjn,5.155000000000106,success,105.0,0.005,"(222, 329, 366)",222.0,329.0,366.0,222.0,,329.0,366.0
6387,realistic,3,x0y0,utah,6.29,8.0,Ab,saline,51.03647003616933,8.0,,b,-1,0.08,soma,62.80439541,-762.3372122011069,213.93034159151463,162.00074201807277,,-762.0,213.7527087156376,162.35370191690413,none,0.0,success,105.0,0.005,"(-762, -421, -351)",-762.0,-421.0,-351.0,,,,
6388,realistic,3,x0y0,utah,7.421000000000001,9.3,Ab,saline,299.0960067376448,9.3,,b,-1,0.08,soma,66.419551838,-1.1046641971701463,-80.0057883493464,42.846818070267545,,-1.0,-79.95170219802242,42.895414029409835,tjn,5.175000000000109,success,62.40234375,0.005,"(-1, 635, -355)",-1.0,635.0,-355.0,-1.0,,635.0,-355.0
6389,realistic,3,x0y0,utah,6.116,7.8,Ab,saline,39.30695227017487,7.8,,b,-1,0.08,soma,62.248217498,887.2099537678108,710.8720520551642,899.2883713011572,,887.0,711.0146228924916,899.5168353499764,none,0.0,success,105.0,0.005,"(887, 194, 268)",887.0,194.0,268.0,,,,
6390,realistic,3,x0y0,utah,4.985,6.5,Ab,saline,24.488617824467678,6.5,,b,-1,0.08,soma,58.63306107,-377.22822529311827,263.8540958646008,702.9523769923571,,-377.0,263.5342019067576,703.0280427868502,none,0.0,success,105.0,0.005,"(-377, -74, -38)",-377.0,-74.0,-38.0,,,,
6391,realistic,3,x0y0,utah,5.507,7.1,Ab,saline,188.22457628404445,7.1,,b,-1,0.08,soma,60.301594806000004,-1199.697303615291,-223.16894922685557,-1123.4645649448719,,-1200.0,-223.64807910836936,-1123.7547441897495,none,0.0,success,105.0,0.005,"(-1200, -107, -317)",-1200.0,-107.0,-317.0,,,,
6392,realistic,3,x0y0,utah,4.55,6.0,Ab,saline,168.89773703119224,6.0,,b,-1,0.08,soma,57.24261629,673.6292473439386,149.28885057195612,-1379.0355862269555,,674.0,149.70346394872706,-1379.4065896826887,none,0.0,success,105.0,0.005,"(674, -7, -581)",674.0,-7.0,-581.0,,,,
6393,realistic,3,x0y0,utah,4.724,6.2,Ab,saline,160.9123453748191,6.2,,b,-1,0.08,soma,57.798794201999996,-647.7956928840567,464.07369407647417,-1268.8369827627662,,-648.0,464.1451028520271,-1269.1349302604451,none,0.0,success,105.0,0.005,"(-648, 198, -500)",-648.0,198.0,-500.0,,,,
6394,realistic,3,x0y0,utah,5.159,6.7,Ab,saline,182.75699677135415,6.7,,b,-1,0.08,soma,59.189238982000006,-109.49114335731205,-193.95935656407886,-1192.8097923963217,,-109.0,-194.1820011975171,-1192.617105947611,none,0.0,success,105.0,0.005,"(-109, -155, -379)",-109.0,-155.0,-379.0,,,,
6395,realistic,3,x0y0,utah,4.724,6.2,Ab,saline,170.72883191702937,6.2,,b,-1,0.08,soma,57.798794201999996,531.7348739366414,447.58841630076586,-1383.3266038792276,,532.0,447.1191928729711,-1383.2373149989771,none,0.0,success,105.0,0.005,"(532, 316, -580)",532.0,316.0,-580.0,,,,
6396,realistic,3,x0y0,utah,6.898999999999999,8.7,Ab,saline,54.557126032513025,8.7,,b,-1,0.08,soma,64.751018102,-1198.8610799742826,348.6512473765278,279.30424890254653,,-1199.0,348.9158272238499,278.99605769867503,none,0.0,success,105.0,0.005,"(-1199, -317, -195)",-1199.0,-317.0,-195.0,,,,
6397,realistic,3,x0y0,utah,4.898000000000001,6.4,Ab,saline,196.5220929107176,6.4,,b,-1,0.08,soma,58.354972114000006,-1716.749082682677,-317.24498649987845,-1247.9442659068884,,-1717.0,-317.5520770346109,-1247.551955882846,none,0.0,success,105.0,0.005,"(-1717, -86, -467)",-1717.0,-86.0,-467.0,,,,
6398,realistic,3,x0y0,utah,5.072,6.6,Ab,saline,-0.5477999829774773,6.6,,b,-1,0.08,soma,58.911150026,-1597.4708380169116,-145.46488359023988,1282.7998187938776,,-1597.0,-145.8187735201248,1282.4555750130003,none,0.0,success,105.0,0.005,"(-1597, -138, 468)",-1597.0,-138.0,468.0,,,,
6399,realistic,3,x0y0,utah,6.116,7.8,Ab,saline,87.92927260832451,7.8,,b,-1,0.08,soma,62.248217498,35.77835415668207,1446.6615955784828,-148.77845203260358,,36.0,1446.552821872876,-148.5379196741611,tjn,5.135000000000103,success,21.82159423828125,0.005,"(36, 631, -178)",36.0,631.0,-178.0,36.0,,631.0,-178.0
6400,realistic,3,x0y0,utah,4.811,6.3,Ab,saline,82.90602804015505,6.3,,b,-1,0.08,soma,58.076883158,-884.1140246941973,1314.5500168969236,395.76033251349236,,-884.0,1314.770345578842,395.5337475350065,periphery,5.215000000000115,success,72.16796875,0.005,"(-884, 507, 295)",-884.0,507.0,295.0,-884.0,,507.0,295.0
6401,realistic,3,x0y0,utah,4.811,6.3,Ab,saline,33.45593707272884,6.3,,b,-1,0.08,soma,58.076883158,-377.8688075403522,707.7458753147725,1026.3198767005858,,-378.0,707.7793928425028,1026.1522718093597,none,0.0,success,105.0,0.005,"(-378, 259, 347)",-378.0,259.0,347.0,,,,
6402,realistic,3,x0y0,utah,4.724,6.2,Ab,saline,59.39679423288296,6.2,,b,-1,0.08,soma,57.798794201999996,-911.667388033904,953.0773765256886,488.47423075809013,,-912.0,953.5232110848309,488.3561830641192,periphery,5.175000000000109,success,105.0,0.005,"(-912, 253, 74)",-912.0,253.0,74.0,-912.0,,253.0,74.0
6403,realistic,3,x0y0,utah,5.333,6.9,Ab,saline,17.6784969501753,6.9,,b,-1,0.08,soma,59.745416893999995,-841.48497388409,529.5942383597376,1307.3594239764716,,-841.0,529.476841555354,1307.4107166083018,none,0.0,success,105.0,0.005,"(-841, 282, 531)",-841.0,282.0,531.0,,,,
6404,realistic,3,x0y0,utah,4.811,6.3,Ab,saline,95.46255823690471,6.3,,b,-1,0.08,soma,58.076883158,-1929.2546206874813,1147.3297059504475,-21.582946236999305,,-1929.0,1147.3752685918948,-21.496459638320815,periphery,5.260000000000122,success,62.40234375,0.005,"(-1929, 337, 56)",-1929.0,337.0,56.0,-1929.0,,337.0,56.0
6405,realistic,3,x0y0,utah,4.724,6.2,Ab,saline,11.35626561910956,6.2,,b,-1,0.08,soma,57.798794201999996,352.65756272443434,155.5027942941515,893.5676621560274,,353.0,155.25679128918694,893.9469689178206,none,0.0,success,105.0,0.005,"(353, -5, 96)",353.0,-5.0,96.0,,,,
6406,realistic,3,x0y0,utah,5.072,6.6,Ab,saline,-22.61516746202409,6.6,,b,-1,0.08,soma,58.911150026,-1490.3916848788172,-588.618822601632,1131.9966457920766,,-1490.0,-588.1581685924986,1131.8239412945004,none,0.0,success,105.0,0.005,"(-1490, -275, 380)",-1490.0,-275.0,380.0,,,,
6407,realistic,3,x0y0,utah,4.985,6.5,Ab,saline,330.11560067107104,6.5,,b,-1,0.08,soma,58.63306107,160.54156012030884,-548.1892888386628,889.563091447537,,161.0,-547.7739271655906,890.0124319738452,none,0.0,success,105.0,0.005,"(161, -142, 184)",161.0,-142.0,184.0,,,,
6408,realistic,3,x0y0,utah,4.811,6.3,Ab,saline,119.60357443404648,6.3,,b,-1,0.08,soma,58.076883158,497.3064745674168,1333.8069595768684,-585.3851707151042,,497.0,1333.8064249529407,-585.134990140026,central,5.145000000000104,success,31.201171875,0.005,"(497, 626, -183)",497.0,626.0,-183.0,497.0,,626.0,-183.0
6409,realistic,3,x0y0,utah,5.2459999999999996,6.8,Ab,saline,189.55093855023014,6.8,,b,-1,0.08,soma,59.467327938000004,-786.7643394764958,-430.87181518683474,-1351.7916960850266,,-787.0,-431.16431485245715,-1351.408866039831,none,0.0,success,105.0,0.005,"(-787, -296, -548)",-787.0,-296.0,-548.0,,,,
6410,realistic,3,x0y0,utah,7.421000000000001,9.3,Ab,saline,81.2587856526402,9.3,,b,-1,0.08,soma,66.419551838,-1097.6103907524634,396.4790898627007,64.50175282801547,,-1098.0,396.71854251833975,64.36788593968802,none,0.0,success,105.0,0.005,"(-1098, -412, -60)",-1098.0,-412.0,-60.0,,,,
6411,realistic,3,x0y0,utah,4.724,6.2,Ab,saline,213.24613551833286,6.2,,b,-1,0.08,soma,57.798794201999996,-247.64108844629186,-528.8208915113578,-1079.032296265742,,-248.0,-529.1796494907683,-1078.6640657955666,none,0.0,success,105.0,0.005,"(-248, -83, -398)",-248.0,-83.0,-398.0,,,,
6412,realistic,3,x0y0,utah,5.681,7.3,Ab,saline,3.9629720863309497,7.3,,b,-1,0.08,soma,60.857772718,-1882.7081689605786,236.04528097841373,1112.4579747200523,,-1883.0,236.3461360474069,1112.4718570317386,none,0.0,success,105.0,0.005,"(-1883, 180, 299)",-1883.0,180.0,299.0,,,,
6413,realistic,3,x0y0,utah,4.898000000000001,6.4,Ab,saline,50.68742743453816,6.4,,b,-1,0.08,soma,58.354972114000006,-809.1513128226458,423.7675129441809,390.0767091635885,,-809.0,423.9291209623011,389.86285516571536,none,0.0,success,105.0,0.005,"(-809, -206, -126)",-809.0,-206.0,-126.0,,,,
6414,realistic,3,x0y0,utah,6.4639999999999995,8.2,Ab,saline,85.59085332019367,8.2,,b,-1,0.08,soma,63.360573322,1127.2105817810761,1387.3003813077796,30.836185276444212,,1127.0,1387.2302458010172,30.802714044230918,central,5.150000000000105,success,4.57916259765625,0.005,"(1127, 573, -32)",1127.0,573.0,-32.0,1127.0,,573.0,-32.0
6415,realistic,3,x0y0,utah,5.159,6.7,Ab,saline,90.03662250499184,6.7,,b,-1,0.08,soma,59.189238982000006,330.2575971016448,1426.4426269884452,-12.31099322901855,,330.0,1426.5946194910002,-12.4887567716946,central,5.05500000000009,success,1.9500732421875,0.005,"(330, 612, -12)",330.0,612.0,-12.0,330.0,,612.0,-12.0
6416,realistic,3,x0y0,utah,4.811,6.3,Ab,saline,31.979287910211788,6.3,,b,-1,0.08,soma,58.076883158,-811.2132295621149,664.3035158826997,1137.4453533592039,,-811.0,664.1147586602385,1137.4674061473079,none,0.0,success,105.0,0.005,"(-811, 233, 447)",-811.0,233.0,447.0,,,,
6417,realistic,3,x0y0,utah,4.724,6.2,Ab,saline,95.3575663598583,6.2,,b,-1,0.08,soma,57.798794201999996,1413.0032350012036,1204.8242403706665,-312.00862056342294,,1413.0,1204.3182397537557,-312.0182036892334,central,5.270000000000124,success,87.78076171875,0.005,"(1413, 394, -236)",1413.0,394.0,-236.0,1413.0,,394.0,-236.0
6418,realistic,3,x0y0,utah,4.55,6.0,Ab,saline,-5.5093110324873305,6.0,,b,-1,0.08,soma,57.24261629,-832.9379847977854,-108.85800882951298,1289.1410597561044,,-833.0,-109.10764558192002,1288.878650127533,none,0.0,success,105.0,0.005,"(-833, -31, 479)",-833.0,-31.0,479.0,,,,
6419,realistic,3,x0y0,utah,5.072,6.6,Ab,saline,134.11449056424405,6.6,,b,-1,0.08,soma,58.911150026,-43.51119777918289,1120.006336063234,-949.5163150421344,,-44.0,1119.7791028593342,-949.9425257665495,tjn,5.190000000000111,success,70.59326171875,0.005,"(-44, 535, -383)",-44.0,535.0,-383.0,-44.0,,535.0,-383.0
6420,realistic,3,x0y0,utah,5.855,7.5,Ab,saline,190.50502987824655,7.5,,b,-1,0.08,soma,61.41395063,455.30657331803917,-247.15450705527198,-1365.5554443954238,,455.0,-246.70338159992454,-1366.0030981297082,none,0.0,success,105.0,0.005,"(455, -98, -564)",455.0,-98.0,-564.0,,,,
6421,realistic,3,x0y0,utah,6.29,8.0,Ab,saline,215.99666045813103,8.0,,b,-1,0.08,soma,62.80439541,1171.4342764921034,-620.5161904144898,-927.6531000843696,,1171.0,-620.7995715912286,-927.5510181631157,none,0.0,success,105.0,0.005,"(1171, -141, -267)",1171.0,-141.0,-267.0,,,,
6422,realistic,3,x0y0,utah,5.333,6.9,Ab,saline,70.76876829831737,6.9,,b,-1,0.08,soma,59.745416893999995,-1165.3221399496076,59.46737716644884,15.378587282804348,,-1165.0,59.40281131565757,15.41907016244187,none,0.0,success,105.0,0.005,"(-1165, -710, -253)",-1165.0,-710.0,-253.0,,,,
6423,realistic,3,x0y0,utah,5.681,7.3,Ab,saline,126.28167764518379,7.3,,b,-1,0.08,soma,60.857772718,-307.55073526073363,1239.2019306643988,-670.9782880207548,,-308.0,1239.31722529399,-670.5708149472564,periphery,5.155000000000106,success,28.1005859375,0.005,"(-308, 582, -188)",-308.0,582.0,-188.0,-308.0,,582.0,-188.0
6424,realistic,3,x0y0,utah,5.072,6.6,Ab,saline,75.9160961168097,6.6,,b,-1,0.08,soma,58.911150026,1354.3116493621073,1184.3269645521304,338.3792890379814,,1354.0,1183.9404622051088,338.15704140066293,central,5.24500000000012,success,53.9306640625,0.005,"(1354, 394, 140)",1354.0,394.0,140.0,1354.0,,394.0,140.0
6425,realistic,3,x0y0,utah,5.855,7.5,Ab,saline,103.46478798638374,7.5,,b,-1,0.08,soma,61.41395063,-917.5801484472696,1098.1372552206121,-323.048944048639,,-918.0,1098.2750334938378,-322.89658385333206,periphery,5.220000000000116,success,77.2705078125,0.005,"(-918, 305, -133)",-918.0,305.0,-133.0,-918.0,,305.0,-133.0
6426,realistic,3,x0y0,utah,4.55,6.0,Ab,saline,93.53597059243404,6.0,,b,-1,0.08,soma,57.24261629,23.847525197514983,1204.4755223491354,-147.21454923365943,,24.0,1204.0754276595248,-147.20043471254652,tjn,5.135000000000103,success,14.5477294921875,0.005,"(24, 392, -97)",24.0,392.0,-97.0,24.0,,392.0,-97.0
6427,realistic,3,x0y0,utah,5.768000000000001,7.4,Ab,saline,196.94330330584114,7.4,,b,-1,0.08,soma,61.135861674,781.305525361713,-450.00495157384734,-1230.3223117679304,,781.0,-449.6564950459019,-1230.1722826386745,none,0.0,success,105.0,0.005,"(781, -212, -450)",781.0,-212.0,-450.0,,,,
6428,realistic,3,x0y0,utah,6.029,7.7,Ab,saline,27.193513918419754,7.7,,b,-1,0.08,soma,61.970128542,1214.1724448026594,555.9732020932947,1253.8972607841895,,1214.0,555.9051743718471,1253.8187146690548,none,0.0,success,105.0,0.005,"(1214, 183, 528)",1214.0,183.0,528.0,,,,
6429,realistic,3,x0y0,utah,5.507,7.1,Ab,saline,84.68291060893246,7.1,,b,-1,0.08,soma,60.301594806000004,926.5664433771733,621.8835969294682,110.64082001821586,,927.0,621.6456489741674,110.56447891925814,none,0.0,success,105.0,0.005,"(927, -190, 35)",927.0,-190.0,35.0,,,,
6430,realistic,3,x0y0,utah,5.681,7.3,Ab,saline,199.94286907923438,7.3,,b,-1,0.08,soma,60.857772718,-1535.3042066761366,-385.3351999755232,-1010.4418289032747,,-1535.0,-385.142793137055,-1010.5031531774601,none,0.0,success,105.0,0.005,"(-1535, -107, -244)",-1535.0,-107.0,-244.0,,,,
6431,realistic,3,x0y0,utah,4.811,6.3,Ab,saline,91.09850257876677,6.3,,b,-1,0.08,soma,58.076883158,1502.1451202858752,1045.4240767923357,-153.59230681144345,,1502.0,1045.8756338906844,-153.6295380783168,none,0.0,success,105.0,0.005,"(1502, 232, -138)",1502.0,232.0,-138.0,,,,
6432,realistic,3,x0y0,utah,5.2459999999999996,6.8,Ab,saline,98.49850893737484,6.8,,b,-1,0.08,soma,59.467327938000004,189.6867131861277,669.4337607091043,-122.84123751333664,,190.0,669.7715936653412,-122.41763553461823,tjn,5.37500000000014,success,33.026123046875,0.005,"(190, -136, -2)",190.0,-136.0,-2.0,190.0,,-136.0,-2.0
6433,realistic,3,x0y0,utah,5.159,6.7,Ab,saline,-0.3365883380063971,6.7,,b,-1,0.08,soma,59.189238982000006,1769.2213294751505,-90.05174530072327,1233.4496464276108,,1769.0,-89.8061082549969,1233.5946194910002,none,0.0,success,105.0,0.005,"(1769, -85, 419)",1769.0,-85.0,419.0,,,,
6434,realistic,3,x0y0,utah,6.4639999999999995,8.2,Ab,saline,18.96164089336669,8.2,,b,-1,0.08,soma,63.360573322,81.9826427556003,607.317268676401,1328.4349698769702,,82.0,607.339425136159,1328.334547095308,none,0.0,success,105.0,0.005,"(82, 342, 556)",82.0,342.0,556.0,,,,
6435,realistic,3,x0y0,utah,5.768000000000001,7.4,Ab,saline,35.37359641058879,7.4,,b,-1,0.08,soma,61.135861674,577.6772745612692,948.4518677638453,1010.3454290858626,,578.0,948.1322751615394,1010.01409080449,central,5.185000000000111,success,75.29296875,0.005,"(578, 476, 345)",578.0,476.0,345.0,578.0,,476.0,345.0
6436,realistic,3,x0y0,utah,4.637,6.1,Ab,saline,39.74561796181497,6.1,,b,-1,0.08,soma,57.520705246000006,-1023.3039416968356,802.4116562786403,972.9441742869992,,-1023.0,802.3183694671463,972.7003351318249,none,0.0,success,105.0,0.005,"(-1023, 282, 347)",-1023.0,282.0,347.0,,,,
6437,realistic,3,x0y0,utah,4.985,6.5,Ab,saline,208.7335358789764,6.5,,b,-1,0.08,soma,58.63306107,678.4875205405765,-643.6660897357001,-1157.2241716355545,,678.0,-643.4419562281746,-1157.0741656261416,none,0.0,success,105.0,0.005,"(678, -252, -443)",678.0,-252.0,-443.0,,,,
6438,realistic,3,x0y0,utah,4.724,6.2,Ab,saline,161.9474469512897,6.2,,b,-1,0.08,soma,57.798794201999996,1464.0168572634936,225.46256150119962,-1126.264448614374,,1464.0,225.22742316159997,-1125.855546763631,none,0.0,success,105.0,0.005,"(1464, -27, -352)",1464.0,-27.0,-352.0,,,,
6439,realistic,3,x0y0,utah,4.637,6.1,Ab,saline,128.25125958984358,6.1,,b,-1,0.08,soma,57.520705246000006,-1781.7108096301315,966.0611009482976,-662.6487433154134,,-1782.0,966.0460049148421,-662.7990343088994,periphery,5.300000000000129,success,92.9443359375,0.005,"(-1782, 327, -159)",-1782.0,327.0,-159.0,-1782.0,,327.0,-159.0
6440,realistic,3,x0y0,utah,6.029,7.7,Ab,saline,123.89232235913609,7.7,,b,-1,0.08,soma,61.970128542,807.2098864784946,439.7058335578067,-329.8447553844885,,807.0,439.3492018513573,-329.9932718375097,none,0.0,success,105.0,0.005,"(807, -238, 125)",807.0,-238.0,125.0,,,,
6441,realistic,3,x0y0,utah,5.42,7.0,Ab,saline,150.31374838958376,7.0,,b,-1,0.08,soma,60.02350585000001,1961.969086232569,388.9195283185668,-954.3754027113147,,1962.0,388.67532122375263,-954.0822109412402,none,0.0,success,105.0,0.005,"(1962, -15, -246)",1962.0,-15.0,-246.0,,,,
6442,realistic,3,x0y0,utah,4.811,6.3,Ab,saline,141.38046608144975,6.3,,b,-1,0.08,soma,58.076883158,-1239.0670113568974,661.5218683886093,-692.5688147778824,,-1239.0,661.041391389454,-693.0082344056729,none,0.0,success,105.0,0.005,"(-1239, 153, -57)",-1239.0,153.0,-57.0,,,,
6443,realistic,3,x0y0,utah,4.985,6.5,Ab,saline,184.99585814760303,6.5,,b,-1,0.08,soma,58.63306107,1939.276395567345,-151.36429250286346,-1152.9724069520685,,1939.0,-150.92696980959852,-1153.2221277189672,none,0.0,success,105.0,0.005,"(1939, -80, -342)",1939.0,-80.0,-342.0,,,,
6444,realistic,3,x0y0,utah,5.942,7.6,Ab,saline,-17.848001636887343,7.6,,b,-1,0.08,soma,61.69203958600001,1068.9309384886483,-457.189596681128,1320.3292553253295,,1069.0,-457.0568050665546,1320.603826240957,none,0.0,success,105.0,0.005,"(1069, -207, 544)",1069.0,-207.0,544.0,,,,
6445,realistic,3,x0y0,utah,4.724,6.2,Ab,saline,200.8032597054161,6.2,,b,-1,0.08,soma,57.798794201999996,-1317.0324198386438,-420.30100033000144,-1164.3083135260038,,-1317.0,-420.09706585027527,-1163.833156410015,none,0.0,success,105.0,0.005,"(-1317, -131, -403)",-1317.0,-131.0,-403.0,,,,
6446,realistic,3,x0y0,utah,4.637,6.1,Ab,saline,174.422840650651,6.1,,b,-1,0.08,soma,57.520705246000006,204.5748250037656,70.23400154915544,-1455.5735846117752,,205.0,70.09750627495562,-1455.9356789656722,none,0.0,success,105.0,0.005,"(205, -9, -646)",205.0,-9.0,-646.0,,,,
6447,realistic,3,x0y0,utah,5.942,7.6,Ab,saline,-9.760762451607336,7.6,,b,-1,0.08,soma,61.69203958600001,168.379450804077,-298.47338003304316,1431.6229850893646,,168.0,-298.28590035491357,1432.0162525060018,none,0.0,success,105.0,0.005,"(168, -160, 628)",168.0,-160.0,628.0,,,,
6448,realistic,3,x0y0,utah,6.811999999999999,8.6,Ab,saline,75.78323214124795,8.6,,b,-1,0.08,soma,64.472929146,-64.41287324523469,321.58524255168504,56.172194893572396,,-64.0,321.22902875706643,55.71327569912884,none,0.0,success,105.0,0.005,"(-64, -471, -145)",-64.0,-471.0,-145.0,,,,
6449,realistic,3,x0y0,utah,4.724,6.2,Ab,saline,28.62674515729709,6.2,,b,-1,0.08,soma,57.798794201999996,98.7943924276058,692.7158005747708,981.7096573855915,,99.0,692.9392011510893,981.440890775258,tjn,5.205000000000114,success,83.97216796875,0.005,"(99, 303, 267)",99.0,303.0,267.0,99.0,,303.0,267.0
6450,realistic,3,x0y0,utah,5.2459999999999996,6.8,Ab,saline,125.70083596690479,6.8,,b,-1,0.08,soma,59.467327938000004,368.6637475968322,212.61126050553366,-143.77132681320563,,369.0,212.6452085092252,-143.47856629230859,none,0.0,success,105.0,0.005,"(369, -449, 332)",369.0,-449.0,332.0,,,,
6451,realistic,3,x0y0,utah,6.029,7.7,Ab,saline,22.680845505170645,7.7,,b,-1,0.08,soma,61.970128542,-453.03997375483897,400.46775797500055,1367.7057514003966,,-453.0,400.6438407828977,1367.909418802852,none,0.0,success,105.0,0.005,"(-453, 86, 615)",-453.0,86.0,615.0,,,,
6452,realistic,3,x0y0,utah,5.942,7.6,Ab,saline,337.2550395033731,7.6,,b,-1,0.08,soma,61.69203958600001,624.1863874330578,-424.6723671655286,931.0209558816775,,624.0,-424.40607125197386,931.3731994531048,none,0.0,success,105.0,0.005,"(624, -109, 179)",624.0,-109.0,179.0,,,,
6453,realistic,3,x0y0,utah,4.637,6.1,Ab,saline,164.20133585981276,6.1,,b,-1,0.08,soma,57.520705246000006,-565.1374260586339,472.519933002111,-1167.4754845145708,,-565.0,472.586944019243,-1167.000211293851,none,0.0,success,105.0,0.005,"(-565, 251, -384)",-565.0,251.0,-384.0,,,,
6454,realistic,3,x0y0,utah,5.333,6.9,Ab,saline,73.98179683942287,6.9,,b,-1,0.08,soma,59.745416893999995,-1234.1225501091894,1235.270877484406,369.02449981454316,,-1234.0,1235.2556473592567,368.8233802605273,periphery,5.175000000000109,success,33.2733154296875,0.005,"(-1234, 452, 144)",-1234.0,452.0,144.0,-1234.0,,452.0,144.0
6455,realistic,3,x0y0,utah,4.985,6.5,Ab,saline,-16.105712355765053,6.5,,b,-1,0.08,soma,58.63306107,1093.0827331722837,-423.4688862992939,1083.7064862808347,,1093.0,-423.891405570409,1083.3953225380283,none,0.0,success,105.0,0.005,"(1093, -198, 301)",1093.0,-198.0,301.0,,,,
6456,realistic,3,x0y0,utah,5.768000000000001,7.4,Ab,saline,-0.9724708188996436,7.4,,b,-1,0.08,soma,61.135861674,-1296.7125673948622,-41.82261323011062,1145.9798496822732,,-1297.0,-41.86465482422901,1146.4863740439166,none,0.0,success,105.0,0.005,"(-1297, -28, 331)",-1297.0,-28.0,331.0,,,,
6457,realistic,3,x0y0,utah,5.855,7.5,Ab,saline,55.543022649654226,7.5,,b,-1,0.08,soma,61.41395063,-60.00192525215064,1315.0739392940695,652.978265804697,,-60.0,1314.6319718447492,652.5270066332271,tjn,5.140000000000104,success,23.69384765625,0.005,"(-60, 642, 191)",-60.0,642.0,191.0,-60.0,,642.0,191.0
6458,realistic,3,x0y0,utah,4.55,6.0,Ab,saline,-21.249231095750954,6.0,,b,-1,0.08,soma,57.24261629,-1669.6514627602987,-565.7794493033523,1059.2375459452903,,-1670.0,-565.8563620717481,1059.2950591911404,none,0.0,success,105.0,0.005,"(-1670, -271, 301)",-1670.0,-271.0,301.0,,,,
6459,realistic,3,x0y0,utah,5.942,7.6,Ab,saline,28.15618098324317,7.6,,b,-1,0.08,soma,61.69203958600001,-343.62580184306364,614.059180798843,1324.9618980306038,,-344.0,613.9977367403168,1325.3314356514884,none,0.0,success,105.0,0.005,"(-344, 229, 606)",-344.0,229.0,606.0,,,,
6460,realistic,3,x0y0,utah,8.291,10.3,Ab,saline,323.1663762754393,10.3,,b,-1,0.08,soma,69.20044139800001,-1310.2217485508709,-669.2721612392229,717.5573530710599,,-1310.0,-669.3503323090506,718.0080166474798,none,0.0,success,105.0,0.005,"(-1310, -178, 62)",-1310.0,-178.0,62.0,,,,
6461,realistic,3,x0y0,utah,5.507,7.1,Ab,saline,22.17140259937665,7.1,,b,-1,0.08,soma,60.301594806000004,-1002.7642555483503,396.7592745281368,1349.1191645770841,,-1003.0,396.6379109398923,1348.9111534749186,none,0.0,success,105.0,0.005,"(-1003, 89, 594)",-1003.0,89.0,594.0,,,,
6462,realistic,3,x0y0,utah,5.333,6.9,Ab,saline,185.25677762679672,6.9,,b,-1,0.08,soma,59.745416893999995,618.2224856223426,-188.33279747397592,-1398.560408804246,,618.0,-188.64234009374522,-1398.450243071523,none,0.0,success,105.0,0.005,"(618, -114, -587)",618.0,-114.0,-587.0,,,,
6463,realistic,3,x0y0,utah,5.42,7.0,Ab,saline,-26.1118395900392,7.0,,b,-1,0.08,soma,60.02350585000001,568.2726122679965,-470.5764865976698,1119.1637254424468,,568.0,-470.68667246229256,1118.7990529513577,none,0.0,success,105.0,0.005,"(568, -112, 387)",568.0,-112.0,387.0,,,,
6464,realistic,3,x0y0,utah,4.898000000000001,6.4,Ab,saline,38.62420368715002,6.4,,b,-1,0.08,soma,58.354972114000006,562.5194360840627,969.3448212385001,913.9463825529275,,563.0,969.2095867967796,914.1168698563342,central,5.18000000000011,success,67.4072265625,0.005,"(563, 461, 278)",563.0,461.0,278.0,563.0,,461.0,278.0
6465,realistic,3,x0y0,utah,4.985,6.5,Ab,saline,110.08299028743455,6.5,,b,-1,0.08,soma,58.63306107,-1232.8323641159118,1130.5299071224608,-489.9195730305346,,-1233.0,1130.8060854784721,-489.63629658571904,periphery,5.215000000000115,success,67.4072265625,0.005,"(-1233, 366, -210)",-1233.0,366.0,-210.0,-1233.0,,366.0,-210.0
6466,realistic,3,x0y0,utah,6.29,8.0,Ab,saline,130.29125488970925,8.0,,b,-1,0.08,soma,62.80439541,-1421.0750786084714,213.5932957915957,-212.7249490698587,,-1421.0,213.7515964093742,-212.9673012558236,none,0.0,success,105.0,0.005,"(-1421, -409, 315)",-1421.0,-409.0,315.0,,,,
6467,realistic,3,x0y0,utah,6.029,7.7,Ab,saline,168.05851276860696,7.7,,b,-1,0.08,soma,61.970128542,-194.8689385486824,534.4129045051759,-1348.1305632341487,,-195.0,534.82730979767,-1348.3597868827467,none,0.0,success,105.0,0.005,"(-195, 366, -550)",-195.0,366.0,-550.0,,,,
6468,realistic,3,x0y0,utah,8.9,11.0,Ab,saline,263.7252011181173,11.0,,b,-1,0.08,soma,71.14706409,772.3744158068408,-117.8284484677647,-19.088463774046886,,772.0,-117.65009085273016,-18.688687052518517,central,5.220000000000116,success,23.84033203125,0.005,"(772, 698, 71)",772.0,698.0,71.0,772.0,,698.0,71.0
6469,realistic,3,x0y0,utah,4.637,6.1,Ab,saline,19.804241852851664,6.1,,b,-1,0.08,soma,57.520705246000006,-988.656120342376,270.9224506204186,1136.3402547966753,,-989.0,270.7020074686725,1136.667115782981,none,0.0,success,105.0,0.005,"(-989, -5, 371)",-989.0,-5.0,371.0,,,,
6470,realistic,3,x0y0,utah,6.638,8.4,Ab,saline,110.99933054631556,8.4,,b,-1,0.08,soma,63.916751233999996,459.50713455297137,694.4151062249367,-304.875264092118,,460.0,694.7123394760314,-304.7978818211329,none,0.0,success,105.0,0.005,"(460, -68, -12)",460.0,-68.0,-12.0,,,,
6471,realistic,3,x0y0,utah,6.116,7.8,Ab,saline,193.41837852656002,7.8,,b,-1,0.08,soma,62.248217498,-1373.1708703194715,-283.5098404011396,-1166.045353007348,,-1373.0,-283.422405640643,-1165.8439205801526,none,0.0,success,105.0,0.005,"(-1373, -94, -372)",-1373.0,-94.0,-372.0,,,,
6472,realistic,3,x0y0,utah,4.898000000000001,6.4,Ab,saline,54.00153257339979,6.4,,b,-1,0.08,soma,58.354972114000006,267.5093917461007,1056.4619911583832,762.6450062006766,,268.0,1056.6695862201132,762.5735263043048,tjn,5.200000000000113,success,72.900390625,0.005,"(268, 398, 284)",268.0,398.0,284.0,268.0,,398.0,284.0
6473,realistic,3,x0y0,utah,4.637,6.1,Ab,saline,242.82993095789016,6.1,,b,-1,0.08,soma,57.520705246000006,1908.2610521566296,-693.9823699195531,-385.53304272848845,,1908.0,-694.0025857286834,-385.5629770076619,none,0.0,success,105.0,0.005,"(1908, 30, -14)",1908.0,30.0,-14.0,,,,
6474,realistic,3,x0y0,utah,4.898000000000001,6.4,Ab,saline,180.98114631317105,6.4,,b,-1,0.08,soma,58.354972114000006,-1562.4268110002427,-162.47075195213077,-1085.8955177284352,,-1562.0,-162.9224350115747,-1086.0960683083945,none,0.0,success,105.0,0.005,"(-1562, -149, -272)",-1562.0,-149.0,-272.0,,,,
6475,realistic,3,x0y0,utah,5.942,7.6,Ab,saline,203.0332714745692,7.6,,b,-1,0.08,soma,61.69203958600001,-1639.311251428882,-504.23605010962996,-1007.2625320734345,,-1639.0,-504.240547545001,-1006.8230920154981,none,0.0,success,105.0,0.005,"(-1639, -185, -256)",-1639.0,-185.0,-256.0,,,,
6476,realistic,3,x0y0,utah,7.682,9.6,Ab,saline,77.52043587054538,9.6,,b,-1,0.08,soma,67.253818706,-1617.254865719392,420.0376094506578,114.31356838158493,,-1617.0,420.30731429226944,113.90527511118333,none,0.0,success,105.0,0.005,"(-1617, -379, -63)",-1617.0,-379.0,-63.0,,,,
6477,realistic,3,x0y0,utah,4.811,6.3,Ab,saline,7.203970960636009,6.3,,b,-1,0.08,soma,58.076883158,-791.7120682325052,133.56520264141272,1421.1301036503892,,-792.0,133.0804205740066,1421.6075378905261,none,0.0,success,105.0,0.005,"(-792, 31, 614)",-792.0,31.0,614.0,,,,
6478,realistic,3,x0y0,utah,4.55,6.0,Ab,saline,19.764054666303643,6.0,,b,-1,0.08,soma,57.24261629,-636.4687407442123,294.0965001719933,1225.5383997154559,,-636.0,294.0853642838246,1225.69901309526,none,0.0,success,105.0,0.005,"(-636, 19, 460)",-636.0,19.0,460.0,,,,
6479,realistic,3,x0y0,utah,4.55,6.0,Ab,saline,31.36474712821633,6.0,,b,-1,0.08,soma,57.24261629,-1538.8377203891794,539.5568418987186,973.0028837710574,,-1539.0,539.4898908894727,972.7512350250157,none,0.0,success,105.0,0.005,"(-1539, 116, 278)",-1539.0,116.0,278.0,,,,
6480,realistic,3,x0y0,utah,4.811,6.3,Ab,saline,52.09271134134527,6.3,,b,-1,0.08,soma,58.076883158,-1253.5964629318835,304.467584353853,279.12644305207414,,-1254.0,304.2763304058311,279.14521850613767,none,0.0,success,105.0,0.005,"(-1254, -338, -221)",-1254.0,-338.0,-221.0,,,,
6481,realistic,3,x0y0,utah,4.55,6.0,Ab,saline,198.85408809088062,6.0,,b,-1,0.08,soma,57.24261629,-1132.4199217083478,-325.36267955645326,-1101.7083460140163,,-1132.0,-324.9624067924641,-1101.9298438976139,none,0.0,success,105.0,0.005,"(-1132, -62, -332)",-1132.0,-62.0,-332.0,,,,
6482,realistic,3,x0y0,utah,4.724,6.2,Ab,saline,-0.2206987471562712,6.2,,b,-1,0.08,soma,57.798794201999996,1117.715730756206,80.02877340665918,1146.6499014108804,,1118.0,79.8257923513061,1146.8993971010002,none,0.0,success,105.0,0.005,"(1118, 83, 333)",1118.0,83.0,333.0,,,,
6483,realistic,3,x0y0,utah,5.594,7.2,Ab,saline,62.26240282108954,7.2,,b,-1,0.08,soma,60.579683761999995,-1409.6488619209802,343.60366719072226,129.24447576540842,,-1410.0,343.61303904887325,129.43589241141746,none,0.0,success,105.0,0.005,"(-1410, -378, -250)",-1410.0,-378.0,-250.0,,,,
6484,realistic,3,x0y0,utah,5.42,7.0,Ab,saline,5.484562712363492,7.0,,b,-1,0.08,soma,60.02350585000001,-299.06114846208465,-54.103261884322826,1460.7744160652164,,-299.0,-54.08487642036998,1460.2626988615452,none,0.0,success,105.0,0.005,"(-299, -132, 649)",-299.0,-132.0,649.0,,,,
6485,realistic,3,x0y0,utah,4.898000000000001,6.4,Ab,saline,156.36378235154973,6.4,,b,-1,0.08,soma,58.354972114000006,1271.0454943073014,605.1535122996975,-1052.1367606939243,,1271.0,605.4037541602513,-1051.867994976818,none,0.0,success,105.0,0.005,"(1271, 279, -306)",1271.0,279.0,-306.0,,,,
6486,realistic,3,x0y0,utah,4.811,6.3,Ab,saline,123.70227108397086,6.3,,b,-1,0.08,soma,58.076883158,-401.8003600150423,760.3384760711267,-720.4161251162068,,-402.0,760.1985795495702,-720.7099312321872,none,0.0,success,105.0,0.005,"(-402, 83, -269)",-402.0,83.0,-269.0,,,,
6487,realistic,3,x0y0,utah,4.724,6.2,Ab,saline,40.60692316814321,6.2,,b,-1,0.08,soma,57.798794201999996,1132.0704947144259,846.8540991415563,868.5694688120875,,1132.0,846.7671175730411,868.9124222790794,none,0.0,success,105.0,0.005,"(1132, 317, 251)",1132.0,317.0,251.0,,,,
6488,realistic,3,x0y0,utah,6.725,8.5,Ab,saline,-14.958760142050345,8.5,,b,-1,0.08,soma,64.19484019000001,1857.7121936729386,-335.0743328854573,982.9923300486972,,1858.0,-334.89284412651955,983.3978175537798,none,0.0,success,105.0,0.005,"(1858, -124, 194)",1858.0,-124.0,194.0,,,,
6489,realistic,3,x0y0,utah,5.333,6.9,Ab,saline,125.58308978081823,6.9,,b,-1,0.08,soma,59.745416893999995,-1441.9226695892362,641.8845412211873,-372.36420793053736,,-1442.0,641.7359737799452,-372.17442904530935,none,0.0,success,105.0,0.005,"(-1442, -21, 102)",-1442.0,-21.0,102.0,,,,
6490,realistic,3,x0y0,utah,4.637,6.1,Ab,saline,187.60956342727584,6.1,,b,-1,0.08,soma,57.520705246000006,646.5433650914442,-226.0764449846029,-1310.348647688793,,647.0,-225.74187068728523,-1310.599261519918,none,0.0,success,105.0,0.005,"(647, -118, -504)",647.0,-118.0,-504.0,,,,
6491,realistic,3,x0y0,utah,6.116,7.8,Ab,saline,61.87958846186971,7.8,,b,-1,0.08,soma,62.248217498,-1032.023565241219,247.9989032493695,146.60386355574792,,-1032.0,247.8214639166182,146.6392924534038,none,0.0,success,105.0,0.005,"(-1032, -472, -238)",-1032.0,-472.0,-238.0,,,,
6492,realistic,3,x0y0,utah,4.724,6.2,Ab,saline,-9.485272669980796,6.2,,b,-1,0.08,soma,57.798794201999996,-1187.4244990461605,-189.38005702347616,1201.8036511337978,,-1187.0,-189.13062064224482,1201.7489753607165,none,0.0,success,105.0,0.005,"(-1187, -55, 399)",-1187.0,-55.0,399.0,,,,
6493,realistic,3,x0y0,utah,4.55,6.0,Ab,saline,96.63273469879844,6.0,,b,-1,0.08,soma,57.24261629,1331.0083497277678,1054.7520451095738,-76.9408809369238,,1331.0,1055.1700453804287,-76.97326109074754,none,0.0,success,105.0,0.005,"(1331, 247, 17)",1331.0,247.0,17.0,,,,
6494,realistic,3,x0y0,utah,5.159,6.7,Ab,saline,174.3623909919456,6.7,,b,-1,0.08,soma,59.189238982000006,809.6256318361766,280.5682314354253,-1399.6082961702575,,810.0,280.9931916340162,-1399.6845653174435,none,0.0,success,105.0,0.005,"(810, 201, -589)",810.0,201.0,-589.0,,,,
6495,realistic,3,x0y0,utah,4.898000000000001,6.4,Ab,saline,176.55468044332702,6.4,,b,-1,0.08,soma,58.354972114000006,-1629.3860635164215,81.58691578721391,-1087.5789514326857,,-1629.0,81.93206691202572,-1087.7119665820976,none,0.0,success,105.0,0.005,"(-1629, 33, -275)",-1629.0,33.0,-275.0,,,,
6496,realistic,3,x0y0,utah,5.2459999999999996,6.8,Ab,saline,23.77729233188772,6.8,,b,-1,0.08,soma,59.467327938000004,-1016.5204157940628,510.2617993021236,1306.6248564960815,,-1017.0,510.5006133123009,1306.5627758980322,none,0.0,success,105.0,0.005,"(-1017, 182, 561)",-1017.0,182.0,561.0,,,,
6497,realistic,3,x0y0,utah,4.898000000000001,6.4,Ab,saline,308.79678918457813,6.4,,b,-1,0.08,soma,58.354972114000006,-862.0647748310453,-46.18056828009821,29.900352101807584,,-862.0,-46.56993263282595,30.163612763316394,none,0.0,success,105.0,0.005,"(-862, 588, -480)",-862.0,588.0,-480.0,,,,
6498,realistic,3,x0y0,utah,8.552,10.6,Ab,saline,-0.12470796188594478,10.6,,b,-1,0.08,soma,70.03470826600001,-174.6938385263353,8.945022567951128,112.67522872508928,,-175.0,9.1959618209074,113.01735413300025,none,0.0,success,105.0,0.005,"(-175, 11, -707)",-175.0,11.0,-707.0,,,,
6499,realistic,3,x0y0,utah,5.2459999999999996,6.8,Ab,saline,18.011801974714707,6.8,,b,-1,0.08,soma,59.467327938000004,-1663.9410835872718,269.1176710715294,1059.724218681608,,-1664.0,268.9156488992149,1059.8117144345192,none,0.0,success,105.0,0.005,"(-1664, 17, 285)",-1664.0,17.0,285.0,,,,
6500,realistic,3,x0y0,utah,4.55,6.0,Ab,saline,207.62055541902527,6.0,,b,-1,0.08,soma,57.24261629,327.89472011966734,-667.8860372196859,-1243.620531149019,,328.0,-668.1948384560221,-1243.8684790164702,none,0.0,success,105.0,0.005,"(328, -291, -523)",328.0,-291.0,-523.0,,,,
6501,realistic,3,x0y0,utah,5.42,7.0,Ab,saline,57.08780110590851,7.0,,b,-1,0.08,soma,60.02350585000001,226.7977458882644,1336.5697384196665,593.963392446733,,227.0,1336.2023665805377,593.8773865394451,central,5.140000000000104,success,20.64971923828125,0.005,"(227, 652, 151)",227.0,652.0,151.0,227.0,,652.0,151.0
6502,realistic,3,x0y0,utah,4.55,6.0,Ab,saline,44.67945827481884,6.0,,b,-1,0.08,soma,57.24261629,-571.8353127699138,692.7771951876152,739.7139033967101,,-572.0,693.0571417567496,739.5661122219096,none,0.0,success,105.0,0.005,"(-572, 121, 161)",-572.0,121.0,161.0,,,,
6503,realistic,3,x0y0,utah,5.681,7.3,Ab,saline,70.45074943626626,7.3,,b,-1,0.08,soma,60.857772718,-274.8100363537602,390.99874811751846,182.97223646493146,,-275.0,391.46018250472184,182.8425053757215,none,0.0,success,105.0,0.005,"(-275, -377, -90)",-275.0,-377.0,-90.0,,,,
6504,realistic,3,x0y0,utah,4.724,6.2,Ab,saline,189.14789129677987,6.2,,b,-1,0.08,soma,57.798794201999996,-1986.7047069212601,-139.18378740213166,-1010.2269959084344,,-1987.0,-139.41000413905903,-1010.5628747578174,none,0.0,success,105.0,0.005,"(-1987, -10, -207)",-1987.0,-10.0,-207.0,,,,
6505,realistic,3,x0y0,utah,4.724,6.2,Ab,saline,147.31459927883458,6.2,,b,-1,0.08,soma,57.798794201999996,759.6968831349303,190.5542907188988,-314.54366162607914,,760.0,190.50567443454014,-314.97773260020176,none,0.0,success,105.0,0.005,"(760, -249, 370)",760.0,-249.0,370.0,,,,
6506,realistic,3,x0y0,utah,5.072,6.6,Ab,saline,66.86578993591027,6.6,,b,-1,0.08,soma,58.911150026,503.14078923202936,1243.1910380186184,736.9069977107984,,503.0,1242.973346781955,736.9995954226079,central,5.31000000000013,success,105.0,0.005,"(503, 494, 417)",503.0,494.0,417.0,503.0,,494.0,417.0
6507,realistic,3,x0y0,utah,5.072,6.6,Ab,saline,19.153149703898645,6.6,,b,-1,0.08,soma,58.911150026,-346.9256014988742,479.4000825108215,1357.1408917955616,,-347.0,479.22287416176533,1357.33473615728,none,0.0,success,105.0,0.005,"(-347, 212, 588)",-347.0,212.0,588.0,,,,
6508,realistic,3,x0y0,utah,5.072,6.6,Ab,saline,69.89723849235274,6.6,,b,-1,0.08,soma,58.911150026,1361.1421855510598,1240.4475160634693,379.6188139520109,,1361.0,1240.8552304947084,379.92838113196814,central,5.215000000000115,success,29.8187255859375,0.005,"(1361, 476, 100)",1361.0,476.0,100.0,1361.0,,476.0,100.0
6509,realistic,3,x0y0,utah,5.2459999999999996,6.8,Ab,saline,78.73966721662747,6.8,,b,-1,0.08,soma,59.467327938000004,646.0358272971013,1430.2033453102576,41.7353330117121,,646.0,1430.0907776207955,42.11748457314576,central,5.140000000000104,success,24.6826171875,0.005,"(646, 631, -117)",646.0,631.0,-117.0,646.0,,631.0,-117.0
6510,realistic,3,x0y0,utah,5.072,6.6,Ab,saline,119.0935795791457,6.6,,b,-1,0.08,soma,58.911150026,1257.7719330188809,399.500857824688,-210.48335854765045,,1258.0,399.67128144635956,-209.98830057132068,none,0.0,success,105.0,0.005,"(1258, -312, 186)",1258.0,-312.0,186.0,,,,
6511,realistic,3,x0y0,utah,5.333,6.9,Ab,saline,62.83918253656073,6.9,,b,-1,0.08,soma,59.745416893999995,-579.6351681640098,1284.518269304409,608.9103453037083,,-580.0,1284.992248705296,608.9893914060556,periphery,5.170000000000108,success,43.6431884765625,0.005,"(-580, 560, 237)",-580.0,560.0,237.0,-580.0,,560.0,237.0
6512,realistic,3,x0y0,utah,4.898000000000001,6.4,Ab,saline,198.90756816039365,6.4,,b,-1,0.08,soma,58.354972114000006,1018.8103693012047,-538.7929269853448,-1301.0082798698268,,1019.0,-538.7935054824682,-1301.2119018099222,none,0.0,success,105.0,0.005,"(1019, -275, -531)",1019.0,-275.0,-531.0,,,,
6513,realistic,3,x0y0,utah,7.247,9.1,Ab,saline,45.14957611242809,9.1,,b,-1,0.08,soma,65.86337392600001,-2.4854952858561763,93.89328585468049,113.50104265495615,,-2.0,93.91356605676708,113.88721881500408,none,0.0,success,105.0,0.005,"(-2, -486, -463)",-2.0,-486.0,-463.0,,,,
6514,realistic,3,x0y0,utah,7.595000000000001,9.5,Ab,saline,63.73931083110592,9.5,,b,-1,0.08,soma,66.97572975,372.2765029711941,257.53091013444555,135.2459883147053,,372.0,258.0199172199002,135.1808802071876,none,0.0,success,105.0,0.005,"(372, -476, -227)",372.0,-476.0,-227.0,,,,
6515,realistic,3,x0y0,utah,6.725,8.5,Ab,saline,-18.43423676182481,8.5,,b,-1,0.08,soma,64.19484019000001,-681.5551884860678,-525.7736429349388,1340.4028340794796,,-682.0,-525.3662042340391,1340.180322444127,none,0.0,success,105.0,0.005,"(-682, -267, 565)",-682.0,-267.0,565.0,,,,
6516,realistic,3,x0y0,utah,4.898000000000001,6.4,Ab,saline,62.587412547598284,6.4,,b,-1,0.08,soma,58.354972114000006,925.2009008650932,1073.3666063741982,374.05856088779456,,925.0,1073.7453543727993,373.8473145806429,central,5.260000000000122,success,60.791015625,0.005,"(925, 351, -1)",925.0,351.0,-1.0,925.0,,351.0,-1.0
6517,realistic,3,x0y0,utah,5.2459999999999996,6.8,Ab,saline,118.0214111429118,6.8,,b,-1,0.08,soma,59.467327938000004,1369.597503223842,525.1780343647315,-252.11072936217946,,1370.0,525.2468785518334,-251.76187533263635,none,0.0,success,105.0,0.005,"(1370, -194, 131)",1370.0,-194.0,131.0,,,,
6518,realistic,3,x0y0,utah,4.637,6.1,Ab,saline,65.15891079561841,6.1,,b,-1,0.08,soma,57.520705246000006,-774.4423974606214,923.0544821833614,345.03693628657135,,-774.0,923.4875200053727,344.8607241369224,none,0.0,success,105.0,0.005,"(-774, 185, 3)",-774.0,185.0,3.0,,,,
6519,realistic,3,x0y0,utah,7.16,9.0,Ab,saline,85.94096843879807,9.0,,b,-1,0.08,soma,65.58528497,-43.25499250118248,1465.4649305249475,33.696406773784474,,-43.0,1465.7481608787878,33.89971908793802,tjn,5.075000000000093,success,4.027557373046875,0.005,"(-43, 650, -24)",-43.0,650.0,-24.0,-43.0,,650.0,-24.0
6520,realistic,3,x0y0,utah,4.637,6.1,Ab,saline,39.285846152153184,6.1,,b,-1,0.08,soma,57.520705246000006,-216.69372587124118,596.8421982605764,819.467356379449,,-217.0,597.2730552808838,819.8505129302022,none,0.0,success,105.0,0.005,"(-217, 82, 190)",-217.0,82.0,190.0,,,,
6521,realistic,3,x0y0,utah,4.637,6.1,Ab,saline,3.203050970711645,6.1,,b,-1,0.08,soma,57.520705246000006,1371.0667005768828,12.148195443872735,1115.4713764121198,,1371.0,12.489203711625713,1115.4583360588035,none,0.0,success,105.0,0.005,"(1371, -33, 303)",1371.0,-33.0,303.0,,,,
6522,realistic,3,x0y0,utah,6.811999999999999,8.6,Ab,saline,62.11651921475977,8.6,,b,-1,0.08,soma,64.472929146,-359.6852661483564,320.75521265922765,176.14549643978168,,-360.0,320.3553110360748,176.22149448079216,none,0.0,success,105.0,0.005,"(-360, -402, -206)",-360.0,-402.0,-206.0,,,,
6523,realistic,3,x0y0,utah,5.159,6.7,Ab,saline,20.33594957572298,6.7,,b,-1,0.08,soma,59.189238982000006,1920.4842623907998,427.43310849873563,1031.718473582734,,1920.0,427.07163027312254,1031.845374696711,none,0.0,success,105.0,0.005,"(1920, 144, 268)",1920.0,144.0,268.0,,,,
6524,realistic,3,x0y0,utah,5.42,7.0,Ab,saline,54.74923811506186,7.0,,b,-1,0.08,soma,60.02350585000001,-1327.5034148300006,364.5583290044465,302.47682653388216,,-1328.0,364.53859743855514,302.42478378831015,none,0.0,success,105.0,0.005,"(-1328, -301, -168)",-1328.0,-301.0,-168.0,,,,
6525,realistic,3,x0y0,utah,7.595000000000001,9.5,Ab,saline,133.73336912716468,9.5,,b,-1,0.08,soma,66.97572975,794.1776416197495,379.94707727857667,-449.07284445869624,,794.0,380.43933115867515,-448.82066098808764,none,0.0,success,105.0,0.005,"(794, -211, 117)",794.0,-211.0,117.0,,,,
6526,realistic,3,x0y0,utah,4.55,6.0,Ab,saline,-4.888438191102555,6.0,,b,-1,0.08,soma,57.24261629,1055.6420951055152,-74.30280550973748,1157.1140453874468,,1056.0,-74.32053545395402,1156.6922714356783,none,0.0,success,105.0,0.005,"(1056, -5, 346)",1056.0,-5.0,346.0,,,,
6527,realistic,3,x0y0,utah,5.2459999999999996,6.8,Ab,saline,-22.6167832876845,6.8,,b,-1,0.08,soma,59.467327938000004,-675.9026115752771,-331.2805788777892,1142.0377775202232,,-676.0,-331.3465671624775,1142.080645209784,none,0.0,success,105.0,0.005,"(-676, -18, 390)",-676.0,-18.0,390.0,,,,
6528,realistic,3,x0y0,utah,8.813,10.9,Ab,saline,51.65596274568613,10.9,,b,-1,0.08,soma,70.86897513400001,1807.7768499554247,155.12206532261595,94.18672018631878,,1808.0,155.46676859879824,93.99755608656693,none,0.0,success,105.0,0.005,"(1808, -488, -415)",1808.0,-488.0,-415.0,,,,
6529,realistic,3,x0y0,utah,6.811999999999999,8.6,Ab,saline,10.777152789816473,8.6,,b,-1,0.08,soma,64.472929146,-1337.6808041533259,16.340956515673493,881.2754634979382,,-1338.0,16.823218875151014,880.8531027965154,none,0.0,success,105.0,0.005,"(-1338, -136, 78)",-1338.0,-136.0,78.0,,,,
6530,realistic,3,x0y0,utah,4.811,6.3,Ab,saline,96.42541964352158,6.3,,b,-1,0.08,soma,58.076883158,1357.6217356284387,1247.2569254383752,-49.69743136450688,,1358.0,1246.9099993970526,-50.09090161269012,central,5.215000000000115,success,33.70361328125,0.005,"(1358, 438, 41)",1358.0,438.0,41.0,1358.0,,438.0,41.0
6531,realistic,3,x0y0,utah,6.29,8.0,Ab,saline,117.10518581618088,8.0,,b,-1,0.08,soma,62.80439541,-1995.1885219452054,195.911022828394,-116.69542779032736,,-1995.0,195.7612363969912,-116.95284127439805,none,0.0,success,105.0,0.005,"(-1995, -531, 255)",-1995.0,-531.0,255.0,,,,
6532,realistic,3,x0y0,utah,5.594,7.2,Ab,saline,143.87620617608377,7.2,,b,-1,0.08,soma,60.579683761999995,-320.5244744169136,694.3392901218335,-942.9374372618179,,-321.0,694.6133617888496,-942.5096052872838,none,0.0,success,105.0,0.005,"(-321, 214, -284)",-321.0,214.0,-284.0,,,,
6533,realistic,3,x0y0,utah,7.073,8.9,Ab,saline,209.32036943820177,8.9,,b,-1,0.08,soma,65.307196014,-956.5422580873883,-440.2887016977302,-928.695065254773,,-957.0,-440.40496694402805,-928.9121721023035,none,0.0,success,105.0,0.005,"(-957, -40, -216)",-957.0,-40.0,-216.0,,,,
6534,realistic,3,x0y0,utah,6.551000000000001,8.3,Ab,saline,216.1480118446032,8.3,,b,-1,0.08,soma,63.63866227800001,-1715.1620452683703,-632.5561072457344,-863.2321973700514,,-1715.0,-632.8417234388962,-863.5816098947427,none,0.0,success,105.0,0.005,"(-1715, -151, -204)",-1715.0,-151.0,-204.0,,,,
6535,realistic,3,x0y0,utah,5.2459999999999996,6.8,Ab,saline,199.80899277537347,6.8,,b,-1,0.08,soma,59.467327938000004,-1984.1391859235355,-331.16487555353933,-1070.1461579536233,,-1984.0,-331.11323871909417,-1070.5014310620354,none,0.0,success,105.0,0.005,"(-1984, -55, -304)",-1984.0,-55.0,-304.0,,,,
6536,realistic,3,x0y0,utah,5.072,6.6,Ab,saline,136.7199369832825,6.6,,b,-1,0.08,soma,58.911150026,1321.4465869142261,748.3819365847635,-1129.5172301474927,,1321.0,748.3907422289129,-1129.9236586094642,none,0.0,success,105.0,0.005,"(1321, 190, -537)",1321.0,190.0,-537.0,,,,
6537,realistic,3,x0y0,utah,6.811999999999999,8.6,Ab,saline,109.62060192109558,8.6,,b,-1,0.08,soma,64.472929146,52.47391215936226,75.36769733430128,-28.17303173666505,,52.0,75.75502598130879,-28.42800480361342,none,0.0,success,105.0,0.005,"(52, -694, 246)",52.0,-694.0,246.0,,,,
6538,realistic,3,x0y0,utah,4.637,6.1,Ab,saline,-0.8412977994227836,6.1,,b,-1,0.08,soma,57.520705246000006,1694.1243380697204,-90.50438440680773,1146.3059875003928,,1694.0,-90.9622771835581,1146.678976587738,none,0.0,success,105.0,0.005,"(1694, -79, 333)",1694.0,-79.0,333.0,,,,
6539,realistic,3,x0y0,utah,4.898000000000001,6.4,Ab,saline,12.352635529111106,6.4,,b,-1,0.08,soma,58.354972114000006,-713.5490207335353,79.35756396627356,765.552418161783,,-714.0,79.15256426759237,765.2885683804778,none,0.0,success,105.0,0.005,"(-714, -95, -30)",-714.0,-95.0,-30.0,,,,
6540,realistic,3,x0y0,utah,6.377,8.1,Ab,saline,116.17650656326992,8.1,,b,-1,0.08,soma,63.082484366,-204.4975694832867,401.9338726792925,-241.0701648677914,,-204.0,401.76411073502436,-241.1763419269214,none,0.0,success,105.0,0.005,"(-204, -331, 119)",-204.0,-331.0,119.0,,,,
6541,realistic,3,x0y0,utah,4.637,6.1,Ab,saline,-18.096215214696514,6.1,,b,-1,0.08,soma,57.520705246000006,-1561.4247416740252,-505.25063034091454,1069.1183327851577,,-1561.0,-504.75396552470386,1069.4792151681618,none,0.0,success,105.0,0.005,"(-1561, -252, 296)",-1561.0,-252.0,296.0,,,,
6542,realistic,3,x0y0,utah,5.768000000000001,7.4,Ab,saline,213.7879016383576,7.4,,b,-1,0.08,soma,61.135861674,1824.013848874055,-534.725413450914,-832.2186327164239,,1824.0,-534.5373263384558,-831.8185073186309,none,0.0,success,105.0,0.005,"(1824, -81, -154)",1824.0,-81.0,-154.0,,,,
6543,realistic,3,x0y0,utah,5.594,7.2,Ab,saline,195.81050099309883,7.2,,b,-1,0.08,soma,60.579683761999995,-113.47064702704613,-493.9980166842743,-1382.0580173694586,,-113.0,-494.1664819125725,-1382.4718858578985,none,0.0,success,105.0,0.005,"(-113, -272, -598)",-113.0,-272.0,-598.0,,,,
6544,realistic,3,x0y0,utah,5.507,7.1,Ab,saline,91.31500370675829,7.1,,b,-1,0.08,soma,60.301594806000004,1786.625218596904,580.5450339668446,31.38812704606153,,1787.0,580.9062521637794,31.333046739471293,none,0.0,success,105.0,0.005,"(1787, -234, 50)",1787.0,-234.0,50.0,,,,
6545,realistic,3,x0y0,utah,4.898000000000001,6.4,Ab,saline,202.9804780459399,6.4,,b,-1,0.08,soma,58.354972114000006,-712.0785848184635,-284.4223249228871,-1158.1982196342344,,-712.0,-284.8548905566529,-1158.5317936640745,none,0.0,success,105.0,0.005,"(-712, 33, -409)",-712.0,33.0,-409.0,,,,
6546,realistic,3,x0y0,utah,8.03,10.0,Ab,saline,78.33182469162242,10.0,,b,-1,0.08,soma,68.36617453,-743.9956478151398,135.71148502023107,37.17360548938268,,-744.0,135.22599735861456,36.63882024498304,none,0.0,success,105.0,0.005,"(-744, -667, -129)",-744.0,-667.0,-129.0,,,,
6547,realistic,3,x0y0,utah,5.507,7.1,Ab,saline,45.58934512303927,7.1,,b,-1,0.08,soma,60.301594806000004,89.88538037967197,881.745426559768,1148.984579212538,,90.0,881.2622145849632,1149.4425280226196,none,0.0,success,105.0,0.005,"(90, 299, 579)",90.0,299.0,579.0,,,,
6548,realistic,3,x0y0,utah,6.029,7.7,Ab,saline,147.93558056957,7.7,,b,-1,0.08,soma,61.970128542,-1765.2338452515842,312.60145451683184,-553.886061389132,,-1765.0,312.20647062147407,-553.5473419696727,none,0.0,success,105.0,0.005,"(-1765, -121, 138)",-1765.0,-121.0,138.0,,,,
6549,realistic,3,x0y0,utah,5.159,6.7,Ab,saline,222.27775072456447,6.7,,b,-1,0.08,soma,59.189238982000006,-1185.6378413099585,-667.1896022956703,-696.4115271692012,,-1186.0,-666.9778005315958,-696.7185589613911,none,0.0,success,105.0,0.005,"(-1186, -119, -94)",-1186.0,-119.0,-94.0,,,,
6550,realistic,3,x0y0,utah,6.811999999999999,8.6,Ab,saline,296.67605477015496,8.6,,b,-1,0.08,soma,64.472929146,-1142.2697140302078,-118.1623616949255,55.478590417380936,,-1142.0,-118.28250474243293,55.85744894681977,periphery,5.215000000000115,success,56.396484375,0.005,"(-1142, 612, -311)",-1142.0,612.0,-311.0,-1142.0,,612.0,-311.0
6551,realistic,3,x0y0,utah,5.768000000000001,7.4,Ab,saline,23.37495126739893,7.4,,b,-1,0.08,soma,61.135861674,-759.7455723789343,149.58092007916184,444.4207759390888,,-760.0,149.535798163038,444.6098037152826,none,0.0,success,105.0,0.005,"(-760, -174, -304)",-760.0,-174.0,-304.0,,,,
6552,realistic,3,x0y0,utah,5.507,7.1,Ab,saline,120.69515346708513,7.1,,b,-1,0.08,soma,60.301594806000004,-54.034158378169614,1114.4314327895554,-813.2699908113701,,-54.0,1113.94817068684,-813.1344820742316,tjn,5.2100000000001145,success,95.361328125,0.005,"(-54, 413, -397)",-54.0,413.0,-397.0,-54.0,,413.0,-397.0
6553,realistic,3,x0y0,utah,5.594,7.2,Ab,saline,158.11616076626748,7.2,,b,-1,0.08,soma,60.579683761999995,-492.1800947481169,533.2280993545282,-1351.5255501605845,,-492.0,532.8585240690487,-1351.50744428138,none,0.0,success,105.0,0.005,"(-492, 229, -595)",-492.0,229.0,-595.0,,,,
6554,realistic,3,x0y0,utah,5.594,7.2,Ab,saline,191.57847598169442,7.2,,b,-1,0.08,soma,60.579683761999995,-753.5806115760132,-425.7293206618265,-1214.9317802854234,,-754.0,-425.6286712655167,-1214.7394580908158,none,0.0,success,105.0,0.005,"(-754, -262, -416)",-754.0,-262.0,-416.0,,,,
6555,realistic,3,x0y0,utah,5.768000000000001,7.4,Ab,saline,-3.310405435561406,7.4,,b,-1,0.08,soma,61.135861674,-577.7980493848303,-184.12958786548919,1385.4303057406796,,-578.0,-184.0582696092949,1385.1814653545773,none,0.0,success,105.0,0.005,"(-578, -137, 571)",-578.0,-137.0,571.0,,,,
6556,realistic,3,x0y0,utah,6.898999999999999,8.7,Ab,saline,47.21474349543493,8.7,,b,-1,0.08,soma,64.751018102,1084.899096125665,246.11888910433441,300.33478981927016,,1085.0,245.87188609252905,300.24318329834443,none,0.0,success,105.0,0.005,"(1085, -354, -255)",1085.0,-354.0,-255.0,,,,
6557,realistic,3,x0y0,utah,5.768000000000001,7.4,Ab,saline,205.27290922523488,7.4,,b,-1,0.08,soma,61.135861674,-231.78257439574267,-579.7693656623128,-1340.9495856287426,,-232.0,-580.1659496743155,-1340.5180798558995,none,0.0,success,105.0,0.005,"(-232, -232, -603)",-232.0,-232.0,-603.0,,,,
6558,realistic,3,x0y0,utah,4.637,6.1,Ab,saline,37.648542843478545,6.1,,b,-1,0.08,soma,57.520705246000006,-92.86147124940048,554.4105627976187,859.3351155301657,,-93.0,554.0448233821286,859.3354472068916,none,0.0,success,105.0,0.005,"(-93, 57, 215)",-93.0,57.0,215.0,,,,
6559,realistic,3,x0y0,utah,6.29,8.0,Ab,saline,79.32443778496373,8.0,,b,-1,0.08,soma,62.80439541,493.5237144685398,260.8054306031063,45.83905507212194,,494.0,261.2784396847037,46.19768701496602,none,0.0,success,105.0,0.005,"(494, -541, -105)",494.0,-541.0,-105.0,,,,
6560,realistic,3,x0y0,utah,4.985,6.5,Ab,saline,120.4684818788693,6.5,,b,-1,0.08,soma,58.63306107,-978.7634200146896,1194.5930566075822,-594.1427439046151,,-979.0,1194.8594176681167,-593.9399126342986,periphery,5.190000000000111,success,36.907958984375,0.005,"(-979, 493, -181)",-979.0,493.0,-181.0,-979.0,,493.0,-181.0
6561,realistic,3,x0y0,utah,4.985,6.5,Ab,saline,51.26881997722877,6.5,,b,-1,0.08,soma,58.63306107,29.35340913266149,959.7864591866493,844.5944362048912,,29.0,960.2483254703536,844.5178531557497,tjn,5.160000000000107,success,105.0,0.005,"(29, 325, 335)",29.0,325.0,335.0,29.0,,325.0,335.0
6562,realistic,3,x0y0,utah,4.985,6.5,Ab,saline,190.9690333061023,6.5,,b,-1,0.08,soma,58.63306107,1381.5082876796482,-108.10491398534714,-1240.588669362238,,1382.0,-107.96443576081055,-1240.4145380262098,none,0.0,success,105.0,0.005,"(1382, 47, -441)",1382.0,47.0,-441.0,,,,
6563,realistic,3,x0y0,utah,4.811,6.3,Ab,saline,59.720938462853695,6.3,,b,-1,0.08,soma,58.076883158,-433.19981297622286,1045.739293496391,816.9407569029468,,-433.0,1046.0035981476244,816.4381822441319,none,0.0,success,105.0,0.005,"(-433, 343, 406)",-433.0,343.0,406.0,,,,
6564,realistic,3,x0y0,utah,6.551000000000001,8.3,Ab,saline,85.05595981190687,8.3,,b,-1,0.08,soma,63.63866227800001,302.66455043536115,1403.1024505127514,49.03322938597694,,303.0,1402.7970996137858,49.40982634418181,central,5.065000000000092,success,3.586578369140625,0.005,"(303, 589, -21)",303.0,589.0,-21.0,303.0,,589.0,-21.0
6565,realistic,3,x0y0,utah,6.986000000000001,8.8,Ab,saline,50.40807052435788,8.8,,b,-1,0.08,soma,65.02910705800001,354.7069404108333,186.07168537267398,147.0687620691169,,355.0,185.97671494944757,147.00202496403188,none,0.0,success,105.0,0.005,"(355, -444, -374)",355.0,-444.0,-374.0,,,,
6566,realistic,3,x0y0,utah,4.985,6.5,Ab,saline,-8.390956311295295,6.5,,b,-1,0.08,soma,58.63306107,76.01273837454858,-289.55469629141135,1432.0382329663134,,76.0,-289.8087818050565,1431.6033436582757,none,0.0,success,105.0,0.005,"(76, -171, 626)",76.0,-171.0,626.0,,,,
6567,realistic,3,x0y0,utah,4.898000000000001,6.4,Ab,saline,78.45024525332298,6.4,,b,-1,0.08,soma,58.354972114000006,1185.7607184418437,1327.2776071399385,347.47910733227724,,1186.0,1327.7311008386487,346.99833270861143,central,5.225000000000117,success,34.637451171875,0.005,"(1186, 530, 184)",1186.0,530.0,184.0,1186.0,,530.0,184.0
6568,realistic,3,x0y0,utah,4.55,6.0,Ab,saline,191.00949808542225,6.0,,b,-1,0.08,soma,57.24261629,1471.0291041861249,-26.78059186238807,-1232.8701489347748,,1471.0,-26.401669855695047,-1232.6506760751322,none,0.0,success,105.0,0.005,"(1471, 129, -434)",1471.0,129.0,-434.0,,,,
6569,realistic,3,x0y0,utah,5.594,7.2,Ab,saline,62.29053235719302,7.2,,b,-1,0.08,soma,60.579683761999995,929.6535609481441,314.14903670425787,137.21653292609108,,930.0,313.7760970172494,137.10977647466507,none,0.0,success,105.0,0.005,"(930, -408, -242)",930.0,-408.0,-242.0,,,,
6570,realistic,3,x0y0,utah,6.203,7.9,Ab,saline,57.23424356555458,7.9,,b,-1,0.08,soma,62.52630645400001,-665.0606701124152,406.2559370695457,282.58421500887647,,-665.0,406.3956855485844,282.76161852645254,none,0.0,success,105.0,0.005,"(-665, -280, -159)",-665.0,-280.0,-159.0,,,,
6571,realistic,3,x0y0,utah,8.813,10.9,Ab,saline,209.3450516032044,10.9,,b,-1,0.08,soma,70.86897513400001,-216.0619849896101,-694.6786553139667,-930.4886104419104,,-216.0,-695.0949423565868,-930.1727428121542,none,0.0,success,105.0,0.005,"(-216, -293, -215)",-216.0,-293.0,-215.0,,,,
6572,realistic,3,x0y0,utah,5.507,7.1,Ab,saline,161.38753261014455,7.1,,b,-1,0.08,soma,60.301594806000004,-914.8918006443934,673.099833767064,-1234.2434647015905,,-915.0,673.1961345310376,-1234.5184106988233,none,0.0,success,105.0,0.005,"(-915, 413, -462)",-915.0,413.0,-462.0,,,,
6573,realistic,3,x0y0,utah,6.029,7.7,Ab,saline,202.63363269069708,7.7,,b,-1,0.08,soma,61.970128542,269.5412053123205,-723.66206067128,-1260.4849805394153,,270.0,-723.9910527314809,-1260.1542143221332,none,0.0,success,105.0,0.005,"(270, -410, -507)",270.0,-410.0,-507.0,,,,
6574,realistic,3,x0y0,utah,9.508999999999999,11.7,Ab,saline,206.51480866941586,11.7,,b,-1,0.08,soma,73.09368678199999,-1763.0180724439765,-63.470487333922385,-133.08573624200517,,-1763.0,-63.738510889742486,-133.12011546626695,none,0.0,success,105.0,0.005,"(-1763, 303, 602)",-1763.0,303.0,602.0,,,,
6575,realistic,3,x0y0,utah,4.637,6.1,Ab,saline,116.9856277907996,6.1,,b,-1,0.08,soma,57.520705246000006,72.64714381394954,511.8038557352643,-268.2259558589967,,73.0,512.1418502223555,-268.2844480203175,none,0.0,success,105.0,0.005,"(73, -213, 101)",73.0,-213.0,101.0,,,,
6576,realistic,3,x0y0,utah,5.072,6.6,Ab,saline,103.13017060244421,6.6,,b,-1,0.08,soma,58.911150026,54.881299357254285,1318.1210825094631,-138.62072401008527,,55.0,1318.1982845051607,-139.04430664295364,tjn,5.1150000000001,success,10.173797607421875,0.005,"(55, 525, 46)",55.0,525.0,46.0,55.0,,525.0,46.0
6577,realistic,3,x0y0,utah,5.855,7.5,Ab,saline,59.243849357696384,7.5,,b,-1,0.08,soma,61.41395063,425.06138046444016,1017.9510663577862,466.48860187230775,,425.0,1018.0185745857112,466.1525471760911,tjn,5.18000000000011,success,48.2666015625,0.005,"(425, 317, 49)",425.0,317.0,49.0,425.0,,317.0,49.0
6578,realistic,3,x0y0,utah,5.2459999999999996,6.8,Ab,saline,151.81043072426138,6.8,,b,-1,0.08,soma,59.467327938000004,-1763.6470846690465,710.5462337764052,-994.6643068981588,,-1764.0,710.8801828589558,-995.1062514222768,none,0.0,success,105.0,0.005,"(-1764, 326, -277)",-1764.0,326.0,-277.0,,,,
6579,realistic,3,x0y0,utah,6.116,7.8,Ab,saline,31.611088941107017,7.8,,b,-1,0.08,soma,62.248217498,1535.1186787480215,149.21288892440452,256.55429022144926,,1535.0,148.81225780622594,257.0112910106486,none,0.0,success,105.0,0.005,"(1535, -279, -438)",1535.0,-279.0,-438.0,,,,
6580,realistic,3,x0y0,utah,5.681,7.3,Ab,saline,136.10658652715102,7.3,,b,-1,0.08,soma,60.857772718,631.7630521896265,659.92476860328,-798.5452261593947,,632.0,660.3368469126949,-798.5980555102956,none,0.0,success,105.0,0.005,"(632, 95, -211)",632.0,95.0,-211.0,,,,
6581,realistic,3,x0y0,utah,4.55,6.0,Ab,saline,128.25544813134135,6.0,,b,-1,0.08,soma,57.24261629,-436.26645968981796,1202.6527603483682,-815.5001458748839,,-436.0,1202.9368132862687,-815.7943140033842,periphery,5.185000000000111,success,64.44091796875,0.005,"(-436, 564, -312)",-436.0,564.0,-312.0,-436.0,,564.0,-312.0
6582,realistic,3,x0y0,utah,7.595000000000001,9.5,Ab,saline,105.7503685740016,9.5,,b,-1,0.08,soma,66.97572975,-1312.2593055304453,406.41317172630266,-67.15757313382029,,-1312.0,406.79456994218776,-67.13760652707504,none,0.0,success,105.0,0.005,"(-1312, -381, 155)",-1312.0,-381.0,155.0,,,,
6583,realistic,3,x0y0,utah,5.42,7.0,Ab,saline,5.5360764520870775,7.0,,b,-1,0.08,soma,60.02350585000001,-414.6708424667192,24.37625249217581,1449.1594172033965,,-415.0,24.64863415726252,1449.1811976862527,none,0.0,success,105.0,0.005,"(-415, -54, 638)",-415.0,-54.0,638.0,,,,
6584,realistic,3,x0y0,utah,5.681,7.3,Ab,saline,66.7536585484729,7.3,,b,-1,0.08,soma,60.857772718,-672.9330567598986,230.469149343262,75.14639264508924,,-673.0,230.21606078664934,74.8497814458974,none,0.0,success,105.0,0.005,"(-673, -519, -247)",-673.0,-519.0,-247.0,,,,
6585,realistic,3,x0y0,utah,6.203,7.9,Ab,saline,145.6193557782797,7.9,,b,-1,0.08,soma,62.52630645400001,-438.18364243863294,663.5762274810113,-1289.2712037997142,,-438.0,663.9438026272869,-1289.6619803582435,none,0.0,success,105.0,0.005,"(-438, 203, -616)",-438.0,203.0,-616.0,,,,
6586,realistic,3,x0y0,utah,7.769,9.7,Ab,saline,115.73181523275714,9.7,,b,-1,0.08,soma,67.531907662,624.9444498760761,106.64161240700287,-49.217332694836855,,625.0,106.54437121096498,-49.50817715342026,none,0.0,success,105.0,0.005,"(625, -631, 306)",625.0,-631.0,306.0,,,,
6587,realistic,3,x0y0,utah,4.898000000000001,6.4,Ab,saline,44.794934330666656,6.4,,b,-1,0.08,soma,58.354972114000006,-160.9824809756517,989.8583797710144,882.4764874348384,,-161.0,989.6694566757624,882.7403441060474,tjn,5.205000000000114,success,69.27490234375,0.005,"(-161, 416, 305)",-161.0,416.0,305.0,-161.0,,416.0,305.0
6588,realistic,3,x0y0,utah,5.072,6.6,Ab,saline,125.66408454517756,6.6,,b,-1,0.08,soma,58.911150026,-533.2618379292484,906.8171657263812,-746.9751659593526,,-533.0,906.6637091405613,-746.827600232579,none,0.0,success,105.0,0.005,"(-533, 245, -272)",-533.0,245.0,-272.0,,,,
6589,realistic,3,x0y0,utah,4.55,6.0,Ab,saline,186.4397113450456,6.0,,b,-1,0.08,soma,57.24261629,-1359.0115306090754,-109.81341751273978,-1115.464107240963,,-1359.0,-110.28831077386903,-1115.4954939036868,none,0.0,success,105.0,0.005,"(-1359, -19, -307)",-1359.0,-19.0,-307.0,,,,
6590,realistic,3,x0y0,utah,6.203,7.9,Ab,saline,106.90706635019792,7.9,,b,-1,0.08,soma,62.52630645400001,-1421.8019753935348,232.09338373319497,-89.96312361565197,,-1422.0,232.00058500759383,-90.36932495841165,none,0.0,success,105.0,0.005,"(-1422, -549, 147)",-1422.0,-549.0,147.0,,,,
6591,realistic,3,x0y0,utah,4.55,6.0,Ab,saline,173.74303999341362,6.0,,b,-1,0.08,soma,57.24261629,-1557.6432430442055,5.40013823131585,-38.22381885516461,,-1558.0,5.684722587805027,-37.73958029613027,none,0.0,success,105.0,0.005,"(-1558, -83, 771)",-1558.0,-83.0,771.0,,,,
6592,realistic,3,x0y0,utah,10.64,13.0,Ab,saline,-1.8530739972794803,13.0,,b,-1,0.08,soma,76.70884321,1754.9533113197815,1.7791784453370385,68.08032640913962,,1755.0,1.4056521821584909,67.94274439419769,none,0.0,success,105.0,0.005,"(1755, 28, -755)",1755.0,28.0,-755.0,,,,
6593,realistic,3,x0y0,utah,6.203,7.9,Ab,saline,122.17199856995724,7.9,,b,-1,0.08,soma,62.52630645400001,535.9293336380056,1239.623243506896,-585.0485610796752,,536.0,1239.9667592066558,-584.6601290933776,central,5.150000000000105,success,25.341796875,0.005,"(536, 549, -150)",536.0,549.0,-150.0,536.0,,549.0,-150.0
6594,realistic,3,x0y0,utah,6.29,8.0,Ab,saline,73.4014748783756,8.0,,b,-1,0.08,soma,62.80439541,694.9567897006388,570.3288861681849,265.05042428177916,,695.0,570.3582260607017,265.2461078843186,none,0.0,success,105.0,0.005,"(695, -212, 32)",695.0,-212.0,32.0,,,,
6595,realistic,3,x0y0,utah,5.942,7.6,Ab,saline,21.949113095924,7.6,,b,-1,0.08,soma,61.69203958600001,1105.3112551538622,201.7890785073924,865.8475129565567,,1105.0,201.9632421986235,865.6971833580077,none,0.0,success,105.0,0.005,"(1105, -103, 109)",1105.0,-103.0,109.0,,,,
6596,realistic,3,x0y0,utah,4.898000000000001,6.4,Ab,saline,89.50382994826346,6.4,,b,-1,0.08,soma,58.354972114000006,270.3941862358685,1323.929092504496,-34.29429382888111,,270.0,1324.1774860570004,-33.9166558713041,central,5.130000000000102,success,15.19775390625,0.005,"(270, 510, -41)",270.0,510.0,-41.0,270.0,,510.0,-41.0
6597,realistic,3,x0y0,utah,4.724,6.2,Ab,saline,-23.263706530504237,6.2,,b,-1,0.08,soma,57.798794201999996,-6.620308575553622,-535.2780686931883,1085.8790752806979,,-7.0,-535.4902618548952,1085.7293761166889,none,0.0,success,105.0,0.005,"(-7, -214, 338)",-7.0,-214.0,338.0,,,,
6598,realistic,3,x0y0,utah,4.724,6.2,Ab,saline,7.728944004842185,6.2,,b,-1,0.08,soma,57.798794201999996,1426.9155573346025,38.751963418403186,153.16956117313612,,1427.0,38.46946891008453,153.49291258738106,none,0.0,success,105.0,0.005,"(1427, -71, -653)",1427.0,-71.0,-653.0,,,,
6599,realistic,3,x0y0,utah,4.55,6.0,Ab,saline,98.37528652881208,6.0,,b,-1,0.08,soma,57.24261629,-1448.8477949991602,1038.8348142663763,-322.67975515121543,,-1449.0,1038.9155601478487,-322.5446245967265,none,0.0,success,105.0,0.005,"(-1449, 234, -204)",-1449.0,234.0,-204.0,,,,
6600,realistic,3,x0y0,utah,5.768000000000001,7.4,Ab,saline,14.842160287592652,7.4,,b,-1,0.08,soma,61.135861674,-1135.6185004800552,224.02841318856917,1134.1837251030302,,-1136.0,223.94850388043946,1134.3279619470445,none,0.0,success,105.0,0.005,"(-1136, 15, 346)",-1136.0,15.0,346.0,,,,
6601,realistic,3,x0y0,utah,6.811999999999999,8.6,Ab,saline,20.101818913077647,8.6,,b,-1,0.08,soma,64.472929146,1201.4428795188082,165.9666783422081,581.0721793583025,,1201.0,165.88417287374017,581.4667638805045,none,0.0,success,105.0,0.005,"(1201, -115, -186)",1201.0,-115.0,-186.0,,,,
6602,realistic,3,x0y0,utah,6.898999999999999,8.7,Ab,saline,122.44642540041636,8.7,,b,-1,0.08,soma,64.751018102,-130.44987981109603,426.734168316772,-314.5992713232663,,-130.0,426.7831920881391,-314.5219606058616,none,0.0,success,105.0,0.005,"(-130, -263, 124)",-130.0,-263.0,124.0,,,,
6603,realistic,3,x0y0,utah,6.116,7.8,Ab,saline,128.14420131899544,7.8,,b,-1,0.08,soma,62.248217498,-674.9249981658365,1045.1859871170495,-984.8315626880056,,-675.0,1044.8816115310888,-985.0382495633826,none,0.0,success,105.0,0.005,"(-675, 403, -481)",-675.0,403.0,-481.0,,,,
6604,realistic,3,x0y0,utah,4.724,6.2,Ab,saline,199.80319828658725,6.2,,b,-1,0.08,soma,57.798794201999996,-1552.5118360181018,-593.0792506253374,-1082.7662489381848,,-1553.0,-592.7491157378188,-1082.7979427323312,none,0.0,success,105.0,0.005,"(-1553, -317, -317)",-1553.0,-317.0,-317.0,,,,
6605,realistic,3,x0y0,utah,4.724,6.2,Ab,saline,-24.6610404005368,6.2,,b,-1,0.08,soma,57.798794201999996,-983.0911379519682,-393.5573148132008,1226.4452971905855,,-983.0,-393.5588284705373,1226.671772085389,none,0.0,success,105.0,0.005,"(-983, -54, 487)",-983.0,-54.0,487.0,,,,
6606,realistic,3,x0y0,utah,7.073,8.9,Ab,saline,104.81064285139273,8.9,,b,-1,0.08,soma,65.307196014,1772.5795866284107,233.3486711729906,-72.15829009558638,,1773.0,233.5074985531678,-71.99225965058926,none,0.0,success,105.0,0.005,"(1773, -557, 137)",1773.0,-557.0,137.0,,,,
6607,realistic,3,x0y0,utah,6.116,7.8,Ab,saline,134.8911319022614,7.8,,b,-1,0.08,soma,62.248217498,874.6412735807297,1025.3346139641735,-960.1372976635512,,875.0,1025.142318637792,-960.0203959550444,central,5.250000000000121,success,97.6318359375,0.005,"(875, 447, -384)",875.0,447.0,-384.0,875.0,,447.0,-384.0
6608,realistic,3,x0y0,utah,6.811999999999999,8.6,Ab,saline,200.0165459162313,8.6,,b,-1,0.08,soma,64.472929146,-40.84137416983413,-611.8072177139376,-1239.5102990937362,,-41.0,-611.740041823338,-1239.875382112791,none,0.0,success,105.0,0.005,"(-41, -332, -472)",-41.0,-332.0,-472.0,,,,
6609,realistic,3,x0y0,utah,4.898000000000001,6.4,Ab,saline,118.6523502233274,6.4,,b,-1,0.08,soma,58.354972114000006,835.7330522972252,959.1026185198081,-450.2652660867008,,836.0,959.4407440150177,-450.3981045643316,none,0.0,success,105.0,0.005,"(836, 245, -60)",836.0,245.0,-60.0,,,,
6610,realistic,3,x0y0,utah,5.072,6.6,Ab,saline,81.1000566858387,6.6,,b,-1,0.08,soma,58.911150026,-1890.9752395737107,863.3152940638574,76.01965846346137,,-1891.0,863.6821081128442,75.99627745451113,none,0.0,success,105.0,0.005,"(-1891, 59, -50)",-1891.0,59.0,-50.0,,,,
6611,realistic,3,x0y0,utah,4.811,6.3,Ab,saline,119.8231062666688,6.3,,b,-1,0.08,soma,58.076883158,897.5151333123109,1274.0294307073646,-609.2961421948244,,898.0,1274.2597519139406,-608.8213169972369,central,5.270000000000124,success,44.5220947265625,0.005,"(898, 568, -204)",898.0,568.0,-204.0,898.0,,568.0,-204.0
6612,realistic,3,x0y0,utah,6.029,7.7,Ab,saline,335.9233102174439,7.7,,b,-1,0.08,soma,61.970128542,199.7603922977396,-593.4489642440699,940.7239215464824,,200.0,-593.9219062225682,940.9943636794233,none,0.0,success,105.0,0.005,"(200, -261, 196)",200.0,-261.0,196.0,,,,
6613,realistic,3,x0y0,utah,4.898000000000001,6.4,Ab,saline,173.05612536431804,6.4,,b,-1,0.08,soma,58.354972114000006,-1748.1862799420614,134.68690653249405,-1150.5439783073948,,-1748.0,134.43405806429132,-1150.2339904087842,none,0.0,success,105.0,0.005,"(-1748, 36, -342)",-1748.0,36.0,-342.0,,,,
6614,realistic,3,x0y0,utah,4.637,6.1,Ab,saline,-11.300090653050182,6.1,,b,-1,0.08,soma,57.520705246000006,-977.9729365605208,-223.2485131606613,1296.6958232339455,,-978.0,-223.41565307884574,1296.973401782114,none,0.0,success,105.0,0.005,"(-978, -64, 499)",-978.0,-64.0,499.0,,,,
6615,realistic,3,x0y0,utah,8.639,10.7,Ab,saline,280.3764252015289,10.7,,b,-1,0.08,soma,70.312797222,1067.8050345820857,-22.01003794234748,5.984326339409107,,1068.0,-21.705833673779807,5.7101673898411605,central,5.215000000000115,success,33.70361328125,0.005,"(1068, 785, -142)",1068.0,785.0,-142.0,1068.0,,785.0,-142.0
6616,realistic,3,x0y0,utah,7.856,9.8,Ab,saline,178.41874110442834,9.8,,b,-1,0.08,soma,67.809996618,-1512.0065577916034,-22.859274785379057,-548.5464816258936,,-1512.0,-22.398222046671595,-548.5774363096766,none,0.0,success,105.0,0.005,"(-1512, -45, 270)",-1512.0,-45.0,270.0,,,,
6617,realistic,3,x0y0,utah,5.768000000000001,7.4,Ab,saline,88.1655371193437,7.4,,b,-1,0.08,soma,61.135861674,-511.69813359732046,339.24919610020385,-5.509172675972422,,-512.0,339.1601468715818,-5.90182621321599,none,0.0,success,105.0,0.005,"(-512, -476, -32)",-512.0,-476.0,-32.0,,,,
6618,realistic,3,x0y0,utah,7.508000000000001,9.4,Ab,saline,84.54504684760114,9.4,,b,-1,0.08,soma,66.697640794,-390.08258417805087,374.9411202669867,25.10502604029761,,-390.0,374.66625070521377,24.824972819754734,neck0,6.030000000000243,success,96.533203125,0.005,"(-390, -440, -53)",-390.0,-440.0,-53.0,-390.0,,211.733000564171,9.259978255803787
6619,realistic,3,x0y0,utah,4.724,6.2,Ab,saline,181.81935617042492,6.2,,b,-1,0.08,soma,57.798794201999996,628.5803363068441,85.58718158833835,-1434.6953761580628,,629.0,85.1993891118983,-1434.4924474024497,none,0.0,success,105.0,0.005,"(629, 111, -621)",629.0,111.0,-621.0,,,,
6620,realistic,3,x0y0,utah,5.159,6.7,Ab,saline,140.47102737640415,6.7,,b,-1,0.08,soma,59.189238982000006,-479.2240595120221,697.9927399727513,-1135.7142859442615,,-479.0,698.4894753060216,-1135.2968300134085,none,0.0,success,105.0,0.005,"(-479, 180, -507)",-479.0,180.0,-507.0,,,,
6621,realistic,3,x0y0,utah,4.811,6.3,Ab,saline,43.41987588129811,6.3,,b,-1,0.08,soma,58.076883158,1568.7397658683374,952.4106563712976,754.3558958669173,,1569.0,952.4886208972468,754.2361201188278,central,5.255000000000122,success,79.046630859375,0.005,"(1569, 393, 163)",1569.0,393.0,163.0,1569.0,,393.0,163.0
6622,realistic,3,x0y0,utah,4.985,6.5,Ab,saline,77.59912815043262,6.5,,b,-1,0.08,soma,58.63306107,744.9191421159218,1375.5833193018436,189.14878582958232,,745.0,1375.3429553735346,188.91519075891804,central,5.160000000000107,success,25.341796875,0.005,"(745, 580, 14)",745.0,580.0,14.0,745.0,,580.0,14.0
6623,realistic,3,x0y0,utah,4.724,6.2,Ab,saline,197.51007561982533,6.2,,b,-1,0.08,soma,57.798794201999996,-992.3723631238418,-194.17940045309481,-1270.420985361331,,-992.0,-193.90232858769096,-1270.215855015224,none,0.0,success,105.0,0.005,"(-992, 51, -494)",-992.0,51.0,-494.0,,,,
6624,realistic,3,x0y0,utah,4.724,6.2,Ab,saline,50.41311229149601,6.2,,b,-1,0.08,soma,57.798794201999996,-1105.9193688297391,819.196644365657,660.1356543758652,,-1106.0,819.272265345741,659.6166958327573,none,0.0,success,105.0,0.005,"(-1106, 192, 141)",-1106.0,192.0,141.0,,,,
6625,realistic,3,x0y0,utah,5.072,6.6,Ab,saline,140.62652895601326,6.6,,b,-1,0.08,soma,58.911150026,218.21082372543808,848.9368025313271,-1191.8126906672207,,218.0,848.6906167882473,-1191.5741594850492,none,0.0,success,105.0,0.005,"(218, 332, -562)",218.0,332.0,-562.0,,,,
6626,realistic,3,x0y0,utah,8.291,10.3,Ab,saline,51.02718186923946,10.3,,b,-1,0.08,soma,69.20044139800001,-87.31181825184645,127.6968131451813,92.4202450760381,,-87.0,128.15721157140274,92.52853881967121,none,0.0,success,105.0,0.005,"(-87, -509, -423)",-87.0,-509.0,-423.0,,,,
6627,realistic,3,x0y0,utah,4.637,6.1,Ab,saline,41.284141658562106,6.1,,b,-1,0.08,soma,57.520705246000006,-825.0244171359335,1072.0872208571927,905.2164575787519,,-825.0,1071.9190806606557,905.4595289609224,periphery,5.2350000000001184,success,68.39599609375,0.005,"(-825, 535, 294)",-825.0,535.0,294.0,-825.0,,535.0,294.0
6628,realistic,3,x0y0,utah,4.55,6.0,Ab,saline,139.88430990050864,6.0,,b,-1,0.08,soma,57.24261629,1538.0759070045608,709.6701309954706,-794.7097687751448,,1538.0,709.2162088378236,-794.1762143384817,none,0.0,success,105.0,0.005,"(1538, 185, -172)",1538.0,185.0,-172.0,,,,
6629,realistic,3,x0y0,utah,4.55,6.0,Ab,saline,188.16447179048595,6.0,,b,-1,0.08,soma,57.24261629,1786.4622941356308,-108.12205380967545,-1049.2507245649547,,1786.0,-108.53422575659003,-1049.4037329327357,none,0.0,success,105.0,0.005,"(1786, 7, -244)",1786.0,7.0,-244.0,,,,
6630,realistic,3,x0y0,utah,4.637,6.1,Ab,saline,80.62318763023593,6.1,,b,-1,0.08,soma,57.520705246000006,1908.6782535371005,1091.8006853922052,127.60427394893213,,1909.0,1091.8559638978522,127.56156144228675,none,0.0,success,105.0,0.005,"(1909, 289, -5)",1909.0,289.0,-5.0,,,,
6631,realistic,3,x0y0,utah,5.768000000000001,7.4,Ab,saline,111.24662714666592,7.4,,b,-1,0.08,soma,61.135861674,1485.9935237272573,1161.9617380511718,-408.96342216441735,,1486.0,1162.1093115400843,-408.5618181353289,central,5.220000000000116,success,49.7314453125,0.005,"(1486, 402, -113)",1486.0,402.0,-113.0,1486.0,,402.0,-113.0
6632,realistic,3,x0y0,utah,13.685,16.5,Ab,saline,116.27686016269621,16.5,,b,-1,0.08,soma,86.44195667,1324.8766737495505,352.5480885635697,-125.4472026382582,,1325.0,352.6657512729947,-125.65342710890457,none,0.0,success,105.0,0.005,"(1325, -390, 241)",1325.0,-390.0,241.0,,,,
6633,realistic,3,x0y0,utah,6.638,8.4,Ab,saline,217.3351389666367,8.4,,b,-1,0.08,soma,63.916751233999996,-1105.3110897652414,-692.6369666307655,-660.720681855064,,-1105.0,-692.4852548117107,-660.5636044530769,none,0.0,success,105.0,0.005,"(-1105, -197, -11)",-1105.0,-197.0,-11.0,,,,
6634,realistic,3,x0y0,utah,5.2459999999999996,6.8,Ab,saline,60.8900908163021,6.8,,b,-1,0.08,soma,59.467327938000004,225.32188446141362,1202.1476382055646,644.668682522758,,225.0,1201.8328022097157,644.3679275209186,tjn,5.170000000000108,success,45.9228515625,0.005,"(225, 490, 248)",225.0,490.0,248.0,225.0,,490.0,248.0
6635,realistic,3,x0y0,utah,7.247,9.1,Ab,saline,336.33500528866387,9.1,,b,-1,0.08,soma,65.86337392600001,1208.9991750936247,-513.6242483877792,921.9515973805363,,1209.0,-513.3177791469482,922.1436320894119,none,0.0,success,105.0,0.005,"(1209, -185, 173)",1209.0,-185.0,173.0,,,,
6636,realistic,3,x0y0,utah,5.681,7.3,Ab,saline,94.81193896658752,7.3,,b,-1,0.08,soma,60.857772718,339.06773283544123,1416.7548843710592,-341.5224903218923,,339.0,1416.5748852567438,-341.41448356552013,central,5.1650000000001075,success,46.47216796875,0.005,"(339, 604, -273)",339.0,604.0,-273.0,339.0,,604.0,-273.0
6637,realistic,3,x0y0,utah,5.2459999999999996,6.8,Ab,saline,308.04479184221987,6.8,,b,-1,0.08,soma,59.467327938000004,452.60874108893614,-75.06733414482642,60.73411927288089,,453.0,-74.60276037558776,61.120357104094865,none,0.0,success,105.0,0.005,"(453, 567, -441)",453.0,567.0,-441.0,,,,
6638,realistic,3,x0y0,utah,4.637,6.1,Ab,saline,110.43406499693084,6.1,,b,-1,0.08,soma,57.520705246000006,1699.9500034346909,840.8983132653467,-336.05403527344964,,1700.0,840.5748264430135,-336.0837391006894,none,0.0,success,105.0,0.005,"(1700, 78, -52)",1700.0,78.0,-52.0,,,,
6639,realistic,3,x0y0,utah,4.55,6.0,Ab,saline,-23.120371997001723,6.0,,b,-1,0.08,soma,57.24261629,299.0155063725288,-556.9904889950858,1101.217026160687,,299.0,-557.5090877085415,1101.2875171009568,none,0.0,success,105.0,0.005,"(299, -238, 353)",299.0,-238.0,353.0,,,,
6640,realistic,3,x0y0,utah,4.898000000000001,6.4,Ab,saline,31.26476684103268,6.4,,b,-1,0.08,soma,58.354972114000006,151.19978081316887,787.8905505957309,941.6264280082137,,151.0,787.5581152635832,941.9589150815239,tjn,5.190000000000111,success,63.525390625,0.005,"(151, 365, 246)",151.0,365.0,246.0,151.0,,365.0,246.0
6641,realistic,3,x0y0,utah,4.898000000000001,6.4,Ab,saline,204.88323430361592,6.4,,b,-1,0.08,soma,58.354972114000006,170.84403037013928,-616.1128862056248,-1123.318987099175,,171.0,-616.6058861327857,-1123.6218153509108,none,0.0,success,105.0,0.005,"(171, -274, -385)",171.0,-274.0,-385.0,,,,
6642,realistic,3,x0y0,utah,5.768000000000001,7.4,Ab,saline,58.83958778549386,7.4,,b,-1,0.08,soma,61.135861674,-574.8305218135603,479.7520423165047,250.53628966462742,,-575.0,479.88147841722116,250.97484741506395,none,0.0,success,105.0,0.005,"(-575, -218, -171)",-575.0,-218.0,-171.0,,,,
6643,realistic,3,x0y0,utah,5.768000000000001,7.4,Ab,saline,137.7592857683525,7.4,,b,-1,0.08,soma,61.135861674,-1893.0351218535227,72.79701578438289,-101.9666974981055,,-1893.0,73.22476310863158,-101.76493919863128,none,0.0,success,105.0,0.005,"(-1893, -475, 502)",-1893.0,-475.0,502.0,,,,
6644,realistic,3,x0y0,utah,5.072,6.6,Ab,saline,-11.357811779865123,6.6,,b,-1,0.08,soma,58.911150026,1291.4866729906767,-285.33316291562323,1150.8877969551636,,1291.0,-285.3663027200597,1150.4922457427454,none,0.0,success,105.0,0.005,"(1291, -125, 352)",1291.0,-125.0,352.0,,,,
6645,realistic,3,x0y0,utah,4.898000000000001,6.4,Ab,saline,110.06984889674385,6.4,,b,-1,0.08,soma,58.354972114000006,-164.79363771724874,1352.6101836312682,-565.8229598697907,,-165.0,1352.7569126533404,-565.4257132147625,tjn,5.18000000000011,success,47.6806640625,0.005,"(-165, 588, -286)",-165.0,588.0,-286.0,-165.0,,588.0,-286.0
6646,realistic,3,x0y0,utah,4.55,6.0,Ab,saline,129.08062606767893,6.0,,b,-1,0.08,soma,57.24261629,730.8710577233113,1195.7419384901461,-805.5108768575305,,731.0,1195.6142215129637,-805.9068726546082,central,5.190000000000111,success,75.29296875,0.005,"(731, 564, -293)",731.0,564.0,-293.0,731.0,,564.0,-293.0
6647,realistic,3,x0y0,utah,6.377,8.1,Ab,saline,149.36775698577432,8.1,,b,-1,0.08,soma,63.082484366,-1615.2298079295263,250.41008837653408,-511.93781823710646,,-1615.0,250.02776289223857,-511.63373889847173,none,0.0,success,105.0,0.005,"(-1615, -166, 191)",-1615.0,-166.0,191.0,,,,
6648,realistic,3,x0y0,utah,4.898000000000001,6.4,Ab,saline,155.27758635414602,6.4,,b,-1,0.08,soma,58.354972114000006,-1978.6094150891654,491.76063773365104,-889.4337349741554,,-1979.0,491.4890246690375,-889.5174105855733,none,0.0,success,105.0,0.005,"(-1979, 151, -150)",-1979.0,151.0,-150.0,,,,
6649,realistic,3,x0y0,utah,6.029,7.7,Ab,saline,209.1569315102654,7.7,,b,-1,0.08,soma,61.970128542,580.0486007828008,-683.5137234400931,-1198.1262426538397,,580.0,-683.5479233128314,-1198.5997566278645,none,0.0,success,105.0,0.005,"(580, -286, -486)",580.0,-286.0,-486.0,,,,
6650,realistic,3,x0y0,utah,4.637,6.1,Ab,saline,124.98015366333901,6.1,,b,-1,0.08,soma,57.520705246000006,944.2676970646083,905.0027193638762,-478.4442249200001,,944.0,904.7952329392864,-478.5288101587661,none,0.0,success,105.0,0.005,"(944, 238, -12)",944.0,238.0,-12.0,,,,
6651,realistic,3,x0y0,utah,6.377,8.1,Ab,saline,259.3674804524311,8.1,,b,-1,0.08,soma,63.082484366,-1165.2434282611493,-123.6920641254028,-16.19513755419939,,-1165.0,-123.49673281745265,-16.65185918276353,periphery,5.160000000000107,success,19.317626953125,0.005,"(-1165, 679, 134)",-1165.0,679.0,134.0,-1165.0,,679.0,134.0
6652,realistic,3,x0y0,utah,6.725,8.5,Ab,saline,55.36309230597824,8.5,,b,-1,0.08,soma,64.19484019000001,1581.337372898609,181.3911090099541,155.738859394869,,1581.0,181.30775725416618,155.43817358199817,none,0.0,success,105.0,0.005,"(1581, -491, -309)",1581.0,-491.0,-309.0,,,,
6653,realistic,3,x0y0,utah,4.55,6.0,Ab,saline,15.544246370689194,6.0,,b,-1,0.08,soma,57.24261629,-1589.308746977224,26.028864171730675,93.33247124747959,,-1589.0,26.050510582860085,92.84276826689336,none,0.0,success,105.0,0.005,"(-1589, -192, -691)",-1589.0,-192.0,-691.0,,,,
6654,realistic,3,x0y0,utah,5.768000000000001,7.4,Ab,saline,91.39277383909565,7.4,,b,-1,0.08,soma,61.135861674,-979.7650479174408,1362.038825005353,-191.59001823276046,,-980.0,1362.3232604577493,-191.8183007193391,periphery,5.18000000000011,success,28.1005859375,0.005,"(-980, 547, -172)",-980.0,547.0,-172.0,-980.0,,547.0,-172.0
6655,realistic,3,x0y0,utah,4.55,6.0,Ab,saline,351.65503814820886,6.0,,b,-1,0.08,soma,57.24261629,514.945307878332,-205.2524014243595,996.3947395404014,,515.0,-205.05645181183957,995.9969222786632,none,0.0,success,105.0,0.005,"(515, -87, 191)",515.0,-87.0,191.0,,,,
6656,realistic,3,x0y0,utah,8.291,10.3,Ab,saline,60.43748981740303,10.3,,b,-1,0.08,soma,69.20044139800001,-446.5530899371906,131.84447459136481,69.13961416292614,,-447.0,131.8882719639904,69.39074889288673,none,0.0,success,105.0,0.005,"(-447, -581, -335)",-447.0,-581.0,-335.0,,,,
6657,realistic,3,x0y0,utah,5.333,6.9,Ab,saline,48.74239450816568,6.9,,b,-1,0.08,soma,59.745416893999995,-636.3661297438013,22.85138990809719,17.57973574362768,,-636.0,22.6213022104547,17.327063949951935,none,0.0,success,105.0,0.005,"(-636, -590, -520)",-636.0,-590.0,-520.0,,,,
6658,realistic,3,x0y0,utah,4.724,6.2,Ab,saline,34.8651035464852,6.2,,b,-1,0.08,soma,57.798794201999996,-947.8420718631212,879.4002793375125,1055.7252990998563,,-948.0,879.2248953829317,1055.8044553213708,none,0.0,success,105.0,0.005,"(-948, 414, 388)",-948.0,414.0,388.0,,,,
6659,realistic,3,x0y0,utah,4.898000000000001,6.4,Ab,saline,176.31696446945045,6.4,,b,-1,0.08,soma,58.354972114000006,-931.2341380306343,9.853689181787557,-1420.8537182334296,,-931.0,10.270194604859412,-1420.4677133362807,none,0.0,success,105.0,0.005,"(-931, -42, -608)",-931.0,-42.0,-608.0,,,,
6660,realistic,3,x0y0,utah,5.159,6.7,Ab,saline,132.4461162874535,6.7,,b,-1,0.08,soma,59.189238982000006,-938.608338240311,967.6989284471815,-1025.2184552502354,,-939.0,968.0893697224091,-1024.7699086944763,none,0.0,success,105.0,0.005,"(-939, 367, -475)",-939.0,367.0,-475.0,,,,
6661,realistic,3,x0y0,utah,6.551000000000001,8.3,Ab,saline,353.7140324915503,8.3,,b,-1,0.08,soma,63.63866227800001,-696.9996085195568,-8.738969251904564,57.21482053128193,,-697.0,-8.44171675972052,56.918415152166176,none,0.0,success,105.0,0.005,"(-697, 81, -755)",-697.0,81.0,-755.0,,,,
6662,realistic,3,x0y0,utah,7.508000000000001,9.4,Ab,saline,128.84182265301828,9.4,,b,-1,0.08,soma,66.697640794,1198.5648619799545,256.86268529155313,-178.55873871083259,,1199.0,256.41189620722355,-178.2683801529986,none,0.0,success,105.0,0.005,"(1199, -381, 335)",1199.0,-381.0,335.0,,,,
6663,realistic,3,x0y0,utah,4.724,6.2,Ab,saline,90.38986588957216,6.2,,b,-1,0.08,soma,57.798794201999996,-814.4045672973178,1325.5028590223899,-31.88121464502956,,-814.0,1325.8993971010002,-31.534515900286802,periphery,5.175000000000109,success,23.69384765625,0.005,"(-814, 512, -26)",-814.0,512.0,-26.0,-814.0,,512.0,-26.0
6664,realistic,3,x0y0,utah,4.898000000000001,6.4,Ab,saline,80.77461982941996,6.4,,b,-1,0.08,soma,58.354972114000006,748.4955814162555,457.472567345455,21.517241220408774,,748.0,457.67459648686497,21.51265101493715,none,0.0,success,105.0,0.005,"(748, -346, -109)",748.0,-346.0,-109.0,,,,
6665,realistic,3,x0y0,utah,6.377,8.1,Ab,saline,49.66235007000864,8.1,,b,-1,0.08,soma,63.082484366,-50.70734370038488,989.5793432676182,1029.7892535239814,,-51.0,989.3677347918828,1029.547146065056,none,0.0,success,105.0,0.005,"(-51, 367, 501)",-51.0,367.0,501.0,,,,
6666,realistic,3,x0y0,utah,4.985,6.5,Ab,saline,134.93738014310188,6.5,,b,-1,0.08,soma,58.63306107,1117.7489304149415,1070.8895977166776,-890.9365223601428,,1118.0,1070.4546719657267,-891.1517655168707,central,5.270000000000124,success,78.55224609375,0.005,"(1118, 494, -316)",1118.0,494.0,-316.0,1118.0,,494.0,-316.0
6667,realistic,3,x0y0,utah,5.855,7.5,Ab,saline,24.58059345715109,7.5,,b,-1,0.08,soma,61.41395063,755.6663959354352,57.37669425633658,136.20164209138102,,756.0,57.33410173104011,135.8039233514612,none,0.0,success,105.0,0.005,"(756, -282, -606)",756.0,-282.0,-606.0,,,,
6668,realistic,3,x0y0,utah,6.638,8.4,Ab,saline,39.4897704644056,8.4,,b,-1,0.08,soma,63.916751233999996,-288.4123896006787,79.07027620908684,79.55076920758573,,-288.0,79.50383105485048,79.44677846363913,none,0.0,success,105.0,0.005,"(-288, -440, -551)",-288.0,-440.0,-551.0,,,,
6669,realistic,3,x0y0,utah,4.985,6.5,Ab,saline,158.8203511945269,6.5,,b,-1,0.08,soma,58.63306107,-1526.1884064263943,459.6946130335096,-1236.785226924676,,-1526.0,459.2125624822956,-1236.3501647238877,none,0.0,success,105.0,0.005,"(-1526, 165, -477)",-1526.0,165.0,-477.0,,,,
6670,realistic,3,x0y0,utah,4.637,6.1,Ab,saline,100.84359400592554,6.1,,b,-1,0.08,soma,57.520705246000006,-669.9381825497968,657.8404219287377,-159.64846667873144,,-670.0,658.1940423110485,-160.06832232838633,tjn,5.43500000000015,success,105.0,0.005,"(-670, -141, -7)",-670.0,-141.0,-7.0,-670.0,,-141.0,-7.0
6671,realistic,3,x0y0,utah,4.811,6.3,Ab,saline,105.80364486782992,6.3,,b,-1,0.08,soma,58.076883158,1373.016988648469,890.5398619919031,-313.550772055276,,1373.0,890.267788487314,-313.6626676419618,none,0.0,success,105.0,0.005,"(1373, 107, -92)",1373.0,107.0,-92.0,,,,
6672,realistic,3,x0y0,utah,4.55,6.0,Ab,saline,153.25089939828501,6.0,,b,-1,0.08,soma,57.24261629,1372.9523945267445,646.1478285571748,-1047.1605851899203,,1373.0,646.2109507960647,-1047.5638281734853,none,0.0,success,105.0,0.005,"(1373, 280, -321)",1373.0,280.0,-321.0,,,,
6673,realistic,3,x0y0,utah,4.724,6.2,Ab,saline,128.0860778667865,6.2,,b,-1,0.08,soma,57.798794201999996,-1864.6969737978527,877.1514837349646,-542.8913885143811,,-1865.0,877.6202154581973,-543.013148131897,periphery,5.365000000000139,success,105.0,0.005,"(-1865, 237, -41)",-1865.0,237.0,-41.0,-1865.0,,237.0,-41.0
6674,realistic,3,x0y0,utah,4.724,6.2,Ab,saline,189.1511403114646,6.2,,b,-1,0.08,soma,57.798794201999996,-1158.7213958505306,-228.93023331200084,-1343.4792537350675,,-1159.0,-228.41000413905903,-1343.5628747578176,none,0.0,success,105.0,0.005,"(-1159, -99, -540)",-1159.0,-99.0,-540.0,,,,
6675,realistic,3,x0y0,utah,4.724,6.2,Ab,saline,207.0709346396276,6.2,,b,-1,0.08,soma,57.798794201999996,-1370.3967855621902,-583.6112803241476,-1164.453843718641,,-1370.0,-583.4056156206652,-1164.6960231787307,none,0.0,success,105.0,0.005,"(-1370, -213, -440)",-1370.0,-213.0,-440.0,,,,
6676,realistic,3,x0y0,utah,7.16,9.0,Ab,saline,84.58128394280489,9.0,,b,-1,0.08,soma,65.58528497,-547.0875035427696,620.192978075871,103.85377756437538,,-547.0,620.1125755938177,104.19962545058402,tjn,5.450000000000152,success,72.16796875,0.005,"(-547, -194, 27)",-547.0,-194.0,27.0,-547.0,,-194.0,27.0
6677,realistic,3,x0y0,utah,4.637,6.1,Ab,saline,58.9204476144105,6.1,,b,-1,0.08,soma,57.520705246000006,-574.4834244812,1326.6091471022944,558.6811757750129,,-574.0,1326.9857420216,559.0630940239928,periphery,5.140000000000104,success,21.2860107421875,0.005,"(-574, 630, 139)",-574.0,630.0,139.0,-574.0,,630.0,139.0
6678,realistic,3,x0y0,utah,4.637,6.1,Ab,saline,-14.670556953286393,6.1,,b,-1,0.08,soma,57.520705246000006,-584.1976599174399,-419.0564122389988,1247.9939078574996,,-584.0,-419.125497319406,1248.2317651274905,none,0.0,success,105.0,0.005,"(-584, -213, 461)",-584.0,-213.0,461.0,,,,
6679,realistic,3,x0y0,utah,5.333,6.9,Ab,saline,178.00202004040642,6.9,,b,-1,0.08,soma,59.745416893999995,855.8119994478923,-169.53752562007276,-1287.6000702334552,,856.0,-169.56094247519968,-1287.3837848219318,none,0.0,success,105.0,0.005,"(856, -198, -473)",856.0,-198.0,-473.0,,,,
6680,realistic,3,x0y0,utah,4.637,6.1,Ab,saline,-21.371337880103265,6.1,,b,-1,0.08,soma,57.520705246000006,-1500.1481163809387,-602.7604322870297,1192.496554594406,,-1500.0,-602.5342724958214,1192.773640362538,none,0.0,success,105.0,0.005,"(-1500, -306, 435)",-1500.0,-306.0,435.0,,,,
6681,realistic,3,x0y0,utah,4.637,6.1,Ab,saline,34.14272288379281,6.1,,b,-1,0.08,soma,57.520705246000006,-1420.9048997742334,626.8831436720347,898.6998076500007,,-1421.0,626.76368592729,898.468067830795,none,0.0,success,105.0,0.005,"(-1421, 170, 225)",-1421.0,170.0,225.0,,,,
6682,realistic,3,x0y0,utah,5.2459999999999996,6.8,Ab,saline,-14.112881978870485,6.8,,b,-1,0.08,soma,59.467327938000004,738.2647232888905,-498.05936462508544,1323.340818062261,,738.0,-497.63206727564227,1323.1287073171366,none,0.0,success,105.0,0.005,"(738, -299, 533)",738.0,-299.0,533.0,,,,
6683,realistic,3,x0y0,utah,9.596,11.8,Ab,saline,122.70696959318428,11.8,,b,-1,0.08,soma,73.371775738,-1482.148611531986,162.47708105141785,-86.47264706937584,,-1482.0,162.36650605297677,-85.95688521562084,none,0.0,success,105.0,0.005,"(-1482, -529, 358)",-1482.0,-529.0,358.0,,,,
6684,realistic,3,x0y0,utah,4.724,6.2,Ab,saline,195.7347418389399,6.2,,b,-1,0.08,soma,57.798794201999996,-102.75826678226265,-586.8627104254447,-1223.0034526578593,,-103.0,-586.7295164937913,-1223.3781697097127,none,0.0,success,105.0,0.005,"(-103, -366, -440)",-103.0,-366.0,-440.0,,,,
6685,realistic,3,x0y0,utah,6.029,7.7,Ab,saline,9.33266515469998,7.7,,b,-1,0.08,soma,61.970128542,613.5901570313407,23.25890214733454,1372.1174073757886,,614.0,23.352777424756255,1372.2140614226232,none,0.0,success,105.0,0.005,"(614, -109, 567)",614.0,-109.0,567.0,,,,
6686,realistic,3,x0y0,utah,5.42,7.0,Ab,saline,135.38992557199776,7.0,,b,-1,0.08,soma,60.02350585000001,-1297.7912846925951,966.0464031922348,-959.192446344915,,-1298.0,966.3827540792277,-959.2068669073076,none,0.0,success,105.0,0.005,"(-1298, 394, -379)",-1298.0,394.0,-379.0,,,,
6687,realistic,3,x0y0,utah,4.55,6.0,Ab,saline,189.5918574919366,6.0,,b,-1,0.08,soma,57.24261629,1057.3346540838866,-349.39762362351394,-1219.9824119666823,,1057.0,-349.54930993695706,-1220.2306098309703,none,0.0,success,105.0,0.005,"(1057, -214, -418)",1057.0,-214.0,-418.0,,,,
6688,realistic,3,x0y0,utah,5.681,7.3,Ab,saline,7.754612162306472,7.3,,b,-1,0.08,soma,60.857772718,1836.382602074977,9.900407078676837,86.54546930086191,,1836.0,10.00135676982913,87.00848349313333,none,0.0,success,105.0,0.005,"(1836, -100, -721)",1836.0,-100.0,-721.0,,,,
6689,realistic,3,x0y0,utah,5.42,7.0,Ab,saline,54.495156707555466,7.0,,b,-1,0.08,soma,60.02350585000001,1863.1447395988384,342.12831024042043,248.2415846753015,,1863.0,342.50106805624273,248.3588260988401,none,0.0,success,105.0,0.005,"(1863, -321, -225)",1863.0,-321.0,-225.0,,,,
6690,realistic,3,x0y0,utah,4.985,6.5,Ab,saline,331.9904815766692,6.5,,b,-1,0.08,soma,58.63306107,-1758.5274949698942,-620.7894927154148,814.3364068306391,,-1759.0,-620.4030427392361,813.9600648093517,none,0.0,success,105.0,0.005,"(-1759, -238, 95)",-1759.0,-238.0,95.0,,,,
6691,realistic,3,x0y0,utah,4.985,6.5,Ab,saline,104.46999977504757,6.5,,b,-1,0.08,soma,58.63306107,-731.5260411544863,312.8925047130178,-113.41725849090379,,-732.0,312.5026965170407,-113.49770098069655,none,0.0,success,105.0,0.005,"(-732, -476, 90)",-732.0,-476.0,90.0,,,,
6692,realistic,3,x0y0,utah,5.072,6.6,Ab,saline,-23.584748602573328,6.6,,b,-1,0.08,soma,58.911150026,-1378.7760121240592,-366.9757015902278,1255.9091266092164,,-1379.0,-366.86367556270136,1255.4485344994146,none,0.0,success,105.0,0.005,"(-1379, -41, 509)",-1379.0,-41.0,509.0,,,,
6693,realistic,3,x0y0,utah,4.811,6.3,Ab,saline,19.192540585712155,6.3,,b,-1,0.08,soma,58.076883158,1101.4740347758154,505.9720676592824,1295.592615350825,,1101.0,505.57443574701733,1295.7779042272077,none,0.0,success,105.0,0.005,"(1101, 238, 527)",1101.0,238.0,527.0,,,,
6694,realistic,3,x0y0,utah,6.377,8.1,Ab,saline,36.200565511264735,8.1,,b,-1,0.08,soma,63.082484366,395.8778981379666,666.8330367421186,1292.596083959383,,396.0,667.24925763328,1292.9487824416813,none,0.0,success,105.0,0.005,"(396, 185, 634)",396.0,185.0,634.0,,,,
6695,realistic,3,x0y0,utah,4.985,6.5,Ab,saline,127.04856638471031,6.5,,b,-1,0.08,soma,58.63306107,-1783.0318803680252,699.5713582485887,-606.604932712592,,-1783.0,699.9060230199836,-606.6257096473377,none,0.0,success,105.0,0.005,"(-1783, 50, -116)",-1783.0,50.0,-116.0,,,,
6696,realistic,3,x0y0,utah,5.594,7.2,Ab,saline,112.11812291840175,7.2,,b,-1,0.08,soma,60.579683761999995,565.1969206043617,256.8814646444739,-117.11953264906151,,565.0,257.2845095185585,-116.95662546819653,none,0.0,success,105.0,0.005,"(565, -498, 190)",565.0,-498.0,190.0,,,,
6697,realistic,3,x0y0,utah,4.724,6.2,Ab,saline,52.00971347739973,6.2,,b,-1,0.08,soma,57.798794201999996,1858.4318176748307,554.3996319139524,475.24376348588163,,1858.0,554.4341148552983,474.95507891566564,none,0.0,success,105.0,0.005,"(1858, -87, -26)",1858.0,-87.0,-26.0,,,,
6698,realistic,3,x0y0,utah,4.811,6.3,Ab,saline,-4.6499752105845,6.3,,b,-1,0.08,soma,58.076883158,-1482.8988795205048,-166.442285965461,1249.8633661926415,,-1483.0,-166.0185176120569,1250.3521147217893,none,0.0,success,105.0,0.005,"(-1483, -100, 439)",-1483.0,-100.0,439.0,,,,
6699,realistic,3,x0y0,utah,6.811999999999999,8.6,Ab,saline,79.12741382970694,8.6,,b,-1,0.08,soma,64.472929146,9.853603309991632,173.41234140538472,55.45832605386703,,10.0,173.52620821068615,55.13079721846782,none,0.0,success,105.0,0.005,"(10, -629, -99)",10.0,-629.0,-99.0,,,,
6700,realistic,3,x0y0,utah,4.724,6.2,Ab,saline,101.73913725200846,6.2,,b,-1,0.08,soma,57.798794201999996,767.7273191997107,1354.8945538081516,-471.3376323011016,,768.0,1354.8888997015893,-471.6285273100535,central,5.215000000000115,success,84.5947265625,0.005,"(768, 558, -306)",768.0,558.0,-306.0,768.0,,558.0,-306.0
6701,realistic,3,x0y0,utah,4.985,6.5,Ab,saline,17.638832476322783,6.5,,b,-1,0.08,soma,58.63306107,1100.1948559417597,271.03653436653985,1150.9429236420638,,1100.0,270.73790875210506,1151.0436535998551,none,0.0,success,105.0,0.005,"(1100, 24, 375)",1100.0,24.0,375.0,,,,
6702,realistic,3,x0y0,utah,4.811,6.3,Ab,saline,195.8494653818716,6.3,,b,-1,0.08,soma,58.076883158,884.8985789190831,-523.272393659182,-1305.9449837287248,,885.0,-523.3138983952249,-1306.104980798998,none,0.0,success,105.0,0.005,"(885, -301, -523)",885.0,-301.0,-523.0,,,,
6703,realistic,3,x0y0,utah,5.42,7.0,Ab,saline,50.0060782069009,7.0,,b,-1,0.08,soma,60.02350585000001,242.88209944438702,1257.1429206977718,754.6288381581993,,243.0,1257.3805039158428,754.8080536048977,tjn,5.155000000000106,success,33.5205078125,0.005,"(243, 633, 231)",243.0,633.0,231.0,243.0,,633.0,231.0
6704,realistic,3,x0y0,utah,6.29,8.0,Ab,saline,355.7928260429354,8.0,,b,-1,0.08,soma,62.80439541,912.4958225992908,-6.601207081490884,131.84036862398852,,912.0,-6.923921311547019,132.1979117711967,none,0.0,success,105.0,0.005,"(912, 53, -682)",912.0,53.0,-682.0,,,,
6705,realistic,3,x0y0,utah,5.159,6.7,Ab,saline,18.7959539643388,6.7,,b,-1,0.08,soma,59.189238982000006,-1005.8868645301204,387.49061129511847,1160.0403129808674,,-1006.0,387.46238640000024,1160.17672627213,none,0.0,success,105.0,0.005,"(-1006, 125, 389)",-1006.0,125.0,389.0,,,,
6706,realistic,3,x0y0,utah,8.03,10.0,Ab,saline,85.61333243393784,10.0,,b,-1,0.08,soma,68.36617453,-763.4068540498643,375.1643339895395,24.338936407317306,,-763.0,374.8074563119317,24.66750617577251,none,0.0,success,105.0,0.005,"(-763, -442, -38)",-763.0,-442.0,-38.0,,,,
6707,realistic,3,x0y0,utah,5.2459999999999996,6.8,Ab,saline,-18.48120864165509,6.8,,b,-1,0.08,soma,59.467327938000004,1343.1872231957095,-333.4943559718963,1072.618209936526,,1343.0,-333.2705714781731,1072.6934069082,none,0.0,success,105.0,0.005,"(1343, -75, 300)",1343.0,-75.0,300.0,,,,
6708,realistic,3,x0y0,utah,5.072,6.6,Ab,saline,165.0564786815386,6.6,,b,-1,0.08,soma,58.911150026,-1589.005932378905,196.73358020093383,-1090.3959813770662,,-1589.0,197.04809279585277,-1089.9269765775607,none,0.0,success,105.0,0.005,"(-1589, -13, -303)",-1589.0,-13.0,-303.0,,,,
6709,realistic,3,x0y0,utah,6.898999999999999,8.7,Ab,saline,50.113712791895196,8.7,,b,-1,0.08,soma,64.751018102,-445.0620711251442,1195.6322303319948,812.1939241844193,,-445.0,1195.1722280948325,812.1829139544064,periphery,5.175000000000109,success,47.6806640625,0.005,"(-445, 568, 288)",-445.0,568.0,288.0,-445.0,,568.0,288.0
6710,realistic,3,x0y0,utah,5.072,6.6,Ab,saline,351.91222186497384,6.6,,b,-1,0.08,soma,58.911150026,-1179.3205789937656,-135.70644846534242,693.1723886234154,,-1179.0,-135.59389940432914,693.3924648203714,none,0.0,success,105.0,0.005,"(-1179, -21, -113)",-1179.0,-21.0,-113.0,,,,
6711,realistic,3,x0y0,utah,4.55,6.0,Ab,saline,44.41215473712864,6.0,,b,-1,0.08,soma,57.24261629,-700.0284512099232,753.0589432690473,735.5984733293626,,-700.0,753.3721914398711,735.1697004079738,none,0.0,success,105.0,0.005,"(-700, 184, 154)",-700.0,184.0,154.0,,,,
6712,realistic,3,x0y0,utah,6.811999999999999,8.6,Ab,saline,82.09635451948725,8.6,,b,-1,0.08,soma,64.472929146,-1832.6177826487656,859.8968327863878,153.37039478849374,,-1833.0,859.4727181595567,153.37001387878752,none,0.0,success,105.0,0.005,"(-1833, 50, 41)",-1833.0,50.0,41.0,,,,
6713,realistic,3,x0y0,utah,5.159,6.7,Ab,saline,40.90080532432889,6.7,,b,-1,0.08,soma,59.189238982000006,1953.357321488573,129.7377979970688,158.46021153046013,,1953.0,129.396556842707,158.67061341129795,none,0.0,success,105.0,0.005,"(1953, -404, -457)",1953.0,-404.0,-457.0,,,,
6714,realistic,3,x0y0,utah,5.159,6.7,Ab,saline,95.57632904508672,6.7,,b,-1,0.08,soma,59.189238982000006,-1245.4886540353846,1112.3754080612234,-23.025635366373987,,-1245.0,1112.7660247793924,-23.178597014525224,periphery,5.205000000000114,success,65.61279296875,0.005,"(-1245, 302, 56)",-1245.0,302.0,56.0,-1245.0,,302.0,56.0
6715,realistic,3,x0y0,utah,5.2459999999999996,6.8,Ab,saline,189.07295646836155,6.8,,b,-1,0.08,soma,59.467327938000004,-963.4747046097176,-55.46051522043399,-681.2267943953227,,-963.0,-55.48349880791136,-681.5494931693878,none,0.0,success,105.0,0.005,"(-963, 73, 123)",-963.0,73.0,123.0,,,,
6716,realistic,3,x0y0,utah,5.768000000000001,7.4,Ab,saline,103.64888016745188,7.4,,b,-1,0.08,soma,61.135861674,549.0956434975733,315.2320407314419,-50.20044560399583,,549.0,315.5689151873969,-50.474031677532054,none,0.0,success,105.0,0.005,"(549, -477, 142)",549.0,-477.0,142.0,,,,
6717,realistic,3,x0y0,utah,4.637,6.1,Ab,saline,167.20849223833298,6.1,,b,-1,0.08,soma,57.520705246000006,-213.93726017492145,229.97702595134064,-1351.4369226986505,,-214.0,230.16654207073228,-1351.5790958779498,none,0.0,success,105.0,0.005,"(-214, 50, -558)",-214.0,50.0,-558.0,,,,
6718,realistic,3,x0y0,utah,5.855,7.5,Ab,saline,199.9778370984112,7.5,,b,-1,0.08,soma,61.41395063,1416.7517869458484,-666.9223592497116,-1172.5342521696352,,1417.0,-666.7270734651356,-1172.6014154010372,none,0.0,success,105.0,0.005,"(1417, -388, -406)",1417.0,-388.0,-406.0,,,,
6719,realistic,3,x0y0,utah,5.681,7.3,Ab,saline,130.70364047020024,7.3,,b,-1,0.08,soma,60.857772718,951.783585971036,702.7132622258085,-685.3867592225133,,952.0,703.176638748758,-685.7411767947041,none,0.0,success,105.0,0.005,"(952, 85, -154)",952.0,85.0,-154.0,,,,
6720,realistic,3,x0y0,utah,4.637,6.1,Ab,saline,319.04193062722265,6.1,,b,-1,0.08,soma,57.520705246000006,936.9658459508506,-668.6901144571602,725.874997207643,,937.0,-668.4199111443767,725.5518183008897,none,0.0,success,105.0,0.005,"(937, -135, 111)",937.0,-135.0,111.0,,,,
6721,realistic,3,x0y0,utah,5.333,6.9,Ab,saline,42.88989712577763,6.9,,b,-1,0.08,soma,59.745416893999995,-499.13391652219167,830.9716743842255,1192.4300816881832,,-499.0,830.6023653690282,1192.057233479117,none,0.0,success,105.0,0.005,"(-499, 276, 595)",-499.0,276.0,595.0,,,,
6722,realistic,3,x0y0,utah,4.724,6.2,Ab,saline,87.23243757685397,6.2,,b,-1,0.08,soma,57.798794201999996,547.4981900792764,1186.5912875965296,177.98941431217145,,547.0,1186.9227178244792,178.3113408799783,tjn,5.190000000000111,success,52.3681640625,0.005,"(547, 374, 139)",547.0,374.0,139.0,547.0,,374.0,139.0
6723,realistic,3,x0y0,utah,4.898000000000001,6.4,Ab,saline,-6.945771689435268,6.4,,b,-1,0.08,soma,58.354972114000006,433.8650794707575,-150.21538723794174,1335.7690770567524,,434.0,-150.43405806429132,1336.2339904087842,none,0.0,success,105.0,0.005,"(434, -52, 528)",434.0,-52.0,528.0,,,,
6724,realistic,3,x0y0,utah,7.247,9.1,Ab,saline,-20.06961849952149,9.1,,b,-1,0.08,soma,65.86337392600001,22.264946540282217,-609.9504460674839,1205.206797031272,,22.0,-609.7141549657017,1205.2832335643461,none,0.0,success,105.0,0.005,"(22, -329, 437)",22.0,-329.0,437.0,,,,
6725,realistic,3,x0y0,utah,6.811999999999999,8.6,Ab,saline,95.91434544602743,8.6,,b,-1,0.08,soma,64.472929146,-1886.2975119159669,142.8299004609521,-24.113979864867808,,-1886.0,142.90511131076323,-24.175355851019006,none,0.0,success,105.0,0.005,"(-1886, -670, 60)",-1886.0,-670.0,60.0,,,,
6726,realistic,3,x0y0,utah,5.072,6.6,Ab,saline,191.20502920979823,6.6,,b,-1,0.08,soma,58.911150026,-668.9841555650543,-464.65207611394317,-1359.9493123581888,,-669.0,-464.2487182250259,-1359.8994735302517,none,0.0,success,105.0,0.005,"(-669, -306, -561)",-669.0,-306.0,-561.0,,,,
6727,realistic,3,x0y0,utah,5.159,6.7,Ab,saline,8.183640338765331,6.7,,b,-1,0.08,soma,59.189238982000006,426.3114541118114,29.28972696723622,1295.9269384632807,,426.0,28.916814353569336,1296.285754372192,none,0.0,success,105.0,0.005,"(426, -87, 490)",426.0,-87.0,490.0,,,,
6728,realistic,3,x0y0,utah,4.637,6.1,Ab,saline,309.8441590147696,6.1,,b,-1,0.08,soma,57.520705246000006,-1095.4263716825133,-678.0786187860831,587.3815310221685,,-1095.0,-677.8051987439396,587.3762579255563,none,0.0,success,105.0,0.005,"(-1095, -53, 66)",-1095.0,-53.0,66.0,,,,
6729,realistic,3,x0y0,utah,5.159,6.7,Ab,saline,7.252442248387238,6.7,,b,-1,0.08,soma,59.189238982000006,493.32008223896406,173.59693909502948,1214.4319708310813,,493.0,173.80184097976422,1214.0778625350722,none,0.0,success,105.0,0.005,"(493, 71, 406)",493.0,71.0,406.0,,,,
6730,realistic,3,x0y0,utah,5.42,7.0,Ab,saline,111.41464163085155,7.0,,b,-1,0.08,soma,60.02350585000001,-1980.3629430566282,440.2444190780716,-203.79151575561764,,-1980.0,439.77594197317524,-203.5607909929176,none,0.0,success,105.0,0.005,"(-1980, -319, 94)",-1980.0,-319.0,94.0,,,,
6731,realistic,3,x0y0,utah,7.508000000000001,9.4,Ab,saline,65.29595352593581,9.4,,b,-1,0.08,soma,66.697640794,135.99658516726043,225.9135107096136,140.38286014318646,,136.0,225.4699033306747,139.98797204390644,none,0.0,success,105.0,0.005,"(136, -518, -202)",136.0,-518.0,-202.0,,,,
6732,realistic,3,x0y0,utah,7.856,9.8,Ab,saline,124.38406822050369,9.8,,b,-1,0.08,soma,67.809996618,-107.24943502264784,1110.2425804084223,-954.8641316870747,,-107.0,1109.8422951044179,-954.4356525450924,periphery,5.220000000000116,success,105.0,0.005,"(-107, 434, -492)",-107.0,434.0,-492.0,-107.0,,434.0,-492.0
6733,realistic,3,x0y0,utah,6.638,8.4,Ab,saline,168.13595502787882,8.4,,b,-1,0.08,soma,63.916751233999996,-547.6881768948601,241.08939221023,-1418.8857352567104,,-548.0,240.96664202685525,-1418.4754663787965,none,0.0,success,105.0,0.005,"(-548, 73, -619)",-548.0,73.0,-619.0,,,,
6734,realistic,3,x0y0,utah,4.898000000000001,6.4,Ab,saline,155.34068215099938,6.4,,b,-1,0.08,soma,58.354972114000006,-792.1906034984243,551.1555138838812,-1273.192316795315,,-792.0,550.6748471829806,-1272.924499328602,none,0.0,success,105.0,0.005,"(-792, 211, -533)",-792.0,211.0,-533.0,,,,
6735,realistic,3,x0y0,utah,4.898000000000001,6.4,Ab,saline,-19.1935148324016,6.4,,b,-1,0.08,soma,58.354972114000006,6.758577761084127,-543.9781323057896,1172.8562539813993,,7.0,-543.7015574155416,1172.9092178322312,none,0.0,success,105.0,0.005,"(7, -276, 404)",7.0,-276.0,404.0,,,,
6736,realistic,3,x0y0,utah,4.724,6.2,Ab,saline,-28.964649056495308,6.2,,b,-1,0.08,soma,57.798794201999996,-1456.1691695969018,-550.2743271662612,1194.3607553989814,,-1456.0,-550.1714780160144,1194.080582523665,none,0.0,success,105.0,0.005,"(-1456, -156, 482)",-1456.0,-156.0,482.0,,,,
6737,realistic,3,x0y0,utah,9.074,11.2,Ab,saline,320.92076536207236,11.2,,b,-1,0.08,soma,71.703242002,1258.2098401924172,-84.4146615637519,109.02772688099094,,1258.0,-84.46486187903054,109.22711338307647,none,0.0,success,105.0,0.005,"(1258, 433, -528)",1258.0,433.0,-528.0,,,,
6738,realistic,3,x0y0,utah,5.594,7.2,Ab,saline,118.55959032876024,7.2,,b,-1,0.08,soma,60.579683761999995,993.7722962707112,1237.7158700569769,-466.5925804868548,,994.0,1238.0690681240824,-466.79007340330617,central,5.190000000000111,success,16.76025390625,0.005,"(994, 522, -77)",994.0,522.0,-77.0,994.0,,522.0,-77.0
6739,realistic,3,x0y0,utah,4.637,6.1,Ab,saline,63.704347310636244,6.1,,b,-1,0.08,soma,57.520705246000006,-392.18212786901114,1270.608061547999,454.62095774517996,,-392.0,1270.5361561265197,454.4958362119891,periphery,5.135000000000103,success,15.972900390625,0.005,"(-392, 541, 94)",-392.0,541.0,94.0,-392.0,,541.0,94.0
6740,realistic,3,x0y0,utah,4.55,6.0,Ab,saline,43.169617437371095,6.0,,b,-1,0.08,soma,57.24261629,-44.17625742022246,852.3717010246814,912.0437232081376,,-44.0,852.6796990328093,912.3740200301487,none,0.0,success,105.0,0.005,"(-44, 296, 319)",-44.0,296.0,319.0,,,,
6741,realistic,3,x0y0,utah,5.2459999999999996,6.8,Ab,saline,86.60186584108564,6.8,,b,-1,0.08,soma,59.467327938000004,-950.5451853555667,1394.2730884788696,98.03258794675048,,-951.0,1394.267143373856,98.31370627336172,periphery,5.145000000000104,success,10.38665771484375,0.005,"(-951, 581, 50)",-951.0,581.0,50.0,-951.0,,581.0,50.0
6742,realistic,3,x0y0,utah,5.594,7.2,Ab,saline,26.827238871568746,7.2,,b,-1,0.08,soma,60.579683761999995,-408.6004016071336,618.150083555337,1047.03425780214,,-409.0,617.9403056408953,1046.5646548946045,none,0.0,success,105.0,0.005,"(-409, 250, 319)",-409.0,250.0,319.0,,,,
6743,realistic,3,x0y0,utah,4.637,6.1,Ab,saline,123.20935754651305,6.1,,b,-1,0.08,soma,57.520705246000006,-176.00200336950226,905.5392287440956,-525.8422360801451,,-176.0,905.8732870396643,-525.6965451316172,tjn,5.215000000000115,success,67.95654296875,0.005,"(-176, 225, -80)",-176.0,225.0,-80.0,-176.0,,225.0,-80.0
6744,realistic,3,x0y0,utah,5.507,7.1,Ab,saline,39.00131795156607,7.1,,b,-1,0.08,soma,60.301594806000004,-201.2544368790248,797.0451950437086,1230.6946912022686,,-201.0,796.974396805708,1230.4536846618716,none,0.0,success,105.0,0.005,"(-201, 284, 597)",-201.0,284.0,597.0,,,,
6745,realistic,3,x0y0,utah,5.333,6.9,Ab,saline,200.8771791887323,6.9,,b,-1,0.08,soma,59.745416893999995,-708.3074337583264,-511.84995781699945,-1247.8692226364826,,-708.0,-511.42063329051086,-1247.3355715020323,none,0.0,success,105.0,0.005,"(-708, -221, -486)",-708.0,-221.0,-486.0,,,,
6746,realistic,3,x0y0,utah,5.2459999999999996,6.8,Ab,saline,286.179469311242,6.8,,b,-1,0.08,soma,59.467327938000004,-746.0734373334477,-129.4203661847423,23.457582344313327,,-746.0,-129.4702108758279,22.984798781763487,periphery,5.190000000000111,success,43.231201171875,0.005,"(-746, 653, -204)",-746.0,653.0,-204.0,-746.0,,653.0,-204.0
6747,realistic,3,x0y0,utah,4.637,6.1,Ab,saline,63.320772523639285,6.1,,b,-1,0.08,soma,57.520705246000006,-1542.1963260417083,794.8304480228563,503.39666789109236,,-1542.0,795.0948750686507,503.3783983277271,none,0.0,success,105.0,0.005,"(-1542, 68, 138)",-1542.0,68.0,138.0,,,,
6748,realistic,3,x0y0,utah,6.811999999999999,8.6,Ab,saline,159.8564715474191,8.6,,b,-1,0.08,soma,64.472929146,805.5497997996582,531.7724196056115,-1319.835696994507,,806.0,531.4562383989412,-1320.2215929411325,none,0.0,success,105.0,0.005,"(806, 250, -553)",806.0,250.0,-553.0,,,,
6749,realistic,3,x0y0,utah,6.4639999999999995,8.2,Ab,saline,11.31107617947618,8.2,,b,-1,0.08,soma,63.360573322,-861.559736947189,367.811104544543,1378.0478583118586,,-862.0,368.15100421422216,1377.8366890997768,none,0.0,success,105.0,0.005,"(-862, 208, 577)",-862.0,208.0,577.0,,,,
6750,realistic,3,x0y0,utah,6.377,8.1,Ab,saline,105.90812141782786,8.1,,b,-1,0.08,soma,63.082484366,-886.6635222337708,1264.8548138450078,-588.044356143294,,-887.0,1265.2677126073913,-587.8139544823604,periphery,5.250000000000121,success,83.97216796875,0.005,"(-887, 480, -364)",-887.0,480.0,-364.0,-887.0,,480.0,-364.0
6751,realistic,3,x0y0,utah,5.333,6.9,Ab,saline,100.07210868508896,6.9,,b,-1,0.08,soma,59.745416893999995,1541.4453110760196,160.65786828160753,-33.50881391693247,,1541.0,160.32366873691637,-33.521236707380325,none,0.0,success,105.0,0.005,"(1541, -642, 109)",1541.0,-642.0,109.0,,,,
6752,realistic,3,x0y0,utah,4.55,6.0,Ab,saline,44.797465352808096,6.0,,b,-1,0.08,soma,57.24261629,-1385.9904092850213,281.978081302007,395.8142919165675,,-1386.0,282.27757371896723,395.34568025969224,none,0.0,success,105.0,0.005,"(-1386, -291, -182)",-1386.0,-291.0,-182.0,,,,
6753,realistic,3,x0y0,utah,5.681,7.3,Ab,saline,-19.836748749046265,7.3,,b,-1,0.08,soma,60.857772718,-579.9467978590924,-638.4349528663088,1297.6183875706101,,-580.0,-638.6750211416088,1298.0739533979115,none,0.0,success,105.0,0.005,"(-580, -362, 531)",-580.0,-362.0,531.0,,,,
6754,realistic,3,x0y0,utah,6.811999999999999,8.6,Ab,saline,207.02615662904992,8.6,,b,-1,0.08,soma,64.472929146,-1900.7966426446121,-495.4045768909996,-906.7860251231787,,-1901.0,-495.3522495019713,-906.9942426416286,none,0.0,success,105.0,0.005,"(-1901, -124, -179)",-1901.0,-124.0,-179.0,,,,
6755,realistic,3,x0y0,utah,4.637,6.1,Ab,saline,82.73498452713645,6.1,,b,-1,0.08,soma,57.520705246000006,-1051.5511981352724,1277.1879071216545,-35.270074098431905,,-1052.0,1277.2502698020162,-35.059315393190474,periphery,5.18000000000011,success,31.7626953125,0.005,"(-1052, 470, -138)",-1052.0,470.0,-138.0,-1052.0,,470.0,-138.0
6756,realistic,3,x0y0,utah,4.724,6.2,Ab,saline,13.037425979079954,6.2,,b,-1,0.08,soma,57.798794201999996,1103.555102502676,277.60699063586617,1213.7145294543825,,1104.0,277.61570398598565,1213.9007926557942,none,0.0,success,105.0,0.005,"(1104, 94, 421)",1104.0,94.0,421.0,,,,
6757,realistic,3,x0y0,utah,6.811999999999999,8.6,Ab,saline,144.7537546478684,8.6,,b,-1,0.08,soma,64.472929146,1166.1313144223475,104.32534697286928,-172.04809534719058,,1166.0,104.62716370507832,-172.43702061676925,none,0.0,success,105.0,0.005,"(1166, -367, 495)",1166.0,-367.0,495.0,,,,
6758,realistic,3,x0y0,utah,5.42,7.0,Ab,saline,31.745600189579054,7.0,,b,-1,0.08,soma,60.02350585000001,706.5401945133101,780.0197992507367,1163.531989599316,,707.0,779.7776832138427,1163.0859946874202,none,0.0,success,105.0,0.005,"(707, 351, 470)",707.0,351.0,470.0,,,,
6759,realistic,3,x0y0,utah,4.637,6.1,Ab,saline,73.75065035610278,6.1,,b,-1,0.08,soma,57.520705246000006,1796.264926237848,484.8824816493834,179.00329080745678,,1796.0,485.29131455334254,178.69014666391547,none,0.0,success,105.0,0.005,"(1796, -296, -49)",1796.0,-296.0,-49.0,,,,
6760,realistic,3,x0y0,utah,4.811,6.3,Ab,saline,215.5261427974011,6.3,,b,-1,0.08,soma,58.076883158,1216.4243158098186,-607.3139803234667,-1220.072758995803,,1216.0,-607.0377384015569,-1220.5458876011483,none,0.0,success,105.0,0.005,"(1216, -134, -558)",1216.0,-134.0,-558.0,,,,
6761,realistic,3,x0y0,utah,5.507,7.1,Ab,saline,357.50765706721404,7.1,,b,-1,0.08,soma,60.301594806000004,-1109.0603161172123,-4.368361798991373,81.40047684080128,,-1109.0,-4.459059687030511,81.41716168533753,none,0.0,success,105.0,0.005,"(-1109, 31, -733)",-1109.0,31.0,-733.0,,,,
6762,realistic,3,x0y0,utah,5.942,7.6,Ab,saline,75.14231326215503,7.6,,b,-1,0.08,soma,61.69203958600001,851.5361755071573,1313.7829808371314,544.8097766001408,,852.0,1313.5967627319142,545.1829194749253,central,5.255000000000122,success,79.541015625,0.005,"(852, 525, 336)",852.0,525.0,336.0,852.0,,525.0,336.0
6763,realistic,3,x0y0,utah,4.811,6.3,Ab,saline,130.7019169953356,6.3,,b,-1,0.08,soma,58.076883158,-308.53699591344673,910.7258956024983,-1084.302512123685,,-309.0,911.1225425610401,-1083.834467753666,none,0.0,success,105.0,0.005,"(-309, 294, -553)",-309.0,294.0,-553.0,,,,
6764,realistic,3,x0y0,utah,4.55,6.0,Ab,saline,183.97078136337046,6.0,,b,-1,0.08,soma,57.24261629,-386.0498455398063,-19.396980909935788,-1346.5276230932266,,-386.0,-19.30259452363402,-1346.6686170054522,none,0.0,success,105.0,0.005,"(-386, 37, -535)",-386.0,37.0,-535.0,,,,
6765,realistic,3,x0y0,utah,4.55,6.0,Ab,saline,125.50035846293922,6.0,,b,-1,0.08,soma,57.24261629,1102.1843308839889,337.5736331614494,-251.50504996539485,,1102.0,337.36910696084476,-251.46989363980168,none,0.0,success,105.0,0.005,"(1102, -325, 221)",1102.0,-325.0,221.0,,,,
6766,realistic,3,x0y0,utah,5.333,6.9,Ab,saline,130.07733974430906,6.9,,b,-1,0.08,soma,59.745416893999995,-176.96966295997345,99.1079576448783,-83.5986377952886,,-177.0,99.54059650364445,-83.61504969817872,none,0.0,success,105.0,0.005,"(-177, -524, 441)",-177.0,-524.0,441.0,,,,
6767,realistic,3,x0y0,utah,4.724,6.2,Ab,saline,146.69663537695718,6.2,,b,-1,0.08,soma,57.798794201999996,652.3340703433515,542.3899647489575,-929.5220054669136,,652.0,542.9121589481592,-929.2571160970159,none,0.0,success,105.0,0.005,"(652, 96, -249)",652.0,96.0,-249.0,,,,
6768,realistic,3,x0y0,utah,5.072,6.6,Ab,saline,66.44326718219375,6.6,,b,-1,0.08,soma,58.911150026,-1230.4067502026514,1078.5274974851654,452.1272714302349,,-1230.0,1078.6114256144172,452.53789333269617,periphery,5.2100000000001145,success,61.23046875,0.005,"(-1230, 332, 127)",-1230.0,332.0,127.0,-1230.0,,332.0,127.0
6769,realistic,3,x0y0,utah,4.811,6.3,Ab,saline,139.43583483345822,6.3,,b,-1,0.08,soma,58.076883158,-489.49908160837,384.1931387523528,-516.1539122356185,,-489.0,384.36919855882377,-516.4250040675664,none,0.0,success,105.0,0.005,"(-489, -145, 102)",-489.0,-145.0,102.0,,,,
6770,realistic,3,x0y0,utah,4.724,6.2,Ab,saline,96.9846226239341,6.2,,b,-1,0.08,soma,57.798794201999996,301.4456265303596,1426.640785614876,-202.8669106557154,,301.0,1426.876541562453,-202.97016668748162,central,5.125000000000101,success,14.09912109375,0.005,"(301, 619, -104)",301.0,619.0,-104.0,301.0,,619.0,-104.0
6771,realistic,3,x0y0,utah,4.724,6.2,Ab,saline,175.2875541721321,6.2,,b,-1,0.08,soma,57.798794201999996,-1146.0447983723582,-43.188998945957785,-1392.1713778443248,,-1146.0,-43.09746955829779,-1392.1321391508568,none,0.0,success,105.0,0.005,"(-1146, -110, -581)",-1146.0,-110.0,-581.0,,,,
6772,realistic,3,x0y0,utah,4.985,6.5,Ab,saline,28.191787102612626,6.5,,b,-1,0.08,soma,58.63306107,922.9345647373397,256.4275041941355,606.4184399233009,,923.0,256.68312902473406,606.7385900135491,none,0.0,success,105.0,0.005,"(923, -128, -111)",923.0,-128.0,-111.0,,,,
6773,realistic,3,x0y0,utah,5.768000000000001,7.4,Ab,saline,195.48201990932088,7.4,,b,-1,0.08,soma,61.135861674,-362.2182949463539,-444.59091273567947,-1010.2082292930496,,-362.0,-444.6750807403954,-1009.9628149476172,none,0.0,success,105.0,0.005,"(-362, -227, -224)",-362.0,-227.0,-224.0,,,,
6774,realistic,3,x0y0,utah,5.072,6.6,Ab,saline,-17.74918051650568,6.6,,b,-1,0.08,soma,58.911150026,899.8281471460514,-438.7061588332562,1265.759547659516,,900.0,-438.3275048214638,1265.6874896423815,none,0.0,success,105.0,0.005,"(900, -190, 490)",900.0,-190.0,490.0,,,,
6775,realistic,3,x0y0,utah,4.898000000000001,6.4,Ab,saline,122.01086541899876,6.4,,b,-1,0.08,soma,58.354972114000006,1235.3146097402282,949.091092031389,-804.7688039597851,,1235.0,949.3410904277305,-804.5954853588158,none,0.0,success,105.0,0.005,"(1235, 259, -373)",1235.0,259.0,-373.0,,,,
6776,realistic,3,x0y0,utah,8.465,10.5,Ab,saline,160.67078551253806,10.5,,b,-1,0.08,soma,69.75661931,-1388.9993938169214,43.24704921434386,-124.77771520448593,,-1389.0,43.37972049580509,-124.63717299045823,none,0.0,success,105.0,0.005,"(-1389, -228, 649)",-1389.0,-228.0,649.0,,,,
6777,realistic,3,x0y0,utah,6.725,8.5,Ab,saline,76.64880168751179,8.5,,b,-1,0.08,soma,64.19484019000001,-1378.1362242538185,521.9337492575914,57.21805193961063,,-1378.0,522.0357897524352,57.667794299935565,none,0.0,success,105.0,0.005,"(-1378, -273, -131)",-1378.0,-273.0,-131.0,,,,
6778,realistic,3,x0y0,utah,5.2459999999999996,6.8,Ab,saline,26.342195762459326,6.8,,b,-1,0.08,soma,59.467327938000004,-1871.9604201960788,500.02382503348366,1038.6360518272054,,-1872.0,500.4973267030454,1039.164309649018,none,0.0,success,105.0,0.005,"(-1872, 139, 309)",-1872.0,139.0,309.0,,,,
6779,realistic,3,x0y0,utah,5.333,6.9,Ab,saline,130.12166605537504,6.9,,b,-1,0.08,soma,59.745416893999995,-509.41909067145133,941.005391277672,-1037.75496647518,,-509.0,941.1331601494211,-1038.103973323247,none,0.0,success,105.0,0.005,"(-509, 318, -513)",-509.0,318.0,-513.0,,,,
6780,realistic,3,x0y0,utah,4.55,6.0,Ab,saline,17.11701097297493,6.0,,b,-1,0.08,soma,57.24261629,-288.83771865856437,345.7199063232383,1421.1446983314902,,-289.0,345.4487509870736,1421.577884194177,none,0.0,success,105.0,0.005,"(-289, 106, 644)",-289.0,106.0,644.0,,,,
6781,realistic,3,x0y0,utah,5.333,6.9,Ab,saline,-8.058953704003578,6.9,,b,-1,0.08,soma,59.745416893999995,118.81377755593105,-314.2770396488395,1383.903218962204,,119.0,-314.2451537242694,1383.8054686333749,none,0.0,success,105.0,0.005,"(119, -200, 577)",119.0,-200.0,577.0,,,,
6782,realistic,3,x0y0,utah,5.2459999999999996,6.8,Ab,saline,123.62400524458523,6.8,,b,-1,0.08,soma,59.467327938000004,-217.6597326008977,353.1180231696994,-287.85928596764137,,-218.0,353.4287219869866,-288.11802973963546,none,0.0,success,105.0,0.005,"(-218, -325, 163)",-218.0,-325.0,163.0,,,,
6783,realistic,3,x0y0,utah,7.856,9.8,Ab,saline,48.65524223430914,9.8,,b,-1,0.08,soma,67.809996618,806.7296864083091,202.6672892665147,206.42804518929782,,807.0,202.75198223056645,205.96864188292557,none,0.0,success,105.0,0.005,"(807, -412, -335)",807.0,-412.0,-335.0,,,,
6784,realistic,3,x0y0,utah,4.898000000000001,6.4,Ab,saline,111.11880357756826,6.4,,b,-1,0.08,soma,58.354972114000006,274.99517639202355,1202.7216528879324,-544.7015710827345,,275.0,1202.4647589939698,-544.3481482263371,tjn,5.185000000000111,success,59.36279296875,0.005,"(275, 443, -251)",275.0,443.0,-251.0,275.0,,443.0,-251.0
6785,realistic,3,x0y0,utah,5.159,6.7,Ab,saline,173.08187394827453,6.7,,b,-1,0.08,soma,59.189238982000006,-641.8773655783201,223.9476890470996,-1336.657563386924,,-642.0,224.1586516486655,-1336.648078768716,none,0.0,success,105.0,0.005,"(-642, 126, -528)",-642.0,126.0,-528.0,,,,
6786,realistic,3,x0y0,utah,4.55,6.0,Ab,saline,193.54710650442948,6.0,,b,-1,0.08,soma,57.24261629,367.57043148258003,-431.47713233122596,-1263.42397279222,,368.0,-431.55011036755906,-1263.0026357785691,none,0.0,success,105.0,0.005,"(368, -241, -472)",368.0,-241.0,-472.0,,,,
6787,realistic,3,x0y0,utah,5.594,7.2,Ab,saline,142.04486458706776,7.2,,b,-1,0.08,soma,60.579683761999995,-1965.5822266750765,244.91980654325107,-386.97455974787084,,-1966.0,244.4032527568151,-386.8560403231686,none,0.0,success,105.0,0.005,"(-1966, -257, 256)",-1966.0,-257.0,256.0,,,,
6788,realistic,3,x0y0,utah,8.03,10.0,Ab,saline,121.74443443871458,10.0,,b,-1,0.08,soma,68.36617453,-345.4326707777311,1104.2046208352294,-947.866492966322,,-345.0,1104.633297410156,-947.9722222101166,none,0.0,success,105.0,0.005,"(-345, 408, -517)",-345.0,408.0,-517.0,,,,
6789,realistic,3,x0y0,utah,5.159,6.7,Ab,saline,163.4981486637628,6.7,,b,-1,0.08,soma,59.189238982000006,550.0851913654925,611.3401034539593,-1312.364274850946,,550.0,611.3448719354441,-1312.033321167971,none,0.0,success,105.0,0.005,"(550, 380, -531)",550.0,380.0,-531.0,,,,
6790,realistic,3,x0y0,utah,4.898000000000001,6.4,Ab,saline,57.29638044544752,6.4,,b,-1,0.08,soma,58.354972114000006,-1838.043491114252,1033.6612484509187,506.0508476702662,,-1838.0,1034.1303545169658,505.9000957165972,periphery,5.285000000000126,success,64.7705078125,0.005,"(-1838, 349, 66)",-1838.0,349.0,66.0,-1838.0,,349.0,66.0
6791,realistic,3,x0y0,utah,4.985,6.5,Ab,saline,93.51255069542508,6.5,,b,-1,0.08,soma,58.63306107,67.41741460736162,1367.8264469640253,-50.15884790150449,,67.0,1367.7693291269838,-49.91760332179551,tjn,5.090000000000096,success,4.909515380859375,0.005,"(67, 555, 0)",67.0,555.0,0.0,67.0,,555.0,0.0
6792,realistic,3,x0y0,utah,4.724,6.2,Ab,saline,69.07507095335913,6.2,,b,-1,0.08,soma,57.798794201999996,446.2981031551992,1254.7977506552154,680.3317317833407,,446.0,1255.1820368923343,680.6434747047672,central,5.2100000000001145,success,98.73046875,0.005,"(446, 495, 390)",446.0,495.0,390.0,446.0,,495.0,390.0
6793,realistic,3,x0y0,utah,4.637,6.1,Ab,saline,169.0578738919935,6.1,,b,-1,0.08,soma,57.520705246000006,-4.848209066116604,99.26713857888672,-1293.2300710911004,,-5.0,99.45171492784544,-1292.9499142052616,none,0.0,success,105.0,0.005,"(-5, -55, -494)",-5.0,-55.0,-494.0,,,,
6794,realistic,3,x0y0,utah,5.855,7.5,Ab,saline,134.82081834346351,7.5,,b,-1,0.08,soma,61.41395063,-734.7191873865899,1025.0762365772741,-883.9332983159729,,-735.0,1024.5809575909298,-883.9918468995437,periphery,5.2100000000001145,success,74.1455078125,0.005,"(-735, 446, -309)",-735.0,446.0,-309.0,-735.0,,446.0,-309.0
6795,realistic,3,x0y0,utah,6.725,8.5,Ab,saline,343.1643416745297,8.5,,b,-1,0.08,soma,64.19484019000001,51.10799008114842,-472.38844005021963,985.9104384452147,,51.0,-472.6314128595121,986.0439407729248,none,0.0,success,105.0,0.005,"(51, -236, 204)",51.0,-236.0,204.0,,,,
6796,realistic,3,x0y0,utah,4.985,6.5,Ab,saline,85.38740795746067,6.5,,b,-1,0.08,soma,58.63306107,870.7937775674577,1307.7487699884261,102.74174495109492,,871.0,1307.7107176372883,102.47104905501402,central,5.230000000000118,success,25.64697265625,0.005,"(871, 496, 37)",871.0,496.0,37.0,871.0,,496.0,37.0
6797,realistic,3,x0y0,utah,5.942,7.6,Ab,saline,96.9369209214288,7.6,,b,-1,0.08,soma,61.69203958600001,1837.8184502672648,94.80190870252954,-14.281355420617723,,1838.0,94.89034384851129,-14.554199190994424,none,0.0,success,105.0,0.005,"(1838, -715, 84)",1838.0,-715.0,84.0,,,,
6798,realistic,3,x0y0,utah,5.072,6.6,Ab,saline,115.51691881957883,6.6,,b,-1,0.08,soma,58.911150026,-1467.2503319016364,1142.8895522317614,-572.5368211344813,,-1467.0,1143.0461564492325,-572.8674617156005,periphery,5.205000000000114,success,67.4072265625,0.005,"(-1467, 408, -222)",-1467.0,408.0,-222.0,-1467.0,,408.0,-222.0
6799,realistic,3,x0y0,utah,5.855,7.5,Ab,saline,88.52444025113729,7.5,,b,-1,0.08,soma,61.41395063,736.0763719034296,1133.7416997190512,139.24603350179268,,736.0,1133.462263222406,139.04523996312702,tjn,5.230000000000118,success,72.16796875,0.005,"(736, 318, 118)",736.0,318.0,118.0,736.0,,318.0,118.0
6800,realistic,3,x0y0,utah,6.29,8.0,Ab,saline,118.32912733754392,8.0,,b,-1,0.08,soma,62.80439541,352.84453261657364,1244.7387215519702,-751.7198355380307,,353.0,1244.597214419941,-751.3828428110226,central,5.185000000000111,success,68.39599609375,0.005,"(353, 526, -364)",353.0,526.0,-364.0,353.0,,526.0,-364.0
6801,realistic,3,x0y0,utah,5.681,7.3,Ab,saline,82.00496413781036,7.3,,b,-1,0.08,soma,60.857772718,-488.0911333637797,1377.981456466885,426.09790391654496,,-488.0,1377.5192261613179,426.4261580925369,periphery,5.200000000000113,success,62.79296875,0.005,"(-488, 570, 313)",-488.0,570.0,313.0,-488.0,,570.0,313.0
6802,realistic,3,x0y0,utah,5.2459999999999996,6.8,Ab,saline,188.10516561272686,6.8,,b,-1,0.08,soma,59.467327938000004,72.85173050838556,-142.10679492017886,-1456.1290903304025,,73.0,-141.87744661962904,-1456.5863273293103,none,0.0,success,105.0,0.005,"(73, -27, -650)",73.0,-27.0,-650.0,,,,
6803,realistic,3,x0y0,utah,4.811,6.3,Ab,saline,76.33188556791613,6.3,,b,-1,0.08,soma,58.076883158,-125.9333566891452,1313.6354877164185,186.19893754688286,,-126.0,1314.0011536823145,186.35728374511774,tjn,5.1150000000001,success,10.38665771484375,0.005,"(-126, 523, -6)",-126.0,523.0,-6.0,-126.0,,523.0,-6.0
6804,realistic,3,x0y0,utah,8.726,10.8,Ab,saline,310.6653918150427,10.8,,b,-1,0.08,soma,70.590886178,770.9596999410591,-63.961334818435716,48.23370913696454,,771.0,-64.19409358300663,48.504510716792424,none,0.0,success,105.0,0.005,"(771, 558, -486)",771.0,558.0,-486.0,,,,
6805,realistic,3,x0y0,utah,5.333,6.9,Ab,saline,170.579782539186,6.9,,b,-1,0.08,soma,59.745416893999995,74.65173538403059,444.0667394122238,-1391.247315245582,,75.0,444.39466237277395,-1390.8719268829657,none,0.0,success,105.0,0.005,"(75, 311, -587)",75.0,311.0,-587.0,,,,
6806,realistic,3,x0y0,utah,7.16,9.0,Ab,saline,216.57963589421703,9.0,,b,-1,0.08,soma,65.58528497,1818.899115355726,-74.58663103408253,-93.36576071166974,,1819.0,-74.3226356568116,-93.68749191545521,none,0.0,success,105.0,0.005,"(1819, 413, 563)",1819.0,413.0,563.0,,,,
6807,realistic,3,x0y0,utah,5.2459999999999996,6.8,Ab,saline,194.1010123487451,6.8,,b,-1,0.08,soma,59.467327938000004,24.416648849415523,-545.1384125385985,-1243.2162700523668,,24.0,-545.4691205428485,-1243.2101806835335,none,0.0,success,105.0,0.005,"(24, -347, -453)",24.0,-347.0,-453.0,,,,
6808,realistic,3,x0y0,utah,5.072,6.6,Ab,saline,44.74784316380661,6.6,,b,-1,0.08,soma,58.911150026,515.5812442429526,787.5690444978909,987.4625156053737,,516.0,787.376724809152,987.4263493742327,none,0.0,success,105.0,0.005,"(516, 214, 409)",516.0,214.0,409.0,,,,
6809,realistic,3,x0y0,utah,4.811,6.3,Ab,saline,208.37442787561432,6.3,,b,-1,0.08,soma,58.076883158,-1309.1274821299444,-403.7188592193961,-1105.4468734729567,,-1309.0,-403.8310674383409,-1105.2724247453623,none,0.0,success,105.0,0.005,"(-1309, -17, -389)",-1309.0,-17.0,-389.0,,,,
6810,realistic,3,x0y0,utah,11.336,13.8,Ab,saline,29.23905329015798,13.8,,b,-1,0.08,soma,78.93355485800001,-1356.560359167858,79.685250867165,120.82081311645423,,-1357.0,79.75202077406658,120.42970998454564,none,0.0,success,105.0,0.005,"(-1357, -323, -599)",-1357.0,-323.0,-599.0,,,,
6811,realistic,3,x0y0,utah,5.594,7.2,Ab,saline,56.5988725222966,7.2,,b,-1,0.08,soma,60.579683761999995,1766.970408759935,363.35187039996805,268.40198746461743,,1767.0,363.6039600022589,268.81705795549055,none,0.0,success,105.0,0.005,"(1767, -317, -180)",1767.0,-317.0,-180.0,,,,
6812,realistic,3,x0y0,utah,4.985,6.5,Ab,saline,218.5749718491002,6.5,,b,-1,0.08,soma,58.63306107,-941.5601445296795,-539.1793644418644,-746.5992955238066,,-942.0,-538.7263567885727,-746.6326635722631,none,0.0,success,105.0,0.005,"(-942, -31, -110)",-942.0,-31.0,-110.0,,,,
6813,realistic,3,x0y0,utah,5.072,6.6,Ab,saline,12.253051334144633,6.6,,b,-1,0.08,soma,58.911150026,-532.2772417566352,418.20774753290925,1210.53888689652,,-532.0,417.8274730177586,1210.8859879027036,none,0.0,success,105.0,0.005,"(-532, 245, 415)",-532.0,245.0,415.0,,,,
6814,realistic,3,x0y0,utah,5.2459999999999996,6.8,Ab,saline,186.8136763892222,6.8,,b,-1,0.08,soma,59.467327938000004,1995.0508755102007,-266.95403501098644,-1081.740042435467,,1995.0,-266.62741254672346,-1081.9490549548204,none,0.0,success,105.0,0.005,"(1995, -170, -273)",1995.0,-170.0,-273.0,,,,
6815,realistic,3,x0y0,utah,5.2459999999999996,6.8,Ab,saline,105.16684302316776,6.8,,b,-1,0.08,soma,59.467327938000004,1405.3435898261014,823.8409665506772,-184.45591521030383,,1405.0,823.3809324628791,-184.1343264942905,none,0.0,success,105.0,0.005,"(1405, 37, 29)",1405.0,37.0,29.0,,,,
6816,realistic,3,x0y0,utah,5.333,6.9,Ab,saline,135.12889733787534,6.9,,b,-1,0.08,soma,59.745416893999995,-421.5428152973504,1063.206434245872,-958.678380822877,,-422.0,1062.8926958093587,-958.500288476389,tjn,5.200000000000113,success,83.09326171875,0.005,"(-422, 488, -381)",-422.0,488.0,-381.0,-422.0,,488.0,-381.0
6817,realistic,3,x0y0,utah,4.985,6.5,Ab,saline,157.0050261455153,6.5,,b,-1,0.08,soma,58.63306107,1445.12035317013,574.5784221315016,-1159.3724437491499,,1445.0,574.1534684800246,-1159.5783663574675,none,0.0,success,105.0,0.005,"(1445, 256, -410)",1445.0,256.0,-410.0,,,,
6818,realistic,3,x0y0,utah,4.724,6.2,Ab,saline,132.0972985746568,6.2,,b,-1,0.08,soma,57.798794201999996,-531.3895794782935,1074.448648333289,-856.7512924825141,,-531.0,1074.9133526489422,-856.6381558165106,periphery,5.215000000000115,success,75.29296875,0.005,"(-531, 471, -311)",-531.0,471.0,-311.0,-531.0,,471.0,-311.0
6819,realistic,3,x0y0,utah,5.507,7.1,Ab,saline,99.52521354746384,7.1,,b,-1,0.08,soma,60.301594806000004,-280.28747244791475,796.3850053810878,-66.7861014832647,,-280.0,795.9017163988389,-66.90745697019656,tjn,5.345000000000136,success,23.84033203125,0.005,"(-280, -8, 68)",-280.0,-8.0,68.0,-280.0,,-8.0,68.0
6820,realistic,3,x0y0,utah,4.55,6.0,Ab,saline,199.85452333786515,6.0,,b,-1,0.08,soma,57.24261629,-672.2715063526547,-249.5731359023007,-1423.3750245289627,,-672.0,-249.30579624604212,-1423.2922024411873,none,0.0,success,105.0,0.005,"(-672, 27, -658)",-672.0,27.0,-658.0,,,,
6821,realistic,3,x0y0,utah,4.898000000000001,6.4,Ab,saline,67.39232918923454,6.4,,b,-1,0.08,soma,58.354972114000006,-1730.2688339031245,1077.8661384571187,485.2469433265496,,-1730.0,1077.6486551278226,484.9698256403109,periphery,5.295000000000128,success,94.04296875,0.005,"(-1730, 326, 172)",-1730.0,326.0,172.0,-1730.0,,326.0,172.0
6822,realistic,3,x0y0,utah,4.724,6.2,Ab,saline,140.03583385705514,6.2,,b,-1,0.08,soma,57.798794201999996,526.8782819515802,678.9160016589149,-787.5809451039559,,527.0,678.7675827579724,-787.7724979382066,none,0.0,success,105.0,0.005,"(527, 156, -164)",527.0,156.0,-164.0,,,,
6823,realistic,3,x0y0,utah,5.159,6.7,Ab,saline,83.76632906184655,6.7,,b,-1,0.08,soma,59.189238982000006,-1059.6910295661833,380.6672836769403,-14.452171761022782,,-1060.0,380.7885112360033,-14.53502432327737,none,0.0,success,105.0,0.005,"(-1060, -429, -103)",-1060.0,-429.0,-103.0,,,,
6824,realistic,3,x0y0,utah,4.724,6.2,Ab,saline,98.62024291342165,6.2,,b,-1,0.08,soma,57.798794201999996,-1745.6756837991704,950.2408073595038,-143.1095379689632,,-1746.0,950.7023339137589,-143.00351962543994,none,0.0,success,105.0,0.005,"(-1746, 146, -21)",-1746.0,146.0,-21.0,,,,
6825,realistic,3,x0y0,utah,4.811,6.3,Ab,saline,149.01870460261446,6.3,,b,-1,0.08,soma,58.076883158,434.77900254559347,877.1937666955255,-1164.7732031864005,,435.0,877.0669897248692,-1164.8751559656766,none,0.0,success,105.0,0.005,"(435, 458, -467)",435.0,458.0,-467.0,,,,
6826,realistic,3,x0y0,utah,4.55,6.0,Ab,saline,34.86874631279987,6.0,,b,-1,0.08,soma,57.24261629,-1492.8009692614708,665.2540877103975,1047.8539667363357,,-1493.0,665.1473018664967,1047.5762833329727,none,0.0,success,105.0,0.005,"(-1493, 200, 380)",-1493.0,200.0,380.0,,,,
6827,realistic,3,x0y0,utah,5.594,7.2,Ab,saline,329.7429873376988,7.2,,b,-1,0.08,soma,60.579683761999995,740.8610408489204,-515.6112497775753,918.1223270419678,,741.0,-515.824551323836,918.247365416808,none,0.0,success,105.0,0.005,"(741, -105, 214)",741.0,-105.0,214.0,,,,
6828,realistic,3,x0y0,utah,4.637,6.1,Ab,saline,57.37687604281263,6.1,,b,-1,0.08,soma,57.520705246000006,186.28832071947917,753.3846225973548,691.9237326607297,,186.0,753.3489689790907,691.6982060990595,none,0.0,success,105.0,0.005,"(186, 68, 253)",186.0,68.0,253.0,,,,
6829,realistic,3,x0y0,utah,6.203,7.9,Ab,saline,134.57812507568866,7.9,,b,-1,0.08,soma,62.52630645400001,228.989253839458,506.6963568963688,-618.4852985129942,,229.0,506.42424404359224,-618.9351072500314,none,0.0,success,105.0,0.005,"(229, -75, -46)",229.0,-75.0,-46.0,,,,
6830,realistic,3,x0y0,utah,6.29,8.0,Ab,saline,172.18057695818374,8.0,,b,-1,0.08,soma,62.80439541,79.60487023004892,100.73334918446062,-606.6652481394349,,80.0,101.11233910765053,-606.8096572663437,none,0.0,success,105.0,0.005,"(80, -10, 202)",80.0,-10.0,202.0,,,,
6831,realistic,3,x0y0,utah,6.551000000000001,8.3,Ab,saline,169.78245400118234,8.3,,b,-1,0.08,soma,63.63866227800001,1904.2093169708871,19.482780093359448,-118.6768902730646,,1904.0,19.90374934405864,-118.83190377389008,none,0.0,success,105.0,0.005,"(1904, -125, 685)",1904.0,-125.0,685.0,,,,
6832,realistic,3,x0y0,utah,5.942,7.6,Ab,saline,91.89897448649694,7.6,,b,-1,0.08,soma,61.69203958600001,315.16754195413984,449.10230866687317,-21.97575333709119,,315.0,449.4380967831038,-22.004503255148304,neck0,5.880000000000219,success,58.5205078125,0.005,"(315, -366, 5)",315.0,-366.0,5.0,315.0,,286.35047742648305,-16.60360260411864
6833,realistic,3,x0y0,utah,4.898000000000001,6.4,Ab,saline,11.929005720298786,6.4,,b,-1,0.08,soma,58.354972114000006,-478.5985809719935,525.4691650339091,1345.9243918024229,,-479.0,525.2904863679819,1345.5912523581692,none,0.0,success,105.0,0.005,"(-479, 357, 549)",-479.0,357.0,549.0,,,,
6834,realistic,3,x0y0,utah,6.116,7.8,Ab,saline,92.09592244380067,7.8,,b,-1,0.08,soma,62.248217498,-1666.5346923838642,253.4559047159177,-30.522280734468488,,-1667.0,253.55282187287594,-30.87014238021341,none,0.0,success,105.0,0.005,"(-1667, -562, -1)",-1667.0,-562.0,-1.0,,,,
6835,realistic,3,x0y0,utah,6.898999999999999,8.7,Ab,saline,330.0801348676638,8.7,,b,-1,0.08,soma,64.751018102,1954.4806088565772,-53.43614095022986,74.24091900409394,,1954.0,-53.70690391463893,74.41935369450186,none,0.0,success,105.0,0.005,"(1954, 354, -634)",1954.0,354.0,-634.0,,,,
6836,realistic,3,x0y0,utah,4.985,6.5,Ab,saline,160.3338474524023,6.5,,b,-1,0.08,soma,58.63306107,-1522.59778275362,210.83590236970986,-1236.4452481662931,,-1523.0,211.0175125250276,-1236.8418768048095,none,0.0,success,105.0,0.005,"(-1523, -63, -470)",-1523.0,-63.0,-470.0,,,,
6837,realistic,3,x0y0,utah,4.637,6.1,Ab,saline,144.7915304026544,6.1,,b,-1,0.08,soma,57.520705246000006,1475.4469623246046,606.7095690010751,-1000.9879547144307,,1475.0,607.214219322422,-1000.9235841282535,none,0.0,success,105.0,0.005,"(1475, 138, -336)",1475.0,138.0,-336.0,,,,
6838,realistic,3,x0y0,utah,5.2459999999999996,6.8,Ab,saline,30.08472861206348,6.8,,b,-1,0.08,soma,59.467327938000004,984.5802213387128,216.50897189441184,507.46264198316106,,985.0,216.4259857476598,506.9890394323759,none,0.0,success,105.0,0.005,"(985, -192, -198)",985.0,-192.0,-198.0,,,,
6839,realistic,3,x0y0,utah,7.334,9.2,Ab,saline,41.95379914134221,9.2,,b,-1,0.08,soma,66.141462882,1101.1842687235512,306.1445595887653,368.7846869530349,,1101.0,305.8802839683086,368.3992029726719,none,0.0,success,105.0,0.005,"(1101, -241, -240)",1101.0,-241.0,-240.0,,,,
6840,realistic,3,x0y0,utah,4.898000000000001,6.4,Ab,saline,74.5194879801378,6.4,,b,-1,0.08,soma,58.354972114000006,-1138.9680651249644,335.6380514402904,84.18485450912658,,-1139.0,335.62284331313117,84.30397102861338,none,0.0,success,105.0,0.005,"(-1139, -449, -133)",-1139.0,-449.0,-133.0,,,,
6841,realistic,3,x0y0,utah,8.639,10.7,Ab,saline,85.04678254665217,10.7,,b,-1,0.08,soma,70.312797222,-646.3923265742687,370.4325219424487,10.177849838141356,,-646.0,370.12181993613945,9.779497200129313,none,0.0,success,105.0,0.005,"(-646, -447, -61)",-646.0,-447.0,-61.0,,,,
6842,realistic,3,x0y0,utah,4.811,6.3,Ab,saline,148.94760041600858,6.3,,b,-1,0.08,soma,58.076883158,-1670.660984798071,712.8657316181474,-1087.6359251849638,,-1671.0,712.8810281664482,-1087.3867329007294,none,0.0,success,105.0,0.005,"(-1671, 293, -390)",-1671.0,293.0,-390.0,,,,
6843,realistic,3,x0y0,utah,6.377,8.1,Ab,saline,119.300716919403,8.1,,b,-1,0.08,soma,63.082484366,719.4249426073953,163.4460445241493,-71.75029982968226,,719.0,163.10561730779455,-71.61528392436031,none,0.0,success,105.0,0.005,"(719, -549, 328)",719.0,-549.0,328.0,,,,
6844,realistic,3,x0y0,utah,5.768000000000001,7.4,Ab,saline,118.84185883646853,7.4,,b,-1,0.08,soma,61.135861674,-713.4443562973212,411.9671140144465,-197.20363373690816,,-713.0,412.4375074132123,-197.42996983576893,none,0.0,success,105.0,0.005,"(-713, -302, 196)",-713.0,-302.0,196.0,,,,
6845,realistic,3,x0y0,utah,8.203999999999999,10.2,Ab,saline,150.09393549739798,10.2,,b,-1,0.08,soma,68.922352442,-1994.6745029770832,43.41820970008938,-67.12013200832644,,-1995.0,43.58334246379076,-67.30894754836311,none,0.0,success,105.0,0.005,"(-1995, -365, 643)",-1995.0,-365.0,643.0,,,,
6846,realistic,3,x0y0,utah,4.898000000000001,6.4,Ab,saline,181.78544690346737,6.4,,b,-1,0.08,soma,58.354972114000006,422.6740607536652,-219.93234066258168,-1231.079215118932,,423.0,-220.4023375649784,-1230.770397313972,none,0.0,success,105.0,0.005,"(423, -195, -417)",423.0,-195.0,-417.0,,,,
6847,realistic,3,x0y0,utah,4.637,6.1,Ab,saline,349.2286369314621,6.1,,b,-1,0.08,soma,57.520705246000006,-1369.3612951693156,-143.593081503775,938.8857710248427,,-1369.0,-144.09180990523876,938.4381704168355,none,0.0,success,105.0,0.005,"(-1369, 8, 139)",-1369.0,8.0,139.0,,,,
6848,realistic,3,x0y0,utah,9.161000000000001,11.3,Ab,saline,57.924827690688716,11.3,,b,-1,0.08,soma,71.981330958,1826.978549703259,74.92497831059472,59.709084553011046,,1827.0,74.70748992690483,59.94604336934913,none,0.0,success,105.0,0.005,"(1827, -621, -376)",1827.0,-621.0,-376.0,,,,
6849,realistic,3,x0y0,utah,4.55,6.0,Ab,saline,142.14504720045173,6.0,,b,-1,0.08,soma,57.24261629,1807.257284259753,736.2150800575122,-975.8551605083384,,1807.0,736.3193968085867,-975.4353849112922,none,0.0,success,105.0,0.005,"(1807, 237, -333)",1807.0,237.0,-333.0,,,,
6850,realistic,3,x0y0,utah,5.2459999999999996,6.8,Ab,saline,70.67767450022755,6.8,,b,-1,0.08,soma,59.467327938000004,-995.467305430933,1236.8809043081865,340.7491807845422,,-995.0,1236.8641586875456,340.5953694073422,periphery,5.170000000000108,success,23.236083984375,0.005,"(-995, 468, 71)",-995.0,468.0,71.0,-995.0,,468.0,71.0
6851,realistic,3,x0y0,utah,4.898000000000001,6.4,Ab,saline,90.64430352548685,6.4,,b,-1,0.08,soma,58.354972114000006,148.26811990894885,1378.3788041326825,81.31688855898483,,148.0,1378.0960683083945,80.8812121561616,tjn,5.125000000000101,success,12.548828125,0.005,"(148, 564, 90)",148.0,564.0,90.0,148.0,,564.0,90.0
6852,realistic,3,x0y0,utah,4.724,6.2,Ab,saline,-17.869580578469623,6.2,,b,-1,0.08,soma,57.798794201999996,-1795.4398310864835,-431.9305773380684,1196.3566441220428,,-1795.0,-431.785724970297,1196.669446160732,none,0.0,success,105.0,0.005,"(-1795, -182, 422)",-1795.0,-182.0,422.0,,,,
6853,realistic,3,x0y0,utah,4.55,6.0,Ab,saline,138.12854401162758,6.0,,b,-1,0.08,soma,57.24261629,916.5869280938156,875.781033304816,-1114.6731217118877,,917.0,876.0922231867877,-1114.8224260447673,none,0.0,success,105.0,0.005,"(917, 333, -509)",917.0,333.0,-509.0,,,,
6854,realistic,3,x0y0,utah,4.637,6.1,Ab,saline,111.41648259922538,6.1,,b,-1,0.08,soma,57.520705246000006,1636.5464645944876,981.1005737101932,-515.9366660711977,,1637.0,981.6108882920132,-516.1039047426574,none,0.0,success,105.0,0.005,"(1637, 224, -219)",1637.0,224.0,-219.0,,,,
6855,realistic,3,x0y0,utah,4.637,6.1,Ab,saline,205.43322175794128,6.1,,b,-1,0.08,soma,57.520705246000006,927.3305541282467,-562.4990562340404,-1201.214858403495,,927.0,-562.5100714515786,-1200.9069744538315,none,0.0,success,105.0,0.005,"(927, -213, -466)",927.0,-213.0,-466.0,,,,
6856,realistic,3,x0y0,utah,7.16,9.0,Ab,saline,77.12884855037153,9.0,,b,-1,0.08,soma,65.58528497,-1332.3618564675596,306.05885647162495,110.10243500840488,,-1332.0,306.26604715862675,110.20420074565806,none,0.0,success,105.0,0.005,"(-1332, -491, -72)",-1332.0,-491.0,-72.0,,,,
6857,realistic,3,x0y0,utah,6.4639999999999995,8.2,Ab,saline,5.91649010435965,8.2,,b,-1,0.08,soma,63.360573322,-1753.9437663414176,33.3984544728728,129.26259229652442,,-1754.0,33.199737554749134,129.35188114169705,none,0.0,success,105.0,0.005,"(-1754, -51, -683)",-1754.0,-51.0,-683.0,,,,
6858,realistic,3,x0y0,utah,6.029,7.7,Ab,saline,70.64352114481318,7.7,,b,-1,0.08,soma,61.970128542,-1053.0011426911476,196.37353859293486,48.38326102707879,,-1053.0,196.8819081396888,48.417450299409495,none,0.0,success,105.0,0.005,"(-1053, -573, -222)",-1053.0,-573.0,-222.0,,,,
6859,realistic,3,x0y0,utah,4.811,6.3,Ab,saline,-20.945527221442312,6.3,,b,-1,0.08,soma,58.076883158,1712.853313595647,-436.8676649438044,1025.4807767434313,,1713.0,-437.01874286449254,1025.2305005906283,none,0.0,success,105.0,0.005,"(1713, -146, 265)",1713.0,-146.0,265.0,,,,
6860,realistic,3,x0y0,utah,4.637,6.1,Ab,saline,68.15317122274304,6.1,,b,-1,0.08,soma,57.520705246000006,1412.9904828664544,1089.7772168721876,364.4176996285755,,1413.0,1089.332359304669,364.80022721101835,central,5.250000000000121,success,74.51171875,0.005,"(1413, 334, 62)",1413.0,334.0,62.0,1413.0,,334.0,62.0
6861,realistic,3,x0y0,utah,5.768000000000001,7.4,Ab,saline,38.034017135502246,7.4,,b,-1,0.08,soma,61.135861674,424.064444866197,520.38966316596,859.9744852402646,,424.0,520.4714021886759,860.3413023272215,none,0.0,success,105.0,0.005,"(424, 18, 218)",424.0,18.0,218.0,,,,
6862,realistic,3,x0y0,utah,7.856,9.8,Ab,saline,101.50913090611941,9.8,,b,-1,0.08,soma,67.809996618,292.4429215697631,612.7741763100174,-23.451274368371735,,292.0,612.4450078429893,-23.371547162645555,tjn,5.50000000000016,success,35.736083984375,0.005,"(292, -190, 140)",292.0,-190.0,140.0,292.0,,-190.0,140.0
6863,realistic,3,x0y0,utah,5.855,7.5,Ab,saline,108.90651676137672,7.5,,b,-1,0.08,soma,61.41395063,-1316.8933391172775,516.2691048050724,-193.64103726958047,,-1317.0,516.6587986479902,-193.28906000206007,none,0.0,success,105.0,0.005,"(-1317, -255, 71)",-1317.0,-255.0,71.0,,,,
6864,realistic,3,x0y0,utah,6.029,7.7,Ab,saline,190.75431239321358,7.7,,b,-1,0.08,soma,61.970128542,-450.82066207196607,-330.3953629785733,-1388.743734645919,,-451.0,-330.26281299296863,-1388.6237271398309,none,0.0,success,105.0,0.005,"(-451, -178, -587)",-451.0,-178.0,-587.0,,,,
6865,realistic,3,x0y0,utah,5.42,7.0,Ab,saline,-24.252756848432483,7.0,,b,-1,0.08,soma,60.02350585000001,-1344.7497787514171,-513.0858322276795,1121.766835110886,,-1345.0,-512.8068281015901,1122.0462151417228,none,0.0,success,105.0,0.005,"(-1345, -178, 379)",-1345.0,-178.0,379.0,,,,
6866,realistic,3,x0y0,utah,5.681,7.3,Ab,saline,195.51507366665507,7.3,,b,-1,0.08,soma,60.857772718,-1845.8243750572333,-501.28697845143506,-1060.13333269737,,-1846.0,-501.12722710103253,-1059.7472748955327,none,0.0,success,105.0,0.005,"(-1846, -283, -274)",-1846.0,-283.0,-274.0,,,,
6867,realistic,3,x0y0,utah,4.985,6.5,Ab,saline,223.37747649602505,6.5,,b,-1,0.08,soma,58.63306107,-1124.737807160429,-645.2973739513914,-827.422468435228,,-1125.0,-645.2725931714381,-827.8452543928381,none,0.0,success,105.0,0.005,"(-1125, -86, -236)",-1125.0,-86.0,-236.0,,,,
6868,realistic,3,x0y0,utah,4.55,6.0,Ab,saline,-18.652080011875977,6.0,,b,-1,0.08,soma,57.24261629,781.5555588114504,-449.42037947001154,1172.0284815649584,,782.0,-449.1960943447711,1171.9061894673878,none,0.0,success,105.0,0.005,"(782, -189, 401)",782.0,-189.0,401.0,,,,
6869,realistic,3,x0y0,utah,4.55,6.0,Ab,saline,190.44394451907502,6.0,,b,-1,0.08,soma,57.24261629,1646.7389505180097,-255.92632165725212,-1080.1722795644037,,1647.0,-255.50954316668853,-1080.1151944297933,none,0.0,success,105.0,0.005,"(1647, -108, -280)",1647.0,-108.0,-280.0,,,,
6870,realistic,3,x0y0,utah,4.985,6.5,Ab,saline,-12.855147768709035,6.5,,b,-1,0.08,soma,58.63306107,722.5967747293788,-141.19498264704362,1422.1572904477014,,723.0,-141.18542804403754,1421.8771856185717,none,0.0,success,105.0,0.005,"(723, 40, 628)",723.0,40.0,628.0,,,,
6871,realistic,3,x0y0,utah,6.29,8.0,Ab,saline,345.2348101251506,8.0,,b,-1,0.08,soma,62.80439541,-54.640200890765826,-24.98736763676289,97.611071980612,,-55.0,-25.100920195004562,97.4609251807351,none,0.0,success,105.0,0.005,"(-55, 183, -692)",-55.0,183.0,-692.0,,,,
6872,realistic,3,x0y0,utah,4.637,6.1,Ab,saline,79.84575363447638,6.1,,b,-1,0.08,soma,57.520705246000006,-217.2826242622714,1121.0566353367883,157.0397293892652,,-217.0,1120.9843150868192,157.46595016743495,tjn,5.145000000000104,success,17.3187255859375,0.005,"(-217, 320, 14)",-217.0,320.0,14.0,-217.0,,320.0,14.0
6873,realistic,3,x0y0,utah,5.159,6.7,Ab,saline,95.99669400668505,6.7,,b,-1,0.08,soma,59.189238982000006,995.4889355025642,1294.4361665585436,-313.23849823131064,,995.0,1294.1143490837999,-313.1251377368095,central,5.260000000000122,success,53.02734375,0.005,"(995, 484, -228)",995.0,484.0,-228.0,995.0,,484.0,-228.0
6874,realistic,3,x0y0,utah,5.072,6.6,Ab,saline,324.6876604368518,6.6,,b,-1,0.08,soma,58.911150026,-24.134940141902426,-632.5614844750489,695.7870700028302,,-24.0,-632.755322357514,695.5957492106081,none,0.0,success,105.0,0.005,"(-24, -162, 31)",-24.0,-162.0,31.0,,,,
6875,realistic,3,x0y0,utah,4.898000000000001,6.4,Ab,saline,53.386715544019715,6.4,,b,-1,0.08,soma,58.354972114000006,1675.8334450570928,822.7623141158466,488.7379653194125,,1676.0,822.5402680579541,488.575452684395,none,0.0,success,105.0,0.005,"(1676, 169, 3)",1676.0,169.0,3.0,,,,
6876,realistic,3,x0y0,utah,5.855,7.5,Ab,saline,88.13387946385531,7.5,,b,-1,0.08,soma,61.41395063,-1401.282390600943,399.7790992785431,58.27352422248623,,-1401.0,400.2991218273428,58.592047395269006,none,0.0,success,105.0,0.005,"(-1401, -415, 32)",-1401.0,-415.0,32.0,,,,
6877,realistic,3,x0y0,utah,4.811,6.3,Ab,saline,-14.40785354234846,6.3,,b,-1,0.08,soma,58.076883158,-1731.5315426820193,-439.7448996574408,1051.8963466677044,,-1732.0,-439.53276426485525,1051.3962306692615,none,0.0,success,105.0,0.005,"(-1732, -237, 263)",-1732.0,-237.0,263.0,,,,
6878,realistic,3,x0y0,utah,4.637,6.1,Ab,saline,77.1546251781451,6.1,,b,-1,0.08,soma,57.520705246000006,-1027.5435346388058,1226.4990885249256,390.5190471074516,,-1028.0,1226.4163438074252,390.89892638809295,periphery,5.200000000000113,success,55.06591796875,0.005,"(-1028, 433, 210)",-1028.0,433.0,210.0,-1028.0,,433.0,210.0
6879,realistic,3,x0y0,utah,6.029,7.7,Ab,saline,188.4906820800289,7.7,,b,-1,0.08,soma,61.970128542,-598.569548013123,-391.0428148615956,-1373.4461981556506,,-599.0,-391.43939548639963,-1373.0092285640194,none,0.0,success,105.0,0.005,"(-599, -271, -566)",-599.0,-271.0,-566.0,,,,
6880,realistic,3,x0y0,utah,6.638,8.4,Ab,saline,95.61263463184828,8.4,,b,-1,0.08,soma,63.916751233999996,257.73270065927693,396.79001924258233,-12.663412688826153,,258.0,397.0369754140386,-12.898529135342628,neck0,5.925000000000226,success,70.9228515625,0.005,"(258, -416, 67)",258.0,-416.0,67.0,258.0,,234.42958033123085,3.081176691725899
6881,realistic,3,x0y0,utah,5.072,6.6,Ab,saline,-4.705085517633695,6.6,,b,-1,0.08,soma,58.911150026,-315.9095419932753,33.352263835441136,986.4710402217364,,-316.0,33.21464284893399,986.6864260579559,none,0.0,success,105.0,0.005,"(-316, 100, 175)",-316.0,100.0,175.0,,,,
6882,realistic,3,x0y0,utah,5.768000000000001,7.4,Ab,saline,81.44242934735894,7.4,,b,-1,0.08,soma,61.135861674,588.1606943392645,619.0462614211148,60.64686307907506,,588.0,619.5151268047096,60.35650810854564,tjn,5.4400000000001505,success,76.3916015625,0.005,"(588, -187, -61)",588.0,-187.0,-61.0,588.0,,-187.0,-61.0
6883,realistic,3,x0y0,utah,5.072,6.6,Ab,saline,151.60977416307009,6.6,,b,-1,0.08,soma,58.911150026,-730.1868983547963,625.4085627637146,-1273.7069729439258,,-730.0,625.2736259186815,-1273.4765693389363,none,0.0,success,105.0,0.005,"(-730, 238, -557)",-730.0,238.0,-557.0,,,,
6884,realistic,3,x0y0,utah,6.638,8.4,Ab,saline,348.65907049873965,8.4,,b,-1,0.08,soma,63.916751233999996,798.0213893838278,-35.22220587590391,105.99566931623579,,798.0,-35.61401664630225,106.02768729246873,none,0.0,success,105.0,0.005,"(798, 125, -695)",798.0,125.0,-695.0,,,,
6885,realistic,3,x0y0,utah,4.724,6.2,Ab,saline,206.90715339716306,6.2,,b,-1,0.08,soma,57.798794201999996,-640.7529406809023,-556.7940426386194,-1097.4857536692994,,-641.0,-556.2894771882027,-1097.7540923949618,none,0.0,success,105.0,0.005,"(-641, -188, -372)",-641.0,-188.0,-372.0,,,,
6886,realistic,3,x0y0,utah,7.421000000000001,9.3,Ab,saline,114.91962897578536,9.3,,b,-1,0.08,soma,66.419551838,-713.2713624616931,249.2114316818588,-98.68741264800751,,-713.0,249.03444578094127,-98.7117785946748,none,0.0,success,105.0,0.005,"(-713, -493, 246)",-713.0,-493.0,246.0,,,,
6887,realistic,3,x0y0,utah,4.55,6.0,Ab,saline,7.2822885616985475,6.0,,b,-1,0.08,soma,57.24261629,-806.374957080412,342.6488537709456,1375.0907271728863,,-806.0,343.16718187278605,1375.0309755490257,none,0.0,success,105.0,0.005,"(-806, 240, 568)",-806.0,240.0,568.0,,,,
6888,realistic,3,x0y0,utah,4.55,6.0,Ab,saline,51.75100275840837,6.0,,b,-1,0.08,soma,57.24261629,1685.2313670588833,824.1692192536128,714.4302861301428,,1685.0,823.9368132862687,714.7129518725696,none,0.0,success,105.0,0.005,"(1685, 185, 211)",1685.0,185.0,211.0,,,,
6889,realistic,3,x0y0,utah,5.42,7.0,Ab,saline,58.682051500374186,7.0,,b,-1,0.08,soma,60.02350585000001,-912.0997309357844,1297.7040936118556,579.6595965045726,,-912.0,1297.2645405238277,579.6431091704151,periphery,5.18000000000011,success,25.7568359375,0.005,"(-912, 601, 156)",-912.0,601.0,156.0,-912.0,,601.0,156.0
6890,realistic,3,x0y0,utah,4.985,6.5,Ab,saline,190.73807876017142,6.5,,b,-1,0.08,soma,58.63306107,1774.8105852538888,-240.91758019130245,-1053.3259830300474,,1775.0,-240.70716963867054,-1053.0659912506376,none,0.0,success,105.0,0.005,"(1775, -89, -253)",1775.0,-89.0,-253.0,,,,
6891,realistic,3,x0y0,utah,7.334,9.2,Ab,saline,131.9665191309801,9.2,,b,-1,0.08,soma,66.141462882,650.6969084091418,394.741989420379,-318.44700299753134,,651.0,394.2355888263837,-318.0438981145968,none,0.0,success,105.0,0.005,"(651, -214, 229)",651.0,-214.0,229.0,,,,
6892,realistic,3,x0y0,utah,4.898000000000001,6.4,Ab,saline,186.40628087142943,6.4,,b,-1,0.08,soma,58.354972114000006,780.5851344127008,-140.37925678054398,-1421.4137428200218,,781.0,-140.8622074439612,-1421.1295856434467,none,0.0,success,105.0,0.005,"(781, -50, -612)",781.0,-50.0,-612.0,,,,
6893,realistic,3,x0y0,utah,7.16,9.0,Ab,saline,12.367938581916258,9.0,,b,-1,0.08,soma,65.58528497,-1205.540433049357,16.845212100950445,121.4313570057857,,-1206.0,17.171184020287058,121.81985317934823,none,0.0,success,105.0,0.005,"(-1206, -158, -677)",-1206.0,-158.0,-677.0,,,,
6894,realistic,3,x0y0,utah,5.072,6.6,Ab,saline,84.01393121097088,6.6,,b,-1,0.08,soma,58.911150026,-199.21797409347298,237.61340318727798,14.628188514359865,,-199.0,237.9760693504287,14.94771647385592,none,0.0,success,105.0,0.005,"(-199, -572, -70)",-199.0,-572.0,-70.0,,,,
6895,realistic,3,x0y0,utah,4.811,6.3,Ab,saline,183.806278211149,6.3,,b,-1,0.08,soma,58.076883158,273.17264830656603,55.05164879172753,-1464.1686722151953,,273.0,54.94784747915439,-1464.2475570075262,none,0.0,success,105.0,0.005,"(273, 109, -652)",273.0,109.0,-652.0,,,,
6896,realistic,3,x0y0,utah,5.159,6.7,Ab,saline,64.43698767324918,6.7,,b,-1,0.08,soma,59.189238982000006,-1272.3090576415068,273.91125952178345,165.27998933755225,,-1272.0,273.8458062428314,165.49757831036658,none,0.0,success,105.0,0.005,"(-1272, -461, -186)",-1272.0,-461.0,-186.0,,,,
6897,realistic,3,x0y0,utah,7.508000000000001,9.4,Ab,saline,42.269454572747065,9.4,,b,-1,0.08,soma,66.697640794,1258.738048854256,374.4542544490992,390.65091743496805,,1259.0,374.42141659902234,390.57812709378015,none,0.0,success,105.0,0.005,"(1259, -176, -215)",1259.0,-176.0,-215.0,,,,
6898,realistic,3,x0y0,utah,5.333,6.9,Ab,saline,67.23625539802715,6.9,,b,-1,0.08,soma,59.745416893999995,-135.27606781412427,512.5955611119754,273.5443780241726,,-135.0,512.3941244589788,273.2742508981444,none,0.0,success,105.0,0.005,"(-135, -239, -42)",-135.0,-239.0,-42.0,,,,
6899,realistic,3,x0y0,utah,5.159,6.7,Ab,saline,126.85499614273694,6.7,,b,-1,0.08,soma,59.189238982000006,901.3433749962896,346.1372805289034,-367.25129182978526,,901.0,345.8386145166984,-367.5938527707019,none,0.0,success,105.0,0.005,"(901, -306, 121)",901.0,-306.0,121.0,,,,
6900,realistic,3,x0y0,utah,5.159,6.7,Ab,saline,127.57604019202756,6.7,,b,-1,0.08,soma,59.189238982000006,418.1522007284816,1111.6082352220474,-937.9298277136912,,418.0,1111.5662359466178,-937.739798965612,central,5.355000000000137,success,105.0,0.005,"(418, 466, -441)",418.0,466.0,-441.0,418.0,,466.0,-441.0
6901,realistic,3,x0y0,utah,5.159,6.7,Ab,saline,-17.943273164220066,6.7,,b,-1,0.08,soma,59.189238982000006,88.96617825433006,-543.3774958436065,1118.7337153964472,,89.0,-542.9766022651771,1119.0053209837376,none,0.0,success,105.0,0.005,"(89, -292, 344)",89.0,-292.0,344.0,,,,
6902,realistic,3,x0y0,utah,5.42,7.0,Ab,saline,190.7026810349421,7.0,,b,-1,0.08,soma,60.02350585000001,1301.4056866375502,-283.9600668704452,-1154.801205046787,,1301.0,-284.3476825181725,-1154.8305484241052,none,0.0,success,105.0,0.005,"(1301, -133, -354)",1301.0,-133.0,-354.0,,,,
6903,realistic,3,x0y0,utah,6.986000000000001,8.8,Ab,saline,-26.72749523844569,8.8,,b,-1,0.08,soma,65.02910705800001,556.7028423835466,-442.69656171633636,1376.579186722993,,557.0,-442.6362947219914,1376.203999212103,none,0.0,success,105.0,0.005,"(557, -75, 646)",557.0,-75.0,646.0,,,,
6904,realistic,3,x0y0,utah,5.855,7.5,Ab,saline,96.38593924407525,7.5,,b,-1,0.08,soma,61.41395063,1711.2371093498869,540.8331586473055,-97.9150490728757,,1711.0,540.6495920680472,-97.70661565502802,none,0.0,success,105.0,0.005,"(1711, -270, -7)",1711.0,-270.0,-7.0,,,,
6905,realistic,3,x0y0,utah,5.942,7.6,Ab,saline,118.91254249851114,7.6,,b,-1,0.08,soma,61.69203958600001,-665.5369086871339,214.47326974968792,-134.3987334283338,,-666.0,214.19160572679232,-134.46155056991557,none,0.0,success,105.0,0.005,"(-666, -500, 260)",-666.0,-500.0,260.0,,,,
6906,realistic,3,x0y0,utah,5.594,7.2,Ab,saline,132.072084430874,7.2,,b,-1,0.08,soma,60.579683761999995,1655.2513629308896,408.6412769495437,-423.89636157983483,,1655.0,408.18964962826635,-424.3257230444582,none,0.0,success,105.0,0.005,"(1655, -197, 122)",1655.0,-197.0,122.0,,,,
6907,realistic,3,x0y0,utah,5.2459999999999996,6.8,Ab,saline,87.42995767885367,6.8,,b,-1,0.08,soma,59.467327938000004,-826.4848322664383,1154.6972962796408,56.70122554700674,,-826.0,1154.9189303050312,56.50006814581121,periphery,5.215000000000115,success,63.525390625,0.005,"(-826, 341, 20)",-826.0,341.0,20.0,-826.0,,341.0,20.0
6908,realistic,3,x0y0,utah,4.724,6.2,Ab,saline,34.09317198069109,6.2,,b,-1,0.08,soma,57.798794201999996,25.780259229874808,748.2131089443169,1261.5584414935229,,26.0,748.1906120751106,1261.9900907393383,none,0.0,success,105.0,0.005,"(26, 292, 588)",26.0,292.0,588.0,,,,
6909,realistic,3,x0y0,utah,7.073,8.9,Ab,saline,342.10920302505747,8.9,,b,-1,0.08,soma,65.307196014,-1600.7631376188406,-44.18718989190256,110.4935248198576,,-1601.0,-44.18318530775045,110.07916386346142,none,0.0,success,105.0,0.005,"(-1601, 207, -668)",-1601.0,207.0,-668.0,,,,
6910,realistic,3,x0y0,utah,4.637,6.1,Ab,saline,22.71036358281889,6.1,,b,-1,0.08,soma,57.520705246000006,-163.70861285589262,588.9519665393218,1263.1055730766202,,-164.0,589.1928721477404,1262.6939252947177,none,0.0,success,105.0,0.005,"(-164, 275, 512)",-164.0,275.0,512.0,,,,
6911,realistic,3,x0y0,utah,4.985,6.5,Ab,saline,98.45371950482183,6.5,,b,-1,0.08,soma,58.63306107,63.42831220381417,1420.8735157562976,-338.740963813103,,63.0,1420.4404803521688,-338.70452998864505,tjn,5.160000000000107,success,30.3955078125,0.005,"(63, 615, -219)",63.0,615.0,-219.0,63.0,,615.0,-219.0
6912,realistic,3,x0y0,utah,4.985,6.5,Ab,saline,157.10469293476882,6.5,,b,-1,0.08,soma,58.63306107,-1108.5164601579027,688.6748705719293,-1160.4742352451449,,-1109.0,688.769130378115,-1160.148387928842,none,0.0,success,105.0,0.005,"(-1109, 372, -410)",-1109.0,372.0,-410.0,,,,
6913,realistic,3,x0y0,utah,5.507,7.1,Ab,saline,83.47634149520081,7.1,,b,-1,0.08,soma,60.301594806000004,308.5315501684274,1268.6769947175853,259.66563627476717,,309.0,1268.852317219881,259.60113058498087,central,5.1650000000001075,success,36.907958984375,0.005,"(309, 459, 167)",309.0,459.0,167.0,309.0,,459.0,167.0
6914,realistic,3,x0y0,utah,8.291,10.3,Ab,saline,325.91639135409883,10.3,,b,-1,0.08,soma,69.20044139800001,-695.7258550398924,-77.03287875470414,112.89612777049206,,-696.0,-77.30396367971974,112.79290278291205,none,0.0,success,105.0,0.005,"(-696, 382, -566)",-696.0,382.0,-566.0,,,,
6915,realistic,3,x0y0,utah,4.811,6.3,Ab,saline,22.50710735158691,6.3,,b,-1,0.08,soma,58.076883158,1984.1656893844088,226.25309500147927,999.3777299387584,,1984.0,226.61391543644123,999.0087123306803,none,0.0,success,105.0,0.005,"(1984, -85, 247)",1984.0,-85.0,247.0,,,,
6916,realistic,3,x0y0,utah,5.2459999999999996,6.8,Ab,saline,23.931346702611275,6.8,,b,-1,0.08,soma,59.467327938000004,531.8351423831173,631.9862557596795,1303.4133258783913,,532.0,631.4559741058265,1303.6665688676662,none,0.0,success,105.0,0.005,"(532, 301, 559)",532.0,301.0,559.0,,,,
6917,realistic,3,x0y0,utah,6.811999999999999,8.6,Ab,saline,58.63450339406796,8.6,,b,-1,0.08,soma,64.472929146,653.1221201140831,185.06875199838902,102.57596860645344,,653.0,184.8382170988848,102.37157981024654,none,0.0,success,105.0,0.005,"(653, -513, -323)",653.0,-513.0,-323.0,,,,
6918,realistic,3,x0y0,utah,4.898000000000001,6.4,Ab,saline,156.29594826502893,6.4,,b,-1,0.08,soma,58.354972114000006,402.4621731434137,614.5101686962353,-1275.3374213072884,,402.0,614.2993493949141,-1275.4609062337895,none,0.0,success,105.0,0.005,"(402, 287, -530)",402.0,287.0,-530.0,,,,
6919,realistic,3,x0y0,utah,6.638,8.4,Ab,saline,-20.86969579483597,8.4,,b,-1,0.08,soma,63.916751233999996,45.90422699952734,-668.7956336995338,1167.5214071415894,,46.0,-669.0005733947755,1167.3659061765252,none,0.0,success,105.0,0.005,"(46, -378, 404)",46.0,-378.0,404.0,,,,
6920,realistic,3,x0y0,utah,5.072,6.6,Ab,saline,30.66165240510612,6.6,,b,-1,0.08,soma,58.911150026,574.0563108841028,927.0178705578346,1117.8993969186586,,574.0,927.3723432566301,1117.5946856261826,central,5.200000000000113,success,94.775390625,0.005,"(574, 512, 417)",574.0,512.0,417.0,574.0,,512.0,417.0
6921,realistic,3,x0y0,utah,5.768000000000001,7.4,Ab,saline,160.6941318653884,7.4,,b,-1,0.08,soma,61.135861674,217.11443234846882,308.1303000119356,-1416.873534557931,,217.0,307.6267579347123,-1416.733013123961,none,0.0,success,105.0,0.005,"(217, 38, -647)",217.0,38.0,-647.0,,,,
6922,realistic,3,x0y0,utah,6.029,7.7,Ab,saline,92.66882336948757,7.7,,b,-1,0.08,soma,61.970128542,-1875.4478146274307,491.18275530808205,0.34823797757508146,,-1875.0,491.0874807003022,-0.024903995028616066,none,0.0,success,105.0,0.005,"(-1875, -324, 38)",-1875.0,-324.0,38.0,,,,
6923,realistic,3,x0y0,utah,4.724,6.2,Ab,saline,-7.66682342524129,6.2,,b,-1,0.08,soma,57.798794201999996,-1530.2150406554456,-118.24987703745545,1166.8438031702271,,-1530.0,-118.57417957327343,1166.6556924668012,none,0.0,success,105.0,0.005,"(-1530, -10, 360)",-1530.0,-10.0,360.0,,,,
6924,realistic,3,x0y0,utah,4.724,6.2,Ab,saline,78.68725302581255,6.2,,b,-1,0.08,soma,57.798794201999996,75.80697645454217,1456.3575553941864,158.20944716428357,,76.0,1456.1097487972409,158.68706171121624,tjn,5.090000000000096,success,4.77447509765625,0.005,"(76, 658, -1)",76.0,658.0,-1.0,76.0,,658.0,-1.0
6925,realistic,3,x0y0,utah,5.072,6.6,Ab,saline,17.53279216019094,6.6,,b,-1,0.08,soma,58.911150026,-1299.8178615709082,312.40747966023173,1262.8419782051233,,-1300.0,312.39546475141697,1262.5833907748956,none,0.0,success,105.0,0.005,"(-1300, 67, 486)",-1300.0,67.0,486.0,,,,
6926,realistic,3,x0y0,utah,5.681,7.3,Ab,saline,144.22548027176217,7.3,,b,-1,0.08,soma,60.857772718,436.2496821046855,330.3747609858142,-537.2495310154568,,436.0,330.69972696547154,-537.5574555030569,none,0.0,success,105.0,0.005,"(436, -146, 124)",436.0,-146.0,124.0,,,,
6927,realistic,3,x0y0,utah,6.029,7.7,Ab,saline,198.89135257575862,7.7,,b,-1,0.08,soma,61.970128542,394.10505672464285,-33.460823308859744,-125.4639402442126,,394.0,-33.21596381094986,-125.00346930679336,none,0.0,success,105.0,0.005,"(394, 231, 647)",394.0,231.0,647.0,,,,
6928,realistic,3,x0y0,utah,5.333,6.9,Ab,saline,156.75726627400584,6.9,,b,-1,0.08,soma,59.745416893999995,313.7047919535292,408.6930034110545,-1389.7379222251354,,314.0,408.54877075318626,-1389.7050445211037,none,0.0,success,105.0,0.005,"(314, 87, -641)",314.0,87.0,-641.0,,,,
6929,realistic,3,x0y0,utah,6.203,7.9,Ab,saline,86.97700137541572,7.9,,b,-1,0.08,soma,62.52630645400001,1295.0910297649655,493.9090665564164,29.11927549616485,,1295.0,494.1203848124825,29.01706817506291,none,0.0,success,105.0,0.005,"(1295, -321, -14)",1295.0,-321.0,-14.0,,,,
6930,realistic,3,x0y0,utah,4.811,6.3,Ab,saline,140.2905954515517,6.3,,b,-1,0.08,soma,58.076883158,-1483.919260883072,748.1752030112268,-675.6861708718343,,-1484.0,748.0891603248232,-675.2397731067248,none,0.0,success,105.0,0.005,"(-1484, 228, -49)",-1484.0,228.0,-49.0,,,,
6931,realistic,3,x0y0,utah,4.55,6.0,Ab,saline,181.33374521048526,6.0,,b,-1,0.08,soma,57.24261629,1225.3066365988655,-138.8661915509092,-1356.1193919951456,,1225.0,-138.9573764797785,-1356.3772217525568,none,0.0,success,105.0,0.005,"(1225, -120, -543)",1225.0,-120.0,-543.0,,,,
6932,realistic,3,x0y0,utah,6.377,8.1,Ab,saline,28.428258494331413,8.1,,b,-1,0.08,soma,63.082484366,-1287.568295548139,355.4038819523616,939.7460242056324,,-1288.0,355.7552854033264,940.0663683757303,none,0.0,success,105.0,0.005,"(-1288, -33, 222)",-1288.0,-33.0,222.0,,,,
6933,realistic,3,x0y0,utah,4.898000000000001,6.4,Ab,saline,55.89041382463454,6.4,,b,-1,0.08,soma,58.354972114000006,111.48260138591849,1308.6388881774135,650.5086616714698,,111.0,1309.1389584551962,650.5907341807657,tjn,5.145000000000104,success,25.341796875,0.005,"(111, 635, 194)",111.0,635.0,194.0,111.0,,635.0,194.0
6934,realistic,3,x0y0,utah,4.898000000000001,6.4,Ab,saline,167.2747246405109,6.4,,b,-1,0.08,soma,58.354972114000006,-1308.3365514502254,21.40377682906319,-72.08553807842326,,-1308.0,21.36330017835715,-72.14871989999801,none,0.0,success,105.0,0.005,"(-1308, -158, 722)",-1308.0,-158.0,722.0,,,,
6935,realistic,3,x0y0,utah,4.724,6.2,Ab,saline,38.349252118830826,6.2,,b,-1,0.08,soma,57.798794201999996,-388.2537530229826,928.1740430845607,1126.6797630062238,,-388.0,928.0245759011707,1126.2599072066043,none,0.0,success,105.0,0.005,"(-388, 423, 488)",-388.0,423.0,488.0,,,,
6936,realistic,3,x0y0,utah,5.768000000000001,7.4,Ab,saline,262.90654575631845,7.4,,b,-1,0.08,soma,61.135861674,-1239.2991788314293,-208.71072150140117,-5.703009351806941,,-1239.0,-208.2880577695554,-5.722639458369528,periphery,5.145000000000104,success,11.846923828125,0.005,"(-1239, 601, 95)",-1239.0,601.0,95.0,-1239.0,,601.0,95.0
6937,realistic,3,x0y0,utah,5.2459999999999996,6.8,Ab,saline,-12.501267040933314,6.8,,b,-1,0.08,soma,59.467327938000004,1672.6866980662617,-285.9403111986453,1073.5873713833353,,1673.0,-286.3898382492886,1073.424476132935,none,0.0,success,105.0,0.005,"(1673, -110, 278)",1673.0,-110.0,278.0,,,,
6938,realistic,3,x0y0,utah,5.942,7.6,Ab,saline,102.77972786564965,7.6,,b,-1,0.08,soma,61.69203958600001,959.3285805124916,431.0120755801763,-128.33317185972783,,959.0,430.6130385021338,-128.46513957821165,none,0.0,success,105.0,0.005,"(959, -365, 52)",959.0,-365.0,52.0,,,,
6939,realistic,3,x0y0,utah,6.551000000000001,8.3,Ab,saline,270.61895980482865,8.3,,b,-1,0.08,soma,63.63866227800001,1493.7383206218576,-135.55464160019437,25.37476010481123,,1494.0,-135.7376492058862,25.821648776301203,central,5.185000000000111,success,20.7733154296875,0.005,"(1494, 681, 17)",1494.0,681.0,17.0,1494.0,,681.0,17.0
6940,realistic,3,x0y0,utah,5.159,6.7,Ab,saline,160.22041210701232,6.7,,b,-1,0.08,soma,59.189238982000006,624.707463171233,686.0561828264746,-1219.248496160234,,625.0,685.6588192357544,-1219.5335369410313,none,0.0,success,105.0,0.005,"(625, 410, -453)",625.0,410.0,-453.0,,,,
6941,realistic,3,x0y0,utah,4.55,6.0,Ab,saline,98.96127189069384,6.0,,b,-1,0.08,soma,57.24261629,1036.0663426053652,1341.056936108559,-198.39049735222443,,1036.0,1340.6951281856313,-198.76219980899106,central,5.200000000000113,success,15.49072265625,0.005,"(1036, 537, -72)",1036.0,537.0,-72.0,1036.0,,537.0,-72.0
6942,realistic,3,x0y0,utah,5.072,6.6,Ab,saline,67.51027363755385,6.6,,b,-1,0.08,soma,58.911150026,-269.878983427974,1271.1055535731787,708.8021253710176,,-270.0,1271.4755057545108,708.5292574424725,tjn,5.195000000000112,success,87.78076171875,0.005,"(-270, 519, 397)",-270.0,519.0,397.0,-270.0,,519.0,397.0
6943,realistic,3,x0y0,utah,5.855,7.5,Ab,saline,189.12692092773037,7.5,,b,-1,0.08,soma,61.41395063,1277.212408004592,-20.366014797999927,-1372.5688296082433,,1277.0,-20.37112628495902,-1372.3474967284997,none,0.0,success,105.0,0.005,"(1277, 109, -567)",1277.0,109.0,-567.0,,,,
6944,realistic,3,x0y0,utah,8.03,10.0,Ab,saline,185.5606095083331,10.0,,b,-1,0.08,soma,68.36617453,-1288.2419896996455,-13.630442410602882,-126.28710105205164,,-1288.0,-13.37884115597852,-126.33292675485461,none,0.0,success,105.0,0.005,"(-1288, 66, 689)",-1288.0,66.0,689.0,,,,
6945,realistic,3,x0y0,utah,6.551000000000001,8.3,Ab,saline,-3.2198263704760715,8.3,,b,-1,0.08,soma,63.63866227800001,147.37113321072482,68.07739722898259,1464.5151581737134,,147.0,68.09475358998819,1464.5124202091777,none,0.0,success,105.0,0.005,"(147, 114, 649)",147.0,114.0,649.0,,,,
6946,realistic,3,x0y0,utah,5.42,7.0,Ab,saline,165.0567766213249,7.0,,b,-1,0.08,soma,60.02350585000001,518.7525924766576,528.5318991473563,-1333.58376987235,,519.0,528.1915310793576,-1333.4643556761353,none,0.0,success,105.0,0.005,"(519, 318, -546)",519.0,318.0,-546.0,,,,
6947,realistic,3,x0y0,utah,5.594,7.2,Ab,saline,113.8918581080047,7.2,,b,-1,0.08,soma,60.579683761999995,965.5644918415132,128.46743006307182,-62.03262052903574,,966.0,128.41950243179838,-62.19238596180509,none,0.0,success,105.0,0.005,"(966, -617, 268)",966.0,-617.0,268.0,,,,
6948,realistic,3,x0y0,utah,4.724,6.2,Ab,saline,-27.00647996591572,6.2,,b,-1,0.08,soma,57.798794201999996,1148.3171335277154,-528.0834369643112,1175.7118252260552,,1148.0,-527.5917162235642,1176.1843628169913,none,0.0,success,105.0,0.005,"(1148, -158, 451)",1148.0,-158.0,451.0,,,,
6949,realistic,3,x0y0,utah,5.2459999999999996,6.8,Ab,saline,113.04816993297656,6.8,,b,-1,0.08,soma,59.467327938000004,-944.0070959972796,515.4975217146243,-186.75498156930283,,-944.0,515.7179175842741,-186.9682294438636,none,0.0,success,105.0,0.005,"(-944, -234, 132)",-944.0,-234.0,132.0,,,,
6950,realistic,3,x0y0,utah,6.116,7.8,Ab,saline,154.67866524446046,7.8,,b,-1,0.08,soma,62.248217498,840.2025442630774,59.487094112686,-127.8617527181732,,840.0,59.05628131194743,-127.69458189822137,none,0.0,success,105.0,0.005,"(840, -290, 610)",840.0,-290.0,610.0,,,,
6951,realistic,3,x0y0,utah,4.55,6.0,Ab,saline,84.04950691186677,6.0,,b,-1,0.08,soma,57.24261629,963.2785871185353,1091.7161795401967,271.8157110494899,,963.0,1091.2277530810175,271.37252965463654,none,0.0,success,105.0,0.005,"(963, 282, 187)",963.0,282.0,187.0,,,,
6952,realistic,3,x0y0,utah,4.985,6.5,Ab,saline,165.27097683458382,6.5,,b,-1,0.08,soma,58.63306107,115.8366209317132,259.36458474892703,-1445.6845315986789,,116.0,258.999262061997,-1445.5255166803986,none,0.0,success,105.0,0.005,"(116, 52, -658)",116.0,52.0,-658.0,,,,
6953,realistic,3,x0y0,utah,4.724,6.2,Ab,saline,95.91601707767231,6.2,,b,-1,0.08,soma,57.798794201999996,1839.5897067448086,228.76970330783115,-52.358438339124405,,1840.0,228.5857302963649,-51.91302784111312,none,0.0,success,105.0,0.005,"(1840, -581, 32)",1840.0,-581.0,32.0,,,,
6954,realistic,3,x0y0,utah,4.724,6.2,Ab,saline,169.11022462015578,6.2,,b,-1,0.08,soma,57.798794201999996,-436.79631039436464,308.2912519982492,-1408.6794441535046,,-437.0,308.74559611237896,-1408.2492079531821,none,0.0,success,105.0,0.005,"(-437, 155, -609)",-437.0,155.0,-609.0,,,,
6955,realistic,3,x0y0,utah,4.898000000000001,6.4,Ab,saline,66.31575345850769,6.4,,b,-1,0.08,soma,58.354972114000006,-1502.418274491342,1131.0489878397036,616.1715830722114,,-1502.0,1130.6237417310008,616.0550961490969,periphery,5.24500000000012,success,95.361328125,0.005,"(-1502, 385, 289)",-1502.0,385.0,289.0,-1502.0,,385.0,289.0
6956,realistic,3,x0y0,utah,4.985,6.5,Ab,saline,127.74706740011385,6.5,,b,-1,0.08,soma,58.63306107,-1785.0870638185943,857.0479073303712,-890.9897315228744,,-1785.0,856.8800806940246,-890.5245799935271,none,0.0,success,105.0,0.005,"(-1785, 213, -392)",-1785.0,213.0,-392.0,,,,
6957,realistic,3,x0y0,utah,7.856,9.8,Ab,saline,58.44186267662728,9.8,,b,-1,0.08,soma,67.809996618,1533.8945329036167,481.474330521172,273.0277457592297,,1534.0,481.7889490590991,272.6148761149307,none,0.0,success,105.0,0.005,"(1534, -216, -156)",1534.0,-216.0,-156.0,,,,
6958,realistic,3,x0y0,utah,6.029,7.7,Ab,saline,102.2714483134703,7.7,,b,-1,0.08,soma,61.970128542,-195.88766118052536,1393.2896941933725,-410.5215719022831,,-196.0,1393.3806048056215,-410.39682615758755,tjn,5.155000000000106,success,35.0494384765625,0.005,"(-196, 596, -237)",-196.0,596.0,-237.0,-196.0,,596.0,-237.0
6959,realistic,3,x0y0,utah,5.768000000000001,7.4,Ab,saline,-4.7249570957404545,7.4,,b,-1,0.08,soma,61.135861674,-1090.9390718787424,-263.1181081720092,1366.0695216789736,,-1091.0,-263.2027975009688,1365.7949998721547,none,0.0,success,105.0,0.005,"(-1091, -196, 553)",-1091.0,-196.0,553.0,,,,
6960,realistic,3,x0y0,utah,5.855,7.5,Ab,saline,68.36404988663541,7.5,,b,-1,0.08,soma,61.41395063,1646.183622926219,238.71986446049823,128.43317224916518,,1646.0,238.19963355529273,128.75116179864062,none,0.0,success,105.0,0.005,"(1646, -520, -172)",1646.0,-520.0,-172.0,,,,
6961,realistic,3,x0y0,utah,5.159,6.7,Ab,saline,-15.091181724095,6.7,,b,-1,0.08,soma,59.189238982000006,-21.192940437342546,-515.0221553752435,1358.3079080774432,,-21.0,-515.1204389154565,1358.4911051185609,none,0.0,success,105.0,0.005,"(-21, -303, 572)",-21.0,-303.0,572.0,,,,
6962,realistic,3,x0y0,utah,4.637,6.1,Ab,saline,165.48815985207938,6.1,,b,-1,0.08,soma,57.520705246000006,-22.28772671623269,380.7446626544132,-1244.0706212920554,,-22.0,380.92834436732386,-1243.8013973743264,none,0.0,success,105.0,0.005,"(-22, 177, -456)",-22.0,177.0,-456.0,,,,
6963,realistic,3,x0y0,utah,10.118,12.4,Ab,saline,108.37295055895105,12.4,,b,-1,0.08,soma,75.040309474,-12.644857107046768,426.2602681664157,-211.279366589928,,-13.0,426.5716268454132,-211.25835277310244,tjn,5.37500000000014,success,105.0,0.005,"(-13, -354, 48)",-13.0,-354.0,48.0,-13.0,,-354.0,48.0
6964,realistic,3,x0y0,utah,5.333,6.9,Ab,saline,207.87102570722325,6.9,,b,-1,0.08,soma,59.745416893999995,1376.783346082152,-455.67119970878593,-943.864813783302,,1377.0,-455.9529911989726,-944.3474742671482,none,0.0,success,105.0,0.005,"(1377, -75, -224)",1377.0,-75.0,-224.0,,,,
6965,realistic,3,x0y0,utah,6.203,7.9,Ab,saline,73.85217157883302,7.9,,b,-1,0.08,soma,62.52630645400001,376.07538933445375,1330.5274110600405,499.6628785004182,,376.0,1330.0207586745337,500.00278291242876,central,5.1650000000001075,success,47.6806640625,0.005,"(376, 546, 273)",376.0,546.0,273.0,376.0,,546.0,273.0
6966,realistic,3,x0y0,utah,4.811,6.3,Ab,saline,94.15534381853935,6.3,,b,-1,0.08,soma,58.076883158,-62.51430770497879,1303.8037972719212,-169.9412300736899,,-63.0,1303.9219416308947,-170.0177870144775,tjn,5.140000000000104,success,20.7733154296875,0.005,"(-63, 492, -111)",-63.0,492.0,-111.0,-63.0,,492.0,-111.0
6967,realistic,3,x0y0,utah,7.334,9.2,Ab,saline,10.644804801997736,9.2,,b,-1,0.08,soma,66.141462882,-855.0233826337237,115.1658392535205,1413.0296110709005,,-855.0,115.09766409715274,1412.999914860215,none,0.0,success,105.0,0.005,"(-855, -36, 609)",-855.0,-36.0,609.0,,,,
6968,realistic,3,x0y0,utah,7.16,9.0,Ab,saline,98.92540758169584,9.0,,b,-1,0.08,soma,65.58528497,-1989.368264932931,571.9922014262247,-46.73461256594236,,-1989.0,571.8973515109317,-46.83963884942352,none,0.0,success,105.0,0.005,"(-1989, -236, 80)",-1989.0,-236.0,80.0,,,,
6969,realistic,3,x0y0,utah,6.898999999999999,8.7,Ab,saline,-18.296423517083774,8.7,,b,-1,0.08,soma,64.751018102,-529.6471580857478,-586.5170005831965,1273.6036988497308,,-530.0,-586.574172291109,1274.0163082930196,none,0.0,success,105.0,0.005,"(-530, -330, 498)",-530.0,-330.0,498.0,,,,
6970,realistic,3,x0y0,utah,5.594,7.2,Ab,saline,122.82733592914394,7.2,,b,-1,0.08,soma,60.579683761999995,1446.4727259386345,734.9702879812671,-574.7775154552191,,1446.0,735.0880541326045,-574.9686232836902,none,0.0,success,105.0,0.005,"(1446, 50, -133)",1446.0,50.0,-133.0,,,,
6971,realistic,3,x0y0,utah,4.811,6.3,Ab,saline,78.75828841528016,6.3,,b,-1,0.08,soma,58.076883158,-412.95483031160575,1440.230632670473,99.77176741929908,,-413.0,1440.4089035006832,99.65609226374713,periphery,5.105000000000098,success,7.84912109375,0.005,"(-413, 642, -59)",-413.0,642.0,-59.0,-413.0,,642.0,-59.0
6972,realistic,3,x0y0,utah,4.637,6.1,Ab,saline,98.33584697157602,6.1,,b,-1,0.08,soma,57.520705246000006,-603.9128185349392,448.12332132763777,-44.3764066560061,,-604.0,448.13449288519644,-43.99525113033502,none,0.0,success,105.0,0.005,"(-604, -357, 74)",-604.0,-357.0,74.0,,,,
6973,realistic,3,x0y0,utah,4.811,6.3,Ab,saline,21.062522326533106,6.3,,b,-1,0.08,soma,58.076883158,-1523.3468679321072,349.1277639811087,1060.8344126180425,,-1523.0,349.56541590349264,1060.660673681523,none,0.0,success,105.0,0.005,"(-1523, 57, 301)",-1523.0,57.0,301.0,,,,
6974,realistic,3,x0y0,utah,9.335,11.5,Ab,saline,129.8663405627477,11.5,,b,-1,0.08,soma,72.53750887,1407.8657210972876,327.9360083946749,-286.8432556857265,,1408.0,328.32376902886267,-286.4332715928351,none,0.0,success,105.0,0.005,"(1408, -302, 240)",1408.0,-302.0,240.0,,,,
6975,realistic,3,x0y0,utah,4.724,6.2,Ab,saline,128.80222890487622,6.2,,b,-1,0.08,soma,57.798794201999996,1736.0532732874615,671.0180049073132,-611.405115693316,,1736.0,671.2718001608094,-610.9893622234868,none,0.0,success,105.0,0.005,"(1736, 37, -101)",1736.0,37.0,-101.0,,,,
6976,realistic,3,x0y0,utah,5.594,7.2,Ab,saline,73.172625542861,7.2,,b,-1,0.08,soma,60.579683761999995,-1545.085457943909,403.66922446880204,162.1455707777441,,-1545.0,403.3954366484934,162.02640922454952,none,0.0,success,105.0,0.005,"(-1545, -377, -74)",-1545.0,-377.0,-74.0,,,,
6977,realistic,3,x0y0,utah,4.985,6.5,Ab,saline,82.70073742591774,6.5,,b,-1,0.08,soma,58.63306107,1693.0788324165985,1127.6559718312926,182.02053475915818,,1693.0,1127.7205666376667,182.4996310309985,none,0.0,success,105.0,0.005,"(1693, 320, 79)",1693.0,320.0,79.0,,,,
6978,realistic,3,x0y0,utah,6.029,7.7,Ab,saline,169.31369443771186,7.7,,b,-1,0.08,soma,61.970128542,-1807.852874151593,232.1322462218086,-1084.2687939137309,,-1808.0,232.28363091584345,-1083.868522659112,none,0.0,success,105.0,0.005,"(-1808, 81, -282)",-1808.0,81.0,-282.0,,,,
6979,realistic,3,x0y0,utah,4.724,6.2,Ab,saline,-26.18215898133275,6.2,,b,-1,0.08,soma,57.798794201999996,-68.64212777574717,-481.0146188325025,1384.217085377971,,-69.0,-481.0924140009613,1384.3933189584377,none,0.0,success,105.0,0.005,"(-69, -122, 654)",-69.0,-122.0,654.0,,,,
6980,realistic,3,x0y0,utah,4.811,6.3,Ab,saline,120.64652264949923,6.3,,b,-1,0.08,soma,58.076883158,-1415.479563097831,903.594414289816,-341.4661074076112,,-1415.0,903.3172712904138,-341.91539367281644,none,0.0,success,105.0,0.005,"(-1415, 203, 73)",-1415.0,203.0,73.0,,,,
6981,realistic,3,x0y0,utah,5.333,6.9,Ab,saline,-19.501802323017984,6.9,,b,-1,0.08,soma,59.745416893999995,167.36305913990734,-631.0295700617175,1131.8905144248565,,167.0,-631.0045100796086,1132.0990149821423,none,0.0,success,105.0,0.005,"(167, -359, 364)",167.0,-359.0,364.0,,,,
6982,realistic,3,x0y0,utah,5.072,6.6,Ab,saline,76.5616894708181,6.6,,b,-1,0.08,soma,58.911150026,-1008.0924362036568,773.0622100395899,95.84485140233843,,-1008.0,773.139492257644,96.27947563302124,none,0.0,success,105.0,0.005,"(-1008, -19, -93)",-1008.0,-19.0,-93.0,,,,
6983,realistic,3,x0y0,utah,5.072,6.6,Ab,saline,191.3859448452115,6.6,,b,-1,0.08,soma,58.911150026,963.7871428996916,-157.42919742118374,-1378.4692287505718,,964.0,-157.77353050756622,-1378.4108001852442,none,0.0,success,105.0,0.005,"(964, 3, -580)",964.0,3.0,-580.0,,,,
6984,realistic,3,x0y0,utah,4.55,6.0,Ab,saline,-10.07282587575792,6.0,,b,-1,0.08,soma,57.24261629,1913.0854446678827,-196.1832948944666,1014.3524520067696,,1913.0,-196.30236679456056,1014.0915399995673,none,0.0,success,105.0,0.005,"(1913, -54, 213)",1913.0,-54.0,213.0,,,,
6985,realistic,3,x0y0,utah,6.898999999999999,8.7,Ab,saline,54.403778173412036,8.7,,b,-1,0.08,soma,64.751018102,-862.0633569038357,181.6583247211779,103.42386966897402,,-862.0,181.60802640936834,103.79428381858719,none,0.0,success,105.0,0.005,"(-862, -483, -372)",-862.0,-483.0,-372.0,,,,
6986,realistic,3,x0y0,utah,6.551000000000001,8.3,Ab,saline,-13.351372613478295,8.3,,b,-1,0.08,soma,63.63866227800001,-1613.0621484160074,-393.8711938807292,1013.2472655971224,,-1613.0,-393.6035835599952,1013.7652091982471,none,0.0,success,105.0,0.005,"(-1613, -205, 219)",-1613.0,-205.0,219.0,,,,
6987,realistic,3,x0y0,utah,4.811,6.3,Ab,saline,100.9921417722686,6.3,,b,-1,0.08,soma,58.076883158,1249.338279637243,360.84758552604217,-96.17055945430413,,1249.0,361.14153809810443,-96.23713080911534,none,0.0,success,105.0,0.005,"(1249, -438, 59)",1249.0,-438.0,59.0,,,,
6988,realistic,3,x0y0,utah,4.637,6.1,Ab,saline,58.36651166746033,6.1,,b,-1,0.08,soma,57.520705246000006,1705.7038615150846,792.2355465167866,608.8313610805362,,1706.0,791.8355642232225,608.8173049507636,none,0.0,success,105.0,0.005,"(1706, 99, 182)",1706.0,99.0,182.0,,,,
6989,realistic,3,x0y0,utah,4.637,6.1,Ab,saline,49.08105657547556,6.1,,b,-1,0.08,soma,57.520705246000006,295.40675564896725,1151.4334854435574,749.0487155782797,,295.0,1151.877322441939,749.0130309680652,central,5.1650000000001075,success,36.907958984375,0.005,"(295, 537, 216)",295.0,537.0,216.0,295.0,,537.0,216.0
6990,realistic,3,x0y0,utah,5.159,6.7,Ab,saline,260.0871085762529,6.7,,b,-1,0.08,soma,59.189238982000006,-624.9997717291751,-255.06431801151714,-11.718477948080366,,-625.0,-255.45715966058435,-11.27319347635023,periphery,5.145000000000104,success,22.796630859375,0.005,"(-625, 547, 129)",-625.0,547.0,129.0,-625.0,,547.0,129.0
6991,realistic,3,x0y0,utah,5.42,7.0,Ab,saline,61.66966755164203,7.0,,b,-1,0.08,soma,60.02350585000001,-160.7148020849411,369.0217937837024,156.77522698589246,,-161.0,369.3733449245851,156.8045779382051,none,0.0,success,105.0,0.005,"(-161, -348, -230)",-161.0,-348.0,-230.0,,,,
6992,realistic,3,x0y0,utah,4.55,6.0,Ab,saline,-2.454323859514337,6.0,,b,-1,0.08,soma,57.24261629,1170.4062057156552,-25.959221961406907,1386.5008737517335,,1170.0,-25.822991988606013,1386.8890489676696,none,0.0,success,105.0,0.005,"(1170, 9, 574)",1170.0,9.0,574.0,,,,
6993,realistic,3,x0y0,utah,6.029,7.7,Ab,saline,112.01193798846079,7.7,,b,-1,0.08,soma,61.970128542,-354.3342826759456,290.077520472571,-130.70971441884376,,-354.0,290.49975308564444,-130.8312020887709,none,0.0,success,105.0,0.005,"(-354, -466, 175)",-354.0,-466.0,175.0,,,,
6994,realistic,3,x0y0,utah,4.724,6.2,Ab,saline,182.61617999339882,6.2,,b,-1,0.08,soma,57.798794201999996,53.758768288877604,-290.60343550570997,-1397.5000853415054,,54.0,-290.1138125078056,-1397.0854977038994,none,0.0,success,105.0,0.005,"(54, -253, -584)",54.0,-253.0,-584.0,,,,
6995,realistic,3,x0y0,utah,4.811,6.3,Ab,saline,68.96697996340708,6.3,,b,-1,0.08,soma,58.076883158,1765.286101466153,957.1523045609732,335.7303595102012,,1765.0,956.8234813698388,336.15839668270314,none,0.0,success,105.0,0.005,"(1765, 197, 44)",1765.0,197.0,44.0,,,,
6996,realistic,3,x0y0,utah,7.16,9.0,Ab,saline,259.80459199225703,9.0,,b,-1,0.08,soma,65.58528497,673.7971519120354,-119.50819435410904,-20.521264917128974,,674.0,-119.87151873373716,-20.749297719845032,central,5.1650000000001075,success,29.095458984375,0.005,"(674, 685, 124)",674.0,685.0,124.0,674.0,,685.0,124.0
6997,realistic,3,x0y0,utah,5.333,6.9,Ab,saline,20.55664189056947,6.9,,b,-1,0.08,soma,59.745416893999995,600.7803281778687,707.8611580158812,1261.8977501818736,,601.0,708.1018079357418,1261.9653169189264,none,0.0,success,105.0,0.005,"(601, 422, 499)",601.0,422.0,499.0,,,,
6998,realistic,3,x0y0,utah,5.942,7.6,Ab,saline,46.30480105176707,7.6,,b,-1,0.08,soma,61.69203958600001,-517.4244038871959,1178.7301865379613,844.0552803031654,,-517.0,1178.856672310339,843.5864304730045,periphery,5.170000000000108,success,48.81591796875,0.005,"(-517, 589, 280)",-517.0,589.0,280.0,-517.0,,589.0,280.0
6999,realistic,3,x0y0,utah,4.724,6.2,Ab,saline,115.35975482664871,6.2,,b,-1,0.08,soma,57.798794201999996,787.2127624374872,615.6072269315105,-291.5135264206333,,787.0,615.4394952204638,-291.5931117783584,none,0.0,success,105.0,0.005,"(787, -120, 57)",787.0,-120.0,57.0,,,,
7000,realistic,3,x0y0,utah,5.2459999999999996,6.8,Ab,saline,75.965860432171,6.8,,b,-1,0.08,soma,59.467327938000004,-1948.286856514445,373.8183263360047,110.8129287013926,,-1948.0,373.454600782724,110.57291351248256,none,0.0,success,105.0,0.005,"(-1948, -417, -87)",-1948.0,-417.0,-87.0,,,,
7001,realistic,3,x0y0,utah,4.637,6.1,Ab,saline,-11.011942042197996,6.1,,b,-1,0.08,soma,57.520705246000006,615.0152983152307,-139.50940805507392,1300.3432856659128,,615.0,-139.42822735099304,1300.7871621347372,none,0.0,success,105.0,0.005,"(615, 16, 502)",615.0,16.0,502.0,,,,
7002,realistic,3,x0y0,utah,4.724,6.2,Ab,saline,46.08537654076221,6.2,,b,-1,0.08,soma,57.798794201999996,-202.29671963558937,459.7930597636977,318.4749243610572,,-202.0,459.33312567156054,318.52062182925374,none,0.0,success,105.0,0.005,"(-202, -127, -246)",-202.0,-127.0,-246.0,,,,
7003,realistic,3,x0y0,utah,6.898999999999999,8.7,Ab,saline,60.06279559992189,8.7,,b,-1,0.08,soma,64.751018102,1000.5375845445288,300.17914284717426,147.34063638886758,,1001.0,300.33761614359685,146.9521165673542,none,0.0,success,105.0,0.005,"(1001, -408, -261)",1001.0,-408.0,-261.0,,,,
7004,realistic,3,x0y0,utah,5.768000000000001,7.4,Ab,saline,117.02695773518046,7.4,,b,-1,0.08,soma,61.135861674,960.1161282312345,1218.1797133969674,-613.8978086932058,,960.0,1218.5079127896,-613.5940677723329,central,5.250000000000121,success,51.513671875,0.005,"(960, 492, -243)",960.0,492.0,-243.0,960.0,,492.0,-243.0
7005,realistic,3,x0y0,utah,5.594,7.2,Ab,saline,125.50676386583505,7.2,,b,-1,0.08,soma,60.579683761999995,78.52091697856012,187.6896511550558,-176.8586536091766,,79.0,187.64593129113405,-176.52034016448488,none,0.0,success,105.0,0.005,"(79, -476, 297)",79.0,-476.0,297.0,,,,
7006,realistic,3,x0y0,utah,4.724,6.2,Ab,saline,128.81615456033913,6.2,,b,-1,0.08,soma,57.798794201999996,-705.9295232690935,958.4972029284328,-854.8648594774968,,-706.0,958.1904102210993,-855.152142102907,none,0.0,success,105.0,0.005,"(-706, 324, -345)",-706.0,324.0,-345.0,,,,
7007,realistic,3,x0y0,utah,5.507,7.1,Ab,saline,219.00501974798942,7.1,,b,-1,0.08,soma,60.301594806000004,-1483.052345576206,-594.8129854551253,-798.5170617328046,,-1483.0,-595.0559118854484,-798.4536846618715,none,0.0,success,105.0,0.005,"(-1483, -82, -165)",-1483.0,-82.0,-165.0,,,,
7008,realistic,3,x0y0,utah,4.811,6.3,Ab,saline,-18.59193616353492,6.3,,b,-1,0.08,soma,58.076883158,-637.8772549115407,-501.2973173916976,1290.9533675228524,,-638.0,-501.5154551753852,1290.5456349285764,none,0.0,success,105.0,0.005,"(-638, -242, 519)",-638.0,-242.0,519.0,,,,
7009,realistic,3,x0y0,utah,5.159,6.7,Ab,saline,7.34523399425197,6.7,,b,-1,0.08,soma,59.189238982000006,1275.8606591354144,128.4551811351225,1336.4136655660825,,1276.0,128.10519237094982,1336.914943611174,none,0.0,success,105.0,0.005,"(1276, 24, 529)",1276.0,24.0,529.0,,,,
7010,realistic,3,x0y0,utah,5.159,6.7,Ab,saline,310.86443536083283,6.7,,b,-1,0.08,soma,59.189238982000006,1840.9018225844559,-669.7183483289014,544.4875852590911,,1841.0,-670.0779107210434,544.9892595329615,none,0.0,success,105.0,0.005,"(1841, -54, 12)",1841.0,-54.0,12.0,,,,
7011,realistic,3,x0y0,utah,7.073,8.9,Ab,saline,104.40750981716495,8.9,,b,-1,0.08,soma,65.307196014,-1967.354160633776,238.99312276291542,-48.540268090567686,,-1967.0,238.97927502958044,-48.432215184141654,none,0.0,success,105.0,0.005,"(-1967, -553, 155)",-1967.0,-553.0,155.0,,,,
7012,realistic,3,x0y0,utah,4.637,6.1,Ab,saline,163.12672504807688,6.1,,b,-1,0.08,soma,57.520705246000006,-933.9397103070855,383.53957286784544,-1363.6430300312315,,-934.0,383.23463036645694,-1363.6872814249489,none,0.0,success,105.0,0.005,"(-934, 147, -585)",-934.0,147.0,-585.0,,,,
7013,realistic,3,x0y0,utah,6.029,7.7,Ab,saline,132.04370894819834,7.7,,b,-1,0.08,soma,61.970128542,1403.1821289500413,172.93433208804572,-153.2336608804549,,1403.0,172.9505087276449,-153.46519754228882,none,0.0,success,105.0,0.005,"(1403, -433, 393)",1403.0,-433.0,393.0,,,,
7014,realistic,3,x0y0,utah,5.2459999999999996,6.8,Ab,saline,-21.459468819755237,6.8,,b,-1,0.08,soma,59.467327938000004,-650.4777343000585,-587.4854134384123,1035.0777000247808,,-650.0,-587.0295742798603,1035.2726210559485,none,0.0,success,105.0,0.005,"(-650, -289, 277)",-650.0,-289.0,277.0,,,,
7015,realistic,3,x0y0,utah,5.681,7.3,Ab,saline,34.0727481043965,7.3,,b,-1,0.08,soma,60.857772718,-1440.554742909263,15.404825683519904,22.867696250138124,,-1441.0,15.803262138311936,22.419746571159862,none,0.0,success,105.0,0.005,"(-1441, -441, -653)",-1441.0,-441.0,-653.0,,,,
7016,realistic,3,x0y0,utah,5.42,7.0,Ab,saline,46.11191484680464,7.0,,b,-1,0.08,soma,60.02350585000001,-913.383125507154,928.0824366226944,1074.7315010875336,,-913.0,928.3789703330476,1075.0476483029026,none,0.0,success,105.0,0.005,"(-913, 341, 510)",-913.0,341.0,510.0,,,,
7017,realistic,3,x0y0,utah,4.724,6.2,Ab,saline,191.05097251721162,6.2,,b,-1,0.08,soma,57.798794201999996,-301.8150164559128,-211.77333349479977,-1187.604921163772,,-302.0,-212.02451442426175,-1187.8422582546318,none,0.0,success,105.0,0.005,"(-302, -56, -389)",-302.0,-56.0,-389.0,,,,
7018,realistic,3,x0y0,utah,6.116,7.8,Ab,saline,162.0012007927838,7.8,,b,-1,0.08,soma,62.248217498,1075.5749791512965,179.82193372789467,-1144.1550021305925,,1076.0,180.18234960344108,-1144.215639831174,none,0.0,success,105.0,0.005,"(1076, -72, -368)",1076.0,-72.0,-368.0,,,,
7019,realistic,3,x0y0,utah,5.072,6.6,Ab,saline,208.12605932251546,6.6,,b,-1,0.08,soma,58.911150026,1975.5505904005868,-378.5068143406797,-667.3537272872409,,1976.0,-378.93435806112825,-667.2683716039649,none,0.0,success,105.0,0.005,"(1976, 5, 51)",1976.0,5.0,51.0,,,,
7020,realistic,3,x0y0,utah,5.594,7.2,Ab,saline,43.19612005881133,7.2,,b,-1,0.08,soma,60.579683761999995,963.6596488946902,171.50536258028615,221.03795688273655,,964.0,171.0658967675446,221.34629473124915,none,0.0,success,105.0,0.005,"(964, -387, -373)",964.0,-387.0,-373.0,,,,
7021,realistic,3,x0y0,utah,4.637,6.1,Ab,saline,77.75450207689997,6.1,,b,-1,0.08,soma,57.520705246000006,345.1898610109584,1327.062994944932,242.77548718992333,,345.0,1327.2066165831957,242.59857079133835,central,5.1200000000001005,success,13.848876953125,0.005,"(345, 532, 70)",345.0,532.0,70.0,345.0,,532.0,70.0
7022,realistic,3,x0y0,utah,4.637,6.1,Ab,saline,77.23036961103479,6.1,,b,-1,0.08,soma,57.520705246000006,-474.8325306556652,1310.952725088362,306.83191898028184,,-475.0,1310.660471913212,306.84103792968307,periphery,5.150000000000105,success,24.13330078125,0.005,"(-475, 517, 127)",-475.0,517.0,127.0,-475.0,,517.0,127.0
7023,realistic,3,x0y0,utah,4.724,6.2,Ab,saline,122.2868684584487,6.2,,b,-1,0.08,soma,57.798794201999996,-1769.852532252325,946.7088423570058,-517.1692523065117,,-1770.0,947.0705503091856,-516.7850579313542,none,0.0,success,105.0,0.005,"(-1770, 259, -82)",-1770.0,259.0,-82.0,,,,
7024,realistic,3,x0y0,utah,5.42,7.0,Ab,saline,197.98873539444403,7.0,,b,-1,0.08,soma,60.02350585000001,628.486422560425,-486.65763425710884,-1270.1598230081772,,628.0,-486.67562930324004,-1270.1576782069678,none,0.0,success,105.0,0.005,"(628, -235, -495)",628.0,-235.0,-495.0,,,,
7025,realistic,3,x0y0,utah,6.377,8.1,Ab,saline,96.43114377778484,8.1,,b,-1,0.08,soma,63.082484366,698.3285030831969,135.2682038814678,-15.472100048094944,,698.0,135.39703235724733,-15.452619124496024,none,0.0,success,105.0,0.005,"(698, -676, 76)",698.0,-676.0,76.0,,,,
7026,realistic,3,x0y0,utah,4.724,6.2,Ab,saline,36.0829412249662,6.2,,b,-1,0.08,soma,57.798794201999996,-1573.7552091632074,762.4885769187503,1085.0722343057232,,-1574.0,762.3867448924891,1084.7934927370284,none,0.0,success,105.0,0.005,"(-1574, 283, 427)",-1574.0,283.0,427.0,,,,
7027,realistic,3,x0y0,utah,4.724,6.2,Ab,saline,107.68894981363188,6.2,,b,-1,0.08,soma,57.798794201999996,1080.263502550793,328.8254037451116,-98.13495163721657,,1080.0,328.4019556181229,-98.26263683928389,none,0.0,success,105.0,0.005,"(1080, -447, 149)",1080.0,-447.0,149.0,,,,
7028,realistic,3,x0y0,utah,4.55,6.0,Ab,saline,8.558593308470194,6.0,,b,-1,0.08,soma,57.24261629,-1144.3310170584534,171.46696818347618,1166.1678374807825,,-1144.0,171.06685065197604,1166.590111624591,none,0.0,success,105.0,0.005,"(-1144, 50, 362)",-1144.0,50.0,362.0,,,,
7029,realistic,3,x0y0,utah,5.855,7.5,Ab,saline,-21.68620014439805,7.5,,b,-1,0.08,soma,61.41395063,1545.1506392290948,-490.6763950582227,1075.4581465360716,,1545.0,-490.4037273788926,1074.9549214626982,none,0.0,success,105.0,0.005,"(1545, -189, 317)",1545.0,-189.0,317.0,,,,
7030,realistic,3,x0y0,utah,4.724,6.2,Ab,saline,55.11739599910656,6.2,,b,-1,0.08,soma,57.798794201999996,1297.4066303075444,99.13291494919895,82.09311584695159,,1297.0,98.6416754419505,82.46906520206198,none,0.0,success,105.0,0.005,"(1297, -569, -383)",1297.0,-569.0,-383.0,,,,
7031,realistic,3,x0y0,utah,4.811,6.3,Ab,saline,198.65691504581528,6.3,,b,-1,0.08,soma,58.076883158,1583.9664614976896,-560.0172011858199,-1181.1290207684924,,1584.0,-560.4108974611222,-1181.3014233961026,none,0.0,success,105.0,0.005,"(1584, -300, -410)",1584.0,-300.0,-410.0,,,,
7032,realistic,3,x0y0,utah,5.159,6.7,Ab,saline,45.62194229124852,6.7,,b,-1,0.08,soma,59.189238982000006,538.4439930027289,1161.3450405604008,827.6084125526286,,538.0,1161.1907745502178,827.7274768720056,central,5.175000000000109,success,48.2666015625,0.005,"(538, 579, 258)",538.0,579.0,258.0,538.0,,579.0,258.0
7033,realistic,3,x0y0,utah,4.724,6.2,Ab,saline,196.3073711019325,6.2,,b,-1,0.08,soma,57.798794201999996,-394.4825582392375,-485.1923274433917,-1167.271556720962,,-394.0,-485.54295070596083,-1167.18064133754,none,0.0,success,105.0,0.005,"(-394, -257, -386)",-394.0,-257.0,-386.0,,,,
7034,realistic,3,x0y0,utah,5.594,7.2,Ab,saline,53.134281332804825,7.2,,b,-1,0.08,soma,60.579683761999995,1720.4933863686704,404.7162931944813,294.98261249809053,,1720.0,404.2318735048002,295.09237614441196,none,0.0,success,105.0,0.005,"(1720, -248, -194)",1720.0,-248.0,-194.0,,,,
7035,realistic,3,x0y0,utah,6.377,8.1,Ab,saline,104.36642411377683,8.1,,b,-1,0.08,soma,63.082484366,-1598.2747173637267,405.9784368566861,-128.1419554176423,,-1598.0,405.9835013026724,-128.58388218560233,none,0.0,success,105.0,0.005,"(-1598, -385, 74)",-1598.0,-385.0,74.0,,,,
7036,realistic,3,x0y0,utah,5.768000000000001,7.4,Ab,saline,-23.582977562537828,7.4,,b,-1,0.08,soma,61.135861674,705.2946955100725,-553.05152483441,1316.6578496638406,,705.0,-553.3087291278839,1316.4680086121107,none,0.0,success,105.0,0.005,"(705, -227, 569)",705.0,-227.0,569.0,,,,
7037,realistic,3,x0y0,utah,5.072,6.6,Ab,saline,120.56786798924595,6.6,,b,-1,0.08,soma,58.911150026,-333.90928984209285,320.7726351682031,-187.63314703545484,,-334.0,321.2462500861931,-187.23210545161191,none,0.0,success,105.0,0.005,"(-334, -380, 227)",-334.0,-380.0,227.0,,,,
7038,realistic,3,x0y0,utah,5.159,6.7,Ab,saline,20.148480335993973,6.7,,b,-1,0.08,soma,59.189238982000006,-1079.6938064277842,309.85392499506537,1117.8863198279814,,-1080.0,309.6278464146496,1117.741428778151,none,0.0,success,105.0,0.005,"(-1080, 29, 353)",-1080.0,29.0,353.0,,,,
7039,realistic,3,x0y0,utah,5.594,7.2,Ab,saline,52.700700126479404,7.2,,b,-1,0.08,soma,60.579683761999995,1754.4640697584894,224.81231540632785,217.28001238567452,,1754.0,224.56306921633563,217.06564417988608,none,0.0,success,105.0,0.005,"(1754, -424, -277)",1754.0,-424.0,-277.0,,,,
7040,realistic,3,x0y0,utah,5.072,6.6,Ab,saline,67.62015197747071,6.6,,b,-1,0.08,soma,58.911150026,-49.140448624659825,1202.1253486835267,537.956866137165,,-49.0,1202.1270702145212,538.0632374074492,tjn,5.18000000000011,success,47.6806640625,0.005,"(-49, 449, 228)",-49.0,449.0,228.0,-49.0,,449.0,228.0
7041,realistic,3,x0y0,utah,5.855,7.5,Ab,saline,-18.38055912473946,7.5,,b,-1,0.08,soma,61.41395063,359.6476210270594,-623.3514937704152,1319.2026797560175,,360.0,-623.1924093168195,1319.1059195739354,none,0.0,success,105.0,0.005,"(360, -366, 545)",360.0,-366.0,545.0,,,,
7042,realistic,3,x0y0,utah,6.986000000000001,8.8,Ab,saline,198.82035252878543,8.8,,b,-1,0.08,soma,65.02910705800001,100.09748863405665,-652.4616018459851,-1190.4173580044164,,100.0,-652.7301949684555,-1190.7775249151987,none,0.0,success,105.0,0.005,"(100, -389, -417)",100.0,-389.0,-417.0,,,,
7043,realistic,3,x0y0,utah,4.55,6.0,Ab,saline,191.9868381565414,6.0,,b,-1,0.08,soma,57.24261629,221.8223540876223,-224.3502811661765,-1442.7610946660266,,222.0,-223.98914570171655,-1442.8843636274391,none,0.0,success,105.0,0.005,"(222, -55, -647)",222.0,-55.0,-647.0,,,,
7044,realistic,3,x0y0,utah,8.465,10.5,Ab,saline,73.1306323993678,10.5,,b,-1,0.08,soma,69.75661931,-1137.110637444097,522.4839746151765,149.9624302401935,,-1137.0,522.6235423398352,149.9286854618811,none,0.0,success,105.0,0.005,"(-1137, -262, -88)",-1137.0,-262.0,-88.0,,,,
7045,realistic,3,x0y0,utah,4.724,6.2,Ab,saline,145.46171969699438,6.2,,b,-1,0.08,soma,57.798794201999996,-1600.3434680666794,599.8357858393882,-1088.9153151943228,,-1600.0,599.4809581562671,-1088.4089333920938,none,0.0,success,105.0,0.005,"(-1600, 138, -418)",-1600.0,138.0,-418.0,,,,
7046,realistic,3,x0y0,utah,4.637,6.1,Ab,saline,317.2593799030334,6.1,,b,-1,0.08,soma,57.520705246000006,-573.9356731149359,-583.1580388338548,463.53028307346773,,-574.0,-583.2991513252302,463.62560296633137,none,0.0,success,105.0,0.005,"(-574, -31, -134)",-574.0,-31.0,-134.0,,,,
7047,realistic,3,x0y0,utah,4.55,6.0,Ab,saline,-25.191850768997035,6.0,,b,-1,0.08,soma,57.24261629,-1301.7799362377507,-386.9316078111088,1058.0030889987547,,-1302.0,-387.35859087732666,1058.2459217404107,none,0.0,success,105.0,0.005,"(-1302, -41, 322)",-1302.0,-41.0,322.0,,,,
7048,realistic,3,x0y0,utah,4.55,6.0,Ab,saline,66.32772906844103,6.0,,b,-1,0.08,soma,57.24261629,1820.9073498001208,1170.8289767867172,403.6144037461068,,1821.0,1171.1957561300057,403.66895522021764,central,5.3950000000001435,success,80.89599609375,0.005,"(1821, 426, 77)",1821.0,426.0,77.0,1821.0,,426.0,77.0
7049,realistic,3,x0y0,utah,5.159,6.7,Ab,saline,192.03886902829785,6.7,,b,-1,0.08,soma,59.189238982000006,1250.223065663177,-387.83808397500883,-1100.4398508682448,,1250.0,-387.92443762582263,-1100.6735378621984,none,0.0,success,105.0,0.005,"(1250, -218, -304)",1250.0,-218.0,-304.0,,,,
7050,realistic,3,x0y0,utah,6.551000000000001,8.3,Ab,saline,138.56496588219161,8.3,,b,-1,0.08,soma,63.63866227800001,-1741.359381947324,197.86539677333667,-278.43735727740886,,-1741.0,197.57103334779038,-278.36945255490843,none,0.0,success,105.0,0.005,"(-1741, -343, 334)",-1741.0,-343.0,334.0,,,,
7051,realistic,3,x0y0,utah,4.724,6.2,Ab,saline,203.10126536047449,6.2,,b,-1,0.08,soma,57.798794201999996,-832.5504523053493,-481.56899255015435,-1100.613246961037,,-833.0,-481.3741234224325,-1100.6246654534998,none,0.0,success,105.0,0.005,"(-833, -162, -352)",-833.0,-162.0,-352.0,,,,
7052,realistic,3,x0y0,utah,4.637,6.1,Ab,saline,137.59278785289305,6.1,,b,-1,0.08,soma,57.520705246000006,-599.0150164956973,1134.99897986821,-894.6822855762282,,-599.0,1134.7999818089513,-894.8806443768233,periphery,5.185000000000111,success,61.23046875,0.005,"(-599, 586, -294)",-599.0,586.0,-294.0,-599.0,,586.0,-294.0
7053,realistic,3,x0y0,utah,4.637,6.1,Ab,saline,121.69141903313104,6.1,,b,-1,0.08,soma,57.520705246000006,815.8635286304185,1103.985168025274,-638.5308766474236,,816.0,1104.4286840469108,-638.4683132328621,central,5.295000000000128,success,80.89599609375,0.005,"(816, 412, -211)",816.0,412.0,-211.0,816.0,,412.0,-211.0
7054,realistic,3,x0y0,utah,4.55,6.0,Ab,saline,181.24977085320012,6.0,,b,-1,0.08,soma,57.24261629,66.07680218955502,-136.7792487148563,-1378.4780762034165,,66.0,-136.736944517561,-1378.4585838833714,none,0.0,success,105.0,0.005,"(66, -119, -565)",66.0,-119.0,-565.0,,,,
7055,realistic,3,x0y0,utah,7.421000000000001,9.3,Ab,saline,285.65848984093293,9.3,,b,-1,0.08,soma,66.419551838,-1892.750773645711,-70.9959985935925,27.639392106751075,,-1893.0,-70.85419323240524,27.834818520538136,periphery,5.230000000000118,success,38.470458984375,0.005,"(-1893, 717, -193)",-1893.0,717.0,-193.0,-1893.0,,717.0,-193.0
7056,realistic,3,x0y0,utah,4.811,6.3,Ab,saline,42.24991080076988,6.3,,b,-1,0.08,soma,58.076883158,-1083.7067081352932,753.5736154637184,930.0744410809853,,-1084.0,753.3594481177197,930.551254456776,none,0.0,success,105.0,0.005,"(-1084, 206, 328)",-1084.0,206.0,328.0,,,,
7057,realistic,3,x0y0,utah,5.942,7.6,Ab,saline,104.00748357839402,7.6,,b,-1,0.08,soma,61.69203958600001,-1707.3600833085275,725.0153510935705,-155.13434662736063,,-1707.0,724.6153930051481,-155.43473678990605,none,0.0,success,105.0,0.005,"(-1707, -67, 42)",-1707.0,-67.0,42.0,,,,
7058,realistic,3,x0y0,utah,4.811,6.3,Ab,saline,33.897776432006246,6.3,,b,-1,0.08,soma,58.076883158,443.05422236517256,663.103658700803,1179.078957207702,,443.0,662.9892388686084,1178.6519065105701,none,0.0,success,105.0,0.005,"(443, 209, 503)",443.0,209.0,503.0,,,,
7059,realistic,3,x0y0,utah,4.55,6.0,Ab,saline,67.15681915219196,6.0,,b,-1,0.08,soma,57.24261629,658.9952671574698,1000.0060194601759,571.8095949210342,,659.0,999.8333975864323,571.8477918218891,none,0.0,success,105.0,0.005,"(659, 250, 256)",659.0,250.0,256.0,,,,
7060,realistic,3,x0y0,utah,5.159,6.7,Ab,saline,27.677372870276127,6.7,,b,-1,0.08,soma,59.189238982000006,-494.40558830693254,580.0087591234565,1145.7706647470586,,-494.0,580.3792007535696,1145.4049950212298,none,0.0,success,105.0,0.005,"(-494, 202, 424)",-494.0,202.0,424.0,,,,
7061,realistic,3,x0y0,utah,5.768000000000001,7.4,Ab,saline,123.5970205260613,7.4,,b,-1,0.08,soma,61.135861674,-1969.0793011088647,774.9320673261809,-394.2856258576703,,-1969.0,775.3680863872212,-394.2537361321123,none,0.0,success,105.0,0.005,"(-1969, 96, 57)",-1969.0,96.0,57.0,,,,
7062,realistic,3,x0y0,utah,4.637,6.1,Ab,saline,162.01460446329122,6.1,,b,-1,0.08,soma,57.520705246000006,1408.2310016444749,202.31470160133637,-916.4248478616428,,1408.0,202.2891968899825,-915.9674713797355,none,0.0,success,105.0,0.005,"(1408, -49, -142)",1408.0,-49.0,-142.0,,,,
7063,realistic,3,x0y0,utah,5.942,7.6,Ab,saline,100.89008993836882,7.6,,b,-1,0.08,soma,61.69203958600001,179.46633224734887,316.00959313801417,-69.99883746374871,,179.0,316.1607914367262,-70.11331313889775,none,0.0,success,105.0,0.005,"(179, -485, 84)",179.0,-485.0,84.0,,,,
7064,realistic,3,x0y0,utah,6.638,8.4,Ab,saline,122.45042210864705,8.4,,b,-1,0.08,soma,63.916751233999996,73.43201586980453,1324.9156274851055,-630.866077299891,,73.0,1325.4311731831865,-631.3798643560823,tjn,5.140000000000104,success,23.236083984375,0.005,"(73, 636, -193)",73.0,636.0,-193.0,73.0,,636.0,-193.0
7065,realistic,3,x0y0,utah,4.724,6.2,Ab,saline,319.06861380724916,6.2,,b,-1,0.08,soma,57.798794201999996,-449.7407866703189,-85.10626519744983,106.41207488800457,,-450.0,-85.26688498057536,106.90099450980563,none,0.0,success,105.0,0.005,"(-450, 448, -508)",-450.0,448.0,-508.0,,,,
7066,realistic,3,x0y0,utah,4.898000000000001,6.4,Ab,saline,63.09101438964716,6.4,,b,-1,0.08,soma,58.354972114000006,528.801283474832,1364.0378234923335,453.5574823963057,,529.0,1364.0020643170271,453.4967301893983,central,5.1200000000001005,success,14.5477294921875,0.005,"(529, 638, 85)",529.0,638.0,85.0,529.0,,638.0,85.0
7067,realistic,3,x0y0,utah,8.987,11.1,Ab,saline,99.97645454554643,11.1,,b,-1,0.08,soma,71.42515304599999,1001.1383274374961,442.49691859103814,-42.895041173323996,,1001.0,442.31981661750297,-43.147418253783655,none,0.0,success,105.0,0.005,"(1001, -366, 99)",1001.0,-366.0,99.0,,,,
7068,realistic,3,x0y0,utah,5.42,7.0,Ab,saline,156.13806564118485,7.0,,b,-1,0.08,soma,60.02350585000001,-582.6237194078702,507.4937445977166,-1358.6506116503826,,-583.0,507.6722540581626,-1358.3282480499126,none,0.0,success,105.0,0.005,"(-583, 178, -613)",-583.0,178.0,-613.0,,,,
7069,realistic,3,x0y0,utah,5.072,6.6,Ab,saline,197.5224551727623,6.6,,b,-1,0.08,soma,58.911150026,57.864177976775004,-364.55654261363503,-1300.8047784677278,,58.0,-364.2325736364144,-1300.664836332397,none,0.0,success,105.0,0.005,"(58, -119, -524)",58.0,-119.0,-524.0,,,,
7070,realistic,3,x0y0,utah,6.986000000000001,8.8,Ab,saline,94.35636434656729,8.8,,b,-1,0.08,soma,65.02910705800001,1324.3382026799068,55.09886809903628,-5.790141752323509,,1324.0,55.14376132376617,-6.131106068204019,none,0.0,success,105.0,0.005,"(1324, -760, 56)",1324.0,-760.0,56.0,,,,
7071,realistic,3,x0y0,utah,5.159,6.7,Ab,saline,161.77210409053654,6.7,,b,-1,0.08,soma,59.189238982000006,1209.9879309650419,587.3493226204641,-1199.6058479191252,,1210.0,587.8051969767848,-1199.701969592552,none,0.0,success,105.0,0.005,"(1210, 333, -426)",1210.0,333.0,-426.0,,,,
7072,realistic,3,x0y0,utah,4.811,6.3,Ab,saline,102.82651094773905,6.3,,b,-1,0.08,soma,58.076883158,-1488.003858104762,1163.6942218484219,-248.7681314766469,,-1488.0,1163.687480539525,-248.71653403053804,periphery,5.195000000000112,success,55.3955078125,0.005,"(-1488, 370, -68)",-1488.0,370.0,-68.0,-1488.0,,370.0,-68.0
7073,realistic,3,x0y0,utah,4.637,6.1,Ab,saline,74.3744005885423,6.1,,b,-1,0.08,soma,57.520705246000006,1535.0482032691352,617.4964233681662,243.6384168972773,,1535.0,617.6512195759492,243.22703899663625,none,0.0,success,105.0,0.005,"(1535, -166, 24)",1535.0,-166.0,24.0,,,,
7074,realistic,3,x0y0,utah,5.159,6.7,Ab,saline,8.690338408932568,6.7,,b,-1,0.08,soma,59.189238982000006,1461.1376446382073,71.74255363932754,1318.557399069481,,1461.0,72.08524700509014,1318.2267813668536,none,0.0,success,105.0,0.005,"(1461, -51, 513)",1461.0,-51.0,513.0,,,,
7075,realistic,3,x0y0,utah,4.811,6.3,Ab,saline,70.34730224996439,6.3,,b,-1,0.08,soma,58.076883158,205.95749851315486,918.8348063616867,444.0158236204943,,206.0,918.5800004349444,443.7611279030177,tjn,5.295000000000128,success,96.533203125,0.005,"(206, 152, 170)",206.0,152.0,170.0,206.0,,152.0,170.0
7076,realistic,3,x0y0,utah,5.855,7.5,Ab,saline,197.33231644093647,7.5,,b,-1,0.08,soma,61.41395063,1356.19634448997,-431.2369942681112,-884.6000397167012,,1356.0,-430.99910794633854,-884.6738786356992,none,0.0,success,105.0,0.005,"(1356, -188, -106)",1356.0,-188.0,-106.0,,,,
7077,realistic,3,x0y0,utah,4.55,6.0,Ab,saline,135.55130944551476,6.0,,b,-1,0.08,soma,57.24261629,-198.67966710082595,922.7375839865152,-830.571902986941,,-199.0,922.7790020939437,-830.8442518847157,tjn,5.195000000000112,success,77.5634765625,0.005,"(-199, 353, -250)",-199.0,353.0,-250.0,-199.0,,353.0,-250.0
7078,realistic,3,x0y0,utah,4.811,6.3,Ab,saline,43.427282770619506,6.3,,b,-1,0.08,soma,58.076883158,-213.14467770174699,364.17938840189936,364.63540513548605,,-213.0,364.5700247414047,364.1547162746699,none,0.0,success,105.0,0.005,"(-213, -195, -227)",-213.0,-195.0,-227.0,,,,
7079,realistic,3,x0y0,utah,6.203,7.9,Ab,saline,99.68119598679506,7.9,,b,-1,0.08,soma,62.52630645400001,-1866.6243873764408,508.1488878419864,-138.19244947528978,,-1867.0,508.67221645117684,-138.29546237278143,none,0.0,success,105.0,0.005,"(-1867, -296, -1)",-1867.0,-296.0,-1.0,,,,
7080,realistic,3,x0y0,utah,4.724,6.2,Ab,saline,5.293603751574544,6.2,,b,-1,0.08,soma,57.798794201999996,-1294.5359166609762,78.15090720646822,1365.7629195823793,,-1295.0,78.12291435242231,1365.399629693466,none,0.0,success,105.0,0.005,"(-1295, 3, 555)",-1295.0,3.0,555.0,,,,
7081,realistic,3,x0y0,utah,5.681,7.3,Ab,saline,138.61560880894982,7.3,,b,-1,0.08,soma,60.857772718,-176.04513226355323,1137.1911527432367,-920.3076859923732,,-176.0,1137.080036771935,-919.8162934351578,tjn,5.1650000000001075,success,47.6806640625,0.005,"(-176, 598, -308)",-176.0,598.0,-308.0,-176.0,,598.0,-308.0
7082,realistic,3,x0y0,utah,6.551000000000001,8.3,Ab,saline,42.99262801609001,8.3,,b,-1,0.08,soma,63.63866227800001,-1240.8952173658654,158.13826237488684,182.559872968719,,-1241.0,157.98910190368417,182.4216587950648,none,0.0,success,105.0,0.005,"(-1241, -399, -415)",-1241.0,-399.0,-415.0,,,,
7083,realistic,3,x0y0,utah,4.985,6.5,Ab,saline,43.96184385714167,6.5,,b,-1,0.08,soma,58.63306107,196.31770546230487,852.4809058020401,1065.9574463778342,,196.0,852.2985354973972,1066.145038679093,none,0.0,success,105.0,0.005,"(196, 287, 480)",196.0,287.0,480.0,,,,
7084,realistic,3,x0y0,utah,9.683,11.9,Ab,saline,52.471206498987705,11.9,,b,-1,0.08,soma,73.649864694,1797.4654918326528,263.2966505393006,274.30437806387863,,1797.0,263.70717135117127,274.6557487857925,none,0.0,success,105.0,0.005,"(1797, -388, -226)",1797.0,-388.0,-226.0,,,,
7085,realistic,3,x0y0,utah,4.811,6.3,Ab,saline,325.59062623189305,6.3,,b,-1,0.08,soma,58.076883158,1974.0111521285608,-609.2362727818181,916.95988709639,,1974.0,-609.013123336293,916.5817143026751,none,0.0,success,105.0,0.005,"(1974, -149, 245)",1974.0,-149.0,245.0,,,,
7086,realistic,3,x0y0,utah,5.855,7.5,Ab,saline,217.8045754212945,7.5,,b,-1,0.08,soma,61.41395063,-454.1824708221469,-93.28115713691568,-132.9474982118054,,-454.0,-93.02837586809517,-132.49008119638177,none,0.0,success,105.0,0.005,"(-454, 407, 512)",-454.0,407.0,512.0,,,,
7087,realistic,3,x0y0,utah,4.55,6.0,Ab,saline,197.38579099388562,6.0,,b,-1,0.08,soma,57.24261629,978.5583822893312,-279.31607769171984,-763.4592811281253,,979.0,-279.1100468737261,-763.4388143627738,none,0.0,success,105.0,0.005,"(979, -36, 13)",979.0,-36.0,13.0,,,,
7088,realistic,3,x0y0,utah,4.811,6.3,Ab,saline,161.95159939023358,6.3,,b,-1,0.08,soma,58.076883158,-545.2165282154165,425.41242207094086,-1277.8505948137188,,-545.0,425.18910920117423,-1277.9877502533134,none,0.0,success,105.0,0.005,"(-545, 173, -504)",-545.0,173.0,-504.0,,,,
7089,realistic,3,x0y0,utah,4.811,6.3,Ab,saline,272.7928870417915,6.3,,b,-1,0.08,soma,58.076883158,1437.7870477363126,-101.81936062312523,7.0370753701399735,,1438.0,-102.06159544910543,6.6436721048973055,central,5.2100000000001145,success,25.09765625,0.005,"(1438, 711, -33)",1438.0,711.0,-33.0,1438.0,,711.0,-33.0
7090,realistic,3,x0y0,utah,5.159,6.7,Ab,saline,20.936448970695746,6.7,,b,-1,0.08,soma,59.189238982000006,239.82230176393472,658.1633103975396,1102.6204978037458,,240.0,658.0546575441344,1102.8313746045942,tjn,5.200000000000113,success,80.89599609375,0.005,"(240, 367, 342)",240.0,367.0,342.0,240.0,,367.0,342.0
7091,realistic,3,x0y0,utah,6.377,8.1,Ab,saline,121.76968735479132,8.1,,b,-1,0.08,soma,63.082484366,1594.1868094490603,349.1191362309087,-191.63453788922334,,1594.0,349.2233641039868,-191.90896400934957,none,0.0,success,105.0,0.005,"(1594, -345, 238)",1594.0,-345.0,238.0,,,,
7092,realistic,3,x0y0,utah,5.594,7.2,Ab,saline,-3.36858701986804,7.2,,b,-1,0.08,soma,60.579683761999995,-278.7780443571015,78.15052425499425,1461.3993285076358,,-279.0,78.0609572973972,1461.9038491498025,none,0.0,success,105.0,0.005,"(-279, 126, 648)",-279.0,126.0,648.0,,,,
7093,realistic,3,x0y0,utah,4.898000000000001,6.4,Ab,saline,159.89286954126837,6.4,,b,-1,0.08,soma,58.354972114000006,692.6757958124733,418.3045093449573,-828.870364025885,,693.0,417.9142197063967,-828.594077156129,none,0.0,success,105.0,0.005,"(693, 138, -64)",693.0,138.0,-64.0,,,,
7094,realistic,3,x0y0,utah,4.898000000000001,6.4,Ab,saline,68.43266008229033,6.4,,b,-1,0.08,soma,58.354972114000006,681.6569012852348,1322.2580784630227,568.691930404787,,682.0,1322.1850620330101,568.2916438745533,central,5.170000000000108,success,63.525390625,0.005,"(682, 565, 269)",682.0,565.0,269.0,682.0,,565.0,269.0
7095,realistic,3,x0y0,utah,5.333,6.9,Ab,saline,1.8598879171740608,6.9,,b,-1,0.08,soma,59.745416893999995,12.792598169380831,151.87620736029933,1444.2018967779184,,13.0,151.4833630245275,1444.4652720927766,none,0.0,success,105.0,0.005,"(13, 125, 630)",13.0,125.0,630.0,,,,
7096,realistic,3,x0y0,utah,4.55,6.0,Ab,saline,40.193674516690606,6.0,,b,-1,0.08,soma,57.24261629,1799.8098338606353,577.7632866244294,864.2961460347998,,1800.0,578.1111922767832,864.5253172919657,none,0.0,success,105.0,0.005,"(1800, 53, 243)",1800.0,53.0,243.0,,,,
7097,realistic,3,x0y0,utah,4.724,6.2,Ab,saline,33.81987710578651,6.2,,b,-1,0.08,soma,57.798794201999996,180.7060764042294,648.0117452706545,1312.498567553057,,181.0,648.0164044264168,1312.187619111511,none,0.0,success,105.0,0.005,"(181, 195, 636)",181.0,195.0,636.0,,,,
7098,realistic,3,x0y0,utah,4.811,6.3,Ab,saline,33.06838703624896,6.3,,b,-1,0.08,soma,58.076883158,530.6956649408072,846.4417627139783,1175.3142307561266,,531.0,846.1393737255025,1175.1642140432023,none,0.0,success,105.0,0.005,"(531, 402, 493)",531.0,402.0,493.0,,,,
7099,realistic,3,x0y0,utah,5.855,7.5,Ab,saline,30.32814379248959,7.5,,b,-1,0.08,soma,61.41395063,406.89851714321253,580.2378050878124,1306.2391201840655,,407.0,579.9320225340751,1306.0366903943768,none,0.0,success,105.0,0.005,"(407, 168, 602)",407.0,168.0,602.0,,,,
7100,realistic,3,x0y0,utah,4.55,6.0,Ab,saline,69.96891094502583,6.0,,b,-1,0.08,soma,57.24261629,-545.1297067663619,1328.8468474844058,265.86784101386456,,-545.0,1328.3972190022278,265.6652980396626,periphery,5.090000000000096,success,5.7403564453125,0.005,"(-545, 564, -13)",-545.0,564.0,-13.0,-545.0,,564.0,-13.0
7101,realistic,3,x0y0,utah,5.42,7.0,Ab,saline,304.0673968236877,7.0,,b,-1,0.08,soma,60.02350585000001,1642.1828757611408,-689.393301694402,343.30560341302316,,1642.0,-689.1557361230703,343.5695839885851,none,0.0,success,105.0,0.005,"(1642, -14, -113)",1642.0,-14.0,-113.0,,,,
7102,realistic,3,x0y0,utah,8.465,10.5,Ab,saline,338.2372680774203,10.5,,b,-1,0.08,soma,69.75661931,1178.3369887018985,-19.057444628916077,65.09261500326602,,1178.0,-19.01087722007412,65.42098617659872,none,0.0,success,105.0,0.005,"(1178, 285, -696)",1178.0,285.0,-696.0,,,,
7103,realistic,3,x0y0,utah,4.724,6.2,Ab,saline,168.7396219130877,6.2,,b,-1,0.08,soma,57.798794201999996,-153.69257681957404,410.77149875309163,-1258.5317292247216,,-154.0,410.95455225382534,-1258.191138736951,none,0.0,success,105.0,0.005,"(-154, 252, -460)",-154.0,252.0,-460.0,,,,
7104,realistic,3,x0y0,utah,6.551000000000001,8.3,Ab,saline,120.25711146375515,8.3,,b,-1,0.08,soma,63.63866227800001,-1085.245440565183,308.23640373222224,-220.5959791715586,,-1085.0,308.5685382378683,-220.5952609609422,none,0.0,success,105.0,0.005,"(-1085, -397, 191)",-1085.0,-397.0,191.0,,,,
7105,realistic,3,x0y0,utah,5.855,7.5,Ab,saline,149.01046815910226,7.5,,b,-1,0.08,soma,61.41395063,-262.77651315209584,936.9187432212227,-1113.0947247348886,,-263.0,937.0075215896936,-1113.3055899375497,tjn,5.185000000000111,success,78.11279296875,0.005,"(-263, 517, -414)",-263.0,517.0,-414.0,-263.0,,517.0,-414.0
7106,realistic,3,x0y0,utah,5.942,7.6,Ab,saline,110.319213533047,7.6,,b,-1,0.08,soma,61.69203958600001,-988.2868699830777,605.59375049444,-288.4397718276318,,-988.0,606.1003973618756,-288.34332267410895,none,0.0,success,105.0,0.005,"(-988, -159, -5)",-988.0,-159.0,-5.0,,,,
7107,realistic,3,x0y0,utah,5.855,7.5,Ab,saline,125.83013182012137,7.5,,b,-1,0.08,soma,61.41395063,-744.2808794520741,1118.1587731241507,-886.8100249541803,,-744.0,1118.3752155854022,-886.5148633494011,periphery,5.175000000000109,success,105.0,0.005,"(-744, 457, -409)",-744.0,457.0,-409.0,-744.0,,457.0,-409.0
7108,realistic,3,x0y0,utah,4.55,6.0,Ab,saline,125.19179985788351,6.0,,b,-1,0.08,soma,57.24261629,518.9239510151735,1142.5240284118845,-672.97768996284,,519.0,1142.8913330160942,-672.8899598839637,central,5.170000000000108,success,49.7314453125,0.005,"(519, 478, -204)",519.0,478.0,-204.0,519.0,,478.0,-204.0
7109,realistic,3,x0y0,utah,5.159,6.7,Ab,saline,47.29195522937992,6.7,,b,-1,0.08,soma,59.189238982000006,1156.188252071147,309.7350139344572,287.5061927984138,,1156.0,309.564126401987,287.53953040074543,none,0.0,success,105.0,0.005,"(1156, -289, -265)",1156.0,-289.0,-265.0,,,,
7110,realistic,3,x0y0,utah,4.811,6.3,Ab,saline,94.66538774088544,6.3,,b,-1,0.08,soma,58.076883158,-720.0249108028626,1341.9008993555135,-64.97710503931467,,-720.0,1342.3521147217893,-65.1813253003727,periphery,5.130000000000102,success,17.52471923828125,0.005,"(-720, 531, 1)",-720.0,531.0,1.0,-720.0,,531.0,1.0
7111,realistic,3,x0y0,utah,5.159,6.7,Ab,saline,44.71957232147858,6.7,,b,-1,0.08,soma,59.189238982000006,280.858139786905,1112.4260759872675,942.5228060814244,,281.0,1112.1487742738677,942.8509366103048,tjn,5.195000000000112,success,67.4072265625,0.005,"(281, 539, 364)",281.0,539.0,364.0,281.0,,539.0,364.0
7112,realistic,3,x0y0,utah,6.203,7.9,Ab,saline,203.3365154043196,7.9,,b,-1,0.08,soma,62.52630645400001,1429.523433681201,-551.7080027652164,-965.347187546898,,1430.0,-551.3218349932148,-965.4928272930316,none,0.0,success,105.0,0.005,"(1430, -228, -216)",1430.0,-228.0,-216.0,,,,
7113,realistic,3,x0y0,utah,4.898000000000001,6.4,Ab,saline,2.02235252251519,6.4,,b,-1,0.08,soma,58.354972114000006,-1702.4164059502805,-119.9977771498202,1072.436917036045,,-1702.0,-120.2595347421879,1072.688979565366,none,0.0,success,105.0,0.005,"(-1702, -149, 259)",-1702.0,-149.0,259.0,,,,
7114,realistic,3,x0y0,utah,4.637,6.1,Ab,saline,-18.26257555946591,6.1,,b,-1,0.08,soma,57.520705246000006,-548.7898808484796,-433.9881292548771,1364.0907795256426,,-549.0,-434.0324945120483,1363.746830850801,none,0.0,success,105.0,0.005,"(-549, -179, 591)",-549.0,-179.0,591.0,,,,
7115,realistic,3,x0y0,utah,5.594,7.2,Ab,saline,83.9071714996782,7.2,,b,-1,0.08,soma,60.579683761999995,-489.63690682066215,413.98951128383317,23.540660346760895,,-490.0,413.7242187664665,23.502252223574118,neck0,5.770000000000202,success,105.0,0.005,"(-490, -397, -63)",-490.0,-397.0,-63.0,-490.0,,251.57937501317318,6.201801778859295
7116,realistic,3,x0y0,utah,5.072,6.6,Ab,saline,45.17391304076827,6.6,,b,-1,0.08,soma,58.911150026,-1274.9849884554815,921.2254045997715,823.2768797353227,,-1275.0,921.6118937992197,823.191180384165,periphery,5.2350000000001184,success,80.89599609375,0.005,"(-1275, 344, 249)",-1275.0,344.0,249.0,-1275.0,,344.0,249.0
7117,realistic,3,x0y0,utah,,,Aa,saline,,,100.0,b,-1,0.08,axon,18.9,154316.03220960134,187.86507460238812,1178.4274860639998,centered,,,,none,0.0,success,105.0,0.005,,,,,,-198.36626175431212,,
7118,realistic,3,x0y0,utah,,,Aa,saline,,,100.0,b,-1,0.08,axon,19.3,154385.4711075476,-264.55634397961967,-1035.8500760935879,centered,,,,none,0.0,success,105.0,0.005,,,,,,-673.4017762034329,,
7119,realistic,3,x0y0,utah,,,Aa,saline,,,100.0,b,-1,0.08,axon,17.9,153018.81383092652,1154.6957762625098,-533.9158976951394,centered,,,,none,0.0,success,105.0,0.005,,,,,,117.93506570750796,,
7120,realistic,3,x0y0,utah,,,Aa,saline,,,100.0,b,-1,0.08,axon,18.9,154297.74312628488,489.03152320922754,836.85164205103,centered,,,,none,0.0,success,105.0,0.005,,,,,,-216.65534507079894,,
7121,realistic,3,x0y0,utah,,,Aa,saline,,,100.0,b,-1,0.08,axon,18.9,154306.88616844456,309.6631114793136,-750.276808394141,centered,,,,none,0.0,success,105.0,0.005,,,,,,-207.512302911114,,
7122,realistic,3,x0y0,utah,,,Aa,saline,,,100.0,b,-1,0.08,axon,19.3,154885.87383283488,6.969249013582612,-1385.5132847626255,centered,,,,none,0.0,success,105.0,0.005,,,,,,-172.9990509161455,,
7123,realistic,3,x0y0,utah,,,Aa,saline,,,100.0,b,-1,0.08,axon,19.1,154053.77625255508,-544.6257636623232,1203.6488815613775,centered,,,,none,0.0,success,105.0,0.005,,,,,,-739.4149757423457,,
7124,realistic,3,x0y0,utah,,,Aa,saline,,,100.0,b,-1,0.08,axon,19.5,154597.15092913766,-260.5575057379251,829.9361942342247,centered,,,,none,0.0,success,105.0,0.005,,,,,,-714.8915199168848,,
7125,realistic,3,x0y0,utah,,,Aa,saline,,,100.0,b,-1,0.08,axon,17.9,152644.59574548554,961.3758120253124,896.0242045495434,centered,,,,none,0.0,success,105.0,0.005,,,,,,-256.28301973345424,,
7126,realistic,3,x0y0,utah,,,Aa,saline,,,100.0,b,-1,0.08,axon,19.3,155403.3713790741,202.21185017157268,1064.2586073286714,centered,,,,none,0.0,success,105.0,0.005,,,,,,344.49849532304876,,
7127,realistic,3,x0y0,utah,,,Ab,saline,,,100.0,b,-1,0.08,axon,19.3,154359.19853495285,-137.58294051712664,1325.5321798590085,centered,,,,none,0.0,success,105.0,0.005,,,,,,-699.674348798202,,
7128,realistic,3,x0y0,utah,,,Ab,saline,,,100.0,b,-1,0.08,axon,13.5,138300.86655018403,213.44994557640305,-905.6576633139276,centered,,,,none,0.0,success,105.0,0.005,,,,,,-668.9408100663824,,
7129,realistic,3,x0y0,utah,,,Ab,saline,,,100.0,b,-1,0.08,axon,19.2,154723.30310179587,664.9394054821532,814.000705392069,centered,,,,none,0.0,success,105.0,0.005,,,,,,-204.32978952555428,,
7130,realistic,3,x0y0,utah,,,Ab,saline,,,100.0,b,-1,0.08,axon,12.9,136040.00472538988,522.2550185351583,719.0122456634763,centered,,,,none,0.0,success,105.0,0.005,,,,,,281.3291719635255,,
7131,realistic,3,x0y0,utah,,,Ab,saline,,,100.0,b,-1,0.08,axon,13.0,136663.0532089143,992.0770187558264,-663.8437224518108,centered,,,,none,0.0,success,105.0,0.005,,,,,,339.6501971781145,,
7132,realistic,3,x0y0,utah,,,Ab,saline,,,100.0,b,-1,0.08,axon,15.2,145434.01631545468,-54.084989356240854,-829.3739782685861,centered,,,,none,0.0,success,105.0,0.005,,,,,,-619.3642753255565,,
7133,realistic,3,x0y0,utah,,,Ab,saline,,,100.0,b,-1,0.08,axon,17.2,151784.33939546955,446.4526480723599,-851.2930749714169,centered,,,,none,0.0,success,105.0,0.005,,,,,,265.14045354954925,,
7134,realistic,3,x0y0,utah,,,Ab,saline,,,100.0,b,-1,0.08,axon,13.0,136250.81324049336,634.6304002065863,-830.3938316304384,centered,,,,none,0.0,success,105.0,0.005,,,,,,-72.58977124280472,,
7135,realistic,3,x0y0,utah,,,Ab,saline,,,100.0,b,-1,0.08,axon,13.0,135774.1421131262,1012.5206726232593,589.606345765987,centered,,,,none,0.0,success,105.0,0.005,,,,,,-549.2608986099765,,
7136,realistic,3,x0y0,utah,,,Ab,saline,,,100.0,b,-1,0.08,axon,13.9,140333.22042008705,798.4333064634003,419.0764816164856,centered,,,,51,5.275000000000125,success,84.5947265625,0.005,,,,,-1962.7524410249316,-553.8814225980585,798.4333064634003,419.0764816164856
7137,realistic,3,x0y0,utah,,,Aa,saline,,,100.0,b,-1,0.08,axon,17.9,153108.70510838527,676.4236145964828,-580.0768950920929,centered,,,,49,5.270000000000124,success,95.361328125,0.005,,,,,1736.8351308184501,207.82634316627394,676.4236145964828,-580.0768950920929
7138,realistic,3,x0y0,utah,,,Aa,saline,,,100.0,b,-1,0.08,axon,19.5,155122.95553070994,2.05413499717406,-873.6001731987158,centered,,,,none,0.0,success,105.0,0.005,,,,,,-189.08691834455868,,
7139,realistic,3,x0y0,utah,,,Aa,saline,,,100.0,b,-1,0.08,axon,19.6,156037.70767614324,-480.80046689004985,-975.6144530482134,centered,,,,none,0.0,success,105.0,0.005,,,,,,603.5923473891884,,
7140,realistic,3,x0y0,utah,,,Aa,saline,,,100.0,b,-1,0.08,axon,19.3,155271.602809735,-165.90472671886258,866.8860646519006,centered,,,,none,0.0,success,105.0,0.005,,,,,,212.72992598395396,,
7141,realistic,3,x0y0,utah,,,Aa,saline,,,100.0,b,-1,0.08,axon,19.1,154778.30327764436,292.8978989842193,-806.8597727000238,centered,,,,none,0.0,success,105.0,0.005,,,,,,-14.887950653075638,,
7142,realistic,3,x0y0,utah,,,Aa,saline,,,100.0,b,-1,0.08,axon,19.1,155129.8791075162,-578.1975968543603,656.6335551999164,centered,,,,none,0.0,success,105.0,0.005,,,,,,336.68787921877214,,
7143,realistic,3,x0y0,utah,,,Aa,saline,,,100.0,b,-1,0.08,axon,18.0,153346.11736221926,687.9399449597175,661.6964361432119,centered,,,,none,0.0,success,105.0,0.005,,,,,,265.97395131356444,,
7144,realistic,3,x0y0,utah,,,Aa,saline,,,100.0,b,-1,0.08,axon,19.0,154595.8825904381,-172.13911129883442,1017.3033007492703,centered,,,,none,0.0,success,105.0,0.005,,,,,,-59.589616503801786,,
7145,realistic,3,x0y0,utah,,,Aa,saline,,,100.0,b,-1,0.08,axon,18.9,155083.17407405662,834.5912845190614,1106.6092772429856,centered,,,,none,0.0,success,105.0,0.005,,,,,,568.7756027009585,,
7146,realistic,3,x0y0,utah,,,Aa,saline,,,100.0,b,-1,0.08,axon,18.0,152480.01073722704,77.06215681261347,967.9534528806653,centered,,,,none,0.0,success,105.0,0.005,,,,,,-600.1326736786591,,
7147,realistic,3,x0y0,utah,,,Ab,saline,,,100.0,b,-1,0.08,axon,14.6,143347.68556817368,893.0493256527016,-86.32694201741744,centered,,,,51,5.230000000000118,success,50.1953125,0.005,,,,,-1947.6482323494274,-509.08057095808664,893.0493256527016,-86.32694201741744
7148,realistic,3,x0y0,utah,,,Ab,saline,,,100.0,b,-1,0.08,axon,14.0,141729.90761678704,642.492842258443,-517.373555353915,centered,,,,49,5.300000000000129,success,92.9443359375,0.005,,,,,1802.9111307880667,389.5071258790068,642.492842258443,-517.373555353915
7149,realistic,3,x0y0,utah,,,Ab,saline,,,100.0,b,-1,0.08,axon,14.4,143135.64731782617,56.04888062606597,-1006.3854580619296,centered,,,,none,0.0,success,105.0,0.005,,,,,,80.19655322875646,,
7150,realistic,3,x0y0,utah,,,Ab,saline,,,100.0,b,-1,0.08,axon,13.6,138943.35275184692,95.35657242032356,977.7940568631187,centered,,,,none,0.0,success,105.0,0.005,,,,,,-521.8006806190423,,
7151,realistic,3,x0y0,utah,,,Ab,saline,,,100.0,b,-1,0.08,axon,14.4,143269.76852578312,-256.45285622721576,-1291.4241073509133,centered,,,,none,0.0,success,105.0,0.005,,,,,,214.3177611856866,,
7152,realistic,3,x0y0,utah,,,Ab,saline,,,100.0,b,-1,0.08,axon,12.0,130399.61500564932,-338.1259020152479,1346.8105773632142,centered,,,,none,0.0,success,105.0,0.005,,,,,,305.70171221410976,,
7153,realistic,3,x0y0,utah,,,Ab,saline,,,100.0,b,-1,0.08,axon,14.1,141904.80129725012,178.2450770997657,-1120.4866572300978,centered,,,,none,0.0,success,105.0,0.005,,,,,,121.11115297248942,,
7154,realistic,3,x0y0,utah,,,Ab,saline,,,100.0,b,-1,0.08,axon,19.1,154109.74850589645,1185.8179958030016,29.084309892712106,centered,,,,51,5.175000000000109,success,105.0,0.005,,,,,-2231.374634683947,-683.4427224009626,1185.8179958030016,29.084309892712106
7155,realistic,3,x0y0,utah,,,Ab,saline,,,100.0,b,-1,0.08,axon,14.4,142399.01816934993,857.1974281786603,874.5437424425818,centered,,,,none,0.0,success,105.0,0.005,,,,,,-656.4325952474552,,
7156,realistic,3,x0y0,utah,,,Ab,saline,,,100.0,b,-1,0.08,axon,15.9,148492.64698181915,-356.9291094483342,-772.995357548853,centered,,,,none,0.0,success,105.0,0.005,,,,,,231.08334241008808,,
7157,realistic,3,x0y0,utah,,,Aa,saline,,,100.0,b,-1,0.08,axon,18.9,154462.85148067126,1044.2063097659823,-481.090083796802,centered,,,,none,0.0,success,105.0,0.005,,,,,,-51.546990684439926,,
7158,realistic,3,x0y0,utah,,,Aa,saline,,,100.0,b,-1,0.08,axon,17.4,151757.03017230946,-628.4736318793653,-736.8211534533882,centered,,,,none,0.0,success,105.0,0.005,,,,,,-180.6279235753043,,
7159,realistic,3,x0y0,utah,,,Aa,saline,,,100.0,b,-1,0.08,axon,19.0,155268.07784240769,1333.642584401594,207.80825882181125,centered,,,,none,0.0,success,105.0,0.005,,,,,,612.6056354658215,,
7160,realistic,3,x0y0,utah,,,Aa,saline,,,100.0,b,-1,0.08,axon,17.4,151945.45740958265,-365.95950960091295,-885.1494209281572,centered,,,,none,0.0,success,105.0,0.005,,,,,,7.7993136978666655,,
7161,realistic,3,x0y0,utah,,,Aa,saline,,,100.0,b,-1,0.08,axon,18.5,154110.51628702568,451.7143889252162,-1027.5810094361245,centered,,,,none,0.0,success,105.0,0.005,,,,,,195.5671272204943,,
7162,realistic,3,x0y0,utah,,,Aa,saline,,,100.0,b,-1,0.08,axon,16.2,149234.5053546048,132.9684195324844,-1159.885550723082,centered,,,,none,0.0,success,105.0,0.005,,,,,,130.88351509639955,,
7163,realistic,3,x0y0,utah,,,Aa,saline,,,100.0,b,-1,0.08,axon,17.4,151804.015457987,1011.2955008759352,-810.8322547338812,centered,,,,none,0.0,success,105.0,0.005,,,,,,-133.64263789776786,,
7164,realistic,3,x0y0,utah,,,Aa,saline,,,100.0,b,-1,0.08,axon,19.6,155700.31843216688,593.0439716712896,1076.3891142194807,centered,,,,none,0.0,success,105.0,0.005,,,,,,266.20310341283243,,
7165,realistic,3,x0y0,utah,,,Aa,saline,,,100.0,b,-1,0.08,axon,16.2,149474.06516111494,-627.9045558234734,-697.6505604983977,centered,,,,none,0.0,success,105.0,0.005,,,,,,370.44332160655955,,
7166,realistic,3,x0y0,utah,,,Aa,saline,,,100.0,b,-1,0.08,axon,19.3,154448.66242802131,1240.3011006080114,399.87563929033416,centered,,,,none,0.0,success,105.0,0.005,,,,,,-610.2104557297192,,
7167,realistic,3,x0y0,utah,,,Ab,saline,,,100.0,b,-1,0.08,axon,16.9,150973.9765181792,715.6918668579515,-1140.1652941886928,centered,,,,none,0.0,success,105.0,0.005,,,,,,120.77090115627293,,
7168,realistic,3,x0y0,utah,,,Ab,saline,,,100.0,b,-1,0.08,axon,14.7,143939.30939413435,180.63508092119537,1348.874433074532,centered,,,,none,0.0,success,105.0,0.005,,,,,,-304.71224357897387,,
7169,realistic,3,x0y0,utah,,,Ab,saline,,,100.0,b,-1,0.08,axon,12.0,129845.06830988715,1093.2740449979456,530.4379467416175,centered,,,,none,0.0,success,105.0,0.005,,,,,,-248.84498354806306,,
7170,realistic,3,x0y0,utah,,,Ab,saline,,,100.0,b,-1,0.08,axon,12.0,129797.64498007088,242.09034078273768,-947.4864866730908,centered,,,,none,0.0,success,105.0,0.005,,,,,,-296.26831336433605,,
7171,realistic,3,x0y0,utah,,,Ab,saline,,,100.0,b,-1,0.08,axon,12.7,133995.53317257928,1014.3585841365448,-371.9916525284134,centered,,,,none,0.0,success,105.0,0.005,,,,,,-596.4726659955899,,
7172,realistic,3,x0y0,utah,,,Ab,saline,,,100.0,b,-1,0.08,axon,15.6,147439.66949565694,-603.1455425431013,536.1604199121822,centered,,,,none,0.0,success,105.0,0.005,,,,,,80.9422192791438,,
7173,realistic,3,x0y0,utah,,,Ab,saline,,,100.0,b,-1,0.08,axon,15.5,146665.62063944747,1130.1280144836294,-105.96364856227407,centered,,,,50,5.275000000000125,success,93.603515625,0.005,,,,,-377.9621274448873,-377.96212744489645,1130.1280144836294,-105.96364856227407
7174,realistic,3,x0y0,utah,,,Ab,saline,,,100.0,b,-1,0.08,axon,13.2,137987.1978422722,-32.357095841156934,-1219.038071315297,centered,,,,none,0.0,success,105.0,0.005,,,,,,570.4413553069778,,
7175,realistic,3,x0y0,utah,,,Ab,saline,,,100.0,b,-1,0.08,axon,11.5,126276.21161790742,793.3398524242723,181.59241344781452,centered,,,,50,5.195000000000112,success,36.63330078125,0.005,,,,,-176.9549323087267,-176.95493230872344,793.3398524242723,181.59241344781452
7176,realistic,3,x0y0,utah,,,Ab,saline,,,100.0,b,-1,0.08,axon,13.9,141341.448264107,-332.1841950594366,-981.797222061789,centered,,,,none,0.0,success,105.0,0.005,,,,,,454.34642142187005,,
7177,realistic,3,x0y0,utah,,,Aa,saline,,,100.0,b,-1,0.08,axon,17.9,152240.3748187061,339.51228606019595,-1180.544830330384,centered,,,,none,0.0,success,105.0,0.005,,,,,,-660.5039465129206,,
7178,realistic,3,x0y0,utah,,,Aa,saline,,,100.0,b,-1,0.08,axon,16.2,148524.6282561551,1168.3214635887962,363.6819291378183,centered,,,,none,0.0,success,105.0,0.005,,,,,,-578.9935833533148,,
7179,realistic,3,x0y0,utah,,,Aa,saline,,,100.0,b,-1,0.08,axon,17.4,152021.82993754162,17.025995715722274,975.0071164719096,centered,,,,none,0.0,success,105.0,0.005,,,,,,84.171841656848,,
7180,realistic,3,x0y0,utah,,,Aa,saline,,,100.0,b,-1,0.08,axon,17.9,153590.53749261115,647.2049627026087,-643.937176044079,centered,,,,none,0.0,success,105.0,0.005,,,,,,689.6587273921417,,
7181,realistic,3,x0y0,utah,,,Aa,saline,,,100.0,b,-1,0.08,axon,17.7,151835.8271080893,1119.3305497935216,-804.7804982597197,centered,,,,none,0.0,success,105.0,0.005,,,,,,-693.4486147877263,,
7182,realistic,3,x0y0,utah,,,Aa,saline,,,100.0,b,-1,0.08,axon,18.0,152788.27237877488,606.4706442769511,-949.4825701672283,centered,,,,none,0.0,success,105.0,0.005,,,,,,-291.87103213081923,,
7183,realistic,3,x0y0,utah,,,Aa,saline,,,100.0,b,-1,0.08,axon,19.2,154251.70203900515,575.6777937414854,-1016.8365515270656,centered,,,,none,0.0,success,105.0,0.005,,,,,,-675.9308523162592,,
7184,realistic,3,x0y0,utah,,,Aa,saline,,,100.0,b,-1,0.08,axon,16.2,149053.36830579425,18.1094797327396,919.9514717860612,centered,,,,none,0.0,success,105.0,0.005,,,,,,-50.25353371419684,,
7185,realistic,3,x0y0,utah,,,Aa,saline,,,100.0,b,-1,0.08,axon,17.4,152065.51449222566,1009.3261343220496,-731.2839043864656,centered,,,,none,0.0,success,105.0,0.005,,,,,,127.85639634086081,,
7186,realistic,3,x0y0,utah,,,Aa,saline,,,100.0,b,-1,0.08,axon,18.0,153322.399271907,-657.6681933433533,691.4994252399574,centered,,,,none,0.0,success,105.0,0.005,,,,,,242.2558610012864,,
7187,realistic,3,x0y0,utah,,,Ab,saline,,,100.0,b,-1,0.08,axon,16.8,150070.9254900078,766.0360681385887,-1101.187049830942,centered,,,,none,0.0,success,105.0,0.005,,,,,,-549.6006756311479,,
7188,realistic,3,x0y0,utah,,,Ab,saline,,,100.0,b,-1,0.08,axon,12.9,136352.03885820037,-294.3357185303776,-1343.9291443222585,centered,,,,none,0.0,success,105.0,0.005,,,,,,593.3633047740008,,
7189,realistic,3,x0y0,utah,,,Ab,saline,,,100.0,b,-1,0.08,axon,11.6,126718.34325385932,373.1453461513102,-879.495947877199,centered,,,,none,0.0,success,105.0,0.005,,,,,,-493.24320227784585,,
7190,realistic,3,x0y0,utah,,,Ab,saline,,,100.0,b,-1,0.08,axon,13.7,139616.6552550461,400.4255492466368,755.7133916708199,centered,,,,none,0.0,success,105.0,0.005,,,,,,-333.025511568263,,
7191,realistic,3,x0y0,utah,,,Ab,saline,,,100.0,b,-1,0.08,axon,11.3,124749.60437951113,827.6517980561953,431.661388282585,centered,,,,50,5.2350000000001184,success,91.1865234375,0.005,,,,,-139.6280381506076,-139.62803815062531,827.6517980561953,431.661388282585
7192,realistic,3,x0y0,utah,,,Ab,saline,,,100.0,b,-1,0.08,axon,13.9,140909.33832193422,965.5383562936003,-179.79288375052738,centered,,,,50,5.230000000000118,success,60.296630859375,0.005,,,,,22.236479249113472,22.2364792491106,965.5383562936003,-179.79288375052738
7193,realistic,3,x0y0,utah,,,Ab,saline,,,100.0,b,-1,0.08,axon,12.6,133884.7226486091,871.4304203070018,-570.3901082356348,centered,,,,none,0.0,success,105.0,0.005,,,,,,-104.88942366583586,,
7194,realistic,3,x0y0,utah,,,Ab,saline,,,100.0,b,-1,0.08,axon,11.6,127179.29264495974,761.475762275647,-391.66490666718164,centered,,,,49,5.240000000000119,success,70.9228515625,0.005,,,,,1239.822053383934,-32.29381117741995,761.475762275647,-391.66490666718164
7195,realistic,3,x0y0,utah,,,Ab,saline,,,100.0,b,-1,0.08,axon,11.3,124921.72452136694,1051.0533454684594,-769.0280429404993,centered,,,,none,0.0,success,105.0,0.005,,,,,,32.492103705186146,,
7196,realistic,3,x0y0,utah,,,Ab,saline,,,100.0,b,-1,0.08,axon,12.6,134030.42676224714,932.8177141026056,993.0539491609213,centered,,,,none,0.0,success,105.0,0.005,,,,,,40.814689972247464,,
7197,realistic,3,x0y0,utah,,,Aa,saline,,,100.0,b,-1,0.08,axon,17.4,151548.71711200828,643.6007914271086,684.6822761908375,centered,,,,none,0.0,success,105.0,0.005,,,,,,-388.94098387649,,
7198,realistic,3,x0y0,utah,,,Aa,saline,,,100.0,b,-1,0.08,axon,16.2,149334.09008496112,707.46352967759,-923.8441096800352,centered,,,,none,0.0,success,105.0,0.005,,,,,,230.46824545270766,,
7199,realistic,3,x0y0,utah,,,Aa,saline,,,100.0,b,-1,0.08,axon,16.2,149167.58168086823,452.563293737056,893.7961038425258,centered,,,,none,0.0,success,105.0,0.005,,,,,,63.95984135982411,,
7200,realistic,3,x0y0,utah,,,Aa,saline,,,100.0,b,-1,0.08,axon,19.5,155402.60543985618,-344.8917293236891,-927.6705218301961,centered,,,,none,0.0,success,105.0,0.005,,,,,,90.56299080168431,,
7201,realistic,3,x0y0,utah,,,Aa,saline,,,100.0,b,-1,0.08,axon,18.4,154139.40149639398,-221.46067100226944,1192.1776499905154,centered,,,,none,0.0,success,105.0,0.005,,,,,,383.52052632558406,,
7202,realistic,3,x0y0,utah,,,Aa,saline,,,100.0,b,-1,0.08,axon,16.9,150121.40034505288,-654.6409432440896,784.5482730716902,centered,,,,none,0.0,success,105.0,0.005,,,,,,-731.8052719700638,,
7203,realistic,3,x0y0,utah,,,Aa,saline,,,100.0,b,-1,0.08,axon,16.4,149338.9510066133,1023.1342888471304,-398.3039903778826,centered,,,,50,5.260000000000122,success,99.462890625,0.005,,,,,-294.1783406335162,-294.1783406335118,1023.1342888471304,-398.3039903778826
7204,realistic,3,x0y0,utah,,,Aa,saline,,,100.0,b,-1,0.08,axon,16.8,150092.80260623642,1069.9478174896904,-289.22270760938414,centered,,,,50,5.295000000000128,success,96.0205078125,0.005,,,,,-527.7235594025115,-527.723559402497,1069.9478174896904,-289.22270760938414
7205,realistic,3,x0y0,utah,,,Aa,saline,,,100.0,b,-1,0.08,axon,16.8,150355.06045295348,-326.3981504850726,-1124.2635537484766,centered,,,,none,0.0,success,105.0,0.005,,,,,,-265.4657126854591,,
7206,realistic,3,x0y0,utah,,,Aa,saline,,,100.0,b,-1,0.08,axon,16.8,150983.79801969204,321.7965605507761,-809.3546625003218,centered,,,,none,0.0,success,105.0,0.005,,,,,,363.2718540531156,,
7207,realistic,3,x0y0,utah,,,Ab,saline,,,100.0,b,-1,0.08,axon,12.3,132556.2103236246,-353.05579498197363,1099.409918465286,centered,,,,none,0.0,success,105.0,0.005,,,,,,452.76405166835565,,
7208,realistic,3,x0y0,utah,,,Ab,saline,,,100.0,b,-1,0.08,axon,12.9,136366.5621038947,-247.4255081287215,-1120.6732882986087,centered,,,,none,0.0,success,105.0,0.005,,,,,,607.8865504683533,,
7209,realistic,3,x0y0,utah,,,Ab,saline,,,100.0,b,-1,0.08,axon,12.9,135122.6228108221,608.850319611654,575.9672912457572,centered,,,,none,0.0,success,105.0,0.005,,,,,,-636.0527426042471,,
7210,realistic,3,x0y0,utah,,,Ab,saline,,,100.0,b,-1,0.08,axon,11.6,127822.6593590662,775.8702838721658,-413.52318717771726,centered,,,,49,5.295000000000128,success,90.07415771484375,0.005,,,,,1883.1887674903846,611.0729029290019,775.8702838721658,-413.52318717771726
7211,realistic,3,x0y0,utah,,,Ab,saline,,,100.0,b,-1,0.08,axon,11.5,126383.81052436137,-72.05457139307238,-921.5298692234973,centered,,,,none,0.0,success,105.0,0.005,,,,,,-69.35602585476173,,
7212,realistic,3,x0y0,utah,,,Ab,saline,,,100.0,b,-1,0.08,axon,11.9,129801.94237434908,556.7487849869744,805.5894364444266,centered,,,,none,0.0,success,105.0,0.005,,,,,,406.38873445847344,,
7213,realistic,3,x0y0,utah,,,Ab,saline,,,100.0,b,-1,0.08,axon,12.3,132010.54920525546,1360.689163898096,-276.3330025252817,centered,,,,none,0.0,success,105.0,0.005,,,,,,-92.8970667008272,,
7214,realistic,3,x0y0,utah,,,Ab,saline,,,100.0,b,-1,0.08,axon,15.8,147548.92351901619,812.9232827578371,-136.7237677637963,centered,,,,51,5.200000000000113,success,37.4755859375,0.005,,,,,-1898.3187651459884,-418.643098966127,812.9232827578371,-136.7237677637963
7215,realistic,3,x0y0,utah,,,Ab,saline,,,100.0,b,-1,0.08,axon,15.7,148168.1003414983,-543.262548024868,-1005.1679972865204,centered,,,,none,0.0,success,105.0,0.005,,,,,,501.42925588079146,,
7216,realistic,3,x0y0,utah,,,Ab,saline,,,100.0,b,-1,0.08,axon,11.6,127484.14332145167,1061.8143096213337,-683.4429372952383,centered,,,,none,0.0,success,105.0,0.005,,,,,,272.55686531450755,,
7217,realistic,3,x0y0,utah,,,Aa,saline,,,100.0,b,-1,0.08,axon,17.4,151230.47594887947,1301.1800161124502,-453.6079652511075,centered,,,,none,0.0,success,105.0,0.005,,,,,,-707.1821470053195,,
7218,realistic,3,x0y0,utah,,,Aa,saline,,,100.0,b,-1,0.08,axon,16.9,151154.8043668122,-4.744511315510408,-1136.9517019162035,centered,,,,none,0.0,success,105.0,0.005,,,,,,301.59874978926774,,
7219,realistic,3,x0y0,utah,,,Aa,saline,,,100.0,b,-1,0.08,axon,16.5,149440.28442195035,-124.25551429415054,-852.9142981859094,centered,,,,none,0.0,success,105.0,0.005,,,,,,-448.44968093883836,,
7220,realistic,3,x0y0,utah,,,Aa,saline,,,100.0,b,-1,0.08,axon,16.9,150112.600471499,863.3786164742723,-92.80732618558386,centered,,,,48,5.2350000000001184,success,52.0751953125,0.005,,,,,2276.4589668165427,-740.6051455239315,863.3786164742723,-92.80732618558386
7221,realistic,3,x0y0,utah,,,Aa,saline,,,100.0,b,-1,0.08,axon,16.5,149948.1252858786,773.8597172031638,-284.155754009671,centered,,,,49,5.230000000000118,success,42.791748046875,0.005,,,,,1558.2785240183002,59.39118298939212,773.8597172031638,-284.155754009671
7222,realistic,3,x0y0,utah,,,Aa,saline,,,100.0,b,-1,0.08,axon,18.4,153936.08002634562,-37.88420570953667,1119.1311466221505,centered,,,,none,0.0,success,105.0,0.005,,,,,,180.19905627721883,,
7223,realistic,3,x0y0,utah,,,Aa,saline,,,100.0,b,-1,0.08,axon,17.5,151646.4503502122,-455.007472740735,1171.799327816153,centered,,,,none,0.0,success,105.0,0.005,,,,,,-493.1147656108983,,
7224,realistic,3,x0y0,utah,,,Aa,saline,,,100.0,b,-1,0.08,axon,17.4,151453.78677582752,901.6978130851103,380.4448846813434,centered,,,,51,5.24500000000012,success,79.541015625,0.005,,,,,-2003.2479010160896,-483.8713200572576,901.6978130851103,380.4448846813434
7225,realistic,3,x0y0,utah,,,Aa,saline,,,100.0,b,-1,0.08,axon,16.5,149651.40743851085,816.5190802977388,608.493928573936,centered,,,,none,0.0,success,105.0,0.005,,,,,,-237.32666437835567,,
7226,realistic,3,x0y0,utah,,,Aa,saline,,,100.0,b,-1,0.08,axon,16.4,149380.4438969391,-9.145147462598286,-954.3040052265193,centered,,,,none,0.0,success,105.0,0.005,,,,,,-252.68545030771733,,
7227,realistic,3,x0y0,utah,,,Ab,saline,,,100.0,b,-1,0.08,axon,12.0,130519.38342100613,250.5741667428033,1205.5379293743965,centered,,,,none,0.0,success,105.0,0.005,,,,,,425.47012757092864,,
7228,realistic,3,x0y0,utah,,,Ab,saline,,,100.0,b,-1,0.08,axon,12.2,130858.61208394133,1217.0305051433888,498.6085972555893,centered,,,,none,0.0,success,105.0,0.005,,,,,,-589.0103880950658,,
7229,realistic,3,x0y0,utah,,,Ab,saline,,,100.0,b,-1,0.08,axon,12.7,134900.3210435293,-415.4661874406929,953.0736427149033,centered,,,,none,0.0,success,105.0,0.005,,,,,,308.31520495442885,,
7230,realistic,3,x0y0,utah,,,Ab,saline,,,100.0,b,-1,0.08,axon,15.5,147025.28454713392,994.8366560183722,-351.6003152947969,centered,,,,49,5.275000000000125,success,85.58349609375,0.005,,,,,1452.1376079104957,-18.298219758445008,994.8366560183722,-351.6003152947969
7231,realistic,3,x0y0,utah,,,Ab,saline,,,100.0,b,-1,0.08,axon,11.8,128181.8947289498,223.38387787850758,-807.4416597496312,centered,,,,none,0.0,success,105.0,0.005,,,,,,-500.644494809228,,
7232,realistic,3,x0y0,utah,,,Ab,saline,,,100.0,b,-1,0.08,axon,12.6,134154.44520101816,1031.8049534344136,-146.82931976599775,centered,,,,49,5.250000000000121,success,76.3916015625,0.005,,,,,1504.7292494659778,164.8331287432344,1031.8049534344136,-146.82931976599775
7233,realistic,3,x0y0,utah,,,Ab,saline,,,100.0,b,-1,0.08,axon,10.1,113607.2810069994,283.45531775137806,791.4697363945618,centered,,,,none,0.0,success,105.0,0.005,,,,,,-478.7712417007531,,
7234,realistic,3,x0y0,utah,,,Ab,saline,,,100.0,b,-1,0.08,axon,13.3,138364.05543541632,939.9212270545552,228.63397459185944,centered,,,,49,5.290000000000127,success,69.27490234375,0.005,,,,,1797.6922992464388,418.23408574976014,939.9212270545552,228.63397459185944
7235,realistic,3,x0y0,utah,,,Ab,saline,,,100.0,b,-1,0.08,axon,12.3,132169.09574063733,948.310966164274,-305.66446809868194,centered,,,,49,5.265000000000123,success,78.11279296875,0.005,,,,,1386.683931400621,65.64946868109814,948.310966164274,-305.66446809868194
7236,realistic,3,x0y0,utah,,,Ab,saline,,,100.0,b,-1,0.08,axon,11.2,124290.66668767374,716.6005844304228,-491.15370303487276,centered,,,,49,5.275000000000125,success,97.6318359375,0.005,,,,,1448.2643411130412,207.43199417808844,716.6005844304228,-491.15370303487276
7237,realistic,3,x0y0,utah,,,Aa,saline,,,100.0,b,-1,0.08,axon,16.8,150181.91666493742,422.9130443242943,-1157.3426768240158,centered,,,,none,0.0,success,105.0,0.005,,,,,,-438.60950070152063,,
7238,realistic,3,x0y0,utah,,,Aa,saline,,,100.0,b,-1,0.08,axon,16.7,150087.70537325524,-695.6160603428584,-903.7423808914236,centered,,,,none,0.0,success,105.0,0.005,,,,,,-294.5990746518177,,
7239,realistic,3,x0y0,utah,,,Aa,saline,,,100.0,b,-1,0.08,axon,19.2,154383.01102859233,345.5241797729286,1151.5695918261565,centered,,,,none,0.0,success,105.0,0.005,,,,,,-544.6218627290776,,
7240,realistic,3,x0y0,utah,,,Aa,saline,,,100.0,b,-1,0.08,axon,17.5,152178.60915086823,291.52033549879934,-1294.6671922933874,centered,,,,none,0.0,success,105.0,0.005,,,,,,39.04403504514415,,
7241,realistic,3,x0y0,utah,,,Aa,saline,,,100.0,b,-1,0.08,axon,16.9,151002.25958600445,311.26562774999275,825.281559632097,centered,,,,none,0.0,success,105.0,0.005,,,,,,149.05396898151037,,
7242,realistic,3,x0y0,utah,,,Aa,saline,,,100.0,b,-1,0.08,axon,18.8,154279.10694735395,893.0133412201008,918.8338440315052,centered,,,,none,0.0,success,105.0,0.005,,,,,,-90.78401947027818,,
7243,realistic,3,x0y0,utah,,,Aa,saline,,,100.0,b,-1,0.08,axon,19.6,156133.5722924864,728.432307245935,778.5310090075728,centered,,,,none,0.0,success,105.0,0.005,,,,,,699.4569637323334,,
7244,realistic,3,x0y0,utah,,,Aa,saline,,,100.0,b,-1,0.08,axon,16.8,150155.40500878618,1220.2270257655027,516.6512718561406,centered,,,,none,0.0,success,105.0,0.005,,,,,,-465.12115685271135,,
7245,realistic,3,x0y0,utah,,,Aa,saline,,,100.0,b,-1,0.08,axon,16.7,150084.57781330947,455.5092095621885,-945.1630040901103,centered,,,,none,0.0,success,105.0,0.005,,,,,,-297.72663459758974,,
7246,realistic,3,x0y0,utah,,,Aa,saline,,,100.0,b,-1,0.08,axon,16.9,150529.99972845954,1040.0817271557912,34.70344359886076,centered,,,,51,5.250000000000121,success,67.041015625,0.005,,,,,-1831.7379447336134,-323.20588856340765,1040.0817271557912,34.70344359886076
7247,realistic,3,x0y0,utah,,,Ab,saline,,,100.0,b,-1,0.08,axon,13.8,140140.9945699279,541.0732745337664,-744.6975453684645,centered,,,,none,0.0,success,105.0,0.005,,,,,,-282.60108504523464,,
7248,realistic,3,x0y0,utah,,,Ab,saline,,,100.0,b,-1,0.08,axon,12.6,134114.9171910965,1100.1329510075584,484.52745452909136,centered,,,,none,0.0,success,105.0,0.005,,,,,,125.30511882154251,,
7249,realistic,3,x0y0,utah,,,Ab,saline,,,100.0,b,-1,0.08,axon,11.4,125237.15018446768,550.4322339813671,737.8080207387129,centered,,,,none,0.0,success,105.0,0.005,,,,,,-441.9789286381587,,
7250,realistic,3,x0y0,utah,,,Ab,saline,,,100.0,b,-1,0.08,axon,14.3,143138.69490401619,-138.54968012598556,1265.0194463692942,centered,,,,none,0.0,success,105.0,0.005,,,,,,497.67150814616235,,
7251,realistic,3,x0y0,utah,,,Ab,saline,,,100.0,b,-1,0.08,axon,13.2,138053.49519640644,1230.350362903011,451.57827860770703,centered,,,,none,0.0,success,105.0,0.005,,,,,,636.7387094412163,,
7252,realistic,3,x0y0,utah,,,Ab,saline,,,100.0,b,-1,0.08,axon,15.3,146908.29939919012,904.8207813700044,-647.868158731505,centered,,,,none,0.0,success,105.0,0.005,,,,,,517.2308345769402,,
7253,realistic,3,x0y0,utah,,,Ab,saline,,,100.0,b,-1,0.08,axon,11.6,127776.16303829868,757.3093382668176,-889.4530836471105,centered,,,,none,0.0,success,105.0,0.005,,,,,,564.5765821614963,,
7254,realistic,3,x0y0,utah,,,Ab,saline,,,100.0,b,-1,0.08,axon,12.5,133904.45393679253,-534.3728444037101,920.4020295648147,centered,,,,none,0.0,success,105.0,0.005,,,,,,530.2458002109588,,
7255,realistic,3,x0y0,utah,,,Ab,saline,,,100.0,b,-1,0.08,axon,11.4,125565.8120733992,-331.91731438362063,856.732786394622,centered,,,,none,0.0,success,105.0,0.005,,,,,,-113.31703970662569,,
7256,realistic,3,x0y0,utah,,,Ab,saline,,,100.0,b,-1,0.08,axon,14.6,143624.99369696068,53.04811398604989,-1068.4329913667343,centered,,,,none,0.0,success,105.0,0.005,,,,,,-231.77244217113048,,
7257,realistic,3,x0y0,utah,,,Aa,saline,,,100.0,b,-1,0.08,axon,16.7,151016.38568389055,407.2353812556048,-1190.9006172111206,centered,,,,none,0.0,success,105.0,0.005,,,,,,634.0812359834878,,
7258,realistic,3,x0y0,utah,,,Aa,saline,,,100.0,b,-1,0.08,axon,16.2,148966.48411557995,782.4218501143512,400.645247711951,centered,,,,50,5.260000000000122,success,64.7705078125,0.005,,,,,-137.13772392846295,-137.13772392846298,782.4218501143512,400.645247711951
7259,realistic,3,x0y0,utah,,,Aa,saline,,,100.0,b,-1,0.08,axon,18.8,153988.19332023323,314.694357290663,-1343.0285723424581,centered,,,,none,0.0,success,105.0,0.005,,,,,,-381.6976465909908,,
7260,realistic,3,x0y0,utah,,,Aa,saline,,,100.0,b,-1,0.08,axon,17.8,153378.91091309715,-660.7107480877829,-1164.2355000569744,centered,,,,none,0.0,success,105.0,0.005,,,,,,661.6214372119919,,
7261,realistic,3,x0y0,utah,,,Aa,saline,,,100.0,b,-1,0.08,axon,16.7,149689.26579439282,-604.0361091517103,877.0183690446784,centered,,,,none,0.0,success,105.0,0.005,,,,,,-693.0386535142283,,
7262,realistic,3,x0y0,utah,,,Aa,saline,,,100.0,b,-1,0.08,axon,15.5,147407.09608648682,889.8900065704387,658.8834072952363,centered,,,,none,0.0,success,105.0,0.005,,,,,,363.51331959445463,,
7263,realistic,3,x0y0,utah,,,Aa,saline,,,100.0,b,-1,0.08,axon,16.2,149788.0624396464,1294.9680495166094,-49.69111041435508,centered,,,,none,0.0,success,105.0,0.005,,,,,,684.4406001379948,,
7264,realistic,3,x0y0,utah,,,Aa,saline,,,100.0,b,-1,0.08,axon,16.4,149253.73965597662,-186.38651975465473,848.419508101033,centered,,,,none,0.0,success,105.0,0.005,,,,,,-379.38969127017725,,
7265,realistic,3,x0y0,utah,,,Aa,saline,,,100.0,b,-1,0.08,axon,18.9,154152.60435608204,385.48372393561294,1054.2911888777471,centered,,,,none,0.0,success,105.0,0.005,,,,,,-361.7941152736398,,
7266,realistic,3,x0y0,utah,,,Aa,saline,,,100.0,b,-1,0.08,axon,16.8,150683.46817292538,-271.57873058720503,1364.1463218224415,centered,,,,none,0.0,success,105.0,0.005,,,,,,62.94200728647246,,
7267,realistic,3,x0y0,utah,,,Ab,saline,,,100.0,b,-1,0.08,axon,14.4,143481.16280655048,-486.61386853467087,-671.7631277085268,centered,,,,none,0.0,success,105.0,0.005,,,,,,425.712041953044,,
7268,realistic,3,x0y0,utah,,,Ab,saline,,,100.0,b,-1,0.08,axon,12.6,133776.14802366873,923.4458536645602,450.97335437051737,centered,,,,50,5.255000000000122,success,105.0,0.005,,,,,-213.46404860619805,-213.46404860621243,923.4458536645602,450.97335437051737
7269,realistic,3,x0y0,utah,,,Ab,saline,,,100.0,b,-1,0.08,axon,12.6,133761.65427213986,-386.15551046124983,922.8054055326393,centered,,,,none,0.0,success,105.0,0.005,,,,,,-227.95780013506928,,
7270,realistic,3,x0y0,utah,,,Ab,saline,,,100.0,b,-1,0.08,axon,11.6,127794.7441758913,1197.653634059674,-693.667134473581,centered,,,,none,0.0,success,105.0,0.005,,,,,,583.157719754126,,
7271,realistic,3,x0y0,utah,,,Ab,saline,,,100.0,b,-1,0.08,axon,12.7,134874.21105124944,1291.1764950700353,222.7567876580283,centered,,,,none,0.0,success,105.0,0.005,,,,,,282.2052126745685,,
7272,realistic,3,x0y0,utah,,,Ab,saline,,,100.0,b,-1,0.08,axon,10.4,117092.37949878289,494.0679217680909,-701.8903473130562,centered,,,,none,0.0,success,105.0,0.005,,,,,,65.6226237839397,,
7273,realistic,3,x0y0,utah,,,Ab,saline,,,100.0,b,-1,0.08,axon,11.5,126094.1026178584,707.204687927092,823.8559733092137,centered,,,,none,0.0,success,105.0,0.005,,,,,,-359.0639323577463,,
7274,realistic,3,x0y0,utah,,,Ab,saline,,,100.0,b,-1,0.08,axon,11.6,127173.5753709593,-637.9390362186227,-1044.241451393374,centered,,,,none,0.0,success,105.0,0.005,,,,,,-38.011085177887296,,
7275,realistic,3,x0y0,utah,,,Ab,saline,,,100.0,b,-1,0.08,axon,12.5,134028.37114159277,403.13379650333854,-742.5389826372734,centered,,,,none,0.0,success,105.0,0.005,,,,,,654.1630050111789,,
7276,realistic,3,x0y0,utah,,,Ab,saline,,,100.0,b,-1,0.08,axon,14.0,141626.96029014175,544.6931429034612,-618.1220712379022,centered,,,,none,0.0,success,105.0,0.005,,,,,,286.55979923371143,,
7277,realistic,3,x0y0,utah,,,Aa,saline,,,100.0,b,-1,0.08,axon,16.8,150297.1672083915,1010.6742276476587,-272.4427338355122,centered,,,,50,5.265000000000123,success,78.11279296875,0.005,,,,,-323.3589572474302,-323.35895724743887,1010.6742276476587,-272.4427338355122
7278,realistic,3,x0y0,utah,,,Aa,saline,,,100.0,b,-1,0.08,axon,18.5,154517.64840215555,-539.8296045202324,1257.5915929611,centered,,,,none,0.0,success,105.0,0.005,,,,,,602.6992423503783,,
7279,realistic,3,x0y0,utah,,,Aa,saline,,,100.0,b,-1,0.08,axon,15.5,146433.99278048446,893.138614304905,-679.01610313639,centered,,,,none,0.0,success,105.0,0.005,,,,,,-609.5899864078951,,
7280,realistic,3,x0y0,utah,,,Aa,saline,,,100.0,b,-1,0.08,axon,16.8,151204.26024157373,539.241065850536,-703.0770528811232,centered,,,,none,0.0,success,105.0,0.005,,,,,,583.734075934802,,
7281,realistic,3,x0y0,utah,,,Aa,saline,,,100.0,b,-1,0.08,axon,16.2,149728.79592871942,335.69582097078,-1271.1487309995434,centered,,,,none,0.0,success,105.0,0.005,,,,,,625.1740892109963,,
7282,realistic,3,x0y0,utah,,,Aa,saline,,,100.0,b,-1,0.08,axon,16.9,151029.13317513757,450.47846045473716,941.7502019872716,centered,,,,none,0.0,success,105.0,0.005,,,,,,175.92755811461117,,
7283,realistic,3,x0y0,utah,,,Aa,saline,,,100.0,b,-1,0.08,axon,16.8,151160.05790675725,1234.3400154407627,417.53461273175714,centered,,,,none,0.0,success,105.0,0.005,,,,,,539.531741118341,,
7284,realistic,3,x0y0,utah,,,Aa,saline,,,100.0,b,-1,0.08,axon,16.2,148688.73949489207,-600.4215540647301,-939.5988155245967,centered,,,,none,0.0,success,105.0,0.005,,,,,,-414.8823446163578,,
7285,realistic,3,x0y0,utah,,,Aa,saline,,,100.0,b,-1,0.08,axon,17.0,151627.23799841027,-693.4842557018303,838.6935189364625,centered,,,,none,0.0,success,105.0,0.005,,,,,,546.7731624819098,,
7286,realistic,3,x0y0,utah,,,Aa,saline,,,100.0,b,-1,0.08,axon,17.7,153239.14349187864,300.82856722445695,1240.339622825878,centered,,,,none,0.0,success,105.0,0.005,,,,,,709.867769001624,,
7287,realistic,3,x0y0,utah,,,Ab,saline,,,100.0,b,-1,0.08,axon,16.2,149061.58431010158,333.2578483091752,1267.1775142584065,centered,,,,none,0.0,success,105.0,0.005,,,,,,-42.03752940683679,,
7288,realistic,3,x0y0,utah,,,Ab,saline,,,100.0,b,-1,0.08,axon,12.0,130128.15175534485,759.967176538184,-923.8845027565567,centered,,,,none,0.0,success,105.0,0.005,,,,,,34.238461909660394,,
7289,realistic,3,x0y0,utah,,,Ab,saline,,,100.0,b,-1,0.08,axon,12.0,130428.88070481586,-674.1687637776718,-438.7305863948391,centered,,,,none,0.0,success,105.0,0.005,,,,,,334.96741138063715,,
7290,realistic,3,x0y0,utah,,,Ab,saline,,,100.0,b,-1,0.08,axon,11.2,124088.88496259856,793.1180321879092,972.0618444398133,centered,,,,none,0.0,success,105.0,0.005,,,,,,5.6502691029149235,,
7291,realistic,3,x0y0,utah,,,Ab,saline,,,100.0,b,-1,0.08,axon,15.4,146955.24620243162,-43.01909839658947,909.7471372635761,centered,,,,none,0.0,success,105.0,0.005,,,,,,234.16374332999024,,
7292,realistic,3,x0y0,utah,,,Ab,saline,,,100.0,b,-1,0.08,axon,11.1,122897.05074480304,1100.4482918019248,420.7660706067089,centered,,,,none,0.0,success,105.0,0.005,,,,,,-363.8435831655217,,
7293,realistic,3,x0y0,utah,,,Ab,saline,,,100.0,b,-1,0.08,axon,17.8,152171.16557208222,1050.9192312139419,-180.3020112836739,centered,,,,51,5.270000000000124,success,80.45654296875,0.005,,,,,-2073.296798561816,-546.1239038029506,1050.9192312139419,-180.3020112836739
7294,realistic,3,x0y0,utah,,,Ab,saline,,,100.0,b,-1,0.08,axon,13.0,136547.89916829646,-504.9423606843789,-876.0424204093965,centered,,,,none,0.0,success,105.0,0.005,,,,,,224.49615656028809,,
7295,realistic,3,x0y0,utah,,,Ab,saline,,,100.0,b,-1,0.08,axon,13.3,138466.85482727014,1303.221385075628,44.910903955541926,centered,,,,none,0.0,success,105.0,0.005,,,,,,521.033477603596,,
7296,realistic,3,x0y0,utah,,,Ab,saline,,,100.0,b,-1,0.08,axon,13.7,140622.1550623074,621.4364434437603,-1169.7727937215516,centered,,,,none,0.0,success,105.0,0.005,,,,,,672.4742956930564,,
7297,realistic,3,x0y0,utah,,,Aa,saline,,,100.0,b,-1,0.08,axon,16.2,148663.95283931517,-553.684957490977,-712.7981734781729,centered,,,,none,0.0,success,105.0,0.005,,,,,,-439.6690001932496,,
7298,realistic,3,x0y0,utah,,,Aa,saline,,,100.0,b,-1,0.08,axon,16.8,150270.52047134418,779.1012177325522,-860.3731196753553,centered,,,,none,0.0,success,105.0,0.005,,,,,,-350.00569429474746,,
7299,realistic,3,x0y0,utah,,,Aa,saline,,,100.0,b,-1,0.08,axon,17.0,150677.47580117814,819.4355791413882,227.8703678751536,centered,,,,51,5.2350000000001184,success,45.9228515625,0.005,,,,,-1913.793683109543,-402.9890347502362,819.4355791413882,227.8703678751536
7300,realistic,3,x0y0,utah,,,Aa,saline,,,100.0,b,-1,0.08,axon,16.5,149769.93514306846,670.4250447811564,1084.2849975699519,centered,,,,none,0.0,success,105.0,0.005,,,,,,-118.798959820737,,
7301,realistic,3,x0y0,utah,,,Aa,saline,,,100.0,b,-1,0.08,axon,16.4,149769.91512503792,999.5325413964737,-238.4824850152222,centered,,,,49,5.290000000000127,success,69.27490234375,0.005,,,,,1633.1170712635794,136.78577779112476,999.5325413964737,-238.4824850152222
7302,realistic,3,x0y0,utah,,,Aa,saline,,,100.0,b,-1,0.08,axon,19.3,154792.04249747642,-428.2574671728476,754.5644704458659,centered,,,,none,0.0,success,105.0,0.005,,,,,,-266.83038627463503,,
7303,realistic,3,x0y0,utah,,,Aa,saline,,,100.0,b,-1,0.08,axon,15.8,148055.4993612926,-179.56641863604,-1292.4692377203392,centered,,,,none,0.0,success,105.0,0.005,,,,,,87.93274331025837,,
7304,realistic,3,x0y0,utah,,,Aa,saline,,,100.0,b,-1,0.08,axon,18.7,154197.38290341315,556.4389471050672,-1039.7616291309848,centered,,,,none,0.0,success,105.0,0.005,,,,,,-24.48600550874702,,
7305,realistic,3,x0y0,utah,,,Aa,saline,,,100.0,b,-1,0.08,axon,18.2,152929.40768331336,1061.3186896716174,866.7149372075177,centered,,,,none,0.0,success,105.0,0.005,,,,,,-496.6801627982818,,
7306,realistic,3,x0y0,utah,,,Aa,saline,,,100.0,b,-1,0.08,axon,15.5,147107.86944456777,111.86362465168621,-941.4671132302933,centered,,,,none,0.0,success,105.0,0.005,,,,,,64.28667767540655,,
7307,realistic,3,x0y0,utah,,,Ab,saline,,,100.0,b,-1,0.08,axon,19.6,155791.3729903904,384.20894081267625,-861.4195014425992,centered,,,,none,0.0,success,105.0,0.005,,,,,,357.2576616363424,,
7308,realistic,3,x0y0,utah,,,Ab,saline,,,100.0,b,-1,0.08,axon,13.6,140021.97986766195,1131.75717868858,-228.9671961164231,centered,,,,none,0.0,success,105.0,0.005,,,,,,556.8264351959929,,
7309,realistic,3,x0y0,utah,,,Ab,saline,,,100.0,b,-1,0.08,axon,11.8,128256.60146040196,-393.010282287059,-725.9895661702149,centered,,,,none,0.0,success,105.0,0.005,,,,,,-425.93776335705587,,
7310,realistic,3,x0y0,utah,,,Ab,saline,,,100.0,b,-1,0.08,axon,14.0,141906.60972604732,-478.8771651799989,846.0183984513393,centered,,,,none,0.0,success,105.0,0.005,,,,,,566.2092351392569,,
7311,realistic,3,x0y0,utah,,,Ab,saline,,,100.0,b,-1,0.08,axon,16.0,147879.48847200396,696.7516426300017,-1124.039120217932,centered,,,,none,0.0,success,105.0,0.005,,,,,,-669.3208051531627,,
7312,realistic,3,x0y0,utah,,,Ab,saline,,,100.0,b,-1,0.08,axon,11.2,123472.69787176137,-471.77895507632314,1020.3703914031656,centered,,,,none,0.0,success,105.0,0.005,,,,,,-610.5368217342749,,
7313,realistic,3,x0y0,utah,,,Ab,saline,,,100.0,b,-1,0.08,axon,15.1,146127.21278100507,-537.2713542862098,682.478998772187,centered,,,,none,0.0,success,105.0,0.005,,,,,,419.3574523862348,,
7314,realistic,3,x0y0,utah,,,Ab,saline,,,100.0,b,-1,0.08,axon,10.7,119748.45949193186,-522.5226378352882,606.768773608188,centered,,,,none,0.0,success,105.0,0.005,,,,,,-54.83225690520584,,
7315,realistic,3,x0y0,utah,,,Ab,saline,,,100.0,b,-1,0.08,axon,17.1,151564.08718229338,1328.1679506748026,-383.79182080975716,centered,,,,none,0.0,success,105.0,0.005,,,,,,261.6636860071789,,
7316,realistic,3,x0y0,utah,,,Ab,saline,,,100.0,b,-1,0.08,axon,13.9,141402.77416561908,89.08407593190077,1040.501205703581,centered,,,,none,0.0,success,105.0,0.005,,,,,,515.6723229339638,,
7317,realistic,3,x0y0,utah,,,Aa,saline,,,100.0,b,-1,0.08,axon,15.9,148664.0446320061,-461.9668690479338,1088.2551707145622,centered,,,,none,0.0,success,105.0,0.005,,,,,,402.4809925970337,,
7318,realistic,3,x0y0,utah,,,Aa,saline,,,100.0,b,-1,0.08,axon,16.2,149370.85498461383,1283.3295775149409,73.08836253951722,centered,,,,none,0.0,success,105.0,0.005,,,,,,267.23314510544543,,
7319,realistic,3,x0y0,utah,,,Aa,saline,,,100.0,b,-1,0.08,axon,17.7,153214.72345554733,809.2940472423787,546.9274439356395,centered,,,,49,5.205000000000114,success,105.0,0.005,,,,,2210.7404898990935,685.4477326703094,809.2940472423787,546.9274439356395
7320,realistic,3,x0y0,utah,,,Aa,saline,,,100.0,b,-1,0.08,axon,15.5,146642.18405817248,-294.7895510003392,758.1143863579849,centered,,,,none,0.0,success,105.0,0.005,,,,,,-401.3987087198813,,
7321,realistic,3,x0y0,utah,,,Aa,saline,,,100.0,b,-1,0.08,axon,16.4,150368.66501951925,767.3208647683133,-301.3514692663407,centered,,,,50,5.275000000000125,success,61.23046875,0.005,,,,,735.5356722724391,735.5356722724406,767.3208647683133,-301.3514692663407
7322,realistic,3,x0y0,utah,,,Aa,saline,,,100.0,b,-1,0.08,axon,17.9,152859.40563831886,-88.30331030865135,-963.516090699502,centered,,,,none,0.0,success,105.0,0.005,,,,,,-41.47312690015144,,
7323,realistic,3,x0y0,utah,,,Aa,saline,,,100.0,b,-1,0.08,axon,19.7,155382.0239556192,-624.1682951584216,-523.449841356749,centered,,,,none,0.0,success,105.0,0.005,,,,,,-171.24925525598132,,
7324,realistic,3,x0y0,utah,,,Aa,saline,,,100.0,b,-1,0.08,axon,16.5,149707.96752480642,80.19160929338659,838.8352941239572,centered,,,,none,0.0,success,105.0,0.005,,,,,,-180.76657808277932,,
7325,realistic,3,x0y0,utah,,,Aa,saline,,,100.0,b,-1,0.08,axon,16.7,149737.56615667173,1154.7975757734441,-603.6726382428496,centered,,,,none,0.0,success,105.0,0.005,,,,,,-644.7382912353272,,
7326,realistic,3,x0y0,utah,,,Aa,saline,,,100.0,b,-1,0.08,axon,19.5,155774.5360629156,108.87227275140322,-802.3179831610396,centered,,,,none,0.0,success,105.0,0.005,,,,,,462.49361386109985,,
7327,realistic,3,x0y0,utah,,,Ab,saline,,,100.0,b,-1,0.08,axon,11.6,127827.27842086887,622.0973770593982,-896.8416140662524,centered,,,,none,0.0,success,105.0,0.005,,,,,,615.6919647316851,,
7328,realistic,3,x0y0,utah,,,Ab,saline,,,100.0,b,-1,0.08,axon,14.4,142389.81989538533,-615.9622409451886,-1044.3806360950186,centered,,,,none,0.0,success,105.0,0.005,,,,,,-665.6308692121072,,
7329,realistic,3,x0y0,utah,,,Ab,saline,,,100.0,b,-1,0.08,axon,13.2,137509.4404802086,-253.20556176977925,-906.3463037085356,centered,,,,none,0.0,success,105.0,0.005,,,,,,92.68399324337165,,
7330,realistic,3,x0y0,utah,,,Ab,saline,,,100.0,b,-1,0.08,axon,17.5,152610.48063889638,-548.0927177865921,-661.4809682279682,centered,,,,none,0.0,success,105.0,0.005,,,,,,470.9155230732752,,
7331,realistic,3,x0y0,utah,,,Ab,saline,,,100.0,b,-1,0.08,axon,11.2,124415.27335075026,1070.3322030708596,-892.1253887785664,centered,,,,none,0.0,success,105.0,0.005,,,,,,332.03865725459286,,
7332,realistic,3,x0y0,utah,,,Ab,saline,,,100.0,b,-1,0.08,axon,15.3,146173.212571751,623.0258462068377,606.392838799743,centered,,,,none,0.0,success,105.0,0.005,,,,,,-217.85599286216018,,
7333,realistic,3,x0y0,utah,,,Ab,saline,,,100.0,b,-1,0.08,axon,11.5,126282.40686979715,217.3611132144083,777.2690744414112,centered,,,,none,0.0,success,105.0,0.005,,,,,,-170.75968041899344,,
7334,realistic,3,x0y0,utah,,,Ab,saline,,,100.0,b,-1,0.08,axon,18.5,153888.26787000833,956.3095369868444,989.9537567652176,centered,,,,none,0.0,success,105.0,0.005,,,,,,-26.681289796827738,,
7335,realistic,3,x0y0,utah,,,Ab,saline,,,100.0,b,-1,0.08,axon,14.1,142039.30550984302,594.2695723807446,-858.6253750037503,centered,,,,none,0.0,success,105.0,0.005,,,,,,255.61536556541668,,
7336,realistic,3,x0y0,utah,,,Ab,saline,,,100.0,b,-1,0.08,axon,12.2,131714.48240687224,754.5562243023593,-942.57569613955,centered,,,,none,0.0,success,105.0,0.005,,,,,,266.8599348358541,,
7337,realistic,3,x0y0,utah,,,Aa,saline,,,100.0,b,-1,0.08,axon,19.7,155242.66370396197,829.9294260709489,808.5955729379853,centered,,,,none,0.0,success,105.0,0.005,,,,,,-310.60950691319215,,
7338,realistic,3,x0y0,utah,,,Aa,saline,,,100.0,b,-1,0.08,axon,18.2,153259.9998995258,-393.5532777593103,-1162.632093848362,centered,,,,none,0.0,success,105.0,0.005,,,,,,-166.0879465858584,,
7339,realistic,3,x0y0,utah,,,Aa,saline,,,100.0,b,-1,0.08,axon,19.0,154928.29945256445,500.2454928192857,-1188.4822218162974,centered,,,,none,0.0,success,105.0,0.005,,,,,,272.8272456225214,,
7340,realistic,3,x0y0,utah,,,Aa,saline,,,100.0,b,-1,0.08,axon,18.8,154850.279158234,751.9831575287857,-458.3358021798713,centered,,,,49,5.270000000000124,success,76.94091796875,0.005,,,,,2024.0871010780102,480.3881914097768,751.9831575287857,-458.3358021798713
7341,realistic,3,x0y0,utah,,,Aa,saline,,,100.0,b,-1,0.08,axon,15.4,146949.5021934592,-478.3201195782617,-934.0130837747156,centered,,,,none,0.0,success,105.0,0.005,,,,,,228.41973435757683,,
7342,realistic,3,x0y0,utah,,,Aa,saline,,,100.0,b,-1,0.08,axon,17.9,152891.27921989607,762.884553950576,-540.2497933895411,centered,,,,49,5.290000000000127,success,89.044189453125,0.005,,,,,1519.409242329246,-9.599545322950174,762.884553950576,-540.2497933895411
7343,realistic,3,x0y0,utah,,,Aa,saline,,,100.0,b,-1,0.08,axon,18.1,153743.9017615127,888.5644929010664,-501.9766633995249,centered,,,,48,5.31000000000013,success,97.6318359375,0.005,,,,,3553.8241997412697,488.72057603163233,888.5644929010664,-501.9766633995249
7344,realistic,3,x0y0,utah,,,Aa,saline,,,100.0,b,-1,0.08,axon,16.9,151590.37153759325,-347.77605777839517,-745.6896880679715,centered,,,,none,0.0,success,105.0,0.005,,,,,,737.1659205703131,,
7345,realistic,3,x0y0,utah,,,Aa,saline,,,100.0,b,-1,0.08,axon,17.9,152753.960826976,-479.8136586718397,1126.354258331763,centered,,,,none,0.0,success,105.0,0.005,,,,,,-146.91793824302232,,
7346,realistic,3,x0y0,utah,,,Aa,saline,,,100.0,b,-1,0.08,axon,15.8,148366.54426600394,100.06033057928472,1159.182907854347,centered,,,,none,0.0,success,105.0,0.005,,,,,,398.9776480216177,,
7347,realistic,3,x0y0,utah,,,Ab,saline,,,100.0,b,-1,0.08,axon,11.4,125817.01777272447,761.7477816923697,-272.64763618747344,centered,,,,49,5.2100000000001145,success,46.8017578125,0.005,,,,,1394.6799507497199,137.88865961865162,761.7477816923697,-272.64763618747344
7348,realistic,3,x0y0,utah,,,Ab,saline,,,100.0,b,-1,0.08,axon,19.1,154219.8931343836,850.5516128925983,-29.867774918458508,centered,,,,51,5.205000000000114,success,41.986083984375,0.005,,,,,-2121.230006196798,-573.2980939138107,850.5516128925983,-29.867774918458508
7349,realistic,3,x0y0,utah,,,Ab,saline,,,100.0,b,-1,0.08,axon,9.6,109128.98413048618,533.7189554538401,850.6036480505072,centered,,,,none,0.0,success,105.0,0.005,,,,,,325.42720845049826,,
7350,realistic,3,x0y0,utah,,,Ab,saline,,,100.0,b,-1,0.08,axon,9.6,108927.19800881504,1073.0423136311574,637.8919216457016,centered,,,,none,0.0,success,105.0,0.005,,,,,,123.64108677939166,,
7351,realistic,3,x0y0,utah,,,Ab,saline,,,100.0,b,-1,0.08,axon,10.8,120162.37565776787,-580.100039171366,-810.5045285923213,centered,,,,none,0.0,success,105.0,0.005,,,,,,-531.0324432163269,,
7352,realistic,3,x0y0,utah,,,Ab,saline,,,100.0,b,-1,0.08,axon,19.3,155136.96704883393,825.0916050892388,-718.0762202000847,centered,,,,none,0.0,success,105.0,0.005,,,,,,78.09416508294619,,
7353,realistic,3,x0y0,utah,,,Ab,saline,,,100.0,b,-1,0.08,axon,10.1,113756.19855002074,-410.1737409737498,-1209.573654046004,centered,,,,none,0.0,success,105.0,0.005,,,,,,-329.8536986794227,,
7354,realistic,3,x0y0,utah,,,Ab,saline,,,100.0,b,-1,0.08,axon,11.2,123574.75344399095,497.51352650910894,1261.4250477297792,centered,,,,none,0.0,success,105.0,0.005,,,,,,-508.4812495047199,,
7355,realistic,3,x0y0,utah,,,Ab,saline,,,100.0,b,-1,0.08,axon,11.6,127554.46062963882,-302.67104738275475,-993.2965109549344,centered,,,,none,0.0,success,105.0,0.005,,,,,,342.87417350163446,,
7356,realistic,3,x0y0,utah,,,Ab,saline,,,100.0,b,-1,0.08,axon,11.6,126964.2291554348,-619.2177245827647,-892.1490921535446,centered,,,,none,0.0,success,105.0,0.005,,,,,,-247.35730070238256,,
7357,realistic,3,x0y0,utah,,,Aa,saline,,,100.0,b,-1,0.08,axon,16.2,148358.54568956068,-644.6920310754157,668.6133059967108,centered,,,,none,0.0,success,105.0,0.005,,,,,,-745.0761499477403,,
7358,realistic,3,x0y0,utah,,,Aa,saline,,,100.0,b,-1,0.08,axon,15.5,146976.6294784286,1197.386123686265,63.08833940468958,centered,,,,50,5.31000000000013,success,105.0,0.005,,,,,-66.95328846375924,-66.95328846374953,1197.386123686265,63.08833940468958
7359,realistic,3,x0y0,utah,,,Aa,saline,,,100.0,b,-1,0.08,axon,15.5,146465.38409603256,661.6731987929643,1125.7358043458307,centered,,,,none,0.0,success,105.0,0.005,,,,,,-578.1986708597973,,
7360,realistic,3,x0y0,utah,,,Aa,saline,,,100.0,b,-1,0.08,axon,19.2,154492.00704013722,-444.903591113698,878.9295684453778,centered,,,,none,0.0,success,105.0,0.005,,,,,,-435.62585118423135,,
7361,realistic,3,x0y0,utah,,,Aa,saline,,,100.0,b,-1,0.08,axon,17.5,152137.820029863,963.9107373633881,928.5303754145764,centered,,,,none,0.0,success,105.0,0.005,,,,,,-1.7450859600729731,,
7362,realistic,3,x0y0,utah,,,Aa,saline,,,100.0,b,-1,0.08,axon,19.0,154448.12625495248,-233.95377449494163,767.5998980362192,centered,,,,none,0.0,success,105.0,0.005,,,,,,-207.34595198940968,,
7363,realistic,3,x0y0,utah,,,Aa,saline,,,100.0,b,-1,0.08,axon,18.0,153251.40758608494,69.70534598919994,-804.5224375836708,centered,,,,none,0.0,success,105.0,0.005,,,,,,171.26417517925358,,
7364,realistic,3,x0y0,utah,,,Aa,saline,,,100.0,b,-1,0.08,axon,16.9,150446.4608712479,962.3847395166654,75.30900709332809,centered,,,,51,5.230000000000118,success,55.3955078125,0.005,,,,,-1915.2768019452633,-406.74474577504736,962.3847395166654,75.30900709332809
7365,realistic,3,x0y0,utah,,,Aa,saline,,,100.0,b,-1,0.08,axon,18.0,152951.73993371116,316.34508163589413,-1265.0514265581724,centered,,,,none,0.0,success,105.0,0.005,,,,,,-128.40347719455826,,
7366,realistic,3,x0y0,utah,,,Aa,saline,,,100.0,b,-1,0.08,axon,16.9,151560.75912802847,150.39297142360556,841.4108381011356,centered,,,,none,0.0,success,105.0,0.005,,,,,,707.5535110054954,,
7367,realistic,3,x0y0,utah,,,Ab,saline,,,100.0,b,-1,0.08,axon,16.8,151336.46853511804,977.589119838338,181.0734091999629,centered,,,,49,5.260000000000122,success,72.900390625,0.005,,,,,2222.1476311355073,715.9423694791153,977.589119838338,181.0734091999629
7368,realistic,3,x0y0,utah,,,Ab,saline,,,100.0,b,-1,0.08,axon,10.4,117161.91544500926,856.9835750319693,-601.2150297664116,centered,,,,none,0.0,success,105.0,0.005,,,,,,135.1585700103,,
7369,realistic,3,x0y0,utah,,,Ab,saline,,,100.0,b,-1,0.08,axon,11.6,126786.96132285762,803.5651336266893,-63.99452217928822,centered,,,,51,5.190000000000111,success,36.083984375,0.005,,,,,-1696.7409978409414,-424.6251332795677,803.5651336266893,-63.99452217928822
7370,realistic,3,x0y0,utah,,,Ab,saline,,,100.0,b,-1,0.08,axon,13.9,140766.3526567091,460.07948673933737,-984.6234607243387,centered,,,,none,0.0,success,105.0,0.005,,,,,,-120.74918597602536,,
7371,realistic,3,x0y0,utah,,,Ab,saline,,,100.0,b,-1,0.08,axon,11.8,128176.49706552955,30.434149139950023,1019.794106154966,centered,,,,none,0.0,success,105.0,0.005,,,,,,-506.0421582294809,,
7372,realistic,3,x0y0,utah,,,Ab,saline,,,100.0,b,-1,0.08,axon,12.3,132686.6759357093,-532.1437041360527,-1193.8477959194086,centered,,,,none,0.0,success,105.0,0.005,,,,,,583.229663753046,,
7373,realistic,3,x0y0,utah,,,Ab,saline,,,100.0,b,-1,0.08,axon,11.4,125285.64458246635,-621.2516470667615,647.2886303427704,centered,,,,none,0.0,success,105.0,0.005,,,,,,-393.48453063946295,,
7374,realistic,3,x0y0,utah,,,Ab,saline,,,100.0,b,-1,0.08,axon,11.3,124637.61022825596,1080.4715073261377,179.0017363047218,centered,,,,50,5.265000000000123,success,99.90234375,0.005,,,,,-251.62218940578168,-251.62218940579376,1080.4715073261377,179.0017363047218
7375,realistic,3,x0y0,utah,,,Ab,saline,,,100.0,b,-1,0.08,axon,12.3,131692.77176402032,-445.7532441511489,-686.7745409270346,centered,,,,none,0.0,success,105.0,0.005,,,,,,-410.67450793592593,,
7376,realistic,3,x0y0,utah,,,Ab,saline,,,100.0,b,-1,0.08,axon,14.3,142356.04925254243,103.81371753141322,962.0640561988524,centered,,,,none,0.0,success,105.0,0.005,,,,,,-284.974143327577,,
7377,realistic,3,x0y0,utah,,,Aa,saline,,,100.0,b,-1,0.08,axon,16.8,149924.76973156366,-662.6740459602142,829.9790691713887,centered,,,,none,0.0,success,105.0,0.005,,,,,,-695.7564340753087,,
7378,realistic,3,x0y0,utah,,,Aa,saline,,,100.0,b,-1,0.08,axon,15.8,148052.08626128672,841.5197276794906,171.41715969397,centered,,,,49,5.2100000000001145,success,36.63330078125,0.005,,,,,1564.1953094841738,84.51964330437815,841.5197276794906,171.41715969397
7379,realistic,3,x0y0,utah,,,Aa,saline,,,100.0,b,-1,0.08,axon,16.8,150206.91728124538,422.464782915954,1269.707425213438,centered,,,,none,0.0,success,105.0,0.005,,,,,,-413.60888439354704,,
7380,realistic,3,x0y0,utah,,,Aa,saline,,,100.0,b,-1,0.08,axon,15.6,147557.0181870127,-256.2699577251801,853.4800891109378,centered,,,,none,0.0,success,105.0,0.005,,,,,,198.29091063490657,,
7381,realistic,3,x0y0,utah,,,Aa,saline,,,100.0,b,-1,0.08,axon,16.5,149304.72229194484,626.9917929912972,-504.9442901177864,centered,,,,51,5.260000000000122,success,88.22021484375,0.005,,,,,-2082.8991519732517,-584.0118109443589,626.9917929912972,-504.9442901177864
7382,realistic,3,x0y0,utah,,,Aa,saline,,,100.0,b,-1,0.08,axon,18.7,154320.05848558614,-95.28761657555424,-914.3930779039284,centered,,,,none,0.0,success,105.0,0.005,,,,,,98.18957666425892,,
7383,realistic,3,x0y0,utah,,,Aa,saline,,,100.0,b,-1,0.08,axon,15.9,148180.79433554303,-324.5551954038752,1319.5068118540912,centered,,,,none,0.0,success,105.0,0.005,,,,,,-80.76930386597986,,
7384,realistic,3,x0y0,utah,,,Aa,saline,,,100.0,b,-1,0.08,axon,18.3,153667.43183704698,-601.5990746676603,-559.6761469708745,centered,,,,none,0.0,success,105.0,0.005,,,,,,74.47467032855843,,
7385,realistic,3,x0y0,utah,,,Aa,saline,,,100.0,b,-1,0.08,axon,17.7,153122.52385908767,1283.1322316123894,332.0448764722824,centered,,,,none,0.0,success,105.0,0.005,,,,,,593.2481362106769,,
7386,realistic,3,x0y0,utah,,,Aa,saline,,,100.0,b,-1,0.08,axon,16.7,151011.411241264,131.20871735818858,1122.8085672699638,centered,,,,none,0.0,success,105.0,0.005,,,,,,629.1067933569323,,
7387,realistic,3,x0y0,utah,,,Ab,saline,,,100.0,b,-1,0.08,axon,12.0,129624.5876720114,39.83436223372655,861.3721128183548,centered,,,,none,0.0,success,105.0,0.005,,,,,,-469.32562142379936,,
7388,realistic,3,x0y0,utah,,,Ab,saline,,,100.0,b,-1,0.08,axon,10.7,119952.79492370113,127.37994022225756,1160.6190270769364,centered,,,,none,0.0,success,105.0,0.005,,,,,,149.5031748640851,,
7389,realistic,3,x0y0,utah,,,Ab,saline,,,100.0,b,-1,0.08,axon,12.8,135074.2730715052,1005.315752743797,-906.0055329834476,centered,,,,none,0.0,success,105.0,0.005,,,,,,-107.34501103076819,,
7390,realistic,3,x0y0,utah,,,Ab,saline,,,100.0,b,-1,0.08,axon,14.1,141771.0368458035,834.5394980124343,-218.73374705891086,centered,,,,49,5.2100000000001145,success,42.29736328125,0.005,,,,,1405.1836029686383,-12.653298474129546,834.5394980124343,-218.73374705891086
7391,realistic,3,x0y0,utah,,,Ab,saline,,,100.0,b,-1,0.08,axon,14.7,144006.04897399707,1081.9345359204526,618.0178098328365,centered,,,,none,0.0,success,105.0,0.005,,,,,,-237.97266371629624,,
7392,realistic,3,x0y0,utah,,,Ab,saline,,,100.0,b,-1,0.08,axon,9.6,108513.17159361816,-490.23045738086233,1092.3263579457007,centered,,,,none,0.0,success,105.0,0.005,,,,,,-290.38532841747747,,
7393,realistic,3,x0y0,utah,,,Ab,saline,,,100.0,b,-1,0.08,axon,9.6,108721.92215183539,265.38851898745315,-1061.6742101153652,centered,,,,none,0.0,success,105.0,0.005,,,,,,-81.63477020026377,,
7394,realistic,3,x0y0,utah,,,Ab,saline,,,100.0,b,-1,0.08,axon,13.1,137051.66813001773,-6.9785737845490985,-1082.3662875852692,centered,,,,none,0.0,success,105.0,0.005,,,,,,175.6449854829713,,
7395,realistic,3,x0y0,utah,,,Ab,saline,,,100.0,b,-1,0.08,axon,13.9,140339.9917386928,604.1675276382392,1132.3158444551245,centered,,,,none,0.0,success,105.0,0.005,,,,,,-547.1101039923072,,
7396,realistic,3,x0y0,utah,,,Ab,saline,,,100.0,b,-1,0.08,axon,11.1,123316.74692409276,380.72257837803,904.4137704254545,centered,,,,none,0.0,success,105.0,0.005,,,,,,55.85259612417265,,
7397,realistic,3,x0y0,utah,,,Aa,saline,,,100.0,b,-1,0.08,axon,15.9,148226.5219960042,81.73380143902978,796.691114269509,centered,,,,none,0.0,success,105.0,0.005,,,,,,-35.041643404867266,,
7398,realistic,3,x0y0,utah,,,Aa,saline,,,100.0,b,-1,0.08,axon,16.2,149235.98923141853,147.8343582666821,1051.1087554689586,centered,,,,none,0.0,success,105.0,0.005,,,,,,132.36739191012202,,
7399,realistic,3,x0y0,utah,,,Aa,saline,,,100.0,b,-1,0.08,axon,17.0,151132.85307417574,41.33419681177885,-1039.483741015264,centered,,,,none,0.0,success,105.0,0.005,,,,,,52.38823824736863,,
7400,realistic,3,x0y0,utah,,,Aa,saline,,,100.0,b,-1,0.08,axon,18.0,153276.8734245682,418.0837228892588,926.1311226948476,centered,,,,none,0.0,success,105.0,0.005,,,,,,196.7300136625176,,
7401,realistic,3,x0y0,utah,,,Aa,saline,,,100.0,b,-1,0.08,axon,16.8,150034.79482636682,456.5097995482629,-1061.8843227933655,centered,,,,none,0.0,success,105.0,0.005,,,,,,-585.7313392721023,,
7402,realistic,3,x0y0,utah,,,Aa,saline,,,100.0,b,-1,0.08,axon,15.8,148180.26047181807,-586.1223955089254,-1047.5193207200207,centered,,,,none,0.0,success,105.0,0.005,,,,,,212.69385383572381,,
7403,realistic,3,x0y0,utah,,,Aa,saline,,,100.0,b,-1,0.08,axon,17.6,152551.6181816453,-415.04477545289535,-1045.6209726629463,centered,,,,none,0.0,success,105.0,0.005,,,,,,214.88257505624915,,
7404,realistic,3,x0y0,utah,,,Aa,saline,,,100.0,b,-1,0.08,axon,16.1,149297.31596581163,791.9526964256288,462.80349663154993,centered,,,,49,5.260000000000122,success,85.14404296875,0.005,,,,,1956.1624062457122,467.8679258461145,791.9526964256288,462.80349663154993
7405,realistic,3,x0y0,utah,,,Aa,saline,,,100.0,b,-1,0.08,axon,15.9,148585.69033642256,-613.3529540096779,977.765111717178,centered,,,,none,0.0,success,105.0,0.005,,,,,,324.12669701351706,,
7406,realistic,3,x0y0,utah,,,Aa,saline,,,100.0,b,-1,0.08,axon,17.3,151639.2511977555,790.4207069898565,-960.0767446457498,centered,,,,none,0.0,success,105.0,0.005,,,,,,-91.65501907662424,,
7407,realistic,3,x0y0,utah,,,Ab,saline,,,100.0,b,-1,0.08,axon,10.6,119439.95100727676,-141.38015353309174,1230.3663142635025,centered,,,,none,0.0,success,105.0,0.005,,,,,,544.3162675554815,,
7408,realistic,3,x0y0,utah,,,Ab,saline,,,100.0,b,-1,0.08,axon,12.4,132822.3854511522,-320.2308353699318,-908.206638572632,centered,,,,none,0.0,success,105.0,0.005,,,,,,76.82186694516817,,
7409,realistic,3,x0y0,utah,,,Ab,saline,,,100.0,b,-1,0.08,axon,11.8,129187.54238203865,1102.3346099820983,305.03957729799413,centered,,,,none,0.0,success,105.0,0.005,,,,,,505.00315827963715,,
7410,realistic,3,x0y0,utah,,,Ab,saline,,,100.0,b,-1,0.08,axon,12.1,130320.86714971806,1266.0059991981416,315.2907543076031,centered,,,,none,0.0,success,105.0,0.005,,,,,,-456.9898408396396,,
7411,realistic,3,x0y0,utah,,,Ab,saline,,,100.0,b,-1,0.08,axon,11.1,122943.4368541484,1021.0225079212892,-670.9153810657834,centered,,,,none,0.0,success,105.0,0.005,,,,,,-317.45747382019636,,
7412,realistic,3,x0y0,utah,,,Ab,saline,,,100.0,b,-1,0.08,axon,12.8,134888.13600643154,646.4278342129082,638.893561678276,centered,,,,none,0.0,success,105.0,0.005,,,,,,-293.48207610438936,,
7413,realistic,3,x0y0,utah,,,Ab,saline,,,100.0,b,-1,0.08,axon,11.9,128860.54415658649,539.4377525833042,1089.465501327516,centered,,,,none,0.0,success,105.0,0.005,,,,,,-535.0094833041209,,
7414,realistic,3,x0y0,utah,,,Ab,saline,,,100.0,b,-1,0.08,axon,13.2,137526.32283405663,680.4050298415758,680.236197822931,centered,,,,none,0.0,success,105.0,0.005,,,,,,109.56634709139898,,
7415,realistic,3,x0y0,utah,,,Ab,saline,,,100.0,b,-1,0.08,axon,11.3,124530.58929032086,931.2385224975957,-459.1140125213601,centered,,,,none,0.0,success,105.0,0.005,,,,,,-358.64312734089594,,
7416,realistic,3,x0y0,utah,,,Ab,saline,,,100.0,b,-1,0.08,axon,11.1,123770.2662553586,-534.1891924400388,-739.0164782178699,centered,,,,none,0.0,success,105.0,0.005,,,,,,509.37192739003405,,
7417,realistic,3,x0y0,utah,,,Aa,saline,,,100.0,b,-1,0.08,axon,16.7,150677.13732284986,614.9605709642627,-1051.901214256436,centered,,,,none,0.0,success,105.0,0.005,,,,,,294.83287494280495,,
7418,realistic,3,x0y0,utah,,,Aa,saline,,,100.0,b,-1,0.08,axon,15.9,148955.3911659113,1177.721899702996,405.5186828765927,centered,,,,none,0.0,success,105.0,0.005,,,,,,693.8275265022525,,
7419,realistic,3,x0y0,utah,,,Aa,saline,,,100.0,b,-1,0.08,axon,17.7,152266.95959455342,579.7304955780787,-741.4888202903668,centered,,,,none,0.0,success,105.0,0.005,,,,,,-262.3161283235682,,
7420,realistic,3,x0y0,utah,,,Aa,saline,,,100.0,b,-1,0.08,axon,18.3,153673.01488963686,-509.8265275029826,-1249.2218663454287,centered,,,,none,0.0,success,105.0,0.005,,,,,,80.05772291836487,,
7421,realistic,3,x0y0,utah,,,Aa,saline,,,100.0,b,-1,0.08,axon,16.8,150669.7519582514,-279.41119751024326,-864.4396548936306,centered,,,,none,0.0,success,105.0,0.005,,,,,,49.22579261247136,,
7422,realistic,3,x0y0,utah,,,Aa,saline,,,100.0,b,-1,0.08,axon,15.9,147574.80807711318,822.5674967007753,-241.43752939310025,centered,,,,51,5.240000000000119,success,58.8134765625,0.005,,,,,-2169.3711986899434,-686.7555622958696,822.5674967007753,-241.43752939310025
7423,realistic,3,x0y0,utah,,,Aa,saline,,,100.0,b,-1,0.08,axon,15.5,147112.62593826914,791.6762427456692,802.2658789172406,centered,,,,none,0.0,success,105.0,0.005,,,,,,69.04317137678194,,
7424,realistic,3,x0y0,utah,,,Aa,saline,,,100.0,b,-1,0.08,axon,16.2,149373.22394297775,915.6659267174118,-824.3749043571271,centered,,,,none,0.0,success,105.0,0.005,,,,,,269.6021034693517,,
7425,realistic,3,x0y0,utah,,,Aa,saline,,,100.0,b,-1,0.08,axon,17.2,151309.1111128614,212.9730694148689,-861.5571910727522,centered,,,,none,0.0,success,105.0,0.005,,,,,,-210.08782905862546,,
7426,realistic,3,x0y0,utah,,,Aa,saline,,,100.0,b,-1,0.08,axon,17.7,152521.95359724533,416.2424086154615,-1221.3344593366396,centered,,,,none,0.0,success,105.0,0.005,,,,,,-7.322125631670206,,
7427,realistic,3,x0y0,utah,,,Ab,saline,,,100.0,b,-1,0.08,axon,12.3,131465.69261005992,-275.81347801376114,1312.2705036690077,centered,,,,none,0.0,success,105.0,0.005,,,,,,-637.7536618963328,,
7428,realistic,3,x0y0,utah,,,Ab,saline,,,100.0,b,-1,0.08,axon,11.7,127974.65864938509,-118.03747755966332,-888.7492368892013,centered,,,,none,0.0,success,105.0,0.005,,,,,,20.02832659511269,,
7429,realistic,3,x0y0,utah,,,Ab,saline,,,100.0,b,-1,0.08,axon,14.7,144171.27605473422,-39.90011555553565,-1104.50834266042,centered,,,,none,0.0,success,105.0,0.005,,,,,,-72.74558297910595,,
7430,realistic,3,x0y0,utah,,,Ab,saline,,,100.0,b,-1,0.08,axon,10.1,113538.60015553865,873.6181803717543,266.2674489176356,centered,,,,49,5.260000000000122,success,78.55224609375,0.005,,,,,593.4084293254855,-547.4520931615308,873.6181803717543,266.2674489176356
7431,realistic,3,x0y0,utah,,,Ab,saline,,,100.0,b,-1,0.08,axon,10.8,120159.35434025107,1004.7408869646592,273.4729330814834,centered,,,,50,5.200000000000113,success,105.0,0.005,,,,,-534.0537607331353,-534.0537607331411,1004.7408869646592,273.4729330814834
7432,realistic,3,x0y0,utah,,,Ab,saline,,,100.0,b,-1,0.08,axon,10.6,119258.49204668414,446.4750518492315,-826.7706636777739,centered,,,,none,0.0,success,105.0,0.005,,,,,,362.85730696286936,,
7433,realistic,3,x0y0,utah,,,Ab,saline,,,100.0,b,-1,0.08,axon,9.6,108699.44141847383,-459.1248366730115,-1208.4766821603534,centered,,,,none,0.0,success,105.0,0.005,,,,,,-104.11550356182478,,
7434,realistic,3,x0y0,utah,,,Ab,saline,,,100.0,b,-1,0.08,axon,13.7,140601.33010800966,-436.0180688558048,1105.4078987787288,centered,,,,none,0.0,success,105.0,0.005,,,,,,651.6493413952644,,
7435,realistic,3,x0y0,utah,,,Ab,saline,,,100.0,b,-1,0.08,axon,11.9,129866.38961805087,24.65811116226223,841.7911175745129,centered,,,,none,0.0,success,105.0,0.005,,,,,,470.8359781602646,,
7436,realistic,3,x0y0,utah,,,Ab,saline,,,100.0,b,-1,0.08,axon,12.8,134606.87185392366,-139.5909597204386,1298.2827104598982,centered,,,,none,0.0,success,105.0,0.005,,,,,,-574.7462286122817,,
7437,realistic,3,x0y0,utah,,,Aa,saline,,,100.0,b,-1,0.08,axon,18.7,154948.67140716466,602.2395327093433,-1106.657526989538,centered,,,,none,0.0,success,105.0,0.005,,,,,,726.8024982427269,,
7438,realistic,3,x0y0,utah,,,Aa,saline,,,100.0,b,-1,0.08,axon,18.0,152761.55509013854,865.6670229803512,84.63087746786005,centered,,,,51,5.195000000000112,success,36.907958984375,0.005,,,,,-1849.3897548762034,-318.58832076712747,865.6670229803512,84.63087746786005
7439,realistic,3,x0y0,utah,,,Aa,saline,,,100.0,b,-1,0.08,axon,15.2,146762.21639505413,317.90571438823054,1096.8231208688976,centered,,,,none,0.0,success,105.0,0.005,,,,,,708.8358042738922,,
7440,realistic,3,x0y0,utah,,,Aa,saline,,,100.0,b,-1,0.08,axon,14.2,142581.45844395715,793.7574905724249,338.5304283470864,centered,,,,49,5.255000000000122,success,61.962890625,0.005,,,,,1786.4634084851423,364.2917414601557,793.7574905724249,338.5304283470864
7441,realistic,3,x0y0,utah,,,Aa,saline,,,100.0,b,-1,0.08,axon,17.7,153119.1056718005,452.0851110211361,-681.3994760914493,centered,,,,none,0.0,success,105.0,0.005,,,,,,589.8299489234969,,
7442,realistic,3,x0y0,utah,,,Aa,saline,,,100.0,b,-1,0.08,axon,17.9,153153.56559850494,1170.8449841980746,-656.8969577820618,centered,,,,none,0.0,success,105.0,0.005,,,,,,252.68683328595088,,
7443,realistic,3,x0y0,utah,,,Aa,saline,,,100.0,b,-1,0.08,axon,14.8,144434.72502580305,999.9947474775287,17.86663118544584,centered,,,,50,5.24500000000012,success,62.40234375,0.005,,,,,-187.8577535940276,-187.8577535940005,999.9947474775287,17.86663118544584
7444,realistic,3,x0y0,utah,,,Aa,saline,,,100.0,b,-1,0.08,axon,16.6,149484.28356972305,354.9614813266703,-1238.7594345672894,centered,,,,none,0.0,success,105.0,0.005,,,,,,-654.1324709767548,,
7445,realistic,3,x0y0,utah,,,Aa,saline,,,100.0,b,-1,0.08,axon,17.7,152850.9128579378,914.3930366910744,-440.7080888613397,centered,,,,48,5.270000000000124,success,87.286376953125,0.005,,,,,3372.222649518342,321.63713506080074,914.3930366910744,-440.7080888613397
7446,realistic,3,x0y0,utah,,,Aa,saline,,,100.0,b,-1,0.08,axon,17.4,151351.62908238565,1123.781206074189,-441.7420174247032,centered,,,,none,0.0,success,105.0,0.005,,,,,,-586.0290134991199,,
7447,realistic,3,x0y0,utah,,,Ab,saline,,,100.0,b,-1,0.08,axon,11.1,122772.93541026967,432.4292452530326,1092.8116160081643,centered,,,,none,0.0,success,105.0,0.005,,,,,,-487.95891769890665,,
7448,realistic,3,x0y0,utah,,,Ab,saline,,,100.0,b,-1,0.08,axon,9.8,111357.15646538649,897.8068315809646,-885.8239377013715,centered,,,,none,0.0,success,105.0,0.005,,,,,,382.0972345517881,,
7449,realistic,3,x0y0,utah,,,Ab,saline,,,100.0,b,-1,0.08,axon,12.6,134336.54676423274,261.87386042494745,1174.7502541668027,centered,,,,none,0.0,success,105.0,0.005,,,,,,346.9346919578324,,
7450,realistic,3,x0y0,utah,,,Ab,saline,,,100.0,b,-1,0.08,axon,12.1,130549.13789815732,-684.5700536944596,795.6461891442955,centered,,,,none,0.0,success,105.0,0.005,,,,,,-228.71909240039918,,
7451,realistic,3,x0y0,utah,,,Ab,saline,,,100.0,b,-1,0.08,axon,12.2,130963.05842926489,1123.5326162740066,-559.2353670796639,centered,,,,none,0.0,success,105.0,0.005,,,,,,-484.5640427715122,,
7452,realistic,3,x0y0,utah,,,Ab,saline,,,100.0,b,-1,0.08,axon,12.3,132371.47239121667,139.9246624379457,-896.751768713837,centered,,,,none,0.0,success,105.0,0.005,,,,,,268.0261192603984,,
7453,realistic,3,x0y0,utah,,,Ab,saline,,,100.0,b,-1,0.08,axon,15.0,145114.0612173504,683.4395522315457,1208.6748009753728,centered,,,,none,0.0,success,105.0,0.005,,,,,,-240.26562533374255,,
7454,realistic,3,x0y0,utah,,,Ab,saline,,,100.0,b,-1,0.08,axon,14.3,142272.54393058107,1153.1765500221934,-32.823624437345636,centered,,,,50,5.155000000000106,success,105.0,0.005,,,,,-368.4794652889541,-368.4794652889431,1153.1765500221934,-32.823624437345636
7455,realistic,3,x0y0,utah,,,Ab,saline,,,100.0,b,-1,0.08,axon,9.6,108884.40115897096,-482.74756733349113,669.3057907691336,centered,,,,none,0.0,success,105.0,0.005,,,,,,80.84423693530816,,
7456,realistic,3,x0y0,utah,,,Ab,saline,,,100.0,b,-1,0.08,axon,9.6,108993.65753597273,602.8877856849213,1061.2277249261924,centered,,,,none,0.0,success,105.0,0.005,,,,,,190.10061393706775,,
7457,realistic,3,x0y0,utah,,,Aa,saline,,,100.0,b,-1,0.08,axon,15.5,147238.85319281757,802.994168156727,170.88187891821912,centered,,,,49,5.18000000000011,success,33.5205078125,0.005,,,,,1665.7062535941368,195.27042592517844,802.994168156727,170.88187891821912
7458,realistic,3,x0y0,utah,,,Aa,saline,,,100.0,b,-1,0.08,axon,18.0,153131.89271789006,-238.5213890293571,-1247.9520673132358,centered,,,,none,0.0,success,105.0,0.005,,,,,,51.74930698434061,,
7459,realistic,3,x0y0,utah,,,Aa,saline,,,100.0,b,-1,0.08,axon,15.1,145814.7811330431,1146.1235466677665,-480.6088263966927,centered,,,,none,0.0,success,105.0,0.005,,,,,,106.92580442426515,,
7460,realistic,3,x0y0,utah,,,Aa,saline,,,100.0,b,-1,0.08,axon,16.7,150285.55811272853,-667.0436595749679,459.1774618795711,centered,,,,none,0.0,success,105.0,0.005,,,,,,-96.74633517853368,,
7461,realistic,3,x0y0,utah,,,Aa,saline,,,100.0,b,-1,0.08,axon,14.6,143915.45975095144,155.521596592675,-923.2767751751152,centered,,,,none,0.0,success,105.0,0.005,,,,,,58.69361181964595,,
7462,realistic,3,x0y0,utah,,,Aa,saline,,,100.0,b,-1,0.08,axon,16.8,150895.6645788001,683.6927510179585,1118.8366054613107,centered,,,,none,0.0,success,105.0,0.005,,,,,,275.13841316115156,,
7463,realistic,3,x0y0,utah,,,Aa,saline,,,100.0,b,-1,0.08,axon,15.6,147503.63794870753,-485.3780240544197,960.3196344729396,centered,,,,none,0.0,success,105.0,0.005,,,,,,144.910672329736,,
7464,realistic,3,x0y0,utah,,,Aa,saline,,,100.0,b,-1,0.08,axon,17.7,152716.38484565573,-540.857630061163,-768.6546499781389,centered,,,,none,0.0,success,105.0,0.005,,,,,,187.10912277874831,,
7465,realistic,3,x0y0,utah,,,Aa,saline,,,100.0,b,-1,0.08,axon,16.8,150271.92887475467,-522.3687791048178,1219.0742729322035,centered,,,,none,0.0,success,105.0,0.005,,,,,,-348.5972908842772,,
7466,realistic,3,x0y0,utah,,,Aa,saline,,,100.0,b,-1,0.08,axon,17.4,152662.55522499882,1042.6199244156178,-903.2244513994824,centered,,,,none,0.0,success,105.0,0.005,,,,,,724.8971291140554,,
7467,realistic,3,x0y0,utah,,,Ab,saline,,,100.0,b,-1,0.08,axon,10.4,117189.03563097108,1327.7637463766569,-158.04168072154926,centered,,,,none,0.0,success,105.0,0.005,,,,,,162.27875597213742,,
7468,realistic,3,x0y0,utah,,,Ab,saline,,,100.0,b,-1,0.08,axon,11.7,127521.31491654667,93.76922200043735,814.4853663277995,centered,,,,none,0.0,success,105.0,0.005,,,,,,-433.31540624330813,,
7469,realistic,3,x0y0,utah,,,Ab,saline,,,100.0,b,-1,0.08,axon,11.7,128310.70938023088,376.98883738269797,-898.2972054459706,centered,,,,none,0.0,success,105.0,0.005,,,,,,356.0790574408709,,
7470,realistic,3,x0y0,utah,,,Ab,saline,,,100.0,b,-1,0.08,axon,10.6,119056.00798964215,152.61271078021989,-884.1119835655304,centered,,,,none,0.0,success,105.0,0.005,,,,,,160.373249920848,,
7471,realistic,3,x0y0,utah,,,Ab,saline,,,100.0,b,-1,0.08,axon,12.1,130562.33922965785,-472.0570037254729,727.5653474101648,centered,,,,none,0.0,success,105.0,0.005,,,,,,-215.51776089987305,,
7472,realistic,3,x0y0,utah,,,Ab,saline,,,100.0,b,-1,0.08,axon,9.6,108430.87081220266,525.5885373169258,-732.283944339707,centered,,,,none,0.0,success,105.0,0.005,,,,,,-372.6861098329909,,
7473,realistic,3,x0y0,utah,,,Ab,saline,,,100.0,b,-1,0.08,axon,11.5,126428.26940576296,364.79877276283963,1067.5170227220206,centered,,,,none,0.0,success,105.0,0.005,,,,,,-24.897144453190016,,
7474,realistic,3,x0y0,utah,,,Ab,saline,,,100.0,b,-1,0.08,axon,12.4,132749.89582967054,-575.9991201966112,-1252.310651377374,centered,,,,none,0.0,success,105.0,0.005,,,,,,4.3322454635486665,,
7475,realistic,3,x0y0,utah,,,Ab,saline,,,100.0,b,-1,0.08,axon,10.4,117121.07820462082,802.4934863707704,-295.7285873583487,centered,,,,49,5.220000000000116,success,58.5205078125,0.005,,,,,1264.5888983718469,94.3213296218561,802.4934863707704,-295.7285873583487
7476,realistic,3,x0y0,utah,,,Ab,saline,,,100.0,b,-1,0.08,axon,12.4,132104.46845608467,1060.8890221714294,-807.8700543199884,centered,,,,none,0.0,success,105.0,0.005,,,,,,-641.0951281223545,,
7477,realistic,3,x0y0,utah,,,Aa,saline,,,100.0,b,-1,0.08,axon,18.9,155002.25871955047,1241.4825011436205,-84.57955116985295,centered,,,,none,0.0,success,105.0,0.005,,,,,,487.8602481948122,,
7478,realistic,3,x0y0,utah,,,Aa,saline,,,100.0,b,-1,0.08,axon,16.7,151073.24116397792,-673.7952392595816,535.0528683365014,centered,,,,none,0.0,success,105.0,0.005,,,,,,690.9367160708717,,
7479,realistic,3,x0y0,utah,,,Aa,saline,,,100.0,b,-1,0.08,axon,17.0,150989.91045618404,-22.978281873353357,-1007.3855989849827,centered,,,,none,0.0,success,105.0,0.005,,,,,,-90.5543797443372,,
7480,realistic,3,x0y0,utah,,,Aa,saline,,,100.0,b,-1,0.08,axon,14.8,144937.89048487446,1033.9006109211832,695.7444514426683,centered,,,,none,0.0,success,105.0,0.005,,,,,,315.3077054773643,,
7481,realistic,3,x0y0,utah,,,Aa,saline,,,100.0,b,-1,0.08,axon,15.1,146408.4581972695,377.4805445579455,-1219.0753101742087,centered,,,,none,0.0,success,105.0,0.005,,,,,,700.6028686506677,,
7482,realistic,3,x0y0,utah,,,Aa,saline,,,100.0,b,-1,0.08,axon,17.6,152701.782682649,1124.3891756493222,-5.128372437950475,centered,,,,49,5.295000000000128,success,84.5947265625,0.005,,,,,1888.4144321258646,365.0470760599802,1124.3891756493222,-5.128372437950475
7483,realistic,3,x0y0,utah,,,Aa,saline,,,100.0,b,-1,0.08,axon,16.5,149994.21398391944,159.98000068055669,929.7976585143364,centered,,,,none,0.0,success,105.0,0.005,,,,,,105.47988103025841,,
7484,realistic,3,x0y0,utah,,,Aa,saline,,,100.0,b,-1,0.08,axon,16.9,151443.76680107554,998.7426413158901,-316.57666560801226,centered,,,,49,5.275000000000125,success,87.78076171875,0.005,,,,,2099.0932402228646,590.5611840526202,998.7426413158901,-316.57666560801226
7485,realistic,3,x0y0,utah,,,Aa,saline,,,100.0,b,-1,0.08,axon,17.6,152540.14588220586,1044.9499257944071,607.3253997004194,centered,,,,none,0.0,success,105.0,0.005,,,,,,203.41027561679303,,
7486,realistic,3,x0y0,utah,,,Aa,saline,,,100.0,b,-1,0.08,axon,17.8,152666.1025181172,806.5696057589313,-636.55075119303,centered,,,,none,0.0,success,105.0,0.005,,,,,,-51.18695776796735,,
7487,realistic,3,x0y0,utah,,,Ab,saline,,,100.0,b,-1,0.08,axon,15.1,145420.51188186705,1378.7534267244573,160.5439653875278,centered,,,,none,0.0,success,105.0,0.005,,,,,,-287.34344675181734,,
7488,realistic,3,x0y0,utah,,,Ab,saline,,,100.0,b,-1,0.08,axon,15.4,146896.4868329489,809.6815938211339,-25.80063191150384,centered,,,,49,5.175000000000109,success,24.9755859375,0.005,,,,,1642.6151984382886,175.4043738472542,809.6815938211339,-25.80063191150384
7489,realistic,3,x0y0,utah,,,Ab,saline,,,100.0,b,-1,0.08,axon,11.9,128915.44593858755,-524.35803646769,1280.488060541984,centered,,,,none,0.0,success,105.0,0.005,,,,,,-480.10770130307,,
7490,realistic,3,x0y0,utah,,,Ab,saline,,,100.0,b,-1,0.08,axon,9.7,110394.89246050704,-699.459875684528,563.2504822088613,centered,,,,none,0.0,success,105.0,0.005,,,,,,495.6931227918126,,
7491,realistic,3,x0y0,utah,,,Ab,saline,,,100.0,b,-1,0.08,axon,11.7,127666.44806863964,-86.19291051318804,1144.9338146410735,centered,,,,none,0.0,success,105.0,0.005,,,,,,-288.18225415033675,,
7492,realistic,3,x0y0,utah,,,Ab,saline,,,100.0,b,-1,0.08,axon,12.6,134324.1116618912,-19.322459145332687,835.7801102303265,centered,,,,none,0.0,success,105.0,0.005,,,,,,334.49958961624895,,
7493,realistic,3,x0y0,utah,,,Ab,saline,,,100.0,b,-1,0.08,axon,10.5,117963.36831298714,699.9620047171837,-756.9569173480381,centered,,,,none,0.0,success,105.0,0.005,,,,,,-6.832835142413317,,
7494,realistic,3,x0y0,utah,,,Ab,saline,,,100.0,b,-1,0.08,axon,12.1,130864.90877940539,802.0502412120277,402.1320301653682,centered,,,,49,5.265000000000123,success,76.025390625,0.005,,,,,1394.8303587532573,87.05178884768061,802.0502412120277,402.1320301653682
7495,realistic,3,x0y0,utah,,,Ab,saline,,,100.0,b,-1,0.08,axon,10.7,119413.13486088047,505.7625241442183,-775.7879708052515,centered,,,,none,0.0,success,105.0,0.005,,,,,,-390.15688795657763,,
7496,realistic,3,x0y0,utah,,,Ab,saline,,,100.0,b,-1,0.08,axon,12.9,135718.25143418153,376.88419303536375,-971.13514479782,centered,,,,none,0.0,success,105.0,0.005,,,,,,-40.42411924481644,,
7497,realistic,3,x0y0,utah,,,Aa,saline,,,100.0,b,-1,0.08,axon,16.1,148289.48426228095,1206.1941885536414,171.71448168506413,centered,,,,none,0.0,success,105.0,0.005,,,,,,-539.963777684615,,
7498,realistic,3,x0y0,utah,,,Aa,saline,,,100.0,b,-1,0.08,axon,16.8,150994.9299231419,329.2111943566815,1052.4573772859783,centered,,,,none,0.0,success,105.0,0.005,,,,,,374.4037575029657,,
7499,realistic,3,x0y0,utah,,,Aa,saline,,,100.0,b,-1,0.08,axon,14.6,143176.28937296564,-358.63336839798785,-1303.9482220589769,centered,,,,none,0.0,success,105.0,0.005,,,,,,-680.476766166119,,
7500,realistic,3,x0y0,utah,,,Aa,saline,,,100.0,b,-1,0.08,axon,16.1,148113.87171673588,850.6564562737299,1060.475593108141,centered,,,,none,0.0,success,105.0,0.005,,,,,,-715.5763232296863,,
7501,realistic,3,x0y0,utah,,,Aa,saline,,,100.0,b,-1,0.08,axon,16.4,149205.29416733046,340.3314681404063,1190.1521945294714,centered,,,,none,0.0,success,105.0,0.005,,,,,,-427.835179916384,,
7502,realistic,3,x0y0,utah,,,Aa,saline,,,100.0,b,-1,0.08,axon,18.0,153778.17633860293,404.122731538102,733.0043794416615,centered,,,,none,0.0,success,105.0,0.005,,,,,,698.0329276972313,,
7503,realistic,3,x0y0,utah,,,Aa,saline,,,100.0,b,-1,0.08,axon,16.8,150316.97174768752,-691.8543564325129,732.955236534689,centered,,,,none,0.0,success,105.0,0.005,,,,,,-303.55441795139893,,
7504,realistic,3,x0y0,utah,,,Aa,saline,,,100.0,b,-1,0.08,axon,18.0,153653.00921554212,1108.2633182417849,709.5029042956921,centered,,,,none,0.0,success,105.0,0.005,,,,,,572.8658046363863,,
7505,realistic,3,x0y0,utah,,,Aa,saline,,,100.0,b,-1,0.08,axon,14.6,144281.4623731756,-371.2198979203858,717.3829176991303,centered,,,,none,0.0,success,105.0,0.005,,,,,,424.6962340438095,,
7506,realistic,3,x0y0,utah,,,Aa,saline,,,100.0,b,-1,0.08,axon,18.0,153347.25836498974,900.2634859125577,-913.7930559752933,centered,,,,none,0.0,success,105.0,0.005,,,,,,267.1149540840592,,
7507,realistic,3,x0y0,utah,,,Ab,saline,,,100.0,b,-1,0.08,axon,10.4,117087.50287193054,311.5364665910629,-1228.3323344143664,centered,,,,none,0.0,success,105.0,0.005,,,,,,60.74599693160305,,
7508,realistic,3,x0y0,utah,,,Ab,saline,,,100.0,b,-1,0.08,axon,12.6,133573.21882476372,-675.417638172692,-841.2312101045744,centered,,,,none,0.0,success,105.0,0.005,,,,,,-416.3932475112035,,
7509,realistic,3,x0y0,utah,,,Ab,saline,,,100.0,b,-1,0.08,axon,12.3,132721.12423408122,982.674083596418,-62.30925788099876,centered,,,,49,5.255000000000122,success,73.81591796875,0.005,,,,,1938.7124248445034,617.6779621249534,982.674083596418,-62.30925788099876
7510,realistic,3,x0y0,utah,,,Ab,saline,,,100.0,b,-1,0.08,axon,11.9,129840.52948288931,-373.98393987486406,-1225.4437181569826,centered,,,,none,0.0,success,105.0,0.005,,,,,,444.9758429987017,,
7511,realistic,3,x0y0,utah,,,Ab,saline,,,100.0,b,-1,0.08,axon,10.9,121361.80266466778,456.9088215039688,-771.8674041926711,centered,,,,none,0.0,success,105.0,0.005,,,,,,-204.41861646086087,,
7512,realistic,3,x0y0,utah,,,Ab,saline,,,100.0,b,-1,0.08,axon,9.6,108789.12356131976,-420.44639640622796,897.4610909878224,centered,,,,none,0.0,success,105.0,0.005,,,,,,-14.433360715880106,,
7513,realistic,3,x0y0,utah,,,Ab,saline,,,100.0,b,-1,0.08,axon,11.2,124549.06434314827,141.58058133178338,1204.8703863818112,centered,,,,none,0.0,success,105.0,0.005,,,,,,465.82964965263153,,
7514,realistic,3,x0y0,utah,,,Ab,saline,,,100.0,b,-1,0.08,axon,11.2,124468.90453507294,514.0491204592636,-871.0062406676593,centered,,,,none,0.0,success,105.0,0.005,,,,,,385.66984157728587,,
7515,realistic,3,x0y0,utah,,,Ab,saline,,,100.0,b,-1,0.08,axon,14.1,141926.38507704588,850.6100813065273,-461.8179848662112,centered,,,,49,5.295000000000128,success,89.044189453125,0.005,,,,,1560.5318342110259,142.69493276826805,850.6100813065273,-461.8179848662112
7516,realistic,3,x0y0,utah,,,Ab,saline,,,100.0,b,-1,0.08,axon,12.2,131599.99607350337,-45.23497375965781,-805.1869807225949,centered,,,,none,0.0,success,105.0,0.005,,,,,,152.37360146696415,,
7517,realistic,3,x0y0,utah,,,Aa,saline,,,100.0,b,-1,0.08,axon,16.5,149219.08965140366,1028.1623730925103,-103.94106421520836,centered,,,,50,5.295000000000128,success,76.3916015625,0.005,,,,,-669.6444514855393,-669.6444514855682,1028.1623730925103,-103.94106421520836
7518,realistic,3,x0y0,utah,,,Aa,saline,,,100.0,b,-1,0.08,axon,15.1,146339.7341184285,829.4345375564471,-577.885389926369,centered,,,,none,0.0,success,105.0,0.005,,,,,,631.8787898096348,,
7519,realistic,3,x0y0,utah,,,Aa,saline,,,100.0,b,-1,0.08,axon,16.6,150512.50463955395,-552.9048305263582,-887.9367449671828,centered,,,,none,0.0,success,105.0,0.005,,,,,,374.0885988541418,,
7520,realistic,3,x0y0,utah,,,Aa,saline,,,100.0,b,-1,0.08,axon,18.2,153965.00454604585,-345.8583615426037,995.4167686936715,centered,,,,none,0.0,success,105.0,0.005,,,,,,538.9166999342012,,
7521,realistic,3,x0y0,utah,,,Aa,saline,,,100.0,b,-1,0.08,axon,15.8,148036.03156326019,-499.24987782437375,998.3046519255839,centered,,,,none,0.0,success,105.0,0.005,,,,,,68.46494527787608,,
7522,realistic,3,x0y0,utah,,,Aa,saline,,,100.0,b,-1,0.08,axon,18.3,152960.0311060178,-290.28739140982543,1278.881164444936,centered,,,,none,0.0,success,105.0,0.005,,,,,,-632.9260607006628,,
7523,realistic,3,x0y0,utah,,,Aa,saline,,,100.0,b,-1,0.08,axon,15.5,146471.48836033492,1131.6266932081353,-75.31965672417438,centered,,,,50,5.260000000000122,success,97.6318359375,0.005,,,,,-572.094406557444,-572.0944065574373,1131.6266932081353,-75.31965672417438
7524,realistic,3,x0y0,utah,,,Aa,saline,,,100.0,b,-1,0.08,axon,17.0,151042.90416811622,54.95898986357133,1023.8016724790559,centered,,,,none,0.0,success,105.0,0.005,,,,,,-37.56066781216125,,
7525,realistic,3,x0y0,utah,,,Aa,saline,,,100.0,b,-1,0.08,axon,17.3,152060.22905592484,-42.82122415347249,-944.8892249828124,centered,,,,none,0.0,success,105.0,0.005,,,,,,329.3228390927245,,
7526,realistic,3,x0y0,utah,,,Aa,saline,,,100.0,b,-1,0.08,axon,15.6,146932.7930303808,1011.645590348414,755.5885294656163,centered,,,,none,0.0,success,105.0,0.005,,,,,,-425.9342459969785,,
7527,realistic,3,x0y0,utah,,,Ab,saline,,,100.0,b,-1,0.08,axon,11.2,124108.8956528573,904.7673545583592,-102.07444506606726,centered,,,,49,5.220000000000116,success,46.47216796875,0.005,,,,,1266.493306296601,25.66095936164053,904.7673545583592,-102.07444506606726
7528,realistic,3,x0y0,utah,,,Ab,saline,,,100.0,b,-1,0.08,axon,11.5,126490.24016925735,118.27684081025744,886.0040826364566,centered,,,,none,0.0,success,105.0,0.005,,,,,,37.07361904119746,,
7529,realistic,3,x0y0,utah,,,Ab,saline,,,100.0,b,-1,0.08,axon,11.2,123477.63639428285,332.07532497565984,974.6453791100377,centered,,,,none,0.0,success,105.0,0.005,,,,,,-605.5982992128094,,
7530,realistic,3,x0y0,utah,,,Ab,saline,,,100.0,b,-1,0.08,axon,13.9,140863.16824101695,1143.6064380606995,-194.85380824452432,centered,,,,49,5.220000000000116,success,105.0,0.005,,,,,1384.9374167586793,-23.933601668193816,1143.6064380606995,-194.85380824452432
7531,realistic,3,x0y0,utah,,,Ab,saline,,,100.0,b,-1,0.08,axon,12.4,132116.7038987932,366.5879305197208,724.4158548837904,centered,,,,none,0.0,success,105.0,0.005,,,,,,-628.8596854138369,,
7532,realistic,3,x0y0,utah,,,Ab,saline,,,100.0,b,-1,0.08,axon,10.1,114530.73824295182,-669.3029728478442,1051.7946973051348,centered,,,,none,0.0,success,105.0,0.005,,,,,,444.6859942516614,,
7533,realistic,3,x0y0,utah,,,Ab,saline,,,100.0,b,-1,0.08,axon,13.7,139446.34365919046,1087.311340953267,592.5669505902315,centered,,,,none,0.0,success,105.0,0.005,,,,,,-503.33710742388985,,
7534,realistic,3,x0y0,utah,,,Ab,saline,,,100.0,b,-1,0.08,axon,13.7,140461.40241045432,1029.9180981032364,906.1643218493616,centered,,,,none,0.0,success,105.0,0.005,,,,,,511.7216438399614,,
7535,realistic,3,x0y0,utah,,,Ab,saline,,,100.0,b,-1,0.08,axon,17.8,152209.52763702974,-64.11045590574486,-1273.2747221699249,centered,,,,none,0.0,success,105.0,0.005,,,,,,-507.7618388554092,,
7536,realistic,3,x0y0,utah,,,Ab,saline,,,100.0,b,-1,0.08,axon,12.6,133420.21288930072,469.95571774290016,1260.6822237205945,centered,,,,none,0.0,success,105.0,0.005,,,,,,-569.3991829742538,,
7537,realistic,3,x0y0,utah,,,Aa,saline,,,100.0,b,-1,0.08,axon,16.5,149573.94418665118,8.748747403812104,-1335.9723255107415,centered,,,,none,0.0,success,105.0,0.005,,,,,,-314.78991623800613,,
7538,realistic,3,x0y0,utah,,,Aa,saline,,,100.0,b,-1,0.08,axon,18.4,153819.7408745397,658.6224997171985,695.6513275422141,centered,,,,none,0.0,success,105.0,0.005,,,,,,63.8599044713278,,
7539,realistic,3,x0y0,utah,,,Aa,saline,,,100.0,b,-1,0.08,axon,15.6,146811.25902015314,217.76794050612256,1280.7253229376374,centered,,,,none,0.0,success,105.0,0.005,,,,,,-547.4682562246545,,
7540,realistic,3,x0y0,utah,,,Aa,saline,,,100.0,b,-1,0.08,axon,17.2,151122.8829155192,576.6687228287224,-816.4395770610445,centered,,,,none,0.0,success,105.0,0.005,,,,,,-396.31602640081087,,
7541,realistic,3,x0y0,utah,,,Aa,saline,,,100.0,b,-1,0.08,axon,16.4,149960.06829753373,824.3517476511684,679.3850198007099,centered,,,,none,0.0,success,105.0,0.005,,,,,,326.9389502869047,,
7542,realistic,3,x0y0,utah,,,Aa,saline,,,100.0,b,-1,0.08,axon,16.2,149389.13825623188,451.6652153782544,978.0520809468167,centered,,,,none,0.0,success,105.0,0.005,,,,,,285.5164167234592,,
7543,realistic,3,x0y0,utah,,,Aa,saline,,,100.0,b,-1,0.08,axon,18.1,152681.67538455696,-696.5767713126743,765.2392819728161,centered,,,,none,0.0,success,105.0,0.005,,,,,,-573.5058009241285,,
7544,realistic,3,x0y0,utah,,,Aa,saline,,,100.0,b,-1,0.08,axon,15.1,145798.53669507016,410.42806466985985,1144.3208202661936,centered,,,,none,0.0,success,105.0,0.005,,,,,,90.68136645130821,,
7545,realistic,3,x0y0,utah,,,Aa,saline,,,100.0,b,-1,0.08,axon,17.2,151603.31349861872,1091.8868426319104,-357.6068911076972,centered,,,,49,5.170000000000108,success,105.0,0.005,,,,,1599.3065461179067,84.11455669872036,1091.8868426319104,-357.6068911076972
7546,realistic,3,x0y0,utah,,,Aa,saline,,,100.0,b,-1,0.08,axon,17.1,151621.6722946948,1282.7445979186439,471.11670519750623,centered,,,,none,0.0,success,105.0,0.005,,,,,,319.2487984086096,,
7547,realistic,3,x0y0,utah,,,Ab,saline,,,100.0,b,-1,0.08,axon,11.1,123703.90526161561,222.79573681152402,787.8541210218355,centered,,,,none,0.0,success,105.0,0.005,,,,,,443.0109336470255,,
7548,realistic,3,x0y0,utah,,,Ab,saline,,,100.0,b,-1,0.08,axon,14.3,143172.15538401747,1340.7650473869107,-229.27088220892392,centered,,,,none,0.0,success,105.0,0.005,,,,,,531.1319881474601,,
7549,realistic,3,x0y0,utah,,,Ab,saline,,,100.0,b,-1,0.08,axon,10.2,115287.1989697832,-115.69302642881077,-1076.1705751065876,centered,,,,none,0.0,success,105.0,0.005,,,,,,202.28828036153095,,
7550,realistic,3,x0y0,utah,,,Ab,saline,,,100.0,b,-1,0.08,axon,9.6,108711.53158636046,848.4177928932195,-568.9295711155332,centered,,,,none,0.0,success,105.0,0.005,,,,,,-92.02533567518269,,
7551,realistic,3,x0y0,utah,,,Ab,saline,,,100.0,b,-1,0.08,axon,9.8,111371.923482589,255.45042240506612,-1173.368913409202,centered,,,,none,0.0,success,105.0,0.005,,,,,,396.86425175431526,,
7552,realistic,3,x0y0,utah,,,Ab,saline,,,100.0,b,-1,0.08,axon,11.9,129436.02095097488,-346.5868573996258,1238.2406079232142,centered,,,,none,0.0,success,105.0,0.005,,,,,,40.46731108426963,,
7553,realistic,3,x0y0,utah,,,Ab,saline,,,100.0,b,-1,0.08,axon,14.1,141758.85119067313,122.93353808466507,-1064.1381906197994,centered,,,,none,0.0,success,105.0,0.005,,,,,,-24.83895360448436,,
7554,realistic,3,x0y0,utah,,,Ab,saline,,,100.0,b,-1,0.08,axon,16.2,149597.51159015571,587.1364488658351,-1155.9764408688052,centered,,,,none,0.0,success,105.0,0.005,,,,,,493.88975064728976,,
7555,realistic,3,x0y0,utah,,,Ab,saline,,,100.0,b,-1,0.08,axon,11.1,123527.3523164959,388.5431926026209,-960.4263332475847,centered,,,,none,0.0,success,105.0,0.005,,,,,,266.45798852732213,,
7556,realistic,3,x0y0,utah,,,Ab,saline,,,100.0,b,-1,0.08,axon,9.6,109064.19046010502,924.6866107361493,-173.23838486061277,centered,,,,49,5.220000000000116,success,67.95654296875,0.005,,,,,1348.669107289723,260.6335380693584,924.6866107361493,-173.23838486061277
7557,realistic,3,x0y0,utah,,,Aa,saline,,,100.0,b,-1,0.08,axon,16.9,150808.14888365034,768.4610312655141,-493.21939221576037,centered,,,,49,5.290000000000127,success,80.89599609375,0.005,,,,,1463.4753227976616,-45.05673337256328,768.4610312655141,-493.21939221576037
7558,realistic,3,x0y0,utah,,,Aa,saline,,,100.0,b,-1,0.08,axon,17.8,153267.1064551976,115.43535484809671,1320.2941214286093,centered,,,,none,0.0,success,105.0,0.005,,,,,,549.8169793124267,,
7559,realistic,3,x0y0,utah,,,Aa,saline,,,100.0,b,-1,0.08,axon,16.9,150208.8904101609,1011.3170901404717,-789.4192539778333,centered,,,,none,0.0,success,105.0,0.005,,,,,,-644.3152068620279,,
7560,realistic,3,x0y0,utah,,,Aa,saline,,,100.0,b,-1,0.08,axon,17.8,152054.8346675979,1034.7122727392189,564.7044611591283,centered,,,,none,0.0,success,105.0,0.005,,,,,,-662.4548082872548,,
7561,realistic,3,x0y0,utah,,,Aa,saline,,,100.0,b,-1,0.08,axon,16.7,150884.61541641512,-48.280371108203326,-1292.8811317370228,centered,,,,none,0.0,success,105.0,0.005,,,,,,502.3109685080573,,
7562,realistic,3,x0y0,utah,,,Aa,saline,,,100.0,b,-1,0.08,axon,14.6,143355.6451542395,-493.3621266321734,1197.1257256428635,centered,,,,none,0.0,success,105.0,0.005,,,,,,-501.12098489231016,,
7563,realistic,3,x0y0,utah,,,Aa,saline,,,100.0,b,-1,0.08,axon,15.3,147117.39090100199,676.4428757360482,541.3600263371777,centered,,,,49,5.1650000000001075,success,105.0,0.005,,,,,2190.233022034954,726.3223363888002,676.4428757360482,541.3600263371777
7564,realistic,3,x0y0,utah,,,Aa,saline,,,100.0,b,-1,0.08,axon,17.5,152695.26822413565,888.1141392747768,-270.60355072420543,centered,,,,49,5.260000000000122,success,63.8916015625,0.005,,,,,2077.0987594707985,555.7031083125537,888.1141392747768,-270.60355072420543
7565,realistic,3,x0y0,utah,,,Aa,saline,,,100.0,b,-1,0.08,axon,17.7,152938.91244691765,757.5650176289903,440.00647315371225,centered,,,,48,5.250000000000121,success,73.81591796875,0.005,,,,,3460.222238498187,409.6367240406514,757.5650176289903,440.00647315371225
7566,realistic,3,x0y0,utah,,,Aa,saline,,,100.0,b,-1,0.08,axon,16.4,149045.28301861844,-467.8132271883878,947.3142611073108,centered,,,,none,0.0,success,105.0,0.005,,,,,,-587.8463286283597,,
7567,realistic,3,x0y0,utah,,,Ab,saline,,,100.0,b,-1,0.08,axon,14.0,141106.93854032882,-222.01585096741286,-1053.0589347257014,centered,,,,none,0.0,success,105.0,0.005,,,,,,-233.46195057924442,,
7568,realistic,3,x0y0,utah,,,Ab,saline,,,100.0,b,-1,0.08,axon,10.9,121725.89066830667,990.3516547672486,677.535379302577,centered,,,,none,0.0,success,105.0,0.005,,,,,,159.669387178043,,
7569,realistic,3,x0y0,utah,,,Ab,saline,,,100.0,b,-1,0.08,axon,15.2,146146.62112817983,-195.57418209153863,1176.9252208070347,centered,,,,none,0.0,success,105.0,0.005,,,,,,93.24053739958879,,
7570,realistic,3,x0y0,utah,,,Ab,saline,,,100.0,b,-1,0.08,axon,9.8,111311.67281155197,-259.11434201073007,1227.6466433691205,centered,,,,none,0.0,success,105.0,0.005,,,,,,336.61358071730183,,
7571,realistic,3,x0y0,utah,,,Ab,saline,,,100.0,b,-1,0.08,axon,14.2,141714.40244564586,1030.4398457392654,57.82052000543808,centered,,,,51,5.295000000000128,success,75.29296875,0.005,,,,,-1924.9359238760953,-502.76425685116317,1030.4398457392654,57.82052000543808
7572,realistic,3,x0y0,utah,,,Ab,saline,,,100.0,b,-1,0.08,axon,15.1,145807.9405586976,-410.4718268232482,878.1684115038615,centered,,,,none,0.0,success,105.0,0.005,,,,,,100.08523007874146,,
7573,realistic,3,x0y0,utah,,,Ab,saline,,,100.0,b,-1,0.08,axon,10.2,114722.94691541974,1014.0826417460457,-11.475329479872926,centered,,,,50,5.270000000000124,success,80.45654296875,0.005,,,,,-361.9637740019243,-361.963774001908,1014.0826417460457,-11.475329479872926
7574,realistic,3,x0y0,utah,,,Ab,saline,,,100.0,b,-1,0.08,axon,10.1,113933.94542333574,887.3053507445275,-954.7634455121013,centered,,,,none,0.0,success,105.0,0.005,,,,,,-152.10682536440154,,
7575,realistic,3,x0y0,utah,,,Ab,saline,,,100.0,b,-1,0.08,axon,17.0,151187.96602641474,6.4174765637794735,-1183.3883723170707,centered,,,,none,0.0,success,105.0,0.005,,,,,,107.50119048640238,,
7576,realistic,3,x0y0,utah,,,Ab,saline,,,100.0,b,-1,0.08,axon,14.9,145377.1218432957,797.3683342985591,-371.50661715781234,centered,,,,49,5.275000000000125,success,67.4072265625,0.005,,,,,1834.421644893533,384.49538026319914,797.3683342985591,-371.50661715781234
7577,realistic,3,x0y0,utah,,,Aa,saline,,,100.0,b,-1,0.08,axon,16.6,150133.9679309589,671.9592654376011,-527.1006372137786,centered,,,,50,5.265000000000123,success,84.3017578125,0.005,,,,,-4.448109740915243,-4.448109740914514,671.9592654376011,-527.1006372137786
7578,realistic,3,x0y0,utah,,,Aa,saline,,,100.0,b,-1,0.08,axon,16.9,150120.3452687372,640.9125394491142,863.6661921959468,centered,,,,none,0.0,success,105.0,0.005,,,,,,-732.8603482857229,,
7579,realistic,3,x0y0,utah,,,Aa,saline,,,100.0,b,-1,0.08,axon,17.6,152092.14937022008,18.766148423802406,-861.3850871575653,centered,,,,none,0.0,success,105.0,0.005,,,,,,-244.58623636893785,,
7580,realistic,3,x0y0,utah,,,Aa,saline,,,100.0,b,-1,0.08,axon,15.5,147361.8829246934,1266.0769201041576,-532.3545536153488,centered,,,,none,0.0,success,105.0,0.005,,,,,,318.3001578010466,,
7581,realistic,3,x0y0,utah,,,Aa,saline,,,100.0,b,-1,0.08,axon,16.4,149372.5714875574,-192.0984058131708,-1015.4688641233822,centered,,,,none,0.0,success,105.0,0.005,,,,,,-260.5578596894187,,
7582,realistic,3,x0y0,utah,,,Aa,saline,,,100.0,b,-1,0.08,axon,18.8,154918.42492961715,795.7324803753772,-200.09431486949325,centered,,,,49,5.215000000000115,success,44.72808837890625,0.005,,,,,2092.2328724611434,548.5339627929231,795.7324803753772,-200.09431486949325
7583,realistic,3,x0y0,utah,,,Aa,saline,,,100.0,b,-1,0.08,axon,18.1,153960.28996286873,844.8537748013105,-411.64806894308776,centered,,,,49,5.275000000000125,success,81.77490234375,0.005,,,,,2237.6605892424705,705.1087773876634,844.8537748013105,-411.64806894308776
7584,realistic,3,x0y0,utah,,,Aa,saline,,,100.0,b,-1,0.08,axon,14.8,144192.11502959972,298.3464081186112,1015.4552374798317,centered,,,,none,0.0,success,105.0,0.005,,,,,,-430.467749797375,,
7585,realistic,3,x0y0,utah,,,Aa,saline,,,100.0,b,-1,0.08,axon,19.7,155374.14914489587,854.4495797478016,566.0498944252795,centered,,,,49,5.270000000000124,success,99.462890625,0.005,,,,,1376.4086661294568,-179.1240659792878,854.4495797478016,566.0498944252795
7586,realistic,3,x0y0,utah,,,Aa,saline,,,100.0,b,-1,0.08,axon,16.4,150343.979868455,1152.4715041819209,610.5640166787539,centered,,,,none,0.0,success,105.0,0.005,,,,,,710.8505212081924,,
7587,realistic,3,x0y0,utah,,,Ab,saline,,,100.0,b,-1,0.08,axon,13.8,139854.22646458767,1203.268184274708,-376.0653360910618,centered,,,,none,0.0,success,105.0,0.005,,,,,,-569.3691903854559,,
7588,realistic,3,x0y0,utah,,,Ab,saline,,,100.0,b,-1,0.08,axon,10.4,117158.60218654199,925.035777100912,378.38509291114684,centered,,,,49,5.255000000000122,success,99.462890625,0.005,,,,,1302.112880293018,131.84531154304887,925.035777100912,378.38509291114684
7589,realistic,3,x0y0,utah,,,Ab,saline,,,100.0,b,-1,0.08,axon,13.1,137231.5022278864,-161.58932963335747,-1301.0983208339458,centered,,,,none,0.0,success,105.0,0.005,,,,,,355.4790833516328,,
7590,realistic,3,x0y0,utah,,,Ab,saline,,,100.0,b,-1,0.08,axon,9.6,108944.9804228951,-166.3960391194737,933.1218101553792,centered,,,,none,0.0,success,105.0,0.005,,,,,,141.42350085943366,,
7591,realistic,3,x0y0,utah,,,Ab,saline,,,100.0,b,-1,0.08,axon,10.6,118421.30356424044,939.8203297348172,-853.1024050872113,centered,,,,none,0.0,success,105.0,0.005,,,,,,-474.33117548083936,,
7592,realistic,3,x0y0,utah,,,Ab,saline,,,100.0,b,-1,0.08,axon,11.9,128862.65315239453,617.5233082111499,-769.3703071718975,centered,,,,none,0.0,success,105.0,0.005,,,,,,-532.9004874960807,,
7593,realistic,3,x0y0,utah,,,Ab,saline,,,100.0,b,-1,0.08,axon,11.6,127633.85063512133,1072.8850597859387,135.80152055016788,centered,,,,49,5.305000000000129,success,96.533203125,0.005,,,,,1694.3800435455196,422.264178984147,1072.8850597859387,135.80152055016788
7594,realistic,3,x0y0,utah,,,Ab,saline,,,100.0,b,-1,0.08,axon,15.7,148261.5161217743,81.68424622024351,-1130.8338984465745,centered,,,,none,0.0,success,105.0,0.005,,,,,,594.8450361567906,,
7595,realistic,3,x0y0,utah,,,Ab,saline,,,100.0,b,-1,0.08,axon,10.9,121664.80971273837,629.4819957045629,529.9225008854464,centered,,,,none,0.0,success,105.0,0.005,,,,,,98.58843160972731,,
7596,realistic,3,x0y0,utah,,,Ab,saline,,,100.0,b,-1,0.08,axon,12.2,132042.57918618456,650.3355010912087,-797.9870107206407,centered,,,,none,0.0,success,105.0,0.005,,,,,,594.9567141481541,,
7597,realistic,3,x0y0,utah,,,Aa,saline,,,100.0,b,-1,0.08,axon,15.1,146348.32792245966,1221.1040779373625,38.42964966402178,centered,,,,none,0.0,success,105.0,0.005,,,,,,640.4725938408102,,
7598,realistic,3,x0y0,utah,,,Aa,saline,,,100.0,b,-1,0.08,axon,15.6,147774.14108362686,-215.4501816836692,1232.4300866419853,centered,,,,none,0.0,success,105.0,0.005,,,,,,415.41380724908066,,
7599,realistic,3,x0y0,utah,,,Aa,saline,,,100.0,b,-1,0.08,axon,15.3,147081.05649204177,-547.3568640728927,1226.753648053984,centered,,,,none,0.0,success,105.0,0.005,,,,,,689.9879274285566,,
7600,realistic,3,x0y0,utah,,,Aa,saline,,,100.0,b,-1,0.08,axon,16.7,149853.11097112988,1052.1551078757789,-585.9809888071268,centered,,,,none,0.0,success,105.0,0.005,,,,,,-529.1934767771766,,
7601,realistic,3,x0y0,utah,,,Aa,saline,,,100.0,b,-1,0.08,axon,15.2,145550.71696877855,867.6224595953763,243.75530721442368,centered,,,,51,5.240000000000119,success,59.36279296875,0.005,,,,,-1963.197427909472,-502.66362200168265,867.6224595953763,243.75530721442368
7602,realistic,3,x0y0,utah,,,Aa,saline,,,100.0,b,-1,0.08,axon,15.9,148775.1647228609,201.69542839960968,-955.598007739364,centered,,,,none,0.0,success,105.0,0.005,,,,,,513.6010834518388,,
7603,realistic,3,x0y0,utah,,,Aa,saline,,,100.0,b,-1,0.08,axon,14.0,140698.59474532848,1075.3393543122434,575.2691040006192,centered,,,,none,0.0,success,105.0,0.005,,,,,,-641.8057455795663,,
7604,realistic,3,x0y0,utah,,,Aa,saline,,,100.0,b,-1,0.08,axon,16.4,150236.94894063653,-457.7564432104973,-820.2791132187268,centered,,,,none,0.0,success,105.0,0.005,,,,,,603.8195933897609,,
7605,realistic,3,x0y0,utah,,,Aa,saline,,,100.0,b,-1,0.08,axon,18.3,154001.88666231633,1211.004652974967,622.1478798672138,centered,,,,none,0.0,success,105.0,0.005,,,,,,408.9294955978796,,
7606,realistic,3,x0y0,utah,,,Aa,saline,,,100.0,b,-1,0.08,axon,15.8,147742.1924039184,-354.25975246921325,832.0341841909661,centered,,,,none,0.0,success,105.0,0.005,,,,,,-225.37421406395927,,
7607,realistic,3,x0y0,utah,,,Ab,saline,,,100.0,b,-1,0.08,axon,11.2,124295.40237829961,340.66810663904926,1279.4531933530016,centered,,,,none,0.0,success,105.0,0.005,,,,,,212.16768480394927,,
7608,realistic,3,x0y0,utah,,,Ab,saline,,,100.0,b,-1,0.08,axon,11.6,127120.84190463752,579.4864591825752,697.4344356159544,centered,,,,none,0.0,success,105.0,0.005,,,,,,-90.74455149966934,,
7609,realistic,3,x0y0,utah,,,Ab,saline,,,100.0,b,-1,0.08,axon,13.4,138802.2884634297,1208.3160306816926,-574.9100314831376,centered,,,,none,0.0,success,105.0,0.005,,,,,,338.85471151878363,,
7610,realistic,3,x0y0,utah,,,Ab,saline,,,100.0,b,-1,0.08,axon,11.7,128234.97137462252,503.06571022535456,-813.5040023813934,centered,,,,none,0.0,success,105.0,0.005,,,,,,280.34105183252257,,
7611,realistic,3,x0y0,utah,,,Ab,saline,,,100.0,b,-1,0.08,axon,10.7,119832.22645311068,1391.1254843291715,15.596406904367086,centered,,,,49,5.140000000000104,success,14.190673828125,0.005,,,,,1226.967621762,28.934704273629237,1391.1254843291715,15.596406904367086
7612,realistic,3,x0y0,utah,,,Ab,saline,,,100.0,b,-1,0.08,axon,13.9,140255.65826976212,490.77941825263036,-671.1551215618597,centered,,,,none,0.0,success,105.0,0.005,,,,,,-631.4435729229929,,
7613,realistic,3,x0y0,utah,,,Ab,saline,,,100.0,b,-1,0.08,axon,11.9,128857.81350110068,-545.2609385638581,898.4009493723448,centered,,,,none,0.0,success,105.0,0.005,,,,,,-537.7401387899481,,
7614,realistic,3,x0y0,utah,,,Ab,saline,,,100.0,b,-1,0.08,axon,11.9,129951.8497153247,780.0306991327562,-310.1251568443326,centered,,,,49,5.2800000000001255,success,67.4072265625,0.005,,,,,1850.251611832995,556.2960754340861,780.0306991327562,-310.1251568443326
7615,realistic,3,x0y0,utah,,,Ab,saline,,,100.0,b,-1,0.08,axon,9.6,108830.93090045736,702.1316376651603,-1193.4662938698368,centered,,,,none,0.0,success,105.0,0.005,,,,,,27.37397842169907,,
7616,realistic,3,x0y0,utah,,,Ab,saline,,,100.0,b,-1,0.08,axon,11.1,123327.81307019026,887.2248006451355,638.2298135201668,centered,,,,none,0.0,success,105.0,0.005,,,,,,66.91874222167101,,
7617,realistic,3,x0y0,utah,,,Aa,saline,,,100.0,b,-1,0.08,axon,15.1,145000.3489288019,64.53543009407849,-1349.4718106615514,centered,,,,none,0.0,success,105.0,0.005,,,,,,-707.5063998169487,,
7618,realistic,3,x0y0,utah,,,Aa,saline,,,100.0,b,-1,0.08,axon,17.2,151873.1760654707,674.3456919740115,721.3824240001312,centered,,,,none,0.0,success,105.0,0.005,,,,,,353.97712355070297,,
7619,realistic,3,x0y0,utah,,,Aa,saline,,,100.0,b,-1,0.08,axon,16.2,149784.20294499327,661.6294687844147,-1098.6331697202822,centered,,,,none,0.0,success,105.0,0.005,,,,,,680.581105484866,,
7620,realistic,3,x0y0,utah,,,Aa,saline,,,100.0,b,-1,0.08,axon,15.1,145359.81472915178,675.811433418281,-859.2692691926959,centered,,,,none,0.0,success,105.0,0.005,,,,,,-348.0405994670714,,
7621,realistic,3,x0y0,utah,,,Aa,saline,,,100.0,b,-1,0.08,axon,18.4,154302.355477674,543.268084157582,-665.2765922764153,centered,,,,none,0.0,success,105.0,0.005,,,,,,546.4745076056118,,
7622,realistic,3,x0y0,utah,,,Aa,saline,,,100.0,b,-1,0.08,axon,15.5,147100.9891018128,1080.5048747323708,651.2063292362462,centered,,,,none,0.0,success,105.0,0.005,,,,,,57.40633492043686,,
7623,realistic,3,x0y0,utah,,,Aa,saline,,,100.0,b,-1,0.08,axon,18.7,154806.31352626366,603.0019230918593,858.9733633384378,centered,,,,none,0.0,success,105.0,0.005,,,,,,584.4446173417241,,
7624,realistic,3,x0y0,utah,,,Aa,saline,,,100.0,b,-1,0.08,axon,16.5,150066.38425993215,-271.9260610788069,-1295.1798148402734,centered,,,,none,0.0,success,105.0,0.005,,,,,,177.65015704296619,,
7625,realistic,3,x0y0,utah,,,Aa,saline,,,100.0,b,-1,0.08,axon,15.6,147409.58437470108,1241.4870694224392,260.23494534339716,centered,,,,none,0.0,success,105.0,0.005,,,,,,50.85709832328865,,
7626,realistic,3,x0y0,utah,,,Aa,saline,,,100.0,b,-1,0.08,axon,18.3,153356.48096979075,549.3956765364769,-1221.1156842492826,centered,,,,none,0.0,success,105.0,0.005,,,,,,-236.476196927708,,
7627,realistic,3,x0y0,utah,,,Ab,saline,,,100.0,b,-1,0.08,axon,10.2,115162.79918908994,-251.78276620178258,-1069.0299426903841,centered,,,,none,0.0,success,105.0,0.005,,,,,,77.88849966829831,,
7628,realistic,3,x0y0,utah,,,Ab,saline,,,100.0,b,-1,0.08,axon,11.4,126176.67388758475,1226.3633648453904,-78.90206283330555,centered,,,,none,0.0,success,105.0,0.005,,,,,,497.54477447891855,,
7629,realistic,3,x0y0,utah,,,Ab,saline,,,100.0,b,-1,0.08,axon,11.6,127202.0669150351,1157.115932420651,-177.22428802877542,centered,,,,none,0.0,success,105.0,0.005,,,,,,-9.51954110208704,,
7630,realistic,3,x0y0,utah,,,Ab,saline,,,100.0,b,-1,0.08,axon,9.6,108942.87591957813,-610.0338705462747,-825.339445667742,centered,,,,none,0.0,success,105.0,0.005,,,,,,139.31899754245933,,
7631,realistic,3,x0y0,utah,,,Ab,saline,,,100.0,b,-1,0.08,axon,15.7,147837.4463646783,-159.37469945936073,-1178.8506958741475,centered,,,,none,0.0,success,105.0,0.005,,,,,,170.77527906080547,,
7632,realistic,3,x0y0,utah,,,Ab,saline,,,100.0,b,-1,0.08,axon,10.9,121252.39545976587,1043.79991965187,-201.94288860361667,centered,,,,51,5.24500000000012,success,96.533203125,0.005,,,,,-1529.4880341740354,-313.82582136276005,1043.79991965187,-201.94288860361667
7633,realistic,3,x0y0,utah,,,Ab,saline,,,100.0,b,-1,0.08,axon,11.4,126036.71622919293,447.88842725998086,863.277407127121,centered,,,,none,0.0,success,105.0,0.005,,,,,,357.58711608708734,,
7634,realistic,3,x0y0,utah,,,Ab,saline,,,100.0,b,-1,0.08,axon,14.5,143383.99066448965,-560.9490327741164,1247.8117244404166,centered,,,,none,0.0,success,105.0,0.005,,,,,,-76.64597717250335,,
7635,realistic,3,x0y0,utah,,,Ab,saline,,,100.0,b,-1,0.08,axon,9.7,110111.07327422012,-75.27892821976594,845.0391145050185,centered,,,,none,0.0,success,105.0,0.005,,,,,,211.87393650491703,,
7636,realistic,3,x0y0,utah,,,Ab,saline,,,100.0,b,-1,0.08,axon,13.5,139596.85289951693,415.61702957535766,-869.1841870170424,centered,,,,none,0.0,success,105.0,0.005,,,,,,627.045539266484,,
7637,realistic,3,x0y0,utah,,,Aa,saline,,,100.0,b,-1,0.08,axon,17.5,151887.542575784,960.4614714975824,-718.1053531310245,centered,,,,none,0.0,success,105.0,0.005,,,,,,-252.0225400390897,,
7638,realistic,3,x0y0,utah,,,Aa,saline,,,100.0,b,-1,0.08,axon,15.2,146421.68806945242,-38.22436229573077,-1048.9663852347203,centered,,,,none,0.0,success,105.0,0.005,,,,,,368.30747867216047,,
7639,realistic,3,x0y0,utah,,,Aa,saline,,,100.0,b,-1,0.08,axon,16.7,150553.77107407435,566.2883201830156,706.6228678832988,centered,,,,none,0.0,success,105.0,0.005,,,,,,171.46662616730057,,
7640,realistic,3,x0y0,utah,,,Aa,saline,,,100.0,b,-1,0.08,axon,17.9,153132.18973976152,758.2497462684332,-515.0198587589133,centered,,,,49,5.260000000000122,success,85.14404296875,0.005,,,,,1760.3197621947038,231.31097454251145,758.2497462684332,-515.0198587589133
7641,realistic,3,x0y0,utah,,,Aa,saline,,,100.0,b,-1,0.08,axon,15.1,145788.88073952092,840.3121358450935,667.2776758588611,centered,,,,none,0.0,success,105.0,0.005,,,,,,81.0254109020623,,
7642,realistic,3,x0y0,utah,,,Aa,saline,,,100.0,b,-1,0.08,axon,14.2,142796.79862774798,296.9353710944278,-992.2816017709832,centered,,,,none,0.0,success,105.0,0.005,,,,,,579.6319252509883,,
7643,realistic,3,x0y0,utah,,,Aa,saline,,,100.0,b,-1,0.08,axon,15.9,147740.20612230693,-563.0213528482883,958.8135206401475,centered,,,,none,0.0,success,105.0,0.005,,,,,,-521.3575171021283,,
7644,realistic,3,x0y0,utah,,,Aa,saline,,,100.0,b,-1,0.08,axon,17.6,152821.64333270182,316.9565409133738,1279.4686082630888,centered,,,,none,0.0,success,105.0,0.005,,,,,,484.90772611278,,
7645,realistic,3,x0y0,utah,,,Aa,saline,,,100.0,b,-1,0.08,axon,15.9,148991.7330259975,892.9963884599948,974.8060213914357,centered,,,,none,0.0,success,105.0,0.005,,,,,,730.1693865884545,,
7646,realistic,3,x0y0,utah,,,Aa,saline,,,100.0,b,-1,0.08,axon,15.4,147365.62667199768,763.2226628402514,1036.7752224909711,centered,,,,none,0.0,success,105.0,0.005,,,,,,644.5442128960716,,
7647,realistic,3,x0y0,utah,,,Ab,saline,,,100.0,b,-1,0.08,axon,10.8,121257.43193557975,271.9885541424446,1142.1523647768608,centered,,,,none,0.0,success,105.0,0.005,,,,,,564.0238345955512,,
7648,realistic,3,x0y0,utah,,,Ab,saline,,,100.0,b,-1,0.08,axon,9.2,104258.59666441724,1092.004001759683,-626.1543543780132,centered,,,,none,0.0,success,105.0,0.005,,,,,,39.43865852843955,,
7649,realistic,3,x0y0,utah,,,Ab,saline,,,100.0,b,-1,0.08,axon,12.2,130903.99002907526,848.4813651663858,3.316169479031032,centered,,,,51,5.255000000000122,success,49.7314453125,0.005,,,,,-1858.108667681503,-543.6324429611655,848.4813651663858,3.316169479031032
7650,realistic,3,x0y0,utah,,,Ab,saline,,,100.0,b,-1,0.08,axon,10.6,118524.83217380705,-446.6088313441146,1098.6072725081594,centered,,,,none,0.0,success,105.0,0.005,,,,,,-370.8025659142379,,
7651,realistic,3,x0y0,utah,,,Ab,saline,,,100.0,b,-1,0.08,axon,12.0,129916.18450249432,754.9243647093234,711.0729947153472,centered,,,,none,0.0,success,105.0,0.005,,,,,,-177.72879094089433,,
7652,realistic,3,x0y0,utah,,,Ab,saline,,,100.0,b,-1,0.08,axon,9.1,102601.28983922617,745.5473305966898,486.5672359373725,centered,,,,none,0.0,success,105.0,0.005,,,,,,-420.3579019052874,,
7653,realistic,3,x0y0,utah,,,Ab,saline,,,100.0,b,-1,0.08,axon,10.2,115078.85999377383,1063.546707769925,94.61020419320265,centered,,,,49,5.290000000000127,success,91.1865234375,0.005,,,,,1144.7984112463892,-6.050695647843199,1063.546707769925,94.61020419320265
7654,realistic,3,x0y0,utah,,,Ab,saline,,,100.0,b,-1,0.08,axon,10.0,112862.9757328242,-207.06359776143745,797.6391578466818,centered,,,,none,0.0,success,105.0,0.005,,,,,,-205.29493823138557,,
7655,realistic,3,x0y0,utah,,,Ab,saline,,,100.0,b,-1,0.08,axon,10.6,119016.35890913507,146.2796281670635,-971.7923296496576,centered,,,,none,0.0,success,105.0,0.005,,,,,,120.7241694137832,,
7656,realistic,3,x0y0,utah,,,Ab,saline,,,100.0,b,-1,0.08,axon,9.2,104116.82973978797,859.9322267481552,-781.4920558944043,centered,,,,none,0.0,success,105.0,0.005,,,,,,-102.32826610082674,,
7657,realistic,3,x0y0,utah,,,Aa,saline,,,100.0,b,-1,0.08,axon,15.1,145340.33247449604,-502.971302835801,887.4446975655101,centered,,,,none,0.0,success,105.0,0.005,,,,,,-367.52285412280617,,
7658,realistic,3,x0y0,utah,,,Aa,saline,,,100.0,b,-1,0.08,axon,15.5,147592.3631245233,-576.2648767211368,-1102.5253558421866,centered,,,,none,0.0,success,105.0,0.005,,,,,,548.7803576309555,,
7659,realistic,3,x0y0,utah,,,Aa,saline,,,100.0,b,-1,0.08,axon,14.0,141143.4660556816,568.2513155272791,-879.6379404332359,centered,,,,none,0.0,success,105.0,0.005,,,,,,-196.93443522642826,,
7660,realistic,3,x0y0,utah,,,Aa,saline,,,100.0,b,-1,0.08,axon,14.8,144337.56591794093,-7.344850233138003,998.132714444716,centered,,,,none,0.0,success,105.0,0.005,,,,,,-285.0168614561597,,
7661,realistic,3,x0y0,utah,,,Aa,saline,,,100.0,b,-1,0.08,axon,15.6,147732.15854283387,612.2209956916902,958.245640335812,centered,,,,none,0.0,success,105.0,0.005,,,,,,373.4312664560962,,
7662,realistic,3,x0y0,utah,,,Aa,saline,,,100.0,b,-1,0.08,axon,15.9,147632.2456434764,559.0681252958439,990.9360979040148,centered,,,,none,0.0,success,105.0,0.005,,,,,,-629.3179959326474,,
7663,realistic,3,x0y0,utah,,,Aa,saline,,,100.0,b,-1,0.08,axon,14.8,144494.31319393922,122.0214971116593,866.5383903602216,centered,,,,none,0.0,success,105.0,0.005,,,,,,-128.26958545785456,,
7664,realistic,3,x0y0,utah,,,Aa,saline,,,100.0,b,-1,0.08,axon,15.6,147422.69390853881,911.0746288868128,-499.6884396477599,centered,,,,49,5.155000000000106,success,105.0,0.005,,,,,1537.5539049248036,63.96663216099176,911.0746288868128,-499.6884396477599
7665,realistic,3,x0y0,utah,,,Aa,saline,,,100.0,b,-1,0.08,axon,15.8,147322.1186919006,1050.9873846975352,849.1410264566357,centered,,,,none,0.0,success,105.0,0.005,,,,,,-645.4479260817475,,
7666,realistic,3,x0y0,utah,,,Aa,saline,,,100.0,b,-1,0.08,axon,15.1,145049.53188423626,-533.3659858823827,1234.933806973244,centered,,,,none,0.0,success,105.0,0.005,,,,,,-658.3234443825877,,
7667,realistic,3,x0y0,utah,,,Ab,saline,,,100.0,b,-1,0.08,axon,11.3,124601.02194515735,-364.1103685195949,-1106.3890352787216,centered,,,,none,0.0,success,105.0,0.005,,,,,,-288.21047250440176,,
7668,realistic,3,x0y0,utah,,,Ab,saline,,,100.0,b,-1,0.08,axon,10.4,117312.32074720744,189.05645572265985,1193.9197856083047,centered,,,,none,0.0,success,105.0,0.005,,,,,,285.5638722084858,,
7669,realistic,3,x0y0,utah,,,Ab,saline,,,100.0,b,-1,0.08,axon,10.3,115749.21330810824,1057.8515363970946,-888.042747374292,centered,,,,none,0.0,success,105.0,0.005,,,,,,-315.8566162211704,,
7670,realistic,3,x0y0,utah,,,Ab,saline,,,100.0,b,-1,0.08,axon,13.5,138780.16041291293,1017.4495569485016,258.58325247909494,centered,,,,50,5.285000000000126,success,82.598876953125,0.005,,,,,-189.6469473375182,-189.6469473375309,1017.4495569485016,258.58325247909494
7671,realistic,3,x0y0,utah,,,Ab,saline,,,100.0,b,-1,0.08,axon,10.7,119254.52039648824,-496.8547104867857,-693.2400405986855,centered,,,,none,0.0,success,105.0,0.005,,,,,,-548.7713523488069,,
7672,realistic,3,x0y0,utah,,,Ab,saline,,,100.0,b,-1,0.08,axon,9.1,102839.62672329515,-582.8549844572626,-985.4088664440114,centered,,,,none,0.0,success,105.0,0.005,,,,,,-182.0210178362957,,
7673,realistic,3,x0y0,utah,,,Ab,saline,,,100.0,b,-1,0.08,axon,11.4,125611.82936719562,1022.653526601162,151.53183935015298,centered,,,,49,5.270000000000124,success,77.5634765625,0.005,,,,,1189.491545220866,-67.29974591021063,1022.653526601162,151.53183935015298
7674,realistic,3,x0y0,utah,,,Ab,saline,,,100.0,b,-1,0.08,axon,12.4,132187.43682471462,-398.8657454736449,-1297.2949890436826,centered,,,,none,0.0,success,105.0,0.005,,,,,,-558.1267594924286,,
7675,realistic,3,x0y0,utah,,,Ab,saline,,,100.0,b,-1,0.08,axon,11.2,124426.5585304768,-259.4349457478279,-1002.011655722796,centered,,,,none,0.0,success,105.0,0.005,,,,,,343.323836981137,,
7676,realistic,3,x0y0,utah,,,Ab,saline,,,100.0,b,-1,0.08,axon,14.3,141984.27778718786,1291.165030779386,-75.7864667735339,centered,,,,none,0.0,success,105.0,0.005,,,,,,-656.7456086821933,,
7677,realistic,3,x0y0,utah,,,Aa,saline,,,100.0,b,-1,0.08,axon,15.5,147688.73545819928,267.2988357865506,-1236.413354419366,centered,,,,none,0.0,success,105.0,0.005,,,,,,645.1526913069276,,
7678,realistic,3,x0y0,utah,,,Aa,saline,,,100.0,b,-1,0.08,axon,15.8,148153.4940493849,-693.0659957356787,-642.0441463422247,centered,,,,none,0.0,success,105.0,0.005,,,,,,185.92743140255902,,
7679,realistic,3,x0y0,utah,,,Aa,saline,,,100.0,b,-1,0.08,axon,18.1,153417.00512789667,-143.43740037272346,833.0293778145951,centered,,,,none,0.0,success,105.0,0.005,,,,,,161.82394241557975,,
7680,realistic,3,x0y0,utah,,,Aa,saline,,,100.0,b,-1,0.08,axon,19.1,154997.55555044388,1088.4061109835538,338.6692628387036,centered,,,,48,5.295000000000128,success,95.361328125,0.005,,,,,3300.228146712412,204.3643221464614,1088.4061109835538,338.6692628387036
7681,realistic,3,x0y0,utah,,,Aa,saline,,,100.0,b,-1,0.08,axon,14.0,140657.18496278385,754.951340683092,-997.1659373607213,centered,,,,none,0.0,success,105.0,0.005,,,,,,-683.2155281241609,,
7682,realistic,3,x0y0,utah,,,Aa,saline,,,100.0,b,-1,0.08,axon,15.1,145305.84992446704,284.363873862696,1264.9811588156265,centered,,,,none,0.0,success,105.0,0.005,,,,,,-402.0054041518062,,
7683,realistic,3,x0y0,utah,,,Aa,saline,,,100.0,b,-1,0.08,axon,14.6,143310.5307039589,1123.2075674621165,-280.6824815485761,centered,,,,none,0.0,success,105.0,0.005,,,,,,-546.2354351728923,,
7684,realistic,3,x0y0,utah,,,Aa,saline,,,100.0,b,-1,0.08,axon,18.0,153036.73395868734,1259.8414396985265,-150.34361898346882,centered,,,,none,0.0,success,105.0,0.005,,,,,,-43.40945221833316,,
7685,realistic,3,x0y0,utah,,,Aa,saline,,,100.0,b,-1,0.08,axon,17.5,151963.44659027466,-272.4877580318098,974.3567211814034,centered,,,,none,0.0,success,105.0,0.005,,,,,,-176.118525548447,,
7686,realistic,3,x0y0,utah,,,Aa,saline,,,100.0,b,-1,0.08,axon,14.0,141867.04496001874,797.2889827372796,320.65614117174664,centered,,,,49,5.2350000000001184,success,65.61279296875,0.005,,,,,1940.0484740197717,526.6444691106972,797.2889827372796,320.65614117174664
7687,realistic,3,x0y0,utah,,,Ab,saline,,,100.0,b,-1,0.08,axon,12.5,133582.3857989779,1230.726235721003,-296.7466119521073,centered,,,,none,0.0,success,105.0,0.005,,,,,,208.1776623963079,,
7688,realistic,3,x0y0,utah,,,Ab,saline,,,100.0,b,-1,0.08,axon,16.0,148231.79385310988,1047.2172173641948,588.2753614995297,centered,,,,none,0.0,success,105.0,0.005,,,,,,-317.01542404726064,,
7689,realistic,3,x0y0,utah,,,Ab,saline,,,100.0,b,-1,0.08,axon,10.7,119354.51200448963,308.45546035334115,747.2524759669609,centered,,,,none,0.0,success,105.0,0.005,,,,,,-448.77974434742134,,
7690,realistic,3,x0y0,utah,,,Ab,saline,,,100.0,b,-1,0.08,axon,9.2,104072.06361612631,1162.1836292179942,-1.8634923195600093,centered,,,,none,0.0,success,105.0,0.005,,,,,,-147.09438976250422,,
7691,realistic,3,x0y0,utah,,,Ab,saline,,,100.0,b,-1,0.08,axon,10.1,114593.43790036751,835.6247914187262,1035.8300637603602,centered,,,,none,0.0,success,105.0,0.005,,,,,,507.3856516673638,,
7692,realistic,3,x0y0,utah,,,Ab,saline,,,100.0,b,-1,0.08,axon,13.0,136996.4338159686,405.30511334502717,1232.2965112050106,centered,,,,none,0.0,success,105.0,0.005,,,,,,673.0308042324277,,
7693,realistic,3,x0y0,utah,,,Ab,saline,,,100.0,b,-1,0.08,axon,10.8,120383.83352363955,-512.7316529901236,-1062.1029045847051,centered,,,,none,0.0,success,105.0,0.005,,,,,,-309.5745773446726,,
7694,realistic,3,x0y0,utah,,,Ab,saline,,,100.0,b,-1,0.08,axon,10.9,121123.99356779784,461.30190720035125,-1217.185552406069,centered,,,,none,0.0,success,105.0,0.005,,,,,,-442.2277133308149,,
7695,realistic,3,x0y0,utah,,,Ab,saline,,,100.0,b,-1,0.08,axon,9.3,105820.31587504076,201.56779853429316,-1015.1535789143496,centered,,,,none,0.0,success,105.0,0.005,,,,,,424.39662660995344,,
7696,realistic,3,x0y0,utah,,,Ab,saline,,,100.0,b,-1,0.08,axon,11.9,128766.6166085911,318.4328877659372,1020.1855890238916,centered,,,,none,0.0,success,105.0,0.005,,,,,,-628.9370312995158,,
7697,realistic,3,x0y0,utah,,,Aa,saline,,,100.0,b,-1,0.08,axon,15.1,145350.24385101962,438.27490282571165,719.1128426705417,centered,,,,none,0.0,success,105.0,0.005,,,,,,-357.6114775992385,,
7698,realistic,3,x0y0,utah,,,Aa,saline,,,100.0,b,-1,0.08,axon,14.6,143501.3535138779,821.3357418881668,391.5942592883966,centered,,,,51,5.24500000000012,success,73.81591796875,0.005,,,,,-1793.9802866452083,-355.4126252538932,821.3357418881668,391.5942592883966
7699,realistic,3,x0y0,utah,,,Aa,saline,,,100.0,b,-1,0.08,axon,16.1,149329.42223278532,1234.4005669949274,549.3931025652411,centered,,,,none,0.0,success,105.0,0.005,,,,,,499.9741928197538,,
7700,realistic,3,x0y0,utah,,,Aa,saline,,,100.0,b,-1,0.08,axon,16.5,149180.14391650868,-631.5785500251445,-1184.5417809440605,centered,,,,none,0.0,success,105.0,0.005,,,,,,-708.5901863805278,,
7701,realistic,3,x0y0,utah,,,Aa,saline,,,100.0,b,-1,0.08,axon,14.2,141511.40577221304,-75.08776167400309,1384.348768207332,centered,,,,none,0.0,success,105.0,0.005,,,,,,-705.760930283948,,
7702,realistic,3,x0y0,utah,,,Aa,saline,,,100.0,b,-1,0.08,axon,15.3,146653.59473704602,1178.2679205066695,-0.6390315710505092,centered,,,,49,5.170000000000108,success,105.0,0.005,,,,,1726.4368580789887,262.5261724328429,1178.2679205066695,-0.6390315710505092
7703,realistic,3,x0y0,utah,,,Aa,saline,,,100.0,b,-1,0.08,axon,17.2,151258.28067322404,702.5830943128758,781.0881278448915,centered,,,,none,0.0,success,105.0,0.005,,,,,,-260.91826869597,,
7704,realistic,3,x0y0,utah,,,Aa,saline,,,100.0,b,-1,0.08,axon,17.7,151851.20943609154,281.01932127532467,1212.0800865275087,centered,,,,none,0.0,success,105.0,0.005,,,,,,-678.0662867854495,,
7705,realistic,3,x0y0,utah,,,Aa,saline,,,100.0,b,-1,0.08,axon,15.7,146941.8835870651,961.5442167681176,-467.7530760230802,centered,,,,none,0.0,success,105.0,0.005,,,,,,-724.7874985524147,,
7706,realistic,3,x0y0,utah,,,Aa,saline,,,100.0,b,-1,0.08,axon,19.1,154990.37170029053,809.1567283617477,-498.2875529442299,centered,,,,49,5.255000000000122,success,83.09326171875,0.005,,,,,1745.1123842760862,197.1804719931143,809.1567283617477,-498.2875529442299
7707,realistic,3,x0y0,utah,,,Ab,saline,,,100.0,b,-1,0.08,axon,10.9,121460.76344591453,146.2476281030672,-1120.085803962194,centered,,,,none,0.0,success,105.0,0.005,,,,,,-105.45783521410387,,
7708,realistic,3,x0y0,utah,,,Ab,saline,,,100.0,b,-1,0.08,axon,10.6,119018.54156152508,622.7246478012139,890.8409195390144,centered,,,,none,0.0,success,105.0,0.005,,,,,,122.90682180378052,,
7709,realistic,3,x0y0,utah,,,Ab,saline,,,100.0,b,-1,0.08,axon,16.8,150413.9303473874,358.66737713969087,997.1295740895557,centered,,,,none,0.0,success,105.0,0.005,,,,,,-206.59581825153975,,
7710,realistic,3,x0y0,utah,,,Ab,saline,,,100.0,b,-1,0.08,axon,12.7,134182.48103933348,-633.6575981619308,506.4853462598171,centered,,,,none,0.0,success,105.0,0.005,,,,,,-409.52479924138197,,
7711,realistic,3,x0y0,utah,,,Ab,saline,,,100.0,b,-1,0.08,axon,10.6,119483.96942209432,837.8347691471968,974.7900922957144,centered,,,,none,0.0,success,105.0,0.005,,,,,,588.3346823730233,,
7712,realistic,3,x0y0,utah,,,Ab,saline,,,100.0,b,-1,0.08,axon,12.4,132543.11104342475,481.2341758144262,-843.1355120553552,centered,,,,none,0.0,success,105.0,0.005,,,,,,-202.4525407822672,,
7713,realistic,3,x0y0,utah,,,Ab,saline,,,100.0,b,-1,0.08,axon,17.5,151661.87790942294,716.8925238802221,-564.2672167224167,centered,,,,51,5.285000000000126,success,98.291015625,0.005,,,,,-1999.0828575583873,-477.6872064001128,716.8925238802221,-564.2672167224167
7714,realistic,3,x0y0,utah,,,Ab,saline,,,100.0,b,-1,0.08,axon,12.5,133968.90524638054,1344.6652572062005,142.45460454212298,centered,,,,none,0.0,success,105.0,0.005,,,,,,594.6971097989765,,
7715,realistic,3,x0y0,utah,,,Ab,saline,,,100.0,b,-1,0.08,axon,15.3,146153.74449818814,625.4808628321293,875.2544030705513,centered,,,,none,0.0,success,105.0,0.005,,,,,,-237.3240664250387,,
7716,realistic,3,x0y0,utah,,,Ab,saline,,,100.0,b,-1,0.08,axon,11.3,124435.06509318447,113.28326958819616,-1367.9353891577468,centered,,,,none,0.0,success,105.0,0.005,,,,,,-454.1673244772583,,
7717,realistic,3,x0y0,utah,,,Aa,saline,,,100.0,b,-1,0.08,axon,16.7,150441.18210857006,567.6231858023297,1170.432699279474,centered,,,,none,0.0,success,105.0,0.005,,,,,,58.87766066301058,,
7718,realistic,3,x0y0,utah,,,Aa,saline,,,100.0,b,-1,0.08,axon,16.6,149694.54379927198,1381.3504347141306,-162.95335855020085,centered,,,,none,0.0,success,105.0,0.005,,,,,,-443.872241427816,,
7719,realistic,3,x0y0,utah,,,Aa,saline,,,100.0,b,-1,0.08,axon,18.9,153918.4684957932,800.1789856763568,-161.35111131878332,centered,,,,51,5.215000000000115,success,43.6431884765625,0.005,,,,,-2141.0739602760004,-595.9299755624677,800.1789856763568,-161.35111131878332
7720,realistic,3,x0y0,utah,,,Aa,saline,,,100.0,b,-1,0.08,axon,15.2,146270.18840103786,707.0378887155521,-872.3520733406094,centered,,,,none,0.0,success,105.0,0.005,,,,,,216.80781025763127,,
7721,realistic,3,x0y0,utah,,,Aa,saline,,,100.0,b,-1,0.08,axon,16.2,149062.56749177468,270.2373465565961,981.7159531693852,centered,,,,none,0.0,success,105.0,0.005,,,,,,-41.054347733722786,,
7722,realistic,3,x0y0,utah,,,Aa,saline,,,100.0,b,-1,0.08,axon,14.8,144662.1445663458,731.62802293709,717.490126807559,centered,,,,none,0.0,success,105.0,0.005,,,,,,39.561786948744604,,
7723,realistic,3,x0y0,utah,,,Aa,saline,,,100.0,b,-1,0.08,axon,16.0,148357.3055275048,347.97843267361844,742.5108031055313,centered,,,,none,0.0,success,105.0,0.005,,,,,,-191.50374965231583,,
7724,realistic,3,x0y0,utah,,,Aa,saline,,,100.0,b,-1,0.08,axon,15.1,146173.06820433287,-678.8251129805149,-1066.4267139508845,centered,,,,none,0.0,success,105.0,0.005,,,,,,465.2128757140319,,
7725,realistic,3,x0y0,utah,,,Aa,saline,,,100.0,b,-1,0.08,axon,15.8,148449.16664236225,221.90783309327801,-1143.7267744344065,centered,,,,none,0.0,success,105.0,0.005,,,,,,481.6000243798951,,
7726,realistic,3,x0y0,utah,,,Aa,saline,,,100.0,b,-1,0.08,axon,16.1,148597.84695380827,1055.1448621555655,360.7603444621959,centered,,,,50,5.315000000000131,success,98.73046875,0.005,,,,,-231.60108615728677,-231.60108615728137,1055.1448621555655,360.7603444621959
7727,realistic,3,x0y0,utah,,,Ab,saline,,,100.0,b,-1,0.08,axon,9.1,102947.94575280623,-604.9962313032188,776.6834062646535,centered,,,,none,0.0,success,105.0,0.005,,,,,,-73.70198832520512,,
7728,realistic,3,x0y0,utah,,,Ab,saline,,,100.0,b,-1,0.08,axon,11.4,125175.50497576613,960.7619102648159,372.3621759574121,centered,,,,none,0.0,success,105.0,0.005,,,,,,-503.62413733969896,,
7729,realistic,3,x0y0,utah,,,Ab,saline,,,100.0,b,-1,0.08,axon,11.3,124322.81710051605,22.80336304265802,-1069.354282004975,centered,,,,none,0.0,success,105.0,0.005,,,,,,-566.4153171456876,,
7730,realistic,3,x0y0,utah,,,Ab,saline,,,100.0,b,-1,0.08,axon,9.9,112312.87231650113,100.54842868959349,-1386.3116645406885,centered,,,,none,0.0,success,105.0,0.005,,,,,,281.52698588383566,,
7731,realistic,3,x0y0,utah,,,Ab,saline,,,100.0,b,-1,0.08,axon,9.2,103807.8636577999,1197.5350281181745,-356.40667074333487,centered,,,,none,0.0,success,105.0,0.005,,,,,,-411.2943480889135,,
7732,realistic,3,x0y0,utah,,,Ab,saline,,,100.0,b,-1,0.08,axon,13.8,140139.78331929565,942.6144248961027,-153.7277320951989,centered,,,,51,5.240000000000119,success,57.0556640625,0.005,,,,,-1688.0482922272058,-283.81233567748075,942.6144248961027,-153.7277320951989
7733,realistic,3,x0y0,utah,,,Ab,saline,,,100.0,b,-1,0.08,axon,11.2,124485.75143849697,1316.2154467177215,213.1173417874306,centered,,,,none,0.0,success,105.0,0.005,,,,,,402.51674500132174,,
7734,realistic,3,x0y0,utah,,,Ab,saline,,,100.0,b,-1,0.08,axon,9.3,104983.90963044293,995.7574910985741,692.1120257491034,centered,,,,none,0.0,success,105.0,0.005,,,,,,-412.00961798785437,,
7735,realistic,3,x0y0,utah,,,Ab,saline,,,100.0,b,-1,0.08,axon,12.2,132005.07218602626,-86.25494806317646,866.1187242257448,centered,,,,none,0.0,success,105.0,0.005,,,,,,557.4497139898589,,
7736,realistic,3,x0y0,utah,,,Ab,saline,,,100.0,b,-1,0.08,axon,9.9,112077.92220190284,-215.99008320570732,-1210.6625975140414,centered,,,,none,0.0,success,105.0,0.005,,,,,,46.576871285522614,,
7737,realistic,3,x0y0,utah,,,Aa,saline,,,100.0,b,-1,0.08,axon,18.1,153177.66867680795,-626.2701959310903,1069.338738363118,centered,,,,none,0.0,success,105.0,0.005,,,,,,-77.5125086731395,,
7738,realistic,3,x0y0,utah,,,Aa,saline,,,100.0,b,-1,0.08,axon,15.9,148133.93486658225,-302.446882819615,-1239.5384936118166,centered,,,,none,0.0,success,105.0,0.005,,,,,,-127.62877282679364,,
7739,realistic,3,x0y0,utah,,,Aa,saline,,,100.0,b,-1,0.08,axon,14.2,142348.30675850055,-610.9937203859381,-625.9083593485857,centered,,,,none,0.0,success,105.0,0.005,,,,,,131.140056003551,,
7740,realistic,3,x0y0,utah,,,Aa,saline,,,100.0,b,-1,0.08,axon,15.2,146496.40450871314,-288.3093201755619,1104.8316857056925,centered,,,,none,0.0,success,105.0,0.005,,,,,,443.0239179329498,,
7741,realistic,3,x0y0,utah,,,Aa,saline,,,100.0,b,-1,0.08,axon,15.5,146638.37183344347,-9.424864282128055,1023.1286613699733,centered,,,,none,0.0,success,105.0,0.005,,,,,,-405.2109334489005,,
7742,realistic,3,x0y0,utah,,,Aa,saline,,,100.0,b,-1,0.08,axon,16.0,148142.25669091806,238.86779484565204,938.1976163024983,centered,,,,none,0.0,success,105.0,0.005,,,,,,-406.55258623906883,,
7743,realistic,3,x0y0,utah,,,Aa,saline,,,100.0,b,-1,0.08,axon,18.4,153257.67305592186,982.4443284275743,544.3535598383423,centered,,,,none,0.0,success,105.0,0.005,,,,,,-498.20791414654923,,
7744,realistic,3,x0y0,utah,,,Aa,saline,,,100.0,b,-1,0.08,axon,16.6,149509.36463194614,-55.82435054990492,1147.7117946423234,centered,,,,none,0.0,success,105.0,0.005,,,,,,-629.0514087536817,,
7745,realistic,3,x0y0,utah,,,Aa,saline,,,100.0,b,-1,0.08,axon,14.7,144418.55820802326,541.135594001104,981.0446374793268,centered,,,,none,0.0,success,105.0,0.005,,,,,,174.53657030993045,,
7746,realistic,3,x0y0,utah,,,Aa,saline,,,100.0,b,-1,0.08,axon,14.0,141788.90905731675,-554.7556935428101,938.5564462294564,centered,,,,none,0.0,success,105.0,0.005,,,,,,448.50856640872206,,
7747,realistic,3,x0y0,utah,,,Ab,saline,,,100.0,b,-1,0.08,axon,11.1,123094.47007019322,290.49293982406607,-765.5243009499733,centered,,,,none,0.0,success,105.0,0.005,,,,,,-166.42425777535465,,
7748,realistic,3,x0y0,utah,,,Ab,saline,,,100.0,b,-1,0.08,axon,9.2,104112.45078443679,769.0021143478692,-828.1476249417842,centered,,,,none,0.0,success,105.0,0.005,,,,,,-106.70722145199865,,
7749,realistic,3,x0y0,utah,,,Ab,saline,,,100.0,b,-1,0.08,axon,9.6,109118.23429774377,399.67016709465315,-1047.4267670800486,centered,,,,none,0.0,success,105.0,0.005,,,,,,314.67737570812665,,
7750,realistic,3,x0y0,utah,,,Ab,saline,,,100.0,b,-1,0.08,axon,12.3,131863.21190803873,196.96596327979802,1031.1007193121704,centered,,,,none,0.0,success,105.0,0.005,,,,,,-240.23436391753563,,
7751,realistic,3,x0y0,utah,,,Ab,saline,,,100.0,b,-1,0.08,axon,14.6,143428.8703860768,-214.62904599373542,-774.7986579074059,centered,,,,none,0.0,success,105.0,0.005,,,,,,-427.8957530549985,,
7752,realistic,3,x0y0,utah,,,Ab,saline,,,100.0,b,-1,0.08,axon,9.3,105922.07552981775,249.1938077860791,921.0431820251532,centered,,,,none,0.0,success,105.0,0.005,,,,,,526.1562813869683,,
7753,realistic,3,x0y0,utah,,,Ab,saline,,,100.0,b,-1,0.08,axon,9.2,103882.51435411908,673.4513315898073,-963.8299496329587,centered,,,,none,0.0,success,105.0,0.005,,,,,,-336.6436517697226,,
7754,realistic,3,x0y0,utah,,,Ab,saline,,,100.0,b,-1,0.08,axon,12.2,131434.25422444698,81.94260977896965,1181.4825552938282,centered,,,,none,0.0,success,105.0,0.005,,,,,,-13.368247589429386,,
7755,realistic,3,x0y0,utah,,,Ab,saline,,,100.0,b,-1,0.08,axon,15.6,147852.3772964706,1004.2419950383099,-396.23989173374815,centered,,,,49,5.170000000000108,success,105.0,0.005,,,,,1967.2372928565892,493.65002009281375,1004.2419950383099,-396.23989173374815
7756,realistic,3,x0y0,utah,,,Ab,saline,,,100.0,b,-1,0.08,axon,15.4,146129.43949646867,1035.8682389468877,-318.69747414848547,centered,,,,50,5.285000000000126,success,98.291015625,0.005,,,,,-591.6429626329627,-591.642962633,1035.8682389468877,-318.69747414848547
7757,realistic,3,x0y0,utah,,,Aa,saline,,,100.0,b,-1,0.08,axon,16.5,150549.96603367935,-596.9990340183067,-1066.7114788436625,centered,,,,none,0.0,success,105.0,0.005,,,,,,661.2319307901615,,
7758,realistic,3,x0y0,utah,,,Aa,saline,,,100.0,b,-1,0.08,axon,16.2,148561.72351199551,-699.9543434732291,544.1452893974979,centered,,,,none,0.0,success,105.0,0.005,,,,,,-541.8983275129301,,
7759,realistic,3,x0y0,utah,,,Aa,saline,,,100.0,b,-1,0.08,axon,14.0,141261.97907332398,-365.9506169300757,-1059.6291159946854,centered,,,,none,0.0,success,105.0,0.005,,,,,,-78.42141758407011,,
7760,realistic,3,x0y0,utah,,,Aa,saline,,,100.0,b,-1,0.08,axon,15.6,146998.85700692827,1179.5613413536084,-731.274215685803,centered,,,,none,0.0,success,105.0,0.005,,,,,,-359.87026944950424,,
7761,realistic,3,x0y0,utah,,,Aa,saline,,,100.0,b,-1,0.08,axon,16.1,148145.97422662177,1039.2555235667642,-454.1021793211403,centered,,,,none,0.0,success,105.0,0.005,,,,,,-683.4738133438271,,
7762,realistic,3,x0y0,utah,,,Aa,saline,,,100.0,b,-1,0.08,axon,15.4,146012.84435872038,-153.3285202053075,-884.7759994786234,centered,,,,none,0.0,success,105.0,0.005,,,,,,-708.238100381253,,
7763,realistic,3,x0y0,utah,,,Aa,saline,,,100.0,b,-1,0.08,axon,15.7,148020.40020034608,-278.07455556651803,1195.3004197376367,centered,,,,none,0.0,success,105.0,0.005,,,,,,353.72911472857834,,
7764,realistic,3,x0y0,utah,,,Aa,saline,,,100.0,b,-1,0.08,axon,15.2,146178.61548144472,-175.55146002783385,1237.7333193022778,centered,,,,none,0.0,success,105.0,0.005,,,,,,125.2348906644828,,
7765,realistic,3,x0y0,utah,,,Aa,saline,,,100.0,b,-1,0.08,axon,16.1,148674.12520560698,-100.80109187208792,-1122.8342906145945,centered,,,,none,0.0,success,105.0,0.005,,,,,,-155.32283435858778,,
7766,realistic,3,x0y0,utah,,,Aa,saline,,,100.0,b,-1,0.08,axon,16.2,149054.60391811858,-124.73106553328121,820.888657675825,centered,,,,none,0.0,success,105.0,0.005,,,,,,-49.0179213898506,,
7767,realistic,3,x0y0,utah,,,Ab,saline,,,100.0,b,-1,0.08,axon,14.7,143553.30602436315,921.6470916293138,-395.1503207549826,centered,,,,49,5.265000000000123,success,95.361328125,0.005,,,,,751.7246030269598,-690.7156133501794,921.6470916293138,-395.1503207549826
7768,realistic,3,x0y0,utah,,,Ab,saline,,,100.0,b,-1,0.08,axon,13.9,141474.2811213061,-512.6632686545181,-959.6913845488904,centered,,,,none,0.0,success,105.0,0.005,,,,,,587.179278620981,,
7769,realistic,3,x0y0,utah,,,Ab,saline,,,100.0,b,-1,0.08,axon,9.1,102565.16778954909,-159.8791935040831,-812.1663094078135,centered,,,,none,0.0,success,105.0,0.005,,,,,,-456.47995158236665,,
7770,realistic,3,x0y0,utah,,,Ab,saline,,,100.0,b,-1,0.08,axon,12.2,131330.037881101,400.1977321444115,-809.7275579115933,centered,,,,none,0.0,success,105.0,0.005,,,,,,-117.58459093542128,,
7771,realistic,3,x0y0,utah,,,Ab,saline,,,100.0,b,-1,0.08,axon,10.1,113621.98226666187,790.3674901804968,-349.4194832801936,centered,,,,51,5.270000000000124,success,80.89599609375,0.005,,,,,-1604.9305045252986,-464.0699820382854,790.3674901804968,-349.4194832801936
7772,realistic,3,x0y0,utah,,,Ab,saline,,,100.0,b,-1,0.08,axon,9.6,108540.81921640414,-603.9341220175364,-851.9961222517359,centered,,,,none,0.0,success,105.0,0.005,,,,,,-262.7377056315155,,
7773,realistic,3,x0y0,utah,,,Ab,saline,,,100.0,b,-1,0.08,axon,15.6,147125.3153359052,883.2784792079377,1026.8109090924572,centered,,,,none,0.0,success,105.0,0.005,,,,,,-233.4119404725646,,
7774,realistic,3,x0y0,utah,,,Ab,saline,,,100.0,b,-1,0.08,axon,11.6,127667.99061817705,645.4578645581951,833.8093012986837,centered,,,,none,0.0,success,105.0,0.005,,,,,,456.40416203987803,,
7775,realistic,3,x0y0,utah,,,Ab,saline,,,100.0,b,-1,0.08,axon,13.3,138359.6975366273,687.3449713754271,-439.80412874698,centered,,,,49,5.305000000000129,success,78.55224609375,0.005,,,,,1793.3344004574174,413.876186960762,687.3449713754271,-439.80412874698
7776,realistic,3,x0y0,utah,,,Ab,saline,,,100.0,b,-1,0.08,axon,10.4,116868.84990085915,251.29675048353508,-880.2939926641997,centered,,,,none,0.0,success,105.0,0.005,,,,,,-157.90697413981871,,
7777,realistic,3,x0y0,utah,,,Aa,saline,,,100.0,b,-1,0.08,axon,15.7,148135.55974870134,-197.946241671028,1277.2896744437148,centered,,,,none,0.0,success,105.0,0.005,,,,,,468.8886630838378,,
7778,realistic,3,x0y0,utah,,,Aa,saline,,,100.0,b,-1,0.08,axon,16.9,150898.00007344814,637.1901714301075,905.2501820394124,centered,,,,none,0.0,success,105.0,0.005,,,,,,44.794456425201794,,
7779,realistic,3,x0y0,utah,,,Aa,saline,,,100.0,b,-1,0.08,axon,14.8,144105.202690227,879.9938226460539,-972.0201265975577,centered,,,,none,0.0,success,105.0,0.005,,,,,,-517.3800891701046,,
7780,realistic,3,x0y0,utah,,,Aa,saline,,,100.0,b,-1,0.08,axon,15.1,146334.63067894414,274.86334676792285,1030.3980295583149,centered,,,,none,0.0,success,105.0,0.005,,,,,,626.7753503253414,,
7781,realistic,3,x0y0,utah,,,Aa,saline,,,100.0,b,-1,0.08,axon,14.8,145270.69242970922,809.8926712224762,34.93338072685401,centered,,,,49,5.215000000000115,success,43.890380859375,0.005,,,,,2094.335478106106,648.1096503121323,809.8926712224762,34.93338072685401
7782,realistic,3,x0y0,utah,,,Aa,saline,,,100.0,b,-1,0.08,axon,16.4,149797.28664729468,561.8303114660193,-1206.3975816889485,centered,,,,none,0.0,success,105.0,0.005,,,,,,164.15730004785362,,
7783,realistic,3,x0y0,utah,,,Aa,saline,,,100.0,b,-1,0.08,axon,18.5,153951.81685454014,1109.6385903283308,133.1761368216639,centered,,,,49,5.260000000000122,success,79.9072265625,0.005,,,,,1576.017186333047,36.86769473498927,1109.6385903283308,133.1761368216639
7784,realistic,3,x0y0,utah,,,Aa,saline,,,100.0,b,-1,0.08,axon,15.3,145801.50991418422,330.9680397754114,744.1850870617765,centered,,,,none,0.0,success,105.0,0.005,,,,,,-589.5586504289653,,
7785,realistic,3,x0y0,utah,,,Aa,saline,,,100.0,b,-1,0.08,axon,14.2,141674.9958700318,1027.6026391330734,-549.8345075883816,centered,,,,none,0.0,success,105.0,0.005,,,,,,-542.1708324652059,,
7786,realistic,3,x0y0,utah,,,Aa,saline,,,100.0,b,-1,0.08,axon,17.8,152953.6082191087,1085.4535358391668,-169.2309941544704,centered,,,,49,5.2800000000001255,success,79.541015625,0.005,,,,,1763.4916379823699,236.3187432235225,1085.4535358391668,-169.2309941544704
7787,realistic,3,x0y0,utah,,,Ab,saline,,,100.0,b,-1,0.08,axon,11.7,128113.66844363794,-375.9535481438698,779.5749245021153,centered,,,,none,0.0,success,105.0,0.005,,,,,,159.038120847971,,
7788,realistic,3,x0y0,utah,,,Ab,saline,,,100.0,b,-1,0.08,axon,11.0,122290.91866418034,-1.9342967126708568,-1057.3651023441007,centered,,,,none,0.0,success,105.0,0.005,,,,,,-131.051412150438,,
7789,realistic,3,x0y0,utah,,,Ab,saline,,,100.0,b,-1,0.08,axon,17.1,151931.39380967047,907.1703254799601,-2.322898718197393,centered,,,,49,5.275000000000125,success,56.396484375,0.005,,,,,2141.9945483471383,628.9703133842618,907.1703254799601,-2.322898718197393
7790,realistic,3,x0y0,utah,,,Ab,saline,,,100.0,b,-1,0.08,axon,11.8,129074.1353433611,709.8423532717525,-451.55900807925866,centered,,,,49,5.275000000000125,success,87.78076171875,0.005,,,,,1678.4215118396678,391.5961196020629,709.8423532717525,-451.55900807925866
7791,realistic,3,x0y0,utah,,,Ab,saline,,,100.0,b,-1,0.08,axon,11.1,123341.33515262758,305.18940274250826,-817.3536142272877,centered,,,,none,0.0,success,105.0,0.005,,,,,,80.44082465900209,,
7792,realistic,3,x0y0,utah,,,Ab,saline,,,100.0,b,-1,0.08,axon,11.5,126264.09734216065,1179.0688969052535,373.01578331499564,centered,,,,none,0.0,success,105.0,0.005,,,,,,-189.06920805551871,,
7793,realistic,3,x0y0,utah,,,Ab,saline,,,100.0,b,-1,0.08,axon,10.5,117637.1216196172,530.6395650679907,757.1498197344922,centered,,,,none,0.0,success,105.0,0.005,,,,,,-333.07952851233847,,
7794,realistic,3,x0y0,utah,,,Ab,saline,,,100.0,b,-1,0.08,axon,10.9,121057.43829260005,919.7769966968872,82.948477453735,centered,,,,51,5.240000000000119,success,62.79296875,0.005,,,,,-1724.445201339855,-508.78298852860536,919.7769966968872,82.948477453735
7795,realistic,3,x0y0,utah,,,Ab,saline,,,100.0,b,-1,0.08,axon,13.7,140489.20076828508,871.135695135404,986.8432951732353,centered,,,,none,0.0,success,105.0,0.005,,,,,,539.5200016707322,,
7796,realistic,3,x0y0,utah,,,Ab,saline,,,100.0,b,-1,0.08,axon,10.4,117573.65255120712,948.2220282297764,539.2313372462187,centered,,,,none,0.0,success,105.0,0.005,,,,,,546.8956762081659,,
7797,realistic,3,x0y0,utah,,,Aa,saline,,,100.0,b,-1,0.08,axon,17.0,150406.82591200527,-263.24927148689085,1325.7790546668941,centered,,,,none,0.0,success,105.0,0.005,,,,,,-673.6389239231391,,
7798,realistic,3,x0y0,utah,,,Aa,saline,,,100.0,b,-1,0.08,axon,16.7,150109.73708313494,49.60374762656375,-1168.3855290958168,centered,,,,none,0.0,success,105.0,0.005,,,,,,-272.56736477209273,,
7799,realistic,3,x0y0,utah,,,Aa,saline,,,100.0,b,-1,0.08,axon,17.0,151586.99645996245,889.3225721834572,109.04626118942451,centered,,,,49,5.240000000000119,success,48.2666015625,0.005,,,,,2017.3362723933533,506.5316240340798,889.3225721834572,109.04626118942451
7800,realistic,3,x0y0,utah,,,Aa,saline,,,100.0,b,-1,0.08,axon,16.6,150065.30804643515,753.4335184201436,667.1672215084483,centered,,,,none,0.0,success,105.0,0.005,,,,,,-73.10799426464881,,
7801,realistic,3,x0y0,utah,,,Aa,saline,,,100.0,b,-1,0.08,axon,15.6,146738.52013800511,606.8075577135887,553.9837761631793,centered,,,,51,5.160000000000107,success,105.0,0.005,,,,,-2093.7944111364486,-620.2071383726809,606.8075577135887,553.9837761631793
7802,realistic,3,x0y0,utah,,,Aa,saline,,,100.0,b,-1,0.08,axon,16.0,147958.61724910614,-454.53347871593684,863.2808748746784,centered,,,,none,0.0,success,105.0,0.005,,,,,,-590.1920280509992,,
7803,realistic,3,x0y0,utah,,,Aa,saline,,,100.0,b,-1,0.08,axon,14.6,144515.47673194602,532.2208667658324,1111.679556226747,centered,,,,none,0.0,success,105.0,0.005,,,,,,658.7105928142397,,
7804,realistic,3,x0y0,utah,,,Aa,saline,,,100.0,b,-1,0.08,axon,17.0,150727.30617944247,1147.083621232303,244.0183812714272,centered,,,,50,5.215000000000115,success,105.0,0.005,,,,,-353.1586564859026,-353.1586564859021,1147.083621232303,244.0183812714272
7805,realistic,3,x0y0,utah,,,Aa,saline,,,100.0,b,-1,0.08,axon,14.2,142587.53446229766,180.737818403376,1013.1999865676615,centered,,,,none,0.0,success,105.0,0.005,,,,,,370.3677598006258,,
7806,realistic,3,x0y0,utah,,,Aa,saline,,,100.0,b,-1,0.08,axon,16.1,148263.13946693906,-208.23523221613775,-1099.0176666586099,centered,,,,none,0.0,success,105.0,0.005,,,,,,-566.3085730265417,,
7807,realistic,3,x0y0,utah,,,Ab,saline,,,100.0,b,-1,0.08,axon,14.3,142012.17341193993,-338.39757775885573,966.6701200778366,centered,,,,none,0.0,success,105.0,0.005,,,,,,-628.8499839301057,,
7808,realistic,3,x0y0,utah,,,Ab,saline,,,100.0,b,-1,0.08,axon,16.0,148958.88338561892,1257.7021902841436,86.58222022568998,centered,,,,none,0.0,success,105.0,0.005,,,,,,410.0741084617612,,
7809,realistic,3,x0y0,utah,,,Ab,saline,,,100.0,b,-1,0.08,axon,9.2,103833.80841175134,691.2784252746633,-564.8144596349175,centered,,,,none,0.0,success,105.0,0.005,,,,,,-385.3495941374707,,
7810,realistic,3,x0y0,utah,,,Ab,saline,,,100.0,b,-1,0.08,axon,11.2,124470.64221564426,916.6673200950863,695.0197923978792,centered,,,,none,0.0,success,105.0,0.005,,,,,,387.4075221485712,,
7811,realistic,3,x0y0,utah,,,Ab,saline,,,100.0,b,-1,0.08,axon,10.0,113249.94825215852,942.6152824579848,-739.0702393372853,centered,,,,none,0.0,success,105.0,0.005,,,,,,181.6775811029311,,
7812,realistic,3,x0y0,utah,,,Ab,saline,,,100.0,b,-1,0.08,axon,9.9,112524.35435969924,-308.77125589161636,-877.3609393196066,centered,,,,none,0.0,success,105.0,0.005,,,,,,493.0090290819285,,
7813,realistic,3,x0y0,utah,,,Ab,saline,,,100.0,b,-1,0.08,axon,10.1,114066.3845871152,-636.4767601168393,-839.7072635840988,centered,,,,none,0.0,success,105.0,0.005,,,,,,-19.667661584956612,,
7814,realistic,3,x0y0,utah,,,Ab,saline,,,100.0,b,-1,0.08,axon,10.1,113728.55092664454,840.1534540792431,-823.0862311109836,centered,,,,none,0.0,success,105.0,0.005,,,,,,-357.50132205558907,,
7815,realistic,3,x0y0,utah,,,Ab,saline,,,100.0,b,-1,0.08,axon,9.6,109274.54037986053,851.276552451669,-882.0392098109669,centered,,,,none,0.0,success,105.0,0.005,,,,,,470.9834578248567,,
7816,realistic,3,x0y0,utah,,,Ab,saline,,,100.0,b,-1,0.08,axon,10.0,113512.31874585645,1130.7943103748848,-256.7341691116726,centered,,,,none,0.0,success,105.0,0.005,,,,,,444.04807480083434,,
7817,realistic,3,x0y0,utah,,,Aa,saline,,,100.0,b,-1,0.08,axon,19.2,155305.9562704899,570.7120619168572,-838.6254035503945,centered,,,,none,0.0,success,105.0,0.005,,,,,,378.3233791684878,,
7818,realistic,3,x0y0,utah,,,Aa,saline,,,100.0,b,-1,0.08,axon,18.0,152957.21114425323,-557.2388036041501,-1210.912643771205,centered,,,,none,0.0,success,105.0,0.005,,,,,,-122.93226665247744,,
7819,realistic,3,x0y0,utah,,,Aa,saline,,,100.0,b,-1,0.08,axon,18.2,153883.9917528108,-469.087553635371,897.3576566762631,centered,,,,none,0.0,success,105.0,0.005,,,,,,457.90390669915377,,
7820,realistic,3,x0y0,utah,,,Aa,saline,,,100.0,b,-1,0.08,axon,16.0,149032.9316815167,1172.2192838039734,-564.798995295213,centered,,,,none,0.0,success,105.0,0.005,,,,,,484.1224043595673,,
7821,realistic,3,x0y0,utah,,,Aa,saline,,,100.0,b,-1,0.08,axon,16.4,148900.43318987614,675.0764041310795,-1199.503900738594,centered,,,,none,0.0,success,105.0,0.005,,,,,,-732.6961573706717,,
7822,realistic,3,x0y0,utah,,,Aa,saline,,,100.0,b,-1,0.08,axon,15.1,145063.72346272008,430.6536297335069,998.2361247491008,centered,,,,none,0.0,success,105.0,0.005,,,,,,-644.1318658987623,,
7823,realistic,3,x0y0,utah,,,Aa,saline,,,100.0,b,-1,0.08,axon,15.1,145699.4499176975,340.5278531227696,-900.5688639616715,centered,,,,none,0.0,success,105.0,0.005,,,,,,-8.405410921341524,,
7824,realistic,3,x0y0,utah,,,Aa,saline,,,100.0,b,-1,0.08,axon,15.9,148509.28674031506,434.47572565872633,1035.4261957194553,centered,,,,none,0.0,success,105.0,0.005,,,,,,247.72310090599723,,
7825,realistic,3,x0y0,utah,,,Aa,saline,,,100.0,b,-1,0.08,axon,17.8,152087.08387881596,-547.4219287550477,988.178491281873,centered,,,,none,0.0,success,105.0,0.005,,,,,,-630.2055970692032,,
7826,realistic,3,x0y0,utah,,,Aa,saline,,,100.0,b,-1,0.08,axon,19.1,154036.5029047199,1091.0896247510764,-71.80891056941891,centered,,,,49,5.300000000000129,success,83.4228515625,0.005,,,,,791.2435887054598,-756.6883235775238,1091.0896247510764,-71.80891056941891
7827,realistic,3,x0y0,utah,,,Ab,saline,,,100.0,b,-1,0.08,axon,12.6,133430.62477406175,1342.5940484495434,19.846081878662066,centered,,,,none,0.0,success,105.0,0.005,,,,,,-558.9872982131798,,
7828,realistic,3,x0y0,utah,,,Ab,saline,,,100.0,b,-1,0.08,axon,12.4,133022.36257266442,981.1891143331316,-796.2144687978298,centered,,,,none,0.0,success,105.0,0.005,,,,,,276.79898845740286,,
7829,realistic,3,x0y0,utah,,,Ab,saline,,,100.0,b,-1,0.08,axon,13.8,140177.56293773348,1087.386812615774,258.1352579096815,centered,,,,50,5.305000000000129,success,98.73046875,0.005,,,,,-246.03271723963553,-246.03271723960944,1087.386812615774,258.1352579096815
7830,realistic,3,x0y0,utah,,,Ab,saline,,,100.0,b,-1,0.08,axon,10.6,119111.73639284213,-162.55679362129922,812.8672546681469,centered,,,,none,0.0,success,105.0,0.005,,,,,,216.10165312082887,,
7831,realistic,3,x0y0,utah,,,Ab,saline,,,100.0,b,-1,0.08,axon,12.1,130736.18633426902,684.0622962840897,763.8824712724272,centered,,,,none,0.0,success,105.0,0.005,,,,,,-41.67065628869974,,
7832,realistic,3,x0y0,utah,,,Ab,saline,,,100.0,b,-1,0.08,axon,9.6,108398.34582765165,-15.18817742350393,-849.7137657011681,centered,,,,none,0.0,success,105.0,0.005,,,,,,-405.21109438402135,,
7833,realistic,3,x0y0,utah,,,Ab,saline,,,100.0,b,-1,0.08,axon,9.3,105865.85902091632,-330.09650391177865,731.0811394880087,centered,,,,none,0.0,success,105.0,0.005,,,,,,469.93977248551835,,
7834,realistic,3,x0y0,utah,,,Ab,saline,,,100.0,b,-1,0.08,axon,9.1,103470.16430429427,592.1792340344655,-977.6582675288297,centered,,,,none,0.0,success,105.0,0.005,,,,,,448.5165631628483,,
7835,realistic,3,x0y0,utah,,,Ab,saline,,,100.0,b,-1,0.08,axon,11.1,123097.16742970338,413.0729223228118,-828.2873671365119,centered,,,,none,0.0,success,105.0,0.005,,,,,,-163.72689826519934,,
7836,realistic,3,x0y0,utah,,,Ab,saline,,,100.0,b,-1,0.08,axon,11.0,122073.00074231355,398.047047185125,-952.6434606554924,centered,,,,none,0.0,success,105.0,0.005,,,,,,-348.96933401718877,,
7837,realistic,3,x0y0,utah,,,Aa,saline,,,100.0,b,-1,0.08,axon,17.4,151880.40587752653,1053.5647776442397,445.64019742558776,centered,,,,none,0.0,success,105.0,0.005,,,,,,-57.2522183582471,,
7838,realistic,3,x0y0,utah,,,Aa,saline,,,100.0,b,-1,0.08,axon,18.4,153642.14866279435,722.1313492335312,-637.9220871303369,centered,,,,none,0.0,success,105.0,0.005,,,,,,-113.7323072740473,,
7839,realistic,3,x0y0,utah,,,Aa,saline,,,100.0,b,-1,0.08,axon,14.6,144195.14839721654,524.8961773616847,-1112.487368401728,centered,,,,none,0.0,success,105.0,0.005,,,,,,338.38225808476176,,
7840,realistic,3,x0y0,utah,,,Aa,saline,,,100.0,b,-1,0.08,axon,15.4,146019.64427325438,-668.4142596712973,500.5682350194229,centered,,,,none,0.0,success,105.0,0.005,,,,,,-701.4381858472227,,
7841,realistic,3,x0y0,utah,,,Aa,saline,,,100.0,b,-1,0.08,axon,15.4,146311.08528996812,1138.4447795975502,20.029236475684684,centered,,,,51,5.195000000000112,success,105.0,0.005,,,,,-1877.207993724529,-409.99716913351415,1138.4447795975502,20.029236475684684
7842,realistic,3,x0y0,utah,,,Aa,saline,,,100.0,b,-1,0.08,axon,16.5,149960.09286573713,664.6851226254307,-489.85864289613664,centered,,,,49,5.265000000000123,success,76.025390625,0.005,,,,,1570.2461038768233,71.35876284792052,664.6851226254307,-489.85864289613664
7843,realistic,3,x0y0,utah,,,Aa,saline,,,100.0,b,-1,0.08,axon,15.3,145909.42297864312,348.84776213849045,-954.937115720993,centered,,,,none,0.0,success,105.0,0.005,,,,,,-481.64558597004617,,
7844,realistic,3,x0y0,utah,,,Aa,saline,,,100.0,b,-1,0.08,axon,16.4,148927.15034207908,-392.76421010280274,826.6649870324208,centered,,,,none,0.0,success,105.0,0.005,,,,,,-705.9790051677201,,
7845,realistic,3,x0y0,utah,,,Aa,saline,,,100.0,b,-1,0.08,axon,16.4,150177.78160438171,61.875148782402896,1075.8900179530826,centered,,,,none,0.0,success,105.0,0.005,,,,,,544.652257134898,,
7846,realistic,3,x0y0,utah,,,Aa,saline,,,100.0,b,-1,0.08,axon,14.5,143627.31248733882,-553.5140523182082,-908.715092709881,centered,,,,none,0.0,success,105.0,0.005,,,,,,166.67584567658938,,
7847,realistic,3,x0y0,utah,,,Ab,saline,,,100.0,b,-1,0.08,axon,10.6,118381.92597845616,-115.235482883058,-1060.5425936681934,centered,,,,none,0.0,success,105.0,0.005,,,,,,-513.7087612651236,,
7848,realistic,3,x0y0,utah,,,Ab,saline,,,100.0,b,-1,0.08,axon,15.5,147053.2424336599,171.57850937168996,-920.0469216250236,centered,,,,none,0.0,success,105.0,0.005,,,,,,9.659666767554274,,
7849,realistic,3,x0y0,utah,,,Ab,saline,,,100.0,b,-1,0.08,axon,9.2,103818.95837197051,651.7761591790478,-982.9486538892772,centered,,,,none,0.0,success,105.0,0.005,,,,,,-400.19963391830976,,
7850,realistic,3,x0y0,utah,,,Ab,saline,,,100.0,b,-1,0.08,axon,12.5,132967.49596591655,140.19192755089853,-1079.4755829406834,centered,,,,none,0.0,success,105.0,0.005,,,,,,-406.7121706650473,,
7851,realistic,3,x0y0,utah,,,Ab,saline,,,100.0,b,-1,0.08,axon,15.9,148253.25438530406,1075.9142149433485,315.8543583300243,centered,,,,49,5.285000000000126,success,95.361328125,0.005,,,,,1474.306382289098,-8.309254105032156,1075.9142149433485,315.8543583300243
7852,realistic,3,x0y0,utah,,,Ab,saline,,,100.0,b,-1,0.08,axon,12.3,132092.68306311598,796.863407260938,390.99158125707254,centered,,,,49,5.255000000000122,success,71.8017578125,0.005,,,,,1310.2712538792694,-10.763208840267737,796.863407260938,390.99158125707254
7853,realistic,3,x0y0,utah,,,Ab,saline,,,100.0,b,-1,0.08,axon,15.9,147678.43501434484,358.61399889918715,-1317.3172888177694,centered,,,,none,0.0,success,105.0,0.005,,,,,,-583.1286250642146,,
7854,realistic,3,x0y0,utah,,,Ab,saline,,,100.0,b,-1,0.08,axon,9.9,112154.08905616603,-33.187072035062556,-958.4962516201956,centered,,,,none,0.0,success,105.0,0.005,,,,,,122.74372554872649,,
7855,realistic,3,x0y0,utah,,,Ab,saline,,,100.0,b,-1,0.08,axon,9.3,105445.49505168713,-139.35839837085587,-900.9744358784061,centered,,,,none,0.0,success,105.0,0.005,,,,,,49.5758032563277,,
7856,realistic,3,x0y0,utah,,,Ab,saline,,,100.0,b,-1,0.08,axon,11.5,126859.06348015787,511.8750868658349,-725.9029775525355,centered,,,,none,0.0,success,105.0,0.005,,,,,,405.8969299417312,,
7857,realistic,3,x0y0,utah,,,Aa,saline,,,100.0,b,-1,0.08,axon,14.8,144016.94546104054,113.70961235965888,-854.2066005955621,centered,,,,none,0.0,success,105.0,0.005,,,,,,-605.6373183565147,,
7858,realistic,3,x0y0,utah,,,Aa,saline,,,100.0,b,-1,0.08,axon,15.4,147346.35990753118,-539.8869200634443,663.8090117640368,centered,,,,none,0.0,success,105.0,0.005,,,,,,625.2774484295496,,
7859,realistic,3,x0y0,utah,,,Aa,saline,,,100.0,b,-1,0.08,axon,16.8,150401.20902801314,-229.5883748034921,-1024.8648299268518,centered,,,,none,0.0,success,105.0,0.005,,,,,,-219.31713762576342,,
7860,realistic,3,x0y0,utah,,,Aa,saline,,,100.0,b,-1,0.08,axon,15.4,147306.34503837983,901.7642870209534,-860.172680799215,centered,,,,none,0.0,success,105.0,0.005,,,,,,585.262579278217,,
7861,realistic,3,x0y0,utah,,,Aa,saline,,,100.0,b,-1,0.08,axon,15.6,147047.28516331097,-133.8788953241187,-1048.2172586579156,centered,,,,none,0.0,success,105.0,0.005,,,,,,-311.4421130668568,,
7862,realistic,3,x0y0,utah,,,Aa,saline,,,100.0,b,-1,0.08,axon,15.4,147014.4483125247,980.4147788164493,-276.61750530756166,centered,,,,49,5.265000000000123,success,74.951171875,0.005,,,,,1760.5766780140984,293.365853423073,980.4147788164493,-276.61750530756166
7863,realistic,3,x0y0,utah,,,Aa,saline,,,100.0,b,-1,0.08,axon,15.9,148080.87420442904,698.4830333563667,-507.96232656741216,centered,,,,51,5.265000000000123,success,83.4228515625,0.005,,,,,-1663.3050713740813,-180.68943498000493,698.4830333563667,-507.96232656741216
7864,realistic,3,x0y0,utah,,,Aa,saline,,,100.0,b,-1,0.08,axon,17.6,151861.37604759392,890.3218172194929,407.0105076727109,centered,,,,50,5.260000000000122,success,81.77490234375,0.005,,,,,-475.35955899511464,-475.35955899512453,890.3218172194929,407.0105076727109
7865,realistic,3,x0y0,utah,,,Aa,saline,,,100.0,b,-1,0.08,axon,15.8,148270.90462430633,1272.7967008322819,-472.6026745296031,centered,,,,none,0.0,success,105.0,0.005,,,,,,303.33800632399164,,
7866,realistic,3,x0y0,utah,,,Aa,saline,,,100.0,b,-1,0.08,axon,16.7,150841.46188033646,-376.08086122177656,891.5726212186946,centered,,,,none,0.0,success,105.0,0.005,,,,,,459.15743242938265,,
7867,realistic,3,x0y0,utah,,,Ab,saline,,,100.0,b,-1,0.08,axon,12.8,134758.9559770738,967.3153304913304,-394.30583955259226,centered,,,,50,5.215000000000115,success,105.0,0.005,,,,,-422.6621054621355,-422.6621054621256,967.3153304913304,-394.30583955259226
7868,realistic,3,x0y0,utah,,,Ab,saline,,,100.0,b,-1,0.08,axon,10.9,121740.38466406176,602.7818014309138,-869.2277710104262,centered,,,,none,0.0,success,105.0,0.005,,,,,,174.16338293311554,,
7869,realistic,3,x0y0,utah,,,Ab,saline,,,100.0,b,-1,0.08,axon,12.6,134295.08056110766,753.5192666142125,-382.52817997318016,centered,,,,49,5.2350000000001184,success,69.27490234375,0.005,,,,,1645.3646095554868,305.46848883273975,753.5192666142125,-382.52817997318016
7870,realistic,3,x0y0,utah,,,Ab,saline,,,100.0,b,-1,0.08,axon,13.1,137197.7807480597,-409.0542968823602,-865.3925917621933,centered,,,,none,0.0,success,105.0,0.005,,,,,,321.75760352494075,,
7871,realistic,3,x0y0,utah,,,Ab,saline,,,100.0,b,-1,0.08,axon,11.9,128839.41744420008,-530.289088373207,-951.5593313988363,centered,,,,none,0.0,success,105.0,0.005,,,,,,-556.1361956905306,,
7872,realistic,3,x0y0,utah,,,Ab,saline,,,100.0,b,-1,0.08,axon,15.0,144803.6139716722,1211.7666659476156,-335.58309562057184,centered,,,,none,0.0,success,105.0,0.005,,,,,,-550.7128710119373,,
7873,realistic,3,x0y0,utah,,,Ab,saline,,,100.0,b,-1,0.08,axon,9.4,106256.16351068088,948.480057415371,674.0602163975614,centered,,,,none,0.0,success,105.0,0.005,,,,,,-295.9497335623342,,
7874,realistic,3,x0y0,utah,,,Ab,saline,,,100.0,b,-1,0.08,axon,13.0,136141.27732395867,642.8829854162212,-1041.2353153757838,centered,,,,none,0.0,success,105.0,0.005,,,,,,-182.12568777750218,,
7875,realistic,3,x0y0,utah,,,Ab,saline,,,100.0,b,-1,0.08,axon,10.1,114231.67251507276,1123.477620524066,628.8762413362124,centered,,,,none,0.0,success,105.0,0.005,,,,,,145.6202663725984,,
7876,realistic,3,x0y0,utah,,,Ab,saline,,,100.0,b,-1,0.08,axon,13.0,135729.47108737682,182.1412899945576,987.8660768025928,centered,,,,none,0.0,success,105.0,0.005,,,,,,-593.9319243593465,,
7877,realistic,3,x0y0,utah,,,Aa,saline,,,100.0,b,-1,0.08,axon,17.5,151953.76768565518,642.3599840491588,-907.7016420327625,centered,,,,none,0.0,success,105.0,0.005,,,,,,-185.79743016786858,,
7878,realistic,3,x0y0,utah,,,Aa,saline,,,100.0,b,-1,0.08,axon,17.8,153157.81822590865,-173.78072104594276,-892.9240022970384,centered,,,,none,0.0,success,105.0,0.005,,,,,,440.5287500234841,,
7879,realistic,3,x0y0,utah,,,Aa,saline,,,100.0,b,-1,0.08,axon,16.8,150305.60751673195,1243.3098247041091,165.95786368236122,centered,,,,none,0.0,success,105.0,0.005,,,,,,-314.91864890697644,,
7880,realistic,3,x0y0,utah,,,Aa,saline,,,100.0,b,-1,0.08,axon,17.1,151682.95409022525,904.6166480112953,758.6931803884186,centered,,,,none,0.0,success,105.0,0.005,,,,,,380.5305939390288,,
7881,realistic,3,x0y0,utah,,,Aa,saline,,,100.0,b,-1,0.08,axon,14.2,142665.65320939315,155.0266037758638,1286.3411834236867,centered,,,,none,0.0,success,105.0,0.005,,,,,,448.4865068961855,,
7882,realistic,3,x0y0,utah,,,Aa,saline,,,100.0,b,-1,0.08,axon,14.8,145056.04616021065,649.8310120927678,-889.7417844246088,centered,,,,none,0.0,success,105.0,0.005,,,,,,433.46338081356,,
7883,realistic,3,x0y0,utah,,,Aa,saline,,,100.0,b,-1,0.08,axon,15.3,146303.90905503233,-538.1375567865574,-618.3855949956696,centered,,,,none,0.0,success,105.0,0.005,,,,,,-87.15950958082655,,
7884,realistic,3,x0y0,utah,,,Aa,saline,,,100.0,b,-1,0.08,axon,17.8,152108.31256115172,1063.5799263212702,-751.9234165152034,centered,,,,none,0.0,success,105.0,0.005,,,,,,-608.9769147334496,,
7885,realistic,3,x0y0,utah,,,Aa,saline,,,100.0,b,-1,0.08,axon,17.2,151711.88512577946,1023.4061014380395,445.1305483609604,centered,,,,49,5.230000000000118,success,105.0,0.005,,,,,1707.8781732786447,192.68618385942528,1023.4061014380395,445.1305483609604
7886,realistic,3,x0y0,utah,,,Aa,saline,,,100.0,b,-1,0.08,axon,16.7,149935.09694819336,-535.4020223940756,815.9105631958746,centered,,,,none,0.0,success,105.0,0.005,,,,,,-447.2074997136945,,
7887,realistic,3,x0y0,utah,,,Ab,saline,,,100.0,b,-1,0.08,axon,9.6,108336.1462287457,1147.8296985845682,-226.1291790384721,centered,,,,none,0.0,success,105.0,0.005,,,,,,-467.4106932899665,,
7888,realistic,3,x0y0,utah,,,Ab,saline,,,100.0,b,-1,0.08,axon,9.4,106647.24731563697,546.5860335757452,-716.4910460193953,centered,,,,none,0.0,success,105.0,0.005,,,,,,95.13407139376966,,
7889,realistic,3,x0y0,utah,,,Ab,saline,,,100.0,b,-1,0.08,axon,9.9,112175.50135553602,-328.93214522811377,818.8758387632115,centered,,,,none,0.0,success,105.0,0.005,,,,,,144.15602491872102,,
7890,realistic,3,x0y0,utah,,,Ab,saline,,,100.0,b,-1,0.08,axon,9.2,103876.84038454179,29.650075250185644,1201.338544236978,centered,,,,none,0.0,success,105.0,0.005,,,,,,-342.31762134700983,,
7891,realistic,3,x0y0,utah,,,Ab,saline,,,100.0,b,-1,0.08,axon,9.9,111952.53460627713,-429.7273165800425,814.3373063733362,centered,,,,none,0.0,success,105.0,0.005,,,,,,-78.81072434018179,,
7892,realistic,3,x0y0,utah,,,Ab,saline,,,100.0,b,-1,0.08,axon,13.3,138261.05932644772,1220.8883558044106,83.49068123083134,centered,,,,none,0.0,success,105.0,0.005,,,,,,315.2379767811792,,
7893,realistic,3,x0y0,utah,,,Ab,saline,,,100.0,b,-1,0.08,axon,14.8,144160.98387682275,1207.7009079792253,-172.70171175079534,centered,,,,none,0.0,success,105.0,0.005,,,,,,-461.59890257433545,,
7894,realistic,3,x0y0,utah,,,Ab,saline,,,100.0,b,-1,0.08,axon,11.3,125287.804560963,960.6311441072368,360.77833494511015,centered,,,,49,5.195000000000112,success,105.0,0.005,,,,,1647.4644674778829,398.57214330125925,960.6311441072368,360.77833494511015
7895,realistic,3,x0y0,utah,,,Ab,saline,,,100.0,b,-1,0.08,axon,15.1,145232.4481585903,661.8698824662529,-906.3617930211303,centered,,,,none,0.0,success,105.0,0.005,,,,,,-475.4071700285324,,
7896,realistic,3,x0y0,utah,,,Ab,saline,,,100.0,b,-1,0.08,axon,11.1,122861.52221399578,758.7065581689449,1097.5488401178418,centered,,,,none,0.0,success,105.0,0.005,,,,,,-399.372113972804,,
7897,realistic,3,x0y0,utah,,,Aa,saline,,,100.0,b,-1,0.08,axon,15.5,147548.8392535468,293.4870567430853,867.2099815773073,centered,,,,none,0.0,success,105.0,0.005,,,,,,505.2564866544337,,
7898,realistic,3,x0y0,utah,,,Aa,saline,,,100.0,b,-1,0.08,axon,15.8,147669.30326739277,104.2318062637146,923.0319424753587,centered,,,,none,0.0,success,105.0,0.005,,,,,,-298.2633505895738,,
7899,realistic,3,x0y0,utah,,,Aa,saline,,,100.0,b,-1,0.08,axon,15.8,148554.08828290572,205.92343026318576,-1333.209397779034,centered,,,,none,0.0,success,105.0,0.005,,,,,,586.5216649233885,,
7900,realistic,3,x0y0,utah,,,Aa,saline,,,100.0,b,-1,0.08,axon,15.3,146822.76250813485,698.1779929293452,682.1573810743844,centered,,,,none,0.0,success,105.0,0.005,,,,,,431.6939435216877,,
7901,realistic,3,x0y0,utah,,,Aa,saline,,,100.0,b,-1,0.08,axon,19.5,155420.10247781035,678.1477078672897,-1149.962001696213,centered,,,,none,0.0,success,105.0,0.005,,,,,,108.06002875581116,,
7902,realistic,3,x0y0,utah,,,Aa,saline,,,100.0,b,-1,0.08,axon,15.3,146858.2143167481,12.603379084033348,-1086.7987668882688,centered,,,,none,0.0,success,105.0,0.005,,,,,,467.1457521349503,,
7903,realistic,3,x0y0,utah,,,Aa,saline,,,100.0,b,-1,0.08,axon,14.0,140651.7865455581,1142.5488960691666,138.14210601938976,centered,,,,none,0.0,success,105.0,0.005,,,,,,-688.6139453499433,,
7904,realistic,3,x0y0,utah,,,Aa,saline,,,100.0,b,-1,0.08,axon,15.1,146042.8779081205,-413.4874278282613,1096.0416661092531,centered,,,,none,0.0,success,105.0,0.005,,,,,,335.02257950168695,,
7905,realistic,3,x0y0,utah,,,Aa,saline,,,100.0,b,-1,0.08,axon,14.7,144354.08673688414,659.7517104431381,-606.6954341144537,centered,,,,none,0.0,success,105.0,0.005,,,,,,110.06509917083963,,
7906,realistic,3,x0y0,utah,,,Aa,saline,,,100.0,b,-1,0.08,axon,17.5,152158.78319327594,1247.2612118693567,367.5770753822535,centered,,,,none,0.0,success,105.0,0.005,,,,,,19.218077452854047,,
7907,realistic,3,x0y0,utah,,,Ab,saline,,,100.0,b,-1,0.08,axon,10.9,121158.43907693356,1010.2133428072168,429.4153816094249,centered,,,,none,0.0,success,105.0,0.005,,,,,,-407.78220419507215,,
7908,realistic,3,x0y0,utah,,,Ab,saline,,,100.0,b,-1,0.08,axon,9.2,103885.08923801457,739.1400672041609,-378.3377114470068,centered,,,,50,5.270000000000124,success,83.97216796875,0.005,,,,,-334.0687678742397,-334.0687678742356,739.1400672041609,-378.3377114470068
7909,realistic,3,x0y0,utah,,,Ab,saline,,,100.0,b,-1,0.08,axon,12.7,134948.80911222394,620.8049248507209,-789.2740902069411,centered,,,,none,0.0,success,105.0,0.005,,,,,,356.803273649085,,
7910,realistic,3,x0y0,utah,,,Ab,saline,,,100.0,b,-1,0.08,axon,9.7,109463.31411423684,-275.3095906209164,1106.7742770127506,centered,,,,none,0.0,success,105.0,0.005,,,,,,-435.8852234783586,,
7911,realistic,3,x0y0,utah,,,Ab,saline,,,100.0,b,-1,0.08,axon,9.2,104292.656805554,308.327210400339,-1244.3108601414067,centered,,,,none,0.0,success,105.0,0.005,,,,,,73.49879966520753,,
7912,realistic,3,x0y0,utah,,,Ab,saline,,,100.0,b,-1,0.08,axon,9.3,105181.02894108207,-122.59472168357617,992.9073593734716,centered,,,,none,0.0,success,105.0,0.005,,,,,,-214.89030734873813,,
7913,realistic,3,x0y0,utah,,,Ab,saline,,,100.0,b,-1,0.08,axon,10.0,112545.60618454454,-196.05238605905384,865.8348832108412,centered,,,,none,0.0,success,105.0,0.005,,,,,,-522.6644865110727,,
7914,realistic,3,x0y0,utah,,,Ab,saline,,,100.0,b,-1,0.08,axon,15.8,148470.58055760132,894.7590846185526,-347.89161753892034,centered,,,,49,5.290000000000127,success,76.3916015625,0.005,,,,,1982.689605798776,503.0139396189394,894.7590846185526,-347.89161753892034
7915,realistic,3,x0y0,utah,,,Ab,saline,,,100.0,b,-1,0.08,axon,9.2,104104.6069484933,-390.8581491154123,-856.5303628606392,centered,,,,none,0.0,success,105.0,0.005,,,,,,-114.551057395508,,
7916,realistic,3,x0y0,utah,,,Ab,saline,,,100.0,b,-1,0.08,axon,14.8,145271.649189291,148.9672752197639,1129.2618410666846,centered,,,,none,0.0,success,105.0,0.005,,,,,,649.0664098939258,,
7917,realistic,3,x0y0,utah,,,Aa,saline,,,100.0,b,-1,0.08,axon,14.0,141052.86205330185,430.9223064822554,-735.2542097071341,centered,,,,none,0.0,success,105.0,0.005,,,,,,-287.5384376061758,,
7918,realistic,3,x0y0,utah,,,Aa,saline,,,100.0,b,-1,0.08,axon,17.4,152261.90282625606,684.5413370421506,-816.5031588053885,centered,,,,none,0.0,success,105.0,0.005,,,,,,324.2447303712797,,
7919,realistic,3,x0y0,utah,,,Aa,saline,,,100.0,b,-1,0.08,axon,18.9,154403.9513274822,232.8699381084876,-970.2375923704216,centered,,,,none,0.0,success,105.0,0.005,,,,,,-110.447143873461,,
7920,realistic,3,x0y0,utah,,,Aa,saline,,,100.0,b,-1,0.08,axon,14.5,143758.81224106814,-585.5323181176191,748.3713650499284,centered,,,,none,0.0,success,105.0,0.005,,,,,,298.17559940596175,,
7921,realistic,3,x0y0,utah,,,Aa,saline,,,100.0,b,-1,0.08,axon,16.1,148825.24494467082,-482.72691172353325,806.006273312658,centered,,,,none,0.0,success,105.0,0.005,,,,,,-4.203095294748892,,
7922,realistic,3,x0y0,utah,,,Aa,saline,,,100.0,b,-1,0.08,axon,15.6,147000.5543824762,43.88706550215784,1152.3049047891827,centered,,,,none,0.0,success,105.0,0.005,,,,,,-358.1728939015801,,
7923,realistic,3,x0y0,utah,,,Aa,saline,,,100.0,b,-1,0.08,axon,19.7,155428.48458036518,-462.7771295681217,1199.37342674938,centered,,,,none,0.0,success,105.0,0.005,,,,,,-124.78863050996608,,
7924,realistic,3,x0y0,utah,,,Aa,saline,,,100.0,b,-1,0.08,axon,14.4,143203.2952604378,522.1133536294578,1181.9689813747157,centered,,,,none,0.0,success,105.0,0.005,,,,,,147.844495840369,,
7925,realistic,3,x0y0,utah,,,Aa,saline,,,100.0,b,-1,0.08,axon,15.7,147305.74478883293,1346.1104792431624,-174.94318853047116,centered,,,,none,0.0,success,105.0,0.005,,,,,,-360.9262967845594,,
7926,realistic,3,x0y0,utah,,,Aa,saline,,,100.0,b,-1,0.08,axon,18.4,154320.96268986547,-679.255509622818,-771.063907899172,centered,,,,none,0.0,success,105.0,0.005,,,,,,565.0817197970757,,
7927,realistic,3,x0y0,utah,,,Ab,saline,,,100.0,b,-1,0.08,axon,12.5,132933.66637713538,133.45925723778691,1058.3303496011952,centered,,,,none,0.0,success,105.0,0.005,,,,,,-440.54175944616594,,
7928,realistic,3,x0y0,utah,,,Ab,saline,,,100.0,b,-1,0.08,axon,9.7,110076.02884162859,-529.2148814952088,1100.1083240142523,centered,,,,none,0.0,success,105.0,0.005,,,,,,176.82950391339057,,
7929,realistic,3,x0y0,utah,,,Ab,saline,,,100.0,b,-1,0.08,axon,9.6,108710.15863115696,909.3889474916382,-531.398319011304,centered,,,,none,0.0,success,105.0,0.005,,,,,,-93.39829087868256,,
7930,realistic,3,x0y0,utah,,,Ab,saline,,,100.0,b,-1,0.08,axon,12.1,130830.31313196961,219.77372844518368,-1210.4255088197106,centered,,,,none,0.0,success,105.0,0.005,,,,,,52.456141411885106,,
7931,realistic,3,x0y0,utah,,,Ab,saline,,,100.0,b,-1,0.08,axon,11.2,123929.84774703738,917.0685048649108,-702.4232311558063,centered,,,,none,0.0,success,105.0,0.005,,,,,,-153.3869464582842,,
7932,realistic,3,x0y0,utah,,,Ab,saline,,,100.0,b,-1,0.08,axon,9.2,103859.40349264932,1106.3400800964473,634.5302941363325,centered,,,,none,0.0,success,105.0,0.005,,,,,,-359.7545132394812,,
7933,realistic,3,x0y0,utah,,,Ab,saline,,,100.0,b,-1,0.08,axon,12.1,130979.28894401006,480.26469586661005,1162.0797951033182,centered,,,,none,0.0,success,105.0,0.005,,,,,,201.4319534523045,,
7934,realistic,3,x0y0,utah,,,Ab,saline,,,100.0,b,-1,0.08,axon,10.9,121068.63513896981,712.863012515817,-470.2464418157911,centered,,,,50,5.150000000000105,success,105.0,0.005,,,,,-497.5861421588197,-497.5861421588186,712.863012515817,-470.2464418157911
7935,realistic,3,x0y0,utah,,,Ab,saline,,,100.0,b,-1,0.08,axon,10.8,120959.67203846606,994.288567409877,782.0519223031578,centered,,,,none,0.0,success,105.0,0.005,,,,,,266.2639374818175,,
7936,realistic,3,x0y0,utah,,,Ab,saline,,,100.0,b,-1,0.08,axon,12.0,130705.30972795105,1370.1449502346795,188.4827849434,centered,,,,none,0.0,success,105.0,0.005,,,,,,611.396434515849,,
7937,realistic,3,x0y0,utah,,,Aa,saline,,,100.0,b,-1,0.08,axon,15.9,148343.2850746802,754.7684682656239,-791.8529030733757,centered,,,,none,0.0,success,105.0,0.005,,,,,,81.721435271138,,
7938,realistic,3,x0y0,utah,,,Aa,saline,,,100.0,b,-1,0.08,axon,17.9,152141.80508653913,-519.1438232195096,-938.9164436687053,centered,,,,none,0.0,success,105.0,0.005,,,,,,-759.0736786798379,,
7939,realistic,3,x0y0,utah,,,Aa,saline,,,100.0,b,-1,0.08,axon,16.5,149371.5115060081,236.25364401289931,-782.0185669674634,centered,,,,none,0.0,success,105.0,0.005,,,,,,-517.2225968810875,,
7940,realistic,3,x0y0,utah,,,Aa,saline,,,100.0,b,-1,0.08,axon,14.4,143458.90367921098,981.4124757786368,616.1480028461965,centered,,,,none,0.0,success,105.0,0.005,,,,,,403.4529146135621,,
7941,realistic,3,x0y0,utah,,,Aa,saline,,,100.0,b,-1,0.08,axon,16.1,148554.39637220243,1011.2410510359821,76.90430983888065,centered,,,,50,5.2350000000001184,success,62.40234375,0.005,,,,,-275.051667763124,-275.05166776313183,1011.2410510359821,76.90430983888065
7942,realistic,3,x0y0,utah,,,Aa,saline,,,100.0,b,-1,0.08,axon,16.6,149762.2454734319,345.6221517922741,-1302.4129761054269,centered,,,,none,0.0,success,105.0,0.005,,,,,,-376.17056726792777,,
7943,realistic,3,x0y0,utah,,,Aa,saline,,,100.0,b,-1,0.08,axon,15.0,145587.19510828124,-218.81471121759068,1123.8986644166716,centered,,,,none,0.0,success,105.0,0.005,,,,,,232.86826559713262,,
7944,realistic,3,x0y0,utah,,,Aa,saline,,,100.0,b,-1,0.08,axon,18.6,154146.01208128931,651.8005678769591,-686.7337318045493,centered,,,,none,0.0,success,105.0,0.005,,,,,,75.7623288997531,,
7945,realistic,3,x0y0,utah,,,Aa,saline,,,100.0,b,-1,0.08,axon,16.6,150085.0202482649,756.4319224986152,881.2670071026546,centered,,,,none,0.0,success,105.0,0.005,,,,,,-53.395792434922754,,
7946,realistic,3,x0y0,utah,,,Aa,saline,,,100.0,b,-1,0.08,axon,14.8,143915.33122411233,630.0750965814423,-568.2909699095726,centered,,,,none,0.0,success,105.0,0.005,,,,,,-707.2515552847053,,
7947,realistic,3,x0y0,utah,,,Ab,saline,,,100.0,b,-1,0.08,axon,12.5,133955.29170576212,1038.8444075432508,734.7501618941907,centered,,,,none,0.0,success,105.0,0.005,,,,,,581.0835691805225,,
7948,realistic,3,x0y0,utah,,,Ab,saline,,,100.0,b,-1,0.08,axon,9.1,103104.20183931185,-518.8807475160784,863.0589317661165,centered,,,,none,0.0,success,105.0,0.005,,,,,,82.5540981804217,,
7949,realistic,3,x0y0,utah,,,Ab,saline,,,100.0,b,-1,0.08,axon,15.9,148735.75873104815,1197.8669275097736,407.3518728977056,centered,,,,none,0.0,success,105.0,0.005,,,,,,474.1950916390921,,
7950,realistic,3,x0y0,utah,,,Ab,saline,,,100.0,b,-1,0.08,axon,9.4,106898.91444298606,-165.61706817187132,-1075.3246691339077,centered,,,,none,0.0,success,105.0,0.005,,,,,,346.80119874285384,,
7951,realistic,3,x0y0,utah,,,Ab,saline,,,100.0,b,-1,0.08,axon,12.9,135960.07068886113,914.2538614648364,948.5293011781624,centered,,,,none,0.0,success,105.0,0.005,,,,,,201.39513543476951,,
7952,realistic,3,x0y0,utah,,,Ab,saline,,,100.0,b,-1,0.08,axon,14.4,142973.38260701403,1163.9496794965407,-718.5086547409674,centered,,,,none,0.0,success,105.0,0.005,,,,,,-82.06815758340038,,
7953,realistic,3,x0y0,utah,,,Ab,saline,,,100.0,b,-1,0.08,axon,11.4,126289.87553285454,296.06710984033225,915.9249525543593,centered,,,,none,0.0,success,105.0,0.005,,,,,,610.7464197486876,,
7954,realistic,3,x0y0,utah,,,Ab,saline,,,100.0,b,-1,0.08,axon,10.2,115515.63002581488,-357.28332687676453,-1026.7444731240516,centered,,,,none,0.0,success,105.0,0.005,,,,,,430.71933639322,,
7955,realistic,3,x0y0,utah,,,Ab,saline,,,100.0,b,-1,0.08,axon,9.4,106523.03535987824,1132.6224049521186,119.82724863065869,centered,,,,none,0.0,success,105.0,0.005,,,,,,-29.077884364953384,,
7956,realistic,3,x0y0,utah,,,Ab,saline,,,100.0,b,-1,0.08,axon,10.8,120248.45354160301,39.970718628666866,892.5776141796596,centered,,,,none,0.0,success,105.0,0.005,,,,,,-444.95455938120523,,
7957,realistic,3,x0y0,utah,,,Aa,saline,,,100.0,b,-1,0.08,axon,16.1,149084.18700335483,980.1658024263006,91.83951866173085,centered,,,,49,5.240000000000119,success,56.201171875,0.005,,,,,1743.0334437889105,254.73896338930084,980.1658024263006,91.83951866173085
7958,realistic,3,x0y0,utah,,,Aa,saline,,,100.0,b,-1,0.08,axon,14.4,143297.34023550074,346.6138877526005,1254.494320050957,centered,,,,none,0.0,success,105.0,0.005,,,,,,241.8894709033271,,
7959,realistic,3,x0y0,utah,,,Aa,saline,,,100.0,b,-1,0.08,axon,15.7,147625.48994604714,-625.7844346956035,916.3482454492167,centered,,,,none,0.0,success,105.0,0.005,,,,,,-41.18113957033387,,
7960,realistic,3,x0y0,utah,,,Aa,saline,,,100.0,b,-1,0.08,axon,18.6,154104.98749062375,-658.9325988404133,-1094.8601523888176,centered,,,,none,0.0,success,105.0,0.005,,,,,,34.73773823419645,,
7961,realistic,3,x0y0,utah,,,Aa,saline,,,100.0,b,-1,0.08,axon,19.6,155736.1837768934,16.474344698061486,-1132.8014856085067,centered,,,,none,0.0,success,105.0,0.005,,,,,,302.06844813932486,,
7962,realistic,3,x0y0,utah,,,Aa,saline,,,100.0,b,-1,0.08,axon,16.8,150557.67354263394,-541.2400011377804,-1170.639993378298,centered,,,,none,0.0,success,105.0,0.005,,,,,,-62.852623004967796,,
7963,realistic,3,x0y0,utah,,,Aa,saline,,,100.0,b,-1,0.08,axon,15.7,147294.04288112556,724.0313930585316,893.2230025179797,centered,,,,none,0.0,success,105.0,0.005,,,,,,-372.6282044919496,,
7964,realistic,3,x0y0,utah,,,Aa,saline,,,100.0,b,-1,0.08,axon,14.4,142669.45653343012,1253.3695830374036,-301.8692186428707,centered,,,,none,0.0,success,105.0,0.005,,,,,,-385.9942311673037,,
7965,realistic,3,x0y0,utah,,,Aa,saline,,,100.0,b,-1,0.08,axon,18.0,152954.61222850202,947.4067872260766,457.5438280537069,centered,,,,49,5.275000000000125,success,91.845703125,0.005,,,,,1405.2702517053694,-125.53118240366655,947.4067872260766,457.5438280537069
7966,realistic,3,x0y0,utah,,,Aa,saline,,,100.0,b,-1,0.08,axon,14.7,144691.4610222835,-396.97670578997713,-1237.7060578068165,centered,,,,none,0.0,success,105.0,0.005,,,,,,447.4393845701989,,
7967,realistic,3,x0y0,utah,,,Ab,saline,,,100.0,b,-1,0.08,axon,9.9,111612.46502680787,-391.85451991496353,988.7298095706293,centered,,,,none,0.0,success,105.0,0.005,,,,,,-418.88030380943457,,
7968,realistic,3,x0y0,utah,,,Ab,saline,,,100.0,b,-1,0.08,axon,11.0,122229.35441198596,900.4775402252394,698.3874458792247,centered,,,,none,0.0,success,105.0,0.005,,,,,,-192.6156643447984,,
7969,realistic,3,x0y0,utah,,,Ab,saline,,,100.0,b,-1,0.08,axon,10.5,117776.03319454168,771.6269704980043,-717.797041892084,centered,,,,none,0.0,success,105.0,0.005,,,,,,-194.1679535878561,,
7970,realistic,3,x0y0,utah,,,Ab,saline,,,100.0,b,-1,0.08,axon,12.6,133685.9643506751,75.49509714977148,1214.3400240399271,centered,,,,none,0.0,success,105.0,0.005,,,,,,-303.6477215998554,,
7971,realistic,3,x0y0,utah,,,Ab,saline,,,100.0,b,-1,0.08,axon,9.6,109232.89370489506,-365.517021287188,-949.5756170929892,centered,,,,none,0.0,success,105.0,0.005,,,,,,429.33678285941096,,
7972,realistic,3,x0y0,utah,,,Ab,saline,,,100.0,b,-1,0.08,axon,10.0,113494.61952419928,936.3659795764107,-138.34688460000143,centered,,,,49,5.250000000000121,success,70.59326171875,0.005,,,,,1557.0315598542365,426.3488531436872,936.3659795764107,-138.34688460000143
7973,realistic,3,x0y0,utah,,,Ab,saline,,,100.0,b,-1,0.08,axon,12.1,130971.74997919801,732.0721550669919,838.7788887838688,centered,,,,none,0.0,success,105.0,0.005,,,,,,193.89298864029442,,
7974,realistic,3,x0y0,utah,,,Ab,saline,,,100.0,b,-1,0.08,axon,9.4,107084.56509271973,826.8787307373459,11.436852230157909,centered,,,,49,5.225000000000117,success,46.8017578125,0.005,,,,,1597.9729809189448,532.4518484765142,826.8787307373459,11.436852230157909
7975,realistic,3,x0y0,utah,,,Ab,saline,,,100.0,b,-1,0.08,axon,14.7,144491.80641277658,1066.4859463666403,-5.108900124482716,centered,,,,49,5.285000000000126,success,74.51171875,0.005,,,,,1690.2249914403947,247.7847750632499,1066.4859463666403,-5.108900124482716
7976,realistic,3,x0y0,utah,,,Ab,saline,,,100.0,b,-1,0.08,axon,12.7,135107.92360750056,-367.9108502244967,-1171.318706877241,centered,,,,none,0.0,success,105.0,0.005,,,,,,515.9177689256865,,
7977,realistic,3,x0y0,utah,,,Aa,saline,,,100.0,b,-1,0.08,axon,16.0,148818.90782351192,-480.6856484806131,739.6159597911917,centered,,,,none,0.0,success,105.0,0.005,,,,,,270.0985463547898,,
7978,realistic,3,x0y0,utah,,,Aa,saline,,,100.0,b,-1,0.08,axon,17.6,153019.56926829187,988.20091768578,-835.0463163580292,centered,,,,none,0.0,success,105.0,0.005,,,,,,682.8336617028311,,
7979,realistic,3,x0y0,utah,,,Aa,saline,,,100.0,b,-1,0.08,axon,19.1,154689.72827098495,513.5087535810285,-1212.4667461042966,centered,,,,none,0.0,success,105.0,0.005,,,,,,-103.46295731247127,,
7980,realistic,3,x0y0,utah,,,Aa,saline,,,100.0,b,-1,0.08,axon,18.1,152835.51987930975,737.7219188578633,694.3824917776915,centered,,,,none,0.0,success,105.0,0.005,,,,,,-419.6613061712865,,
7981,realistic,3,x0y0,utah,,,Aa,saline,,,100.0,b,-1,0.08,axon,16.0,148627.78444299355,-486.59572061084646,-1198.7240881853138,centered,,,,none,0.0,success,105.0,0.005,,,,,,78.97516583643005,,
7982,realistic,3,x0y0,utah,,,Aa,saline,,,100.0,b,-1,0.08,axon,15.4,146864.9332303675,266.28869905574174,861.2425460941577,centered,,,,none,0.0,success,105.0,0.005,,,,,,143.85077126586256,,
7983,realistic,3,x0y0,utah,,,Aa,saline,,,100.0,b,-1,0.08,axon,15.0,145052.67090739287,863.6187309842343,229.10587131813512,centered,,,,51,5.230000000000118,success,50.68359375,0.005,,,,,-1755.1992037181044,-301.655935291278,863.6187309842343,229.10587131813512
7984,realistic,3,x0y0,utah,,,Aa,saline,,,100.0,b,-1,0.08,axon,15.0,145414.05512611967,390.8555115516911,1317.564706730658,centered,,,,none,0.0,success,105.0,0.005,,,,,,59.72828343553317,,
7985,realistic,3,x0y0,utah,,,Aa,saline,,,100.0,b,-1,0.08,axon,15.4,146559.15408613734,-553.5029712904307,-1241.7907575060271,centered,,,,none,0.0,success,105.0,0.005,,,,,,-161.92837296425716,,
7986,realistic,3,x0y0,utah,,,Aa,saline,,,100.0,b,-1,0.08,axon,16.5,149756.1059986856,332.3415418157383,-875.5801571759532,centered,,,,none,0.0,success,105.0,0.005,,,,,,-132.6281042035755,,
7987,realistic,3,x0y0,utah,,,Ab,saline,,,100.0,b,-1,0.08,axon,9.1,103489.54108892806,736.2194661487106,-552.196540957541,centered,,,,none,0.0,success,105.0,0.005,,,,,,467.8933477966255,,
7988,realistic,3,x0y0,utah,,,Ab,saline,,,100.0,b,-1,0.08,axon,10.7,120049.09927596386,1047.9239883170167,293.98145508376086,centered,,,,none,0.0,success,105.0,0.005,,,,,,245.8075271268384,,
7989,realistic,3,x0y0,utah,,,Ab,saline,,,100.0,b,-1,0.08,axon,10.2,115287.28756982475,296.52597565194264,-904.8524105697659,centered,,,,none,0.0,success,105.0,0.005,,,,,,202.37688040307083,,
7990,realistic,3,x0y0,utah,,,Ab,saline,,,100.0,b,-1,0.08,axon,12.3,132537.47631283273,-151.89878023444862,-1217.3419694959848,centered,,,,none,0.0,success,105.0,0.005,,,,,,434.0300408764733,,
7991,realistic,3,x0y0,utah,,,Ab,saline,,,100.0,b,-1,0.08,axon,11.3,125304.9910016076,-439.55066307629295,-861.4778749968982,centered,,,,none,0.0,success,105.0,0.005,,,,,,415.7585839458517,,
7992,realistic,3,x0y0,utah,,,Ab,saline,,,100.0,b,-1,0.08,axon,14.5,142934.56173676718,796.2364898954637,-729.9253753365456,centered,,,,none,0.0,success,105.0,0.005,,,,,,-526.0749048950157,,
7993,realistic,3,x0y0,utah,,,Ab,saline,,,100.0,b,-1,0.08,axon,10.8,120686.10406376695,828.5838888318725,238.4675665538075,centered,,,,49,5.225000000000117,success,49.7314453125,0.005,,,,,1199.6300437925966,-7.304037217261162,828.5838888318725,238.4675665538075
7994,realistic,3,x0y0,utah,,,Ab,saline,,,100.0,b,-1,0.08,axon,9.3,104964.91763631279,-564.9941320133958,1263.1666079808974,centered,,,,none,0.0,success,105.0,0.005,,,,,,-431.0016121180145,,
7995,realistic,3,x0y0,utah,,,Ab,saline,,,100.0,b,-1,0.08,axon,13.1,136927.04245948305,1258.2268558381666,-253.91492527004718,centered,,,,none,0.0,success,105.0,0.005,,,,,,51.019314948255044,,
7996,realistic,3,x0y0,utah,,,Ab,saline,,,100.0,b,-1,0.08,axon,9.4,106762.76355924117,923.0170428571364,-714.4921766298316,centered,,,,none,0.0,success,105.0,0.005,,,,,,210.6503149979369,,
7997,realistic,3,x0y0,utah,,,Aa,saline,,,100.0,b,-1,0.08,axon,16.0,148859.98315095587,308.78072962752134,841.796561415501,centered,,,,none,0.0,success,105.0,0.005,,,,,,311.17387379873344,,
7998,realistic,3,x0y0,utah,,,Aa,saline,,,100.0,b,-1,0.08,axon,15.2,145791.7539544859,-64.81791054803216,837.8232309196582,centered,,,,none,0.0,success,105.0,0.005,,,,,,-261.626636294332,,
7999,realistic,3,x0y0,utah,,,Aa,saline,,,100.0,b,-1,0.08,axon,17.6,152593.780051345,876.9688614981495,-1078.0095939134198,centered,,,,none,0.0,success,105.0,0.005,,,,,,257.0444447559654,,
8000,realistic,3,x0y0,utah,,,Aa,saline,,,100.0,b,-1,0.08,axon,16.9,150818.20141148858,1293.762737603728,357.2015028104238,centered,,,,none,0.0,success,105.0,0.005,,,,,,-35.0042055343453,,
8001,realistic,3,x0y0,utah,,,Aa,saline,,,100.0,b,-1,0.08,axon,17.4,151898.87836248556,948.0441003300152,190.5676607480732,centered,,,,49,5.2350000000001184,success,53.6376953125,0.005,,,,,1480.5968475596455,-38.779733399229,948.0441003300152,190.5676607480732
8002,realistic,3,x0y0,utah,,,Aa,saline,,,100.0,b,-1,0.08,axon,15.2,145859.2725390615,594.8966877865532,-921.0029249368818,centered,,,,none,0.0,success,105.0,0.005,,,,,,-194.1080517187393,,
8003,realistic,3,x0y0,utah,,,Aa,saline,,,100.0,b,-1,0.08,axon,17.2,151282.39059623942,124.11981004243351,1102.7692684855338,centered,,,,none,0.0,success,105.0,0.005,,,,,,-236.80834568058745,,
8004,realistic,3,x0y0,utah,,,Aa,saline,,,100.0,b,-1,0.08,axon,15.4,147341.35680352288,-605.1918330781373,-654.7175647824265,centered,,,,none,0.0,success,105.0,0.005,,,,,,620.2743444212667,,
8005,realistic,3,x0y0,utah,,,Aa,saline,,,100.0,b,-1,0.08,axon,16.1,149110.55104665266,738.0424975268515,-1090.6441459407977,centered,,,,none,0.0,success,105.0,0.005,,,,,,281.1030066871048,,
8006,realistic,3,x0y0,utah,,,Aa,saline,,,100.0,b,-1,0.08,axon,15.9,148483.07738335172,1121.905833933081,222.54595040177585,centered,,,,49,5.295000000000128,success,96.0205078125,0.005,,,,,1704.129380336759,221.51374394266603,1121.905833933081,222.54595040177585
8007,realistic,3,x0y0,utah,,,Ab,saline,,,100.0,b,-1,0.08,axon,9.9,112405.62933817733,284.09114085092546,-787.4671731476205,centered,,,,none,0.0,success,105.0,0.005,,,,,,374.28400756002446,,
8008,realistic,3,x0y0,utah,,,Ab,saline,,,100.0,b,-1,0.08,axon,12.0,129667.67170101637,925.1405414951488,-52.0655234143228,centered,,,,51,5.225000000000117,success,55.9814453125,0.005,,,,,-1727.1807253531879,-426.24159241882967,925.1405414951488,-52.0655234143228
8009,realistic,3,x0y0,utah,,,Ab,saline,,,100.0,b,-1,0.08,axon,12.4,132977.64871260873,907.7116873340256,48.66834306966302,centered,,,,49,5.2100000000001145,success,45.037078857421875,0.005,,,,,1559.5407642437494,232.08512840170846,907.7116873340256,48.66834306966302
8010,realistic,3,x0y0,utah,,,Ab,saline,,,100.0,b,-1,0.08,axon,11.0,123014.44249638096,1020.5074157961444,876.0340699852403,centered,,,,none,0.0,success,105.0,0.005,,,,,,592.4724200501935,,
8011,realistic,3,x0y0,utah,,,Ab,saline,,,100.0,b,-1,0.08,axon,10.0,113473.64326445865,-73.68914770034235,922.5020769726924,centered,,,,none,0.0,success,105.0,0.005,,,,,,405.37259340306997,,
8012,realistic,3,x0y0,utah,,,Ab,saline,,,100.0,b,-1,0.08,axon,10.3,116479.6813198158,1062.8749495694437,-558.6051066202967,centered,,,,none,0.0,success,105.0,0.005,,,,,,414.6113954863736,,
8013,realistic,3,x0y0,utah,,,Ab,saline,,,100.0,b,-1,0.08,axon,11.8,128560.12863352586,1224.6955196635854,220.3939576532075,centered,,,,none,0.0,success,105.0,0.005,,,,,,-122.41059023319048,,
8014,realistic,3,x0y0,utah,,,Ab,saline,,,100.0,b,-1,0.08,axon,9.7,109946.39233704087,-697.3336773931043,-447.9842979844544,centered,,,,none,0.0,success,105.0,0.005,,,,,,47.192999325656345,,
8015,realistic,3,x0y0,utah,,,Ab,saline,,,100.0,b,-1,0.08,axon,10.0,113551.29109856054,-568.8698375797244,920.3705581135682,centered,,,,none,0.0,success,105.0,0.005,,,,,,483.0204275049667,,
8016,realistic,3,x0y0,utah,,,Ab,saline,,,100.0,b,-1,0.08,axon,8.8,99511.93177965052,889.3911429677127,-559.6063418209034,centered,,,,none,0.0,success,105.0,0.005,,,,,,209.02635900484356,,
8017,realistic,3,x0y0,utah,,,Aa,saline,,,100.0,b,-1,0.08,axon,16.2,148865.0729546595,1236.0226056438396,-379.6034934814662,centered,,,,none,0.0,success,105.0,0.005,,,,,,-238.54888484890407,,
8018,realistic,3,x0y0,utah,,,Aa,saline,,,100.0,b,-1,0.08,axon,16.5,150252.80932079034,702.2359540901962,-611.7167557507591,centered,,,,none,0.0,success,105.0,0.005,,,,,,364.0752179011665,,
8019,realistic,3,x0y0,utah,,,Aa,saline,,,100.0,b,-1,0.08,axon,15.0,144913.85739451682,377.0105817832605,709.3142859640466,centered,,,,none,0.0,success,105.0,0.005,,,,,,-440.4694481672973,,
8020,realistic,3,x0y0,utah,,,Aa,saline,,,100.0,b,-1,0.08,axon,16.1,148593.52830893462,314.47489162733336,-1129.3342659324185,centered,,,,none,0.0,success,105.0,0.005,,,,,,-235.91973103094008,,
8021,realistic,3,x0y0,utah,,,Aa,saline,,,100.0,b,-1,0.08,axon,15.4,146524.81503217932,489.24359838392576,-749.5466213057142,centered,,,,none,0.0,success,105.0,0.005,,,,,,-196.26742692229666,,
8022,realistic,3,x0y0,utah,,,Aa,saline,,,100.0,b,-1,0.08,axon,15.3,146868.45757015882,549.1222637490018,616.3022151997584,centered,,,,none,0.0,success,105.0,0.005,,,,,,477.389005545628,,
8023,realistic,3,x0y0,utah,,,Aa,saline,,,100.0,b,-1,0.08,axon,15.0,144651.53277556534,819.6085767429512,-970.1160632064112,centered,,,,none,0.0,success,105.0,0.005,,,,,,-702.7940671187604,,
8024,realistic,3,x0y0,utah,,,Aa,saline,,,100.0,b,-1,0.08,axon,16.5,149566.56292728367,546.7105033425073,-837.7233228597569,centered,,,,none,0.0,success,105.0,0.005,,,,,,-322.17117560553015,,
8025,realistic,3,x0y0,utah,,,Aa,saline,,,100.0,b,-1,0.08,axon,17.1,152043.9345669051,-179.7358385654061,1063.8377069117078,centered,,,,none,0.0,success,105.0,0.005,,,,,,741.5110706189032,,
8026,realistic,3,x0y0,utah,,,Aa,saline,,,100.0,b,-1,0.08,axon,15.0,144722.24063719387,1144.647001872735,-688.4543846186176,centered,,,,none,0.0,success,105.0,0.005,,,,,,-632.0862054902667,,
8027,realistic,3,x0y0,utah,,,Ab,saline,,,100.0,b,-1,0.08,axon,10.0,112887.32823139851,761.3641055431117,794.5158918945535,centered,,,,none,0.0,success,105.0,0.005,,,,,,-180.94243965707997,,
8028,realistic,3,x0y0,utah,,,Ab,saline,,,100.0,b,-1,0.08,axon,11.0,122292.63110474314,-215.446357594662,-1126.3404690117254,centered,,,,none,0.0,success,105.0,0.005,,,,,,-129.33897158761818,,
8029,realistic,3,x0y0,utah,,,Ab,saline,,,100.0,b,-1,0.08,axon,10.2,115088.29654733626,574.6888832336231,632.4396552879442,centered,,,,none,0.0,success,105.0,0.005,,,,,,3.3858579145932715,,
8030,realistic,3,x0y0,utah,,,Ab,saline,,,100.0,b,-1,0.08,axon,10.3,116079.94960685895,990.1574199693314,916.3950822544192,centered,,,,none,0.0,success,105.0,0.005,,,,,,14.879682529531285,,
8031,realistic,3,x0y0,utah,,,Ab,saline,,,100.0,b,-1,0.08,axon,10.1,113690.65944973964,94.7738383503456,1178.102500238685,centered,,,,none,0.0,success,105.0,0.005,,,,,,-395.39279896050135,,
8032,realistic,3,x0y0,utah,,,Ab,saline,,,100.0,b,-1,0.08,axon,9.8,111035.34203068553,-579.7825381896491,693.3140872002043,centered,,,,none,0.0,success,105.0,0.005,,,,,,60.28279985084406,,
8033,realistic,3,x0y0,utah,,,Ab,saline,,,100.0,b,-1,0.08,axon,10.3,115744.35898416686,768.1615197364407,291.46677123718155,centered,,,,51,5.2100000000001145,success,59.36279296875,0.005,,,,,-1481.361639405848,-320.7109401625658,768.1615197364407,291.46677123718155
8034,realistic,3,x0y0,utah,,,Ab,saline,,,100.0,b,-1,0.08,axon,9.3,105595.72803521813,1153.6988839466467,532.7381418740979,centered,,,,none,0.0,success,105.0,0.005,,,,,,199.80878678733163,,
8035,realistic,3,x0y0,utah,,,Ab,saline,,,100.0,b,-1,0.08,axon,9.9,112526.53005145457,586.819662518049,1120.1431626855529,centered,,,,none,0.0,success,105.0,0.005,,,,,,495.1847208372585,,
8036,realistic,3,x0y0,utah,,,Ab,saline,,,100.0,b,-1,0.08,axon,9.4,106911.927992519,102.45128376601272,855.4291792191748,centered,,,,none,0.0,success,105.0,0.005,,,,,,359.814748275774,,
8037,realistic,3,x0y0,utah,,,Aa,saline,,,100.0,b,-1,0.08,axon,15.4,146807.94638157528,182.5275424417637,1309.20036089112,centered,,,,none,0.0,success,105.0,0.005,,,,,,86.8639224736758,,
8038,realistic,3,x0y0,utah,,,Aa,saline,,,100.0,b,-1,0.08,axon,17.8,152201.22843072136,783.871462124674,-771.329088596382,centered,,,,none,0.0,success,105.0,0.005,,,,,,-516.0610451637847,,
8039,realistic,3,x0y0,utah,,,Aa,saline,,,100.0,b,-1,0.08,axon,15.5,146316.67157664456,358.7323496624477,1086.315751637701,centered,,,,none,0.0,success,105.0,0.005,,,,,,-726.9111902478021,,
8040,realistic,3,x0y0,utah,,,Aa,saline,,,100.0,b,-1,0.08,axon,17.1,152031.21759750266,-600.6978183255687,-872.8337041539197,centered,,,,none,0.0,success,105.0,0.005,,,,,,728.7941012164648,,
8041,realistic,3,x0y0,utah,,,Aa,saline,,,100.0,b,-1,0.08,axon,18.2,153980.9621296348,597.4546163672594,-1024.6255031543544,centered,,,,none,0.0,success,105.0,0.005,,,,,,554.8742835231533,,
8042,realistic,3,x0y0,utah,,,Aa,saline,,,100.0,b,-1,0.08,axon,15.8,148168.54919159858,657.7715106573141,605.0177270444792,centered,,,,none,0.0,success,105.0,0.005,,,,,,200.98257361622703,,
8043,realistic,3,x0y0,utah,,,Aa,saline,,,100.0,b,-1,0.08,axon,17.1,151577.72953979118,901.5795680463287,-758.401889647303,centered,,,,none,0.0,success,105.0,0.005,,,,,,275.30604350498925,,
8044,realistic,3,x0y0,utah,,,Aa,saline,,,100.0,b,-1,0.08,axon,15.4,147029.52098903107,959.3907679990608,795.4835219245206,centered,,,,none,0.0,success,105.0,0.005,,,,,,308.4385299294497,,
8045,realistic,3,x0y0,utah,,,Aa,saline,,,100.0,b,-1,0.08,axon,16.2,148640.10319455815,-626.6359750493034,-969.7223220717592,centered,,,,none,0.0,success,105.0,0.005,,,,,,-463.5186449502682,,
8046,realistic,3,x0y0,utah,,,Aa,saline,,,100.0,b,-1,0.08,axon,16.4,149750.7242746399,-391.3637425147258,-1265.3371150771104,centered,,,,none,0.0,success,105.0,0.005,,,,,,117.59492739311705,,
8047,realistic,3,x0y0,utah,,,Ab,saline,,,100.0,b,-1,0.08,axon,10.1,114278.29879870168,1172.365937791972,-243.14086887251915,centered,,,,none,0.0,success,105.0,0.005,,,,,,192.24655000152003,,
8048,realistic,3,x0y0,utah,,,Ab,saline,,,100.0,b,-1,0.08,axon,9.2,104456.26866044546,1097.2421052476147,-815.0992224790787,centered,,,,none,0.0,success,105.0,0.005,,,,,,237.1106545566561,,
8049,realistic,3,x0y0,utah,,,Ab,saline,,,100.0,b,-1,0.08,axon,9.1,102759.81677558029,63.979433846396205,841.8953201757739,centered,,,,none,0.0,success,105.0,0.005,,,,,,-261.83096555114065,,
8050,realistic,3,x0y0,utah,,,Ab,saline,,,100.0,b,-1,0.08,axon,10.3,116426.29605948547,74.4692486261897,927.3865440108341,centered,,,,none,0.0,success,105.0,0.005,,,,,,361.2261351560389,,
8051,realistic,3,x0y0,utah,,,Ab,saline,,,100.0,b,-1,0.08,axon,9.7,109989.23183304242,-235.5794114666901,1244.4109290912074,centered,,,,none,0.0,success,105.0,0.005,,,,,,90.03249532720255,,
8052,realistic,3,x0y0,utah,,,Ab,saline,,,100.0,b,-1,0.08,axon,12.0,129521.57496920813,-323.04173772181,-1301.5565673869835,centered,,,,none,0.0,success,105.0,0.005,,,,,,-572.3383242270788,,
8053,realistic,3,x0y0,utah,,,Ab,saline,,,100.0,b,-1,0.08,axon,9.7,110133.47390702736,870.1168644240213,-1004.4920257527074,centered,,,,none,0.0,success,105.0,0.005,,,,,,234.27456931213456,,
8054,realistic,3,x0y0,utah,,,Ab,saline,,,100.0,b,-1,0.08,axon,9.9,111760.53209116595,583.4122512970825,959.0731961816457,centered,,,,none,0.0,success,105.0,0.005,,,,,,-270.81323945133516,,
8055,realistic,3,x0y0,utah,,,Ab,saline,,,100.0,b,-1,0.08,axon,10.4,117500.11726920234,1371.7831850502735,-91.30455263799969,centered,,,,none,0.0,success,105.0,0.005,,,,,,473.36039420338835,,
8056,realistic,3,x0y0,utah,,,Ab,saline,,,100.0,b,-1,0.08,axon,11.9,129071.68897372029,-429.2328143524701,-1321.3604333570872,centered,,,,none,0.0,success,105.0,0.005,,,,,,-323.8646661703164,,
8057,realistic,3,x0y0,utah,,,Aa,saline,,,100.0,b,-1,0.08,axon,15.9,148735.17026920145,-485.3361452924874,637.2453431510139,centered,,,,none,0.0,success,105.0,0.005,,,,,,473.606629792394,,
8058,realistic,3,x0y0,utah,,,Aa,saline,,,100.0,b,-1,0.08,axon,15.9,149000.09061194945,832.7621259595007,281.6071419492878,centered,,,,50,5.2800000000001255,success,65.0634765625,0.005,,,,,738.5269725403923,738.5269725403584,832.7621259595007,281.6071419492878
8059,realistic,3,x0y0,utah,,,Aa,saline,,,100.0,b,-1,0.08,axon,14.0,141330.70887036846,648.1875672176358,-663.8716798907108,centered,,,,none,0.0,success,105.0,0.005,,,,,,-9.691620539584472,,
8060,realistic,3,x0y0,utah,,,Aa,saline,,,100.0,b,-1,0.08,axon,14.2,141781.50656583186,268.32296565213164,-850.9438278380612,centered,,,,none,0.0,success,105.0,0.005,,,,,,-435.6601366651203,,
8061,realistic,3,x0y0,utah,,,Aa,saline,,,100.0,b,-1,0.08,axon,15.0,145749.13347768845,257.9192463184509,1289.8276269803935,centered,,,,none,0.0,success,105.0,0.005,,,,,,394.8066350043344,,
8062,realistic,3,x0y0,utah,,,Aa,saline,,,100.0,b,-1,0.08,axon,16.2,148626.9949147788,1141.798113574795,652.1615111200052,centered,,,,none,0.0,success,105.0,0.005,,,,,,-476.6269247296081,,
8063,realistic,3,x0y0,utah,,,Aa,saline,,,100.0,b,-1,0.08,axon,19.2,155694.5769817277,-663.2171217337573,-599.1810036138078,centered,,,,none,0.0,success,105.0,0.005,,,,,,766.9440904062849,,
8064,realistic,3,x0y0,utah,,,Aa,saline,,,100.0,b,-1,0.08,axon,15.4,146700.72560257398,465.91167501318563,804.6898696596872,centered,,,,none,0.0,success,105.0,0.005,,,,,,-20.356856527657218,,
8065,realistic,3,x0y0,utah,,,Aa,saline,,,100.0,b,-1,0.08,axon,15.6,147075.54714883186,323.35349877992354,-1065.0404316054746,centered,,,,none,0.0,success,105.0,0.005,,,,,,-283.1801275459187,,
8066,realistic,3,x0y0,utah,,,Aa,saline,,,100.0,b,-1,0.08,axon,18.2,153734.25759873312,954.1721165436363,762.4041521394693,centered,,,,none,0.0,success,105.0,0.005,,,,,,308.1697526214805,,
8067,realistic,3,x0y0,utah,,,Ab,saline,,,100.0,b,-1,0.08,axon,10.6,119439.91957175355,-308.69375262465616,-834.8473303524897,centered,,,,none,0.0,success,105.0,0.005,,,,,,544.284832032266,,
8068,realistic,3,x0y0,utah,,,Ab,saline,,,100.0,b,-1,0.08,axon,10.2,114538.5510137861,392.0545394834703,1147.3601648252534,centered,,,,none,0.0,success,105.0,0.005,,,,,,-546.3596756355687,,
8069,realistic,3,x0y0,utah,,,Ab,saline,,,100.0,b,-1,0.08,axon,12.1,131172.90808456801,686.4985746812126,-993.6174101393092,centered,,,,none,0.0,success,105.0,0.005,,,,,,395.0510940102586,,
8070,realistic,3,x0y0,utah,,,Ab,saline,,,100.0,b,-1,0.08,axon,10.0,112814.21373961447,-201.16607153041969,1369.6436721050495,centered,,,,none,0.0,success,105.0,0.005,,,,,,-254.05693144110532,,
8071,realistic,3,x0y0,utah,,,Ab,saline,,,100.0,b,-1,0.08,axon,9.3,105520.69475201353,471.5785177498609,1032.355660320905,centered,,,,none,0.0,success,105.0,0.005,,,,,,124.77550358274955,,
8072,realistic,3,x0y0,utah,,,Ab,saline,,,100.0,b,-1,0.08,axon,14.0,141494.40392318612,1058.8650664262543,683.3597442839683,centered,,,,none,0.0,success,105.0,0.005,,,,,,154.0034322780888,,
8073,realistic,3,x0y0,utah,,,Ab,saline,,,100.0,b,-1,0.08,axon,11.6,127773.88291439008,-57.15010291119097,1095.4926901368672,centered,,,,none,0.0,success,105.0,0.005,,,,,,562.2964582528923,,
8074,realistic,3,x0y0,utah,,,Ab,saline,,,100.0,b,-1,0.08,axon,9.7,110095.70136893523,843.2951319696249,-331.0416256157405,centered,,,,49,5.250000000000121,success,78.11279296875,0.005,,,,,1295.4940245971811,196.5020312200248,843.2951319696249,-331.0416256157405
8075,realistic,3,x0y0,utah,,,Ab,saline,,,100.0,b,-1,0.08,axon,18.7,153946.9763189604,82.66562126411281,1025.419723790717,centered,,,,none,0.0,success,105.0,0.005,,,,,,-274.8925899615125,,
8076,realistic,3,x0y0,utah,,,Ab,saline,,,100.0,b,-1,0.08,axon,8.9,100305.74939674123,984.9886030965596,-534.4775892769727,centered,,,,none,0.0,success,105.0,0.005,,,,,,-257.936701401817,,
8077,realistic,3,x0y0,utah,,,Aa,saline,,,100.0,b,-1,0.08,axon,14.2,141932.7936906261,316.6336207679888,1123.0125029326994,centered,,,,none,0.0,success,105.0,0.005,,,,,,-284.37301187088053,,
8078,realistic,3,x0y0,utah,,,Aa,saline,,,100.0,b,-1,0.08,axon,15.6,146946.82389032288,822.9365693737833,-52.92092108983161,centered,,,,51,5.190000000000111,success,33.978271484375,0.005,,,,,-1885.490658818686,-411.90338605486886,822.9365693737833,-52.92092108983161
8079,realistic,3,x0y0,utah,,,Aa,saline,,,100.0,b,-1,0.08,axon,15.0,145993.3491476668,668.1779719738747,-1009.1428756857497,centered,,,,none,0.0,success,105.0,0.005,,,,,,639.0223049826677,,
8080,realistic,3,x0y0,utah,,,Aa,saline,,,100.0,b,-1,0.08,axon,16.5,150109.1383695475,-698.4555359035263,865.7973732600142,centered,,,,none,0.0,success,105.0,0.005,,,,,,220.40426665826038,,
8081,realistic,3,x0y0,utah,,,Aa,saline,,,100.0,b,-1,0.08,axon,14.6,143960.71609923046,1216.9828458317725,254.00186811788853,centered,,,,none,0.0,success,105.0,0.005,,,,,,103.94996009866163,,
8082,realistic,3,x0y0,utah,,,Aa,saline,,,100.0,b,-1,0.08,axon,16.2,149248.64331986947,506.1532078079095,-1058.3101539026306,centered,,,,none,0.0,success,105.0,0.005,,,,,,145.0214803610485,,
8083,realistic,3,x0y0,utah,,,Aa,saline,,,100.0,b,-1,0.08,axon,14.0,140960.20953956267,-699.4309804622926,692.9343979315222,centered,,,,none,0.0,success,105.0,0.005,,,,,,-380.19095134540413,,
8084,realistic,3,x0y0,utah,,,Aa,saline,,,100.0,b,-1,0.08,axon,17.0,151198.79493934507,1140.746430458048,-628.3074515077496,centered,,,,none,0.0,success,105.0,0.005,,,,,,118.33010341670132,,
8085,realistic,3,x0y0,utah,,,Aa,saline,,,100.0,b,-1,0.08,axon,15.6,146679.66358683148,784.8007896868263,-1024.1609514215768,centered,,,,none,0.0,success,105.0,0.005,,,,,,-679.0636895462964,,
8086,realistic,3,x0y0,utah,,,Aa,saline,,,100.0,b,-1,0.08,axon,17.0,150823.0171874448,-380.4106568470362,740.9208081772008,centered,,,,none,0.0,success,105.0,0.005,,,,,,-257.44764848355914,,
8087,realistic,3,x0y0,utah,,,Ab,saline,,,100.0,b,-1,0.08,axon,16.7,150347.8065810658,-659.9199981436486,-706.4328635295598,centered,,,,none,0.0,success,105.0,0.005,,,,,,-34.49786684125393,,
8088,realistic,3,x0y0,utah,,,Ab,saline,,,100.0,b,-1,0.08,axon,15.1,145464.40526222828,137.90477988747716,-838.9314027318567,centered,,,,none,0.0,success,105.0,0.005,,,,,,-243.45006639055916,,
8089,realistic,3,x0y0,utah,,,Ab,saline,,,100.0,b,-1,0.08,axon,17.4,152672.32728181314,570.3181187193454,728.2744399902997,centered,,,,none,0.0,success,105.0,0.005,,,,,,734.6691859283684,,
8090,realistic,3,x0y0,utah,,,Ab,saline,,,100.0,b,-1,0.08,axon,13.8,140976.09363530774,325.22810962019275,-738.6341216023047,centered,,,,none,0.0,success,105.0,0.005,,,,,,552.497980334614,,
8091,realistic,3,x0y0,utah,,,Ab,saline,,,100.0,b,-1,0.08,axon,11.2,123578.13580101574,828.3728634395288,28.72216708012775,centered,,,,51,5.225000000000117,success,43.231201171875,0.005,,,,,-1745.9312394148728,-505.0988924798851,828.3728634395288,28.72216708012775
8092,realistic,3,x0y0,utah,,,Ab,saline,,,100.0,b,-1,0.08,axon,11.8,128277.97723552787,34.10452414223391,1295.1997082683085,centered,,,,none,0.0,success,105.0,0.005,,,,,,-404.56198823114823,,
8093,realistic,3,x0y0,utah,,,Ab,saline,,,100.0,b,-1,0.08,axon,10.9,121132.57375959372,194.3350937991413,858.4731330768332,centered,,,,none,0.0,success,105.0,0.005,,,,,,-433.6475215349128,,
8094,realistic,3,x0y0,utah,,,Ab,saline,,,100.0,b,-1,0.08,axon,16.2,149683.4264551046,1110.162144285975,-352.2893130581542,centered,,,,none,0.0,success,105.0,0.005,,,,,,579.8046155961841,,
8095,realistic,3,x0y0,utah,,,Ab,saline,,,100.0,b,-1,0.08,axon,14.4,143662.76377501973,-617.4720793493137,783.0105062097078,centered,,,,none,0.0,success,105.0,0.005,,,,,,607.3130104223158,,
8096,realistic,3,x0y0,utah,,,Ab,saline,,,100.0,b,-1,0.08,axon,12.6,133507.18349107786,1105.21810115483,70.46863182745572,centered,,,,50,5.300000000000129,success,98.291015625,0.005,,,,,-482.4285811970767,-482.4285811970967,1105.21810115483,70.46863182745572
8097,realistic,3,x0y0,utah,,,Aa,saline,,,100.0,b,-1,0.08,axon,15.2,146142.7825984266,1160.9540963100535,314.034903906932,centered,,,,none,0.0,success,105.0,0.005,,,,,,89.40200764637207,,
8098,realistic,3,x0y0,utah,,,Aa,saline,,,100.0,b,-1,0.08,axon,15.3,146279.14988497796,1338.3839793070508,-116.52782126558714,centered,,,,none,0.0,success,105.0,0.005,,,,,,-111.91867963520279,,
8099,realistic,3,x0y0,utah,,,Aa,saline,,,100.0,b,-1,0.08,axon,18.3,154172.512149111,912.323132468789,-222.07035268672325,centered,,,,48,5.255000000000122,success,61.962890625,0.005,,,,,3651.4141257269075,579.5549823925359,912.323132468789,-222.07035268672325
8100,realistic,3,x0y0,utah,,,Aa,saline,,,100.0,b,-1,0.08,axon,14.6,143445.54653515993,949.7519036923774,289.6699367587362,centered,,,,50,5.270000000000124,success,76.025390625,0.005,,,,,-411.2196039718692,-411.21960397187286,949.7519036923774,289.6699367587362
8101,realistic,3,x0y0,utah,,,Aa,saline,,,100.0,b,-1,0.08,axon,15.4,146852.95957455446,547.4480346767605,-960.949813677873,centered,,,,none,0.0,success,105.0,0.005,,,,,,131.87711545283992,,
8102,realistic,3,x0y0,utah,,,Aa,saline,,,100.0,b,-1,0.08,axon,15.5,147228.49697923893,856.0151578249927,-111.32646167018812,centered,,,,49,5.190000000000111,success,35.296630859375,0.005,,,,,1655.3500400155026,184.91421234659177,856.0151578249927,-111.32646167018812
8103,realistic,3,x0y0,utah,,,Aa,saline,,,100.0,b,-1,0.08,axon,17.4,152185.8523796501,905.7251231361977,306.5656402010345,centered,,,,49,5.220000000000116,success,63.525390625,0.005,,,,,1767.570864724199,248.19428376534057,905.7251231361977,306.5656402010345
8104,realistic,3,x0y0,utah,,,Aa,saline,,,100.0,b,-1,0.08,axon,14.9,145418.6870749767,-201.5690934353397,893.5543351209053,centered,,,,none,0.0,success,105.0,0.005,,,,,,426.06061194421477,,
8105,realistic,3,x0y0,utah,,,Aa,saline,,,100.0,b,-1,0.08,axon,18.0,152374.14413173086,709.9667996868538,-1163.9268644151018,centered,,,,none,0.0,success,105.0,0.005,,,,,,-705.9992791748731,,
8106,realistic,3,x0y0,utah,,,Aa,saline,,,100.0,b,-1,0.08,axon,16.4,149367.18774927236,-432.2501210135315,-680.8045127239693,centered,,,,none,0.0,success,105.0,0.005,,,,,,-265.9415979744648,,
8107,realistic,3,x0y0,utah,,,Ab,saline,,,100.0,b,-1,0.08,axon,8.7,97711.27980733193,-262.1204506640479,-1354.2487538691341,centered,,,,none,0.0,success,105.0,0.005,,,,,,-309.43812660867894,,
8108,realistic,3,x0y0,utah,,,Ab,saline,,,100.0,b,-1,0.08,axon,8.7,97578.28442048197,460.04266883708436,1314.4671725431815,centered,,,,none,0.0,success,105.0,0.005,,,,,,-442.43351345862635,,
8109,realistic,3,x0y0,utah,,,Ab,saline,,,100.0,b,-1,0.08,axon,10.6,119025.18527279439,1075.2034923590036,365.8164103284412,centered,,,,none,0.0,success,105.0,0.005,,,,,,129.55053307311286,,
8110,realistic,3,x0y0,utah,,,Ab,saline,,,100.0,b,-1,0.08,axon,8.9,100405.14559019024,185.14534294270698,920.2185290233574,centered,,,,none,0.0,success,105.0,0.005,,,,,,-158.54050795277738,,
8111,realistic,3,x0y0,utah,,,Ab,saline,,,100.0,b,-1,0.08,axon,9.4,106545.07963774297,-583.6319254183841,-913.2458704965227,centered,,,,none,0.0,success,105.0,0.005,,,,,,-7.033606500234655,,
8112,realistic,3,x0y0,utah,,,Ab,saline,,,100.0,b,-1,0.08,axon,10.2,115051.42095556633,-308.4560183661415,1069.1862422544198,centered,,,,none,0.0,success,105.0,0.005,,,,,,-33.48973385535431,,
8113,realistic,3,x0y0,utah,,,Ab,saline,,,100.0,b,-1,0.08,axon,15.9,148582.28083198602,1092.5511494196644,-29.161939180456105,centered,,,,49,5.270000000000124,success,79.9072265625,0.005,,,,,1803.3328289710626,320.71719257696134,1092.5511494196644,-29.161939180456105
8114,realistic,3,x0y0,utah,,,Ab,saline,,,100.0,b,-1,0.08,axon,12.4,132388.39836470882,839.9425585324143,-1089.8025219060644,centered,,,,none,0.0,success,105.0,0.005,,,,,,-357.16521949820185,,
8115,realistic,3,x0y0,utah,,,Ab,saline,,,100.0,b,-1,0.08,axon,9.9,111584.36895219072,571.2059990338413,-1142.0742165652578,centered,,,,none,0.0,success,105.0,0.005,,,,,,-446.9763784265836,,
8116,realistic,3,x0y0,utah,,,Ab,saline,,,100.0,b,-1,0.08,axon,11.7,127588.08369159984,-424.95021021711227,1003.3074390507218,centered,,,,none,0.0,success,105.0,0.005,,,,,,-366.5466311901495,,
8117,realistic,3,x0y0,utah,,,Aa,saline,,,100.0,b,-1,0.08,axon,16.2,148883.09265355096,-172.26687943450497,-1192.9001332575294,centered,,,,none,0.0,success,105.0,0.005,,,,,,-220.52918595748818,,
8118,realistic,3,x0y0,utah,,,Aa,saline,,,100.0,b,-1,0.08,axon,15.1,145764.90664093947,-54.91074453957435,-847.005283993292,centered,,,,none,0.0,success,105.0,0.005,,,,,,57.05131232064173,,
8119,realistic,3,x0y0,utah,,,Aa,saline,,,100.0,b,-1,0.08,axon,16.9,150677.41196136578,229.0678557446536,-827.7800828420758,centered,,,,none,0.0,success,105.0,0.005,,,,,,-175.79365565714184,,
8120,realistic,3,x0y0,utah,,,Aa,saline,,,100.0,b,-1,0.08,axon,17.2,151910.93255751097,216.99763087767133,-1017.5026404465939,centered,,,,none,0.0,success,105.0,0.005,,,,,,391.73361559091524,,
8121,realistic,3,x0y0,utah,,,Aa,saline,,,100.0,b,-1,0.08,axon,19.2,155417.09006341462,736.8791280406931,-1073.0167105678063,centered,,,,none,0.0,success,105.0,0.005,,,,,,489.4571720931992,,
8122,realistic,3,x0y0,utah,,,Aa,saline,,,100.0,b,-1,0.08,axon,17.7,153174.85566209088,1300.5655886199647,-220.87205725204967,centered,,,,none,0.0,success,105.0,0.005,,,,,,645.5799392138855,,
8123,realistic,3,x0y0,utah,,,Aa,saline,,,100.0,b,-1,0.08,axon,14.9,144429.91490931608,593.009672559333,611.0386409383045,centered,,,,none,0.0,success,105.0,0.005,,,,,,-562.7115537163969,,
8124,realistic,3,x0y0,utah,,,Aa,saline,,,100.0,b,-1,0.08,axon,14.0,140902.46070432418,-155.61483593981708,912.4091116292433,centered,,,,none,0.0,success,105.0,0.005,,,,,,-437.93978658381593,,
8125,realistic,3,x0y0,utah,,,Aa,saline,,,100.0,b,-1,0.08,axon,15.1,145273.445996379,806.3116099058648,-480.99868409846215,centered,,,,50,5.255000000000122,success,91.845703125,0.005,,,,,-434.40933223982574,-434.40933223986053,806.3116099058648,-480.99868409846215
8126,realistic,3,x0y0,utah,,,Aa,saline,,,100.0,b,-1,0.08,axon,13.7,140336.29262580638,735.2003091313054,1108.8024362797332,centered,,,,none,0.0,success,105.0,0.005,,,,,,386.6118591920377,,
8127,realistic,3,x0y0,utah,,,Ab,saline,,,100.0,b,-1,0.08,axon,9.1,102892.84852016947,1080.9916418419152,786.0754146803523,centered,,,,none,0.0,success,105.0,0.005,,,,,,-128.79922096197322,,
8128,realistic,3,x0y0,utah,,,Ab,saline,,,100.0,b,-1,0.08,axon,9.0,101764.08996224693,157.89382181586552,970.9756835076712,centered,,,,none,0.0,success,105.0,0.005,,,,,,-39.12324808657907,,
8129,realistic,3,x0y0,utah,,,Ab,saline,,,100.0,b,-1,0.08,axon,9.7,110268.59976325482,107.86765522062751,-1336.7598556984256,centered,,,,none,0.0,success,105.0,0.005,,,,,,369.40042553961183,,
8130,realistic,3,x0y0,utah,,,Ab,saline,,,100.0,b,-1,0.08,axon,8.8,99003.82407829988,-250.2455285011097,1066.900659932589,centered,,,,none,0.0,success,105.0,0.005,,,,,,-299.08134234580206,,
8131,realistic,3,x0y0,utah,,,Ab,saline,,,100.0,b,-1,0.08,axon,9.2,104230.7745732407,880.2253692059503,-1045.94209380629,centered,,,,none,0.0,success,105.0,0.005,,,,,,11.616567351894007,,
8132,realistic,3,x0y0,utah,,,Ab,saline,,,100.0,b,-1,0.08,axon,9.6,108697.04169638443,-219.83945613628885,1039.2087630976705,centered,,,,none,0.0,success,105.0,0.005,,,,,,-106.51522565124394,,
8133,realistic,3,x0y0,utah,,,Ab,saline,,,100.0,b,-1,0.08,axon,13.2,137169.0635940606,987.7142621941607,474.56635165291846,centered,,,,none,0.0,success,105.0,0.005,,,,,,-247.6928929046376,,
8134,realistic,3,x0y0,utah,,,Ab,saline,,,100.0,b,-1,0.08,axon,8.7,97924.29128699577,69.73275412292514,-841.9411102150311,centered,,,,none,0.0,success,105.0,0.005,,,,,,-96.42664694484932,,
8135,realistic,3,x0y0,utah,,,Ab,saline,,,100.0,b,-1,0.08,axon,11.9,129124.55354563068,895.980551665888,445.9382389441994,centered,,,,50,5.205000000000114,success,105.0,0.005,,,,,-271.000094259929,-271.0000942599442,895.980551665888,445.9382389441994
8136,realistic,3,x0y0,utah,,,Ab,saline,,,100.0,b,-1,0.08,axon,9.0,101369.47793616173,-518.3023695315978,767.8111859527228,centered,,,,none,0.0,success,105.0,0.005,,,,,,-433.7352741718048,,
8137,realistic,3,x0y0,utah,,,Aa,saline,,,100.0,b,-1,0.08,axon,15.6,147972.33912138987,-214.78409712874281,956.5798450088628,centered,,,,none,0.0,success,105.0,0.005,,,,,,613.6118450120923,,
8138,realistic,3,x0y0,utah,,,Aa,saline,,,100.0,b,-1,0.08,axon,14.9,144594.4593323832,-364.5099851150653,-1088.6731246014713,centered,,,,none,0.0,success,105.0,0.005,,,,,,-398.16713064929564,,
8139,realistic,3,x0y0,utah,,,Aa,saline,,,100.0,b,-1,0.08,axon,14.5,143360.64168785454,-635.5298069031496,-780.2305202674278,centered,,,,none,0.0,success,105.0,0.005,,,,,,-99.9949538076398,,
8140,realistic,3,x0y0,utah,,,Aa,saline,,,100.0,b,-1,0.08,axon,14.5,143513.48947333597,775.8008177970073,-561.4518589480558,centered,,,,50,5.2350000000001184,success,105.0,0.005,,,,,52.85283167377929,52.85283167374789,775.8008177970073,-561.4518589480558
8141,realistic,3,x0y0,utah,,,Aa,saline,,,100.0,b,-1,0.08,axon,15.0,146029.2247964832,1131.8813693500015,195.602715652712,centered,,,,none,0.0,success,105.0,0.005,,,,,,674.8979537990883,,
8142,realistic,3,x0y0,utah,,,Aa,saline,,,100.0,b,-1,0.08,axon,17.5,152296.83475348324,130.16894220409813,1264.2475650774404,centered,,,,none,0.0,success,105.0,0.005,,,,,,157.26963766014126,,
8143,realistic,3,x0y0,utah,,,Aa,saline,,,100.0,b,-1,0.08,axon,19.2,155615.53439071134,-498.7150118641398,-825.6351084587905,centered,,,,none,0.0,success,105.0,0.005,,,,,,687.901499389959,,
8144,realistic,3,x0y0,utah,,,Aa,saline,,,100.0,b,-1,0.08,axon,16.7,150210.92542624494,-553.7435697290284,-991.7733561103853,centered,,,,none,0.0,success,105.0,0.005,,,,,,-171.3790216620915,,
8145,realistic,3,x0y0,utah,,,Aa,saline,,,100.0,b,-1,0.08,axon,17.6,152372.55502789412,854.7063789213721,1027.4254731980388,centered,,,,none,0.0,success,105.0,0.005,,,,,,35.81942130507796,,
8146,realistic,3,x0y0,utah,,,Aa,saline,,,100.0,b,-1,0.08,axon,14.9,145181.10850967554,86.33077960546369,1196.126829590301,centered,,,,none,0.0,success,105.0,0.005,,,,,,188.4820466430811,,
8147,realistic,3,x0y0,utah,,,Ab,saline,,,100.0,b,-1,0.08,axon,15.4,146345.52872566853,215.4278077092604,878.9039936048353,centered,,,,none,0.0,success,105.0,0.005,,,,,,-375.5537334331044,,
8148,realistic,3,x0y0,utah,,,Ab,saline,,,100.0,b,-1,0.08,axon,10.5,117494.78963671454,927.6179956312712,164.4205039331646,centered,,,,51,5.250000000000121,success,70.9228515625,0.005,,,,,-1655.1135228962812,-475.41151141495743,927.6179956312712,164.4205039331646
8149,realistic,3,x0y0,utah,,,Ab,saline,,,100.0,b,-1,0.08,axon,9.1,102836.90784313696,1143.5223036743482,-3.761200559301415,centered,,,,none,0.0,success,105.0,0.005,,,,,,-184.7398979944661,,
8150,realistic,3,x0y0,utah,,,Ab,saline,,,100.0,b,-1,0.08,axon,16.2,149741.9631891907,-427.0760022634395,1152.1519946056826,centered,,,,none,0.0,success,105.0,0.005,,,,,,638.3413496822795,,
8151,realistic,3,x0y0,utah,,,Ab,saline,,,100.0,b,-1,0.08,axon,12.6,134311.25475110867,658.9736690596783,-947.416896062628,centered,,,,none,0.0,success,105.0,0.005,,,,,,321.6426788337395,,
8152,realistic,3,x0y0,utah,,,Ab,saline,,,100.0,b,-1,0.08,axon,14.5,144147.49924422352,-657.6280843007638,-819.4423052797429,centered,,,,none,0.0,success,105.0,0.005,,,,,,686.8626025613379,,
8153,realistic,3,x0y0,utah,,,Ab,saline,,,100.0,b,-1,0.08,axon,11.1,122753.29856673171,489.07545292699797,-763.6591242944246,centered,,,,none,0.0,success,105.0,0.005,,,,,,-507.59576123686617,,
8154,realistic,3,x0y0,utah,,,Ab,saline,,,100.0,b,-1,0.08,axon,8.9,100368.06240393447,870.4741871327063,203.6826894233618,centered,,,,50,5.205000000000114,success,61.962890625,0.005,,,,,-195.62369420856703,-195.6236942085609,870.4741871327063,203.6826894233618
8155,realistic,3,x0y0,utah,,,Ab,saline,,,100.0,b,-1,0.08,axon,9.1,103185.76196511439,1314.9108690239689,436.879170116088,centered,,,,none,0.0,success,105.0,0.005,,,,,,164.1142239829509,,
8156,realistic,3,x0y0,utah,,,Ab,saline,,,100.0,b,-1,0.08,axon,8.7,98192.44549551676,659.0124098331768,1227.8998590316976,centered,,,,none,0.0,success,105.0,0.005,,,,,,171.72756157612838,,
8157,realistic,3,x0y0,utah,,,Aa,saline,,,100.0,b,-1,0.08,axon,14.4,143723.85641057382,1005.1701356097192,-292.88234256855463,centered,,,,49,5.305000000000129,success,92.9443359375,0.005,,,,,2098.960153622349,668.4056459764096,1005.1701356097192,-292.88234256855463
8158,realistic,3,x0y0,utah,,,Aa,saline,,,100.0,b,-1,0.08,axon,15.0,146059.55756894007,-85.5527285164135,-1373.5452162497645,centered,,,,none,0.0,success,105.0,0.005,,,,,,705.2307262559129,,
8159,realistic,3,x0y0,utah,,,Aa,saline,,,100.0,b,-1,0.08,axon,15.4,146084.97974912636,790.3520032446995,-712.153878674912,centered,,,,none,0.0,success,105.0,0.005,,,,,,-636.1027099752631,,
8160,realistic,3,x0y0,utah,,,Aa,saline,,,100.0,b,-1,0.08,axon,15.3,147016.2841934312,797.3170323030423,751.3980848145882,centered,,,,none,0.0,success,105.0,0.005,,,,,,625.2156288180224,,
8161,realistic,3,x0y0,utah,,,Aa,saline,,,100.0,b,-1,0.08,axon,16.6,150783.01108067716,588.7987768331362,-797.4563992619818,centered,,,,none,0.0,success,105.0,0.005,,,,,,644.5950399773625,,
8162,realistic,3,x0y0,utah,,,Aa,saline,,,100.0,b,-1,0.08,axon,16.7,150303.71554770446,150.6689147129596,-1042.1369558244974,centered,,,,none,0.0,success,105.0,0.005,,,,,,-78.58890020262803,,
8163,realistic,3,x0y0,utah,,,Aa,saline,,,100.0,b,-1,0.08,axon,18.1,152772.40274337714,1114.6278842438433,-579.2060063240096,centered,,,,none,0.0,success,105.0,0.005,,,,,,-482.778442103914,,
8164,realistic,3,x0y0,utah,,,Aa,saline,,,100.0,b,-1,0.08,axon,15.5,147445.3532713342,-63.62950916512682,-1244.9208158949964,centered,,,,none,0.0,success,105.0,0.005,,,,,,401.77050444185346,,
8165,realistic,3,x0y0,utah,,,Aa,saline,,,100.0,b,-1,0.08,axon,15.9,147868.0549753657,368.4702482255989,-1297.5688546649035,centered,,,,none,0.0,success,105.0,0.005,,,,,,-393.5086640433867,,
8166,realistic,3,x0y0,utah,,,Aa,saline,,,100.0,b,-1,0.08,axon,17.8,153442.35855025984,-69.40045066744506,-1292.1795741378587,centered,,,,none,0.0,success,105.0,0.005,,,,,,725.069074374696,,
8167,realistic,3,x0y0,utah,,,Ab,saline,,,100.0,b,-1,0.08,axon,10.3,116393.56424417002,408.141260139832,1306.6117646799867,centered,,,,none,0.0,success,105.0,0.005,,,,,,328.49431984060163,,
8168,realistic,3,x0y0,utah,,,Ab,saline,,,100.0,b,-1,0.08,axon,8.7,97846.79490458187,-275.627938040368,1215.1495210136466,centered,,,,none,0.0,success,105.0,0.005,,,,,,-173.92302935875148,,
8169,realistic,3,x0y0,utah,,,Ab,saline,,,100.0,b,-1,0.08,axon,12.2,130901.32679100856,579.7697061418212,1017.8123576600493,centered,,,,none,0.0,success,105.0,0.005,,,,,,-546.2956810278381,,
8170,realistic,3,x0y0,utah,,,Ab,saline,,,100.0,b,-1,0.08,axon,9.7,110063.20883410497,957.3667380939204,-416.46479873001954,centered,,,,none,0.0,success,105.0,0.005,,,,,,164.00949638974183,,
8171,realistic,3,x0y0,utah,,,Ab,saline,,,100.0,b,-1,0.08,axon,9.0,101902.46816096957,-285.36580010945045,-1156.2962386199115,centered,,,,none,0.0,success,105.0,0.005,,,,,,99.25495063605885,,
8172,realistic,3,x0y0,utah,,,Ab,saline,,,100.0,b,-1,0.08,axon,11.1,123232.09143105586,-15.466134045780107,-1222.3169472961222,centered,,,,none,0.0,success,105.0,0.005,,,,,,-28.80289691271931,,
8173,realistic,3,x0y0,utah,,,Ab,saline,,,100.0,b,-1,0.08,axon,10.7,119645.41724457855,1031.2825609349636,-199.46513294966417,centered,,,,50,5.255000000000122,success,90.07415771484375,0.005,,,,,-157.87450425849238,-157.87450425848775,1031.2825609349636,-199.46513294966417
8174,realistic,3,x0y0,utah,,,Ab,saline,,,100.0,b,-1,0.08,axon,13.4,138726.39675699582,848.5350163166196,-776.2586925663754,centered,,,,none,0.0,success,105.0,0.005,,,,,,262.9630050849297,,
8175,realistic,3,x0y0,utah,,,Ab,saline,,,100.0,b,-1,0.08,axon,10.1,113892.81070137255,-397.5255980636889,965.3677560040887,centered,,,,none,0.0,success,105.0,0.005,,,,,,-193.24154732760582,,
8176,realistic,3,x0y0,utah,,,Ab,saline,,,100.0,b,-1,0.08,axon,10.7,119827.04595719645,406.3491678820692,-1254.0250363828147,centered,,,,none,0.0,success,105.0,0.005,,,,,,23.75420835941091,,
8177,realistic,3,x0y0,utah,,,Aa,saline,,,100.0,b,-1,0.08,axon,16.0,148407.22664378452,1304.1761874872427,427.5967688395745,centered,,,,none,0.0,success,105.0,0.005,,,,,,-141.5826333726106,,
8178,realistic,3,x0y0,utah,,,Aa,saline,,,100.0,b,-1,0.08,axon,15.2,145359.51936632534,-669.9364210473988,-939.4010592141956,centered,,,,none,0.0,success,105.0,0.005,,,,,,-693.8612244548973,,
8179,realistic,3,x0y0,utah,,,Aa,saline,,,100.0,b,-1,0.08,axon,15.9,148444.4190878817,-597.2759277630862,1125.9957400642434,centered,,,,none,0.0,success,105.0,0.005,,,,,,182.8554484726242,,
8180,realistic,3,x0y0,utah,,,Aa,saline,,,100.0,b,-1,0.08,axon,15.3,146811.1164240799,981.3850771741513,236.04774626513245,centered,,,,49,5.240000000000119,success,73.81591796875,0.005,,,,,1883.958545112866,420.04785946670637,981.3850771741513,236.04774626513245
8181,realistic,3,x0y0,utah,,,Aa,saline,,,100.0,b,-1,0.08,axon,14.0,141212.8868418094,762.9868974527358,-739.2914241164185,centered,,,,none,0.0,success,105.0,0.005,,,,,,-127.513649098638,,
8182,realistic,3,x0y0,utah,,,Aa,saline,,,100.0,b,-1,0.08,axon,14.4,142950.76424796678,863.5928908414207,-487.023390484871,centered,,,,50,5.305000000000129,success,95.361328125,0.005,,,,,-104.68651663063793,-104.68651663064324,863.5928908414207,-487.023390484871
8183,realistic,3,x0y0,utah,,,Aa,saline,,,100.0,b,-1,0.08,axon,14.7,144352.27699579313,-436.6438281997857,-999.8349680653532,centered,,,,none,0.0,success,105.0,0.005,,,,,,108.25535807980414,,
8184,realistic,3,x0y0,utah,,,Aa,saline,,,100.0,b,-1,0.08,axon,18.5,153438.09314017755,1263.8133606785584,-403.97584416599784,centered,,,,none,0.0,success,105.0,0.005,,,,,,-476.8560196276097,,
8185,realistic,3,x0y0,utah,,,Aa,saline,,,100.0,b,-1,0.08,axon,16.2,149376.4084744858,967.3695647585756,658.1211677902356,centered,,,,none,0.0,success,105.0,0.005,,,,,,272.7866349773851,,
8186,realistic,3,x0y0,utah,,,Aa,saline,,,100.0,b,-1,0.08,axon,19.1,154172.78125055679,-415.0928089359172,791.0157420294189,centered,,,,none,0.0,success,105.0,0.005,,,,,,-620.4099777406399,,
8187,realistic,3,x0y0,utah,,,Ab,saline,,,100.0,b,-1,0.08,axon,18.2,153479.76879676105,-311.535908772918,-1113.7715409662217,centered,,,,none,0.0,success,105.0,0.005,,,,,,53.68095064939671,,
8188,realistic,3,x0y0,utah,,,Ab,saline,,,100.0,b,-1,0.08,axon,11.1,122833.79390869869,170.54670434976515,-1102.9201044183922,centered,,,,none,0.0,success,105.0,0.005,,,,,,-427.10041926987066,,
8189,realistic,3,x0y0,utah,,,Ab,saline,,,100.0,b,-1,0.08,axon,12.2,131140.53672303146,1140.1785520828053,521.4796270149527,centered,,,,none,0.0,success,105.0,0.005,,,,,,-307.0857490049308,,
8190,realistic,3,x0y0,utah,,,Ab,saline,,,100.0,b,-1,0.08,axon,9.2,104450.80737026344,828.55219239699,-400.8433815242289,centered,,,,49,5.255000000000122,success,99.462890625,0.005,,,,,1273.840944433512,231.64936437461463,828.55219239699,-400.8433815242289
8191,realistic,3,x0y0,utah,,,Ab,saline,,,100.0,b,-1,0.08,axon,9.1,102771.344644489,1153.0847978911736,147.9069816833835,centered,,,,none,0.0,success,105.0,0.005,,,,,,-250.30309664245738,,
8192,realistic,3,x0y0,utah,,,Ab,saline,,,100.0,b,-1,0.08,axon,9.5,107506.96992506667,-594.2922443061308,1037.6056071494004,centered,,,,none,0.0,success,105.0,0.005,,,,,,-180.95798524090614,,
8193,realistic,3,x0y0,utah,,,Ab,saline,,,100.0,b,-1,0.08,axon,12.8,135618.51464797006,-669.6138731677847,-686.833668095504,centered,,,,none,0.0,success,105.0,0.005,,,,,,436.896565434072,,
8194,realistic,3,x0y0,utah,,,Ab,saline,,,100.0,b,-1,0.08,axon,9.7,110086.48155953217,-625.4090770770454,-583.1323722477391,centered,,,,none,0.0,success,105.0,0.005,,,,,,187.28222181696702,,
8195,realistic,3,x0y0,utah,,,Ab,saline,,,100.0,b,-1,0.08,axon,9.3,105209.02483450725,471.5899888753916,1248.598558838119,centered,,,,none,0.0,success,105.0,0.005,,,,,,-186.89441392356895,,
8196,realistic,3,x0y0,utah,,,Ab,saline,,,100.0,b,-1,0.08,axon,14.3,141988.39235805094,-395.0940259271274,1326.8813408881915,centered,,,,none,0.0,success,105.0,0.005,,,,,,-652.6310378190827,,
8197,realistic,3,x0y0,utah,,,Aa,saline,,,100.0,b,-1,0.08,axon,14.2,142610.7516201865,-521.4976427799384,-1171.4675735037006,centered,,,,none,0.0,success,105.0,0.005,,,,,,393.58491768950546,,
8198,realistic,3,x0y0,utah,,,Aa,saline,,,100.0,b,-1,0.08,axon,17.3,151028.28187846145,-494.5172653121517,-897.4102302098945,centered,,,,none,0.0,success,105.0,0.005,,,,,,-702.6243383706845,,
8199,realistic,3,x0y0,utah,,,Aa,saline,,,100.0,b,-1,0.08,axon,16.8,150831.88238762188,939.5367427590936,-515.1722974780487,centered,,,,49,5.385000000000142,success,105.0,0.005,,,,,1717.5614836393506,211.35622198298628,939.5367427590936,-515.1722974780487
8200,realistic,3,x0y0,utah,,,Aa,saline,,,100.0,b,-1,0.08,axon,16.6,150283.45559597446,724.3393937779698,341.72193749275453,centered,,,,49,5.215000000000115,success,49.7314453125,0.005,,,,,1646.4237156816525,145.03955527463313,724.3393937779698,341.72193749275453
8201,realistic,3,x0y0,utah,,,Aa,saline,,,100.0,b,-1,0.08,axon,17.3,152432.41858232245,796.4894724670313,781.7789253824303,centered,,,,none,0.0,success,105.0,0.005,,,,,,701.5123654902957,,
8202,realistic,3,x0y0,utah,,,Aa,saline,,,100.0,b,-1,0.08,axon,14.8,143986.10182601714,-498.43272945136636,1252.211319117424,centered,,,,none,0.0,success,105.0,0.005,,,,,,-636.4809533799311,,
8203,realistic,3,x0y0,utah,,,Aa,saline,,,100.0,b,-1,0.08,axon,15.7,147649.637573391,720.8484518546165,990.3083798429384,centered,,,,none,0.0,success,105.0,0.005,,,,,,-17.03351222649675,,
8204,realistic,3,x0y0,utah,,,Aa,saline,,,100.0,b,-1,0.08,axon,14.8,145340.78719914585,307.6023251856622,886.1452319660982,centered,,,,none,0.0,success,105.0,0.005,,,,,,718.2044197487597,,
8205,realistic,3,x0y0,utah,,,Aa,saline,,,100.0,b,-1,0.08,axon,17.8,152280.7150786373,-223.07902704699745,-1313.6173676565925,centered,,,,none,0.0,success,105.0,0.005,,,,,,-436.5743972478791,,
8206,realistic,3,x0y0,utah,,,Aa,saline,,,100.0,b,-1,0.08,axon,15.8,147889.02371070982,160.14807195797542,1224.974955116997,centered,,,,none,0.0,success,105.0,0.005,,,,,,-78.54290727252004,,
8207,realistic,3,x0y0,utah,,,Ab,saline,,,100.0,b,-1,0.08,axon,9.4,106138.77459694601,881.0902518151352,-602.2209201753121,centered,,,,none,0.0,success,105.0,0.005,,,,,,-413.33864729718596,,
8208,realistic,3,x0y0,utah,,,Ab,saline,,,100.0,b,-1,0.08,axon,10.6,119304.34662062793,758.2746524548852,-722.4076363536025,centered,,,,none,0.0,success,105.0,0.005,,,,,,408.71188090661394,,
8209,realistic,3,x0y0,utah,,,Ab,saline,,,100.0,b,-1,0.08,axon,12.3,131638.35855357515,841.8901668441569,780.8658238400662,centered,,,,none,0.0,success,105.0,0.005,,,,,,-465.0877183811168,,
8210,realistic,3,x0y0,utah,,,Ab,saline,,,100.0,b,-1,0.08,axon,9.5,107597.24310271826,1304.4292733901875,397.51964243958037,centered,,,,none,0.0,success,105.0,0.005,,,,,,-90.68480758933487,,
8211,realistic,3,x0y0,utah,,,Ab,saline,,,100.0,b,-1,0.08,axon,10.3,115489.05707335152,-652.9731800973667,712.8232121627769,centered,,,,none,0.0,success,105.0,0.005,,,,,,-576.0128509778813,,
8212,realistic,3,x0y0,utah,,,Ab,saline,,,100.0,b,-1,0.08,axon,9.9,112576.85810085962,921.5122329571296,-648.1849953143637,centered,,,,none,0.0,success,105.0,0.005,,,,,,545.5127702423549,,
8213,realistic,3,x0y0,utah,,,Ab,saline,,,100.0,b,-1,0.08,axon,11.2,123867.91450664769,1181.891392806534,496.1164390788034,centered,,,,none,0.0,success,105.0,0.005,,,,,,-215.32018684795182,,
8214,realistic,3,x0y0,utah,,,Ab,saline,,,100.0,b,-1,0.08,axon,11.6,127168.75508167635,593.2490996343104,672.929770115622,centered,,,,none,0.0,success,105.0,0.005,,,,,,-42.83137446081381,,
8215,realistic,3,x0y0,utah,,,Ab,saline,,,100.0,b,-1,0.08,axon,9.3,105527.66079373924,1062.4632479340398,835.1180148380628,centered,,,,none,0.0,success,105.0,0.005,,,,,,131.74154530842895,,
8216,realistic,3,x0y0,utah,,,Ab,saline,,,100.0,b,-1,0.08,axon,9.8,111473.51616132019,1263.152832728154,235.46074431100303,centered,,,,none,0.0,success,105.0,0.005,,,,,,498.456930485506,,
8217,realistic,3,x0y0,utah,,,Aa,saline,,,100.0,b,-1,0.08,axon,16.2,149166.21032448654,335.2450682488352,900.6404208808517,centered,,,,none,0.0,success,105.0,0.005,,,,,,62.588484978150454,,
8218,realistic,3,x0y0,utah,,,Aa,saline,,,100.0,b,-1,0.08,axon,16.5,150176.7385270091,375.5531451705346,1117.173753129493,centered,,,,none,0.0,success,105.0,0.005,,,,,,288.00442411988985,,
8219,realistic,3,x0y0,utah,,,Aa,saline,,,100.0,b,-1,0.08,axon,17.5,152365.64510402278,-32.616283569781444,1229.2465593113413,centered,,,,none,0.0,success,105.0,0.005,,,,,,226.07998819968063,,
8220,realistic,3,x0y0,utah,,,Aa,saline,,,100.0,b,-1,0.08,axon,19.0,154220.32147114948,712.0864941825008,650.4607670302694,centered,,,,none,0.0,success,105.0,0.005,,,,,,-435.15073579240084,,
8221,realistic,3,x0y0,utah,,,Aa,saline,,,100.0,b,-1,0.08,axon,18.6,153925.10666371282,-318.26477035835705,758.0717898874907,centered,,,,none,0.0,success,105.0,0.005,,,,,,-145.14308867673486,,
8222,realistic,3,x0y0,utah,,,Aa,saline,,,100.0,b,-1,0.08,axon,14.9,145373.08974999769,433.2848409909552,-781.1536952979573,centered,,,,none,0.0,success,105.0,0.005,,,,,,380.46328696520266,,
8223,realistic,3,x0y0,utah,,,Aa,saline,,,100.0,b,-1,0.08,axon,16.4,149487.79226925378,-668.9715863686606,-1079.1969017413871,centered,,,,none,0.0,success,105.0,0.005,,,,,,-145.3370779930342,,
8224,realistic,3,x0y0,utah,,,Aa,saline,,,100.0,b,-1,0.08,axon,16.6,150540.76118147885,-431.40973046913086,-798.1097447541442,centered,,,,none,0.0,success,105.0,0.005,,,,,,402.3451407790685,,
8225,realistic,3,x0y0,utah,,,Aa,saline,,,100.0,b,-1,0.08,axon,16.7,150791.5819517386,-297.3866802591497,1149.3374798537745,centered,,,,none,0.0,success,105.0,0.005,,,,,,409.2775038315549,,
8226,realistic,3,x0y0,utah,,,Aa,saline,,,100.0,b,-1,0.08,axon,14.7,143549.10002113561,849.453719154395,-394.7459831353272,centered,,,,49,5.285000000000126,success,85.58349609375,0.005,,,,,747.5185997994267,-694.921616577717,849.453719154395,-394.7459831353272
8227,realistic,3,x0y0,utah,,,Ab,saline,,,100.0,b,-1,0.08,axon,13.4,137960.68998942178,127.34352375642722,-1042.0147331552816,centered,,,,none,0.0,success,105.0,0.005,,,,,,-502.74376248911227,,
8228,realistic,3,x0y0,utah,,,Ab,saline,,,100.0,b,-1,0.08,axon,12.6,134106.92060089414,-58.89914909300386,968.706121011288,centered,,,,none,0.0,success,105.0,0.005,,,,,,117.30852861920877,,
8229,realistic,3,x0y0,utah,,,Ab,saline,,,100.0,b,-1,0.08,axon,9.2,104636.61960358264,-604.1234679143789,1087.7869858394859,centered,,,,none,0.0,success,105.0,0.005,,,,,,417.46159769384184,,
8230,realistic,3,x0y0,utah,,,Ab,saline,,,100.0,b,-1,0.08,axon,9.3,105676.63515464427,726.8816419424808,946.2156263536937,centered,,,,none,0.0,success,105.0,0.005,,,,,,280.7159062134701,,
8231,realistic,3,x0y0,utah,,,Ab,saline,,,100.0,b,-1,0.08,axon,8.8,99430.80362920363,1332.1893798935237,-271.3243861666783,centered,,,,none,0.0,success,105.0,0.005,,,,,,127.8982085579686,,
8232,realistic,3,x0y0,utah,,,Ab,saline,,,100.0,b,-1,0.08,axon,11.9,128874.25888467759,-204.5261253502817,-1250.4550563644948,centered,,,,none,0.0,success,105.0,0.005,,,,,,-521.2947552130092,,
8233,realistic,3,x0y0,utah,,,Ab,saline,,,100.0,b,-1,0.08,axon,15.3,147064.58300508474,975.1517718665044,-895.2724729580513,centered,,,,none,0.0,success,105.0,0.005,,,,,,673.5144404715983,,
8234,realistic,3,x0y0,utah,,,Ab,saline,,,100.0,b,-1,0.08,axon,9.4,106490.3877415297,843.4355706222586,-1108.4770639143117,centered,,,,none,0.0,success,105.0,0.005,,,,,,-61.72550271351342,,
8235,realistic,3,x0y0,utah,,,Ab,saline,,,100.0,b,-1,0.08,axon,10.6,118370.18642991534,1284.4232581169636,-292.1356432493372,centered,,,,none,0.0,success,105.0,0.005,,,,,,-525.448309805972,,
8236,realistic,3,x0y0,utah,,,Ab,saline,,,100.0,b,-1,0.08,axon,9.1,102952.79770813986,688.5304149057692,695.7905306187381,centered,,,,none,0.0,success,105.0,0.005,,,,,,-68.85003299158893,,
8237,realistic,3,x0y0,utah,,,Aa,saline,,,100.0,b,-1,0.08,axon,18.2,153784.0556419013,15.769740964576158,-1275.8083273318334,centered,,,,none,0.0,success,105.0,0.005,,,,,,357.967795789636,,
8238,realistic,3,x0y0,utah,,,Aa,saline,,,100.0,b,-1,0.08,axon,15.9,148393.0672773047,950.9100376226796,164.87248484730617,centered,,,,49,5.230000000000118,success,53.9306640625,0.005,,,,,1614.1192742897547,131.50363789566956,950.9100376226796,164.87248484730617
8239,realistic,3,x0y0,utah,,,Aa,saline,,,100.0,b,-1,0.08,axon,17.6,152599.73910178966,-683.5963781643662,-472.8649107271003,centered,,,,none,0.0,success,105.0,0.005,,,,,,263.0034952006012,,
8240,realistic,3,x0y0,utah,,,Aa,saline,,,100.0,b,-1,0.08,axon,16.2,149356.92287299898,-578.7319035804194,-618.9779998573363,centered,,,,none,0.0,success,105.0,0.005,,,,,,253.3010334905813,,
8241,realistic,3,x0y0,utah,,,Aa,saline,,,100.0,b,-1,0.08,axon,17.9,153242.99887345653,-70.70357809164625,-989.4529838617799,centered,,,,none,0.0,success,105.0,0.005,,,,,,342.12010823752524,,
8242,realistic,3,x0y0,utah,,,Aa,saline,,,100.0,b,-1,0.08,axon,19.2,154846.47849839748,682.4278014386148,931.4262966037027,centered,,,,none,0.0,success,105.0,0.005,,,,,,-81.1543929239257,,
8243,realistic,3,x0y0,utah,,,Aa,saline,,,100.0,b,-1,0.08,axon,16.1,148455.90188577175,768.7431052458824,-964.7755797550881,centered,,,,none,0.0,success,105.0,0.005,,,,,,-373.5461541937752,,
8244,realistic,3,x0y0,utah,,,Aa,saline,,,100.0,b,-1,0.08,axon,15.4,146768.12860039232,-457.1566828311769,1249.3186819188868,centered,,,,none,0.0,success,105.0,0.005,,,,,,47.04614129066322,,
8245,realistic,3,x0y0,utah,,,Aa,saline,,,100.0,b,-1,0.08,axon,14.1,142261.99174956194,-670.9693918564835,-883.2190067316777,centered,,,,none,0.0,success,105.0,0.005,,,,,,478.3016052843485,,
8246,realistic,3,x0y0,utah,,,Aa,saline,,,100.0,b,-1,0.08,axon,19.1,155103.58426621323,-511.86217203565775,951.5910610618448,centered,,,,none,0.0,success,105.0,0.005,,,,,,310.3930379158151,,
8247,realistic,3,x0y0,utah,,,Ab,saline,,,100.0,b,-1,0.08,axon,13.5,139274.8280400501,496.8191497194488,-1104.044093679069,centered,,,,none,0.0,success,105.0,0.005,,,,,,305.0206797996768,,
8248,realistic,3,x0y0,utah,,,Ab,saline,,,100.0,b,-1,0.08,axon,11.2,124276.87862850506,-637.5276388336529,-905.6540422140993,centered,,,,none,0.0,success,105.0,0.005,,,,,,193.6439350093946,,
8249,realistic,3,x0y0,utah,,,Ab,saline,,,100.0,b,-1,0.08,axon,9.0,102241.24032744736,884.1903549829857,743.4013836130102,centered,,,,none,0.0,success,105.0,0.005,,,,,,438.0271171138359,,
8250,realistic,3,x0y0,utah,,,Ab,saline,,,100.0,b,-1,0.08,axon,8.8,98842.76539142076,-676.3451254401075,-897.7557708741738,centered,,,,none,0.0,success,105.0,0.005,,,,,,-460.14002922490937,,
8251,realistic,3,x0y0,utah,,,Ab,saline,,,100.0,b,-1,0.08,axon,9.0,101690.29106900064,848.8676753134555,-940.2312984892925,centered,,,,none,0.0,success,105.0,0.005,,,,,,-112.9221413328659,,
8252,realistic,3,x0y0,utah,,,Ab,saline,,,100.0,b,-1,0.08,axon,12.8,134742.27060618426,-149.42666003320159,-1270.769437948714,centered,,,,none,0.0,success,105.0,0.005,,,,,,-439.3474763516823,,
8253,realistic,3,x0y0,utah,,,Ab,saline,,,100.0,b,-1,0.08,axon,8.7,97880.06725793713,-324.24524569877764,-861.9475917118863,centered,,,,none,0.0,success,105.0,0.005,,,,,,-140.65067600350295,,
8254,realistic,3,x0y0,utah,,,Ab,saline,,,100.0,b,-1,0.08,axon,12.3,132583.94594462644,-333.1768026241312,-1328.0847155614579,centered,,,,none,0.0,success,105.0,0.005,,,,,,480.49967267018854,,
8255,realistic,3,x0y0,utah,,,Ab,saline,,,100.0,b,-1,0.08,axon,12.4,132525.93278244566,909.9903062356261,273.27564775909514,centered,,,,51,5.240000000000119,success,67.4072265625,0.005,,,,,-1547.0864376034588,-219.63080176141125,909.9903062356261,273.27564775909514
8256,realistic,3,x0y0,utah,,,Ab,saline,,,100.0,b,-1,0.08,axon,11.8,128393.7979786885,920.0116195569824,203.3488391448245,centered,,,,51,5.220000000000116,success,62.79296875,0.005,,,,,-1575.5666373081185,-288.74124507053523,920.0116195569824,203.3488391448245
8257,realistic,3,x0y0,utah,,,Aa,saline,,,100.0,b,-1,0.08,axon,15.0,146002.01337479134,776.7500812931471,-980.0766711280914,centered,,,,none,0.0,success,105.0,0.005,,,,,,647.686532107238,,
8258,realistic,3,x0y0,utah,,,Aa,saline,,,100.0,b,-1,0.08,axon,13.7,139313.6985721517,-360.11525578019064,1292.125415353019,centered,,,,none,0.0,success,105.0,0.005,,,,,,-635.9821944626533,,
8259,realistic,3,x0y0,utah,,,Aa,saline,,,100.0,b,-1,0.08,axon,17.5,151999.6106339984,1036.6471796526494,13.799823575212484,centered,,,,50,5.24500000000012,success,62.40234375,0.005,,,,,-139.95448182467953,-139.95448182468323,1036.6471796526494,13.799823575212484
8260,realistic,3,x0y0,utah,,,Aa,saline,,,100.0,b,-1,0.08,axon,15.3,146453.51564997053,412.01847137916496,-1089.5752787933814,centered,,,,none,0.0,success,105.0,0.005,,,,,,62.44708535736416,,
8261,realistic,3,x0y0,utah,,,Aa,saline,,,100.0,b,-1,0.08,axon,19.2,154605.90097835564,786.4474000139639,900.4615199345285,centered,,,,none,0.0,success,105.0,0.005,,,,,,-321.7319129657756,,
8262,realistic,3,x0y0,utah,,,Aa,saline,,,100.0,b,-1,0.08,axon,16.0,148364.02827452376,-93.3489316400537,1001.4548095924457,centered,,,,none,0.0,success,105.0,0.005,,,,,,-184.78100263336017,,
8263,realistic,3,x0y0,utah,,,Aa,saline,,,100.0,b,-1,0.08,axon,19.1,154232.60846917273,3.2816395488075614,901.6381760214343,centered,,,,none,0.0,success,105.0,0.005,,,,,,-560.5827591246817,,
8264,realistic,3,x0y0,utah,,,Aa,saline,,,100.0,b,-1,0.08,axon,15.5,147169.8300028242,-668.7375896716491,-538.5910205974637,centered,,,,none,0.0,success,105.0,0.005,,,,,,126.2472359318233,,
8265,realistic,3,x0y0,utah,,,Aa,saline,,,100.0,b,-1,0.08,axon,18.8,155084.42662174386,1264.108864880982,259.6021517743602,centered,,,,none,0.0,success,105.0,0.005,,,,,,714.5356549196288,,
8266,realistic,3,x0y0,utah,,,Aa,saline,,,100.0,b,-1,0.08,axon,16.7,150404.4905151364,1240.5763116981525,333.03370648525606,centered,,,,none,0.0,success,105.0,0.005,,,,,,22.18606722933365,,
8267,realistic,3,x0y0,utah,,,Ab,saline,,,100.0,b,-1,0.08,axon,8.9,101057.28698625552,945.3297589422659,584.0806083054723,centered,,,,none,0.0,success,105.0,0.005,,,,,,493.6008881124733,,
8268,realistic,3,x0y0,utah,,,Ab,saline,,,100.0,b,-1,0.08,axon,14.9,145088.7293508253,201.67008012881524,-986.017711151505,centered,,,,none,0.0,success,105.0,0.005,,,,,,96.10288779280958,,
8269,realistic,3,x0y0,utah,,,Ab,saline,,,100.0,b,-1,0.08,axon,17.1,151637.25921061143,922.1526689223076,1034.5955699610577,centered,,,,none,0.0,success,105.0,0.005,,,,,,334.8357143252316,,
8270,realistic,3,x0y0,utah,,,Ab,saline,,,100.0,b,-1,0.08,axon,12.1,130941.95860818894,-79.58328193373609,819.9265701220306,centered,,,,none,0.0,success,105.0,0.005,,,,,,164.10161763126013,,
8271,realistic,3,x0y0,utah,,,Ab,saline,,,100.0,b,-1,0.08,axon,9.4,106282.77673000334,-489.6660476288694,686.661794264709,centered,,,,none,0.0,success,105.0,0.005,,,,,,-269.33651423987334,,
8272,realistic,3,x0y0,utah,,,Ab,saline,,,100.0,b,-1,0.08,axon,16.4,150229.61293250285,290.1416354228541,-833.9309377709692,centered,,,,none,0.0,success,105.0,0.005,,,,,,596.4835852560293,,
8273,realistic,3,x0y0,utah,,,Ab,saline,,,100.0,b,-1,0.08,axon,14.8,144166.3470220329,903.1375603258176,-27.54003737491121,centered,,,,51,5.230000000000118,success,47.6806640625,0.005,,,,,-1902.461585158162,-456.23575736418434,903.1375603258176,-27.54003737491121
8274,realistic,3,x0y0,utah,,,Ab,saline,,,100.0,b,-1,0.08,axon,9.4,106557.59655138932,219.92048422976902,-962.2055523291493,centered,,,,none,0.0,success,105.0,0.005,,,,,,5.48330714611447,,
8275,realistic,3,x0y0,utah,,,Ab,saline,,,100.0,b,-1,0.08,axon,9.0,101598.36493216462,-350.7800159045328,759.9380629407152,centered,,,,none,0.0,success,105.0,0.005,,,,,,-204.8482781688584,,
8276,realistic,3,x0y0,utah,,,Ab,saline,,,100.0,b,-1,0.08,axon,9.3,105563.11443673613,870.6608158982277,-324.6638070511399,centered,,,,49,5.2350000000001184,success,83.97216796875,0.005,,,,,1221.1543807896378,167.19518830533008,870.6608158982277,-324.6638070511399
8277,realistic,3,x0y0,utah,,,Aa,saline,,,100.0,b,-1,0.08,axon,15.8,147877.77585739153,-620.565175108391,589.3245340468002,centered,,,,none,0.0,success,105.0,0.005,,,,,,-89.79076059082371,,
8278,realistic,3,x0y0,utah,,,Aa,saline,,,100.0,b,-1,0.08,axon,18.2,153684.74219845582,-362.8422503101416,1137.610703159994,centered,,,,none,0.0,success,105.0,0.005,,,,,,258.65435234416003,,
8279,realistic,3,x0y0,utah,,,Aa,saline,,,100.0,b,-1,0.08,axon,16.2,149753.78500510333,-451.9875799554452,826.2258837479571,centered,,,,none,0.0,success,105.0,0.005,,,,,,650.1631655949192,,
8280,realistic,3,x0y0,utah,,,Aa,saline,,,100.0,b,-1,0.08,axon,15.5,146459.0832103378,-267.621039213374,-964.5888689463844,centered,,,,none,0.0,success,105.0,0.005,,,,,,-584.4995565545806,,
8281,realistic,3,x0y0,utah,,,Aa,saline,,,100.0,b,-1,0.08,axon,14.3,143337.16356191837,1166.9605261004565,602.7675140329902,centered,,,,none,0.0,success,105.0,0.005,,,,,,696.1401660483,,
8282,realistic,3,x0y0,utah,,,Aa,saline,,,100.0,b,-1,0.08,axon,17.4,152448.3214052268,-686.5064581660736,-686.5954430462343,centered,,,,none,0.0,success,105.0,0.005,,,,,,510.6633093420186,,
8283,realistic,3,x0y0,utah,,,Aa,saline,,,100.0,b,-1,0.08,axon,17.2,150840.8907076907,-666.9829903063746,759.8139797778557,centered,,,,none,0.0,success,105.0,0.005,,,,,,-678.3082342293153,,
8284,realistic,3,x0y0,utah,,,Aa,saline,,,100.0,b,-1,0.08,axon,15.9,147744.98295428135,374.9905242961713,-1009.5350040317253,centered,,,,none,0.0,success,105.0,0.005,,,,,,-516.5806851277018,,
8285,realistic,3,x0y0,utah,,,Aa,saline,,,100.0,b,-1,0.08,axon,15.1,146400.82761057816,1216.6680600420516,288.958306019842,centered,,,,none,0.0,success,105.0,0.005,,,,,,692.9722819593255,,
8286,realistic,3,x0y0,utah,,,Aa,saline,,,100.0,b,-1,0.08,axon,14.7,143630.99269452385,836.7501268087162,526.1641658202434,centered,,,,none,0.0,success,105.0,0.005,,,,,,-613.0289431894657,,
8287,realistic,3,x0y0,utah,,,Ab,saline,,,100.0,b,-1,0.08,axon,12.7,134597.79217679755,224.3828278474129,1185.805822514957,centered,,,,none,0.0,success,105.0,0.005,,,,,,5.7863382226854485,,
8288,realistic,3,x0y0,utah,,,Ab,saline,,,100.0,b,-1,0.08,axon,12.5,134016.2834250578,800.2185728953349,-1125.5180427465386,centered,,,,none,0.0,success,105.0,0.005,,,,,,642.0752884762153,,
8289,realistic,3,x0y0,utah,,,Ab,saline,,,100.0,b,-1,0.08,axon,11.2,123473.60429705132,308.6498071257052,1142.2662573890966,centered,,,,none,0.0,success,105.0,0.005,,,,,,-609.6303964443296,,
8290,realistic,3,x0y0,utah,,,Ab,saline,,,100.0,b,-1,0.08,axon,11.2,124063.71777013985,0.03856266321690782,-1368.1438694995702,centered,,,,none,0.0,success,105.0,0.005,,,,,,-19.516923355797037,,
8291,realistic,3,x0y0,utah,,,Ab,saline,,,100.0,b,-1,0.08,axon,8.8,99161.93886622252,69.35010802130819,-854.6224642542603,centered,,,,none,0.0,success,105.0,0.005,,,,,,-140.96655442316646,,
8292,realistic,3,x0y0,utah,,,Ab,saline,,,100.0,b,-1,0.08,axon,9.8,110972.24676718152,-466.8347944245502,-699.7781977300842,centered,,,,none,0.0,success,105.0,0.005,,,,,,-2.8124636531520704,,
8293,realistic,3,x0y0,utah,,,Ab,saline,,,100.0,b,-1,0.08,axon,9.6,108608.08764759851,173.7440986274296,-1080.2212932094253,centered,,,,none,0.0,success,105.0,0.005,,,,,,-195.46927443712283,,
8294,realistic,3,x0y0,utah,,,Ab,saline,,,100.0,b,-1,0.08,axon,19.6,155931.70527102458,1137.4279507127906,-668.3626403712906,centered,,,,none,0.0,success,105.0,0.005,,,,,,497.58994227050965,,
8295,realistic,3,x0y0,utah,,,Ab,saline,,,100.0,b,-1,0.08,axon,8.8,99657.57881139104,645.528841533705,982.2860643656827,centered,,,,none,0.0,success,105.0,0.005,,,,,,354.6733907453597,,
8296,realistic,3,x0y0,utah,,,Ab,saline,,,100.0,b,-1,0.08,axon,8.2,91664.6723903042,735.2683754729446,-1143.5551169946154,centered,,,,none,0.0,success,105.0,0.005,,,,,,380.76330495973883,,
8297,realistic,3,x0y0,utah,,,Aa,saline,,,100.0,b,-1,0.08,axon,16.6,150478.00341397795,799.778557875833,-236.1849800951336,centered,,,,49,5.2100000000001145,success,43.0389404296875,0.005,,,,,1840.9715336851368,339.5873732781498,799.778557875833,-236.1849800951336
8298,realistic,3,x0y0,utah,,,Aa,saline,,,100.0,b,-1,0.08,axon,15.5,146595.48919844945,-498.44541196343107,-984.1602621794232,centered,,,,none,0.0,success,105.0,0.005,,,,,,-448.093568442956,,
8299,realistic,3,x0y0,utah,,,Aa,saline,,,100.0,b,-1,0.08,axon,14.9,144675.73082134646,98.32791878327451,1381.153048672999,centered,,,,none,0.0,success,105.0,0.005,,,,,,-316.8956416860568,,
8300,realistic,3,x0y0,utah,,,Aa,saline,,,100.0,b,-1,0.08,axon,15.3,146485.06961423793,1063.8903223307725,607.9310729061444,centered,,,,none,0.0,success,105.0,0.005,,,,,,94.00104962474528,,
8301,realistic,3,x0y0,utah,,,Aa,saline,,,100.0,b,-1,0.08,axon,17.5,152104.29610665812,-229.5600279287287,1301.6166545083836,centered,,,,none,0.0,success,105.0,0.005,,,,,,-35.26900916498784,,
8302,realistic,3,x0y0,utah,,,Aa,saline,,,100.0,b,-1,0.08,axon,15.7,147510.61470876378,903.7318864517772,-736.8912272556253,centered,,,,none,0.0,success,105.0,0.005,,,,,,-156.05637685372338,,
8303,realistic,3,x0y0,utah,,,Aa,saline,,,100.0,b,-1,0.08,axon,15.2,146089.71126443223,-28.297143583249635,862.1394805461441,centered,,,,none,0.0,success,105.0,0.005,,,,,,36.33067365201873,,
8304,realistic,3,x0y0,utah,,,Aa,saline,,,100.0,b,-1,0.08,axon,16.1,148388.16681313855,806.0132947644091,525.8620981852819,centered,,,,50,5.270000000000124,success,98.291015625,0.005,,,,,-441.2812268270063,-441.2812268270073,806.0132947644091,525.8620981852819
8305,realistic,3,x0y0,utah,,,Aa,saline,,,100.0,b,-1,0.08,axon,15.4,147156.19106752097,165.97728249241072,-887.4394733917479,centered,,,,none,0.0,success,105.0,0.005,,,,,,435.1086084193434,,
8306,realistic,3,x0y0,utah,,,Aa,saline,,,100.0,b,-1,0.08,axon,16.5,150597.72806974707,-456.1338360510663,-770.196864739527,centered,,,,none,0.0,success,105.0,0.005,,,,,,708.9939668578833,,
8307,realistic,3,x0y0,utah,,,Ab,saline,,,100.0,b,-1,0.08,axon,11.9,128854.45015138447,-562.2307137614916,-736.9214793120618,centered,,,,none,0.0,success,105.0,0.005,,,,,,-541.1034885061406,,
8308,realistic,3,x0y0,utah,,,Ab,saline,,,100.0,b,-1,0.08,axon,10.7,119396.50220779185,123.5972369703577,-1353.7045514067568,centered,,,,none,0.0,success,105.0,0.005,,,,,,-406.78954104518954,,
8309,realistic,3,x0y0,utah,,,Ab,saline,,,100.0,b,-1,0.08,axon,9.5,107645.70396236435,-303.4546282276456,1019.4847871640152,centered,,,,none,0.0,success,105.0,0.005,,,,,,-42.223947943236816,,
8310,realistic,3,x0y0,utah,,,Ab,saline,,,100.0,b,-1,0.08,axon,10.1,114585.13974943498,956.3891241160741,120.08547558351302,centered,,,,49,5.2350000000001184,success,76.025390625,0.005,,,,,1639.9480232218193,499.087500734821,956.3891241160741,120.08547558351302
8311,realistic,3,x0y0,utah,,,Ab,saline,,,100.0,b,-1,0.08,axon,15.6,147080.68877228774,974.663238631525,-691.6521170435417,centered,,,,none,0.0,success,105.0,0.005,,,,,,-278.0385040900346,,
8312,realistic,3,x0y0,utah,,,Ab,saline,,,100.0,b,-1,0.08,axon,10.1,113803.2296517475,-486.3363624719509,906.2717832957763,centered,,,,none,0.0,success,105.0,0.005,,,,,,-282.82259695265185,,
8313,realistic,3,x0y0,utah,,,Ab,saline,,,100.0,b,-1,0.08,axon,9.2,103872.55314797051,1042.6647933886218,683.8665526324721,centered,,,,none,0.0,success,105.0,0.005,,,,,,-346.60485791831695,,
8314,realistic,3,x0y0,utah,,,Ab,saline,,,100.0,b,-1,0.08,axon,14.6,144471.07485986562,288.976411380409,-968.5357180179144,centered,,,,none,0.0,success,105.0,0.005,,,,,,614.3087207338283,,
8315,realistic,3,x0y0,utah,,,Ab,saline,,,100.0,b,-1,0.08,axon,11.0,122428.19669682252,1208.036633920672,676.7141786898214,centered,,,,none,0.0,success,105.0,0.005,,,,,,6.226620491768791,,
8316,realistic,3,x0y0,utah,,,Ab,saline,,,100.0,b,-1,0.08,axon,18.6,154071.18503124718,969.5724364576613,431.1972176908789,centered,,,,49,5.255000000000122,success,89.044189453125,0.005,,,,,1541.6377763815108,0.9352788576325128,969.5724364576613,431.1972176908789
8317,realistic,3,x0y0,utah,,,Aa,saline,,,100.0,b,-1,0.08,axon,19.0,154732.46390486552,431.51419739164567,883.3022390895421,centered,,,,none,0.0,success,105.0,0.005,,,,,,76.99169792363384,,
8318,realistic,3,x0y0,utah,,,Aa,saline,,,100.0,b,-1,0.08,axon,18.2,154136.84953267686,1124.562842798351,56.150009445193966,centered,,,,50,5.270000000000124,success,91.1865234375,0.005,,,,,710.761686565209,710.7616865652188,1124.562842798351,56.150009445193966
8319,realistic,3,x0y0,utah,,,Aa,saline,,,100.0,b,-1,0.08,axon,14.5,143523.97639029962,953.0468217206007,703.4788596567183,centered,,,,none,0.0,success,105.0,0.005,,,,,,63.33974863741313,,
8320,realistic,3,x0y0,utah,,,Aa,saline,,,100.0,b,-1,0.08,axon,16.8,150938.35896497162,975.8741398036723,699.9487865271321,centered,,,,none,0.0,success,105.0,0.005,,,,,,317.8327993326809,,
8321,realistic,3,x0y0,utah,,,Aa,saline,,,100.0,b,-1,0.08,axon,14.4,142357.64396058407,887.909607934534,464.10522846637696,centered,,,,48,5.225000000000117,success,105.0,0.005,,,,,2163.302211278584,-697.8068040133504,887.909607934534,464.10522846637696
8322,realistic,3,x0y0,utah,,,Aa,saline,,,100.0,b,-1,0.08,axon,14.5,143411.3199486841,-171.70257001275468,1214.3795247682647,centered,,,,none,0.0,success,105.0,0.005,,,,,,-49.316692978090046,,
8323,realistic,3,x0y0,utah,,,Aa,saline,,,100.0,b,-1,0.08,axon,16.2,149804.88080829981,702.1302578929393,913.4685949013872,centered,,,,none,0.0,success,105.0,0.005,,,,,,701.2589687914079,,
8324,realistic,3,x0y0,utah,,,Aa,saline,,,100.0,b,-1,0.08,axon,15.6,147759.43229153025,-471.1379364732752,980.1866629170273,centered,,,,none,0.0,success,105.0,0.005,,,,,,400.70501515247236,,
8325,realistic,3,x0y0,utah,,,Aa,saline,,,100.0,b,-1,0.08,axon,14.4,143121.1028280587,749.5260087558536,1161.0010374192625,centered,,,,none,0.0,success,105.0,0.005,,,,,,65.65206346127873,,
8326,realistic,3,x0y0,utah,,,Aa,saline,,,100.0,b,-1,0.08,axon,14.6,144017.06086537114,-9.272908268619176,818.2094816656528,centered,,,,none,0.0,success,105.0,0.005,,,,,,160.29472623936894,,
8327,realistic,3,x0y0,utah,,,Ab,saline,,,100.0,b,-1,0.08,axon,13.0,136354.5154275434,-612.7751766165334,679.2604907181493,centered,,,,none,0.0,success,105.0,0.005,,,,,,31.112415807237863,,
8328,realistic,3,x0y0,utah,,,Ab,saline,,,100.0,b,-1,0.08,axon,9.8,110639.86991539561,825.7528477066479,973.7615828514172,centered,,,,none,0.0,success,105.0,0.005,,,,,,-335.1893154390724,,
8329,realistic,3,x0y0,utah,,,Ab,saline,,,100.0,b,-1,0.08,axon,9.0,102090.96741709307,880.6740555272862,937.1766874318356,centered,,,,none,0.0,success,105.0,0.005,,,,,,287.7542067595596,,
8330,realistic,3,x0y0,utah,,,Ab,saline,,,100.0,b,-1,0.08,axon,12.6,133798.01407732425,507.7743284512831,-913.8078071765412,centered,,,,none,0.0,success,105.0,0.005,,,,,,-191.59799495069092,,
8331,realistic,3,x0y0,utah,,,Ab,saline,,,100.0,b,-1,0.08,axon,13.9,141113.92561888098,873.6010682986539,673.1877374116798,centered,,,,none,0.0,success,105.0,0.005,,,,,,226.82377619586455,,
8332,realistic,3,x0y0,utah,,,Ab,saline,,,100.0,b,-1,0.08,axon,8.7,97721.48785632703,1017.0098391878108,647.164092263939,centered,,,,none,0.0,success,105.0,0.005,,,,,,-299.2300776135629,,
8333,realistic,3,x0y0,utah,,,Ab,saline,,,100.0,b,-1,0.08,axon,12.2,131421.39351697432,949.6937379073083,1012.7463287881346,centered,,,,none,0.0,success,105.0,0.005,,,,,,-26.22895506207561,,
8334,realistic,3,x0y0,utah,,,Ab,saline,,,100.0,b,-1,0.08,axon,10.4,117465.46651173213,-486.3124573921396,-1144.6793932355895,centered,,,,none,0.0,success,105.0,0.005,,,,,,438.7096367331665,,
8335,realistic,3,x0y0,utah,,,Ab,saline,,,100.0,b,-1,0.08,axon,10.7,120011.53230369909,831.1452846726663,371.5468160220644,centered,,,,49,5.260000000000122,success,80.45654296875,0.005,,,,,1406.2734723504109,208.2405548620493,831.1452846726663,371.5468160220644
8336,realistic,3,x0y0,utah,,,Ab,saline,,,100.0,b,-1,0.08,axon,12.1,130623.49531128506,-691.4687631833749,715.8409098963631,centered,,,,none,0.0,success,105.0,0.005,,,,,,-154.36167927268372,,
8337,realistic,3,x0y0,utah,,,Aa,saline,,,100.0,b,-1,0.08,axon,17.2,151274.27246226714,1247.3860559553484,-508.6034865497927,centered,,,,none,0.0,success,105.0,0.005,,,,,,-244.92647965288143,,
8338,realistic,3,x0y0,utah,,,Aa,saline,,,100.0,b,-1,0.08,axon,16.2,149665.4047345301,1187.789347930372,157.09780431352738,centered,,,,none,0.0,success,105.0,0.005,,,,,,561.7828950216992,,
8339,realistic,3,x0y0,utah,,,Aa,saline,,,100.0,b,-1,0.08,axon,14.0,141617.2970816121,1206.9755397403494,458.45247504995,centered,,,,none,0.0,success,105.0,0.005,,,,,,276.8965907040707,,
8340,realistic,3,x0y0,utah,,,Aa,saline,,,100.0,b,-1,0.08,axon,16.1,148979.66721518512,932.2790915207793,390.4076651106929,centered,,,,49,5.290000000000127,success,80.89599609375,0.005,,,,,1638.513655619201,150.21917521957374,932.2790915207793,390.4076651106929
8341,realistic,3,x0y0,utah,,,Aa,saline,,,100.0,b,-1,0.08,axon,17.6,151614.96976735428,1073.7705081555189,-41.94329551915371,centered,,,,49,5.295000000000128,success,81.77490234375,0.005,,,,,801.6015168311424,-721.765839234717,1073.7705081555189,-41.94329551915371
8342,realistic,3,x0y0,utah,,,Aa,saline,,,100.0,b,-1,0.08,axon,15.5,147234.78999667795,837.0863218451068,-487.3169312609243,centered,,,,49,5.285000000000126,success,90.07415771484375,0.005,,,,,1661.643057454523,191.20722978557856,837.0863218451068,-487.3169312609243
8343,realistic,3,x0y0,utah,,,Aa,saline,,,100.0,b,-1,0.08,axon,14.7,144511.9282056892,763.5211321530751,845.8100978012088,centered,,,,none,0.0,success,105.0,0.005,,,,,,267.90656797587053,,
8344,realistic,3,x0y0,utah,,,Aa,saline,,,100.0,b,-1,0.08,axon,16.2,148797.59000650235,-407.2698337552292,-713.1845680784378,centered,,,,none,0.0,success,105.0,0.005,,,,,,-306.031833006037,,
8345,realistic,3,x0y0,utah,,,Aa,saline,,,100.0,b,-1,0.08,axon,17.4,151549.224472392,828.5798926789216,-909.0732942330901,centered,,,,none,0.0,success,105.0,0.005,,,,,,-388.4336234927837,,
8346,realistic,3,x0y0,utah,,,Aa,saline,,,100.0,b,-1,0.08,axon,14.7,144651.52998013876,-169.72013166597438,-839.8964981119698,centered,,,,none,0.0,success,105.0,0.005,,,,,,407.50834242542817,,
8347,realistic,3,x0y0,utah,,,Ab,saline,,,100.0,b,-1,0.08,axon,10.5,117916.67253993175,1038.5487873716206,315.7749757331371,centered,,,,none,0.0,success,105.0,0.005,,,,,,-53.52860819776914,,
8348,realistic,3,x0y0,utah,,,Ab,saline,,,100.0,b,-1,0.08,axon,11.1,123744.95927868766,891.6419697073958,-482.1637837054359,centered,,,,none,0.0,success,105.0,0.005,,,,,,484.0649507190509,,
8349,realistic,3,x0y0,utah,,,Ab,saline,,,100.0,b,-1,0.08,axon,9.9,111649.45170269793,716.1191218947258,-613.3627506017242,centered,,,,none,0.0,success,105.0,0.005,,,,,,-381.8936279193637,,
8350,realistic,3,x0y0,utah,,,Ab,saline,,,100.0,b,-1,0.08,axon,11.2,123472.537054562,402.28577934706885,-1031.6097268016333,centered,,,,none,0.0,success,105.0,0.005,,,,,,-610.6976389336484,,
8351,realistic,3,x0y0,utah,,,Ab,saline,,,100.0,b,-1,0.08,axon,9.5,107251.24282707645,336.06445931899,726.9680444750757,centered,,,,none,0.0,success,105.0,0.005,,,,,,-436.6850832311508,,
8352,realistic,3,x0y0,utah,,,Ab,saline,,,100.0,b,-1,0.08,axon,17.0,151250.59959585546,-455.0151335479682,1302.6028529489067,centered,,,,none,0.0,success,105.0,0.005,,,,,,170.13475992710008,,
8353,realistic,3,x0y0,utah,,,Ab,saline,,,100.0,b,-1,0.08,axon,13.6,139403.10587996626,692.1624569452738,956.1279548015041,centered,,,,none,0.0,success,105.0,0.005,,,,,,-62.04755249974022,,
8354,realistic,3,x0y0,utah,,,Ab,saline,,,100.0,b,-1,0.08,axon,11.0,122803.70762928756,748.3743032940648,971.7968110949936,centered,,,,none,0.0,success,105.0,0.005,,,,,,381.7375529568047,,
8355,realistic,3,x0y0,utah,,,Ab,saline,,,100.0,b,-1,0.08,axon,9.6,108895.05168955144,976.5718973401354,-320.98912962048234,centered,,,,50,5.220000000000116,success,105.0,0.005,,,,,91.49476751578914,91.4947675157949,976.5718973401354,-320.98912962048234
8356,realistic,3,x0y0,utah,,,Ab,saline,,,100.0,b,-1,0.08,axon,10.6,119383.12392882108,-188.4592346148384,-1068.4560945408416,centered,,,,none,0.0,success,105.0,0.005,,,,,,487.48918909978363,,
8357,realistic,3,x0y0,utah,,,Aa,saline,,,100.0,b,-1,0.08,axon,16.3,148748.63673762325,-171.96339441972168,-1356.2648119571136,centered,,,,none,0.0,success,105.0,0.005,,,,,,-622.8332754324853,,
8358,realistic,3,x0y0,utah,,,Aa,saline,,,100.0,b,-1,0.08,axon,18.8,154860.89082312526,-110.99538012329731,-1307.8386518190302,centered,,,,none,0.0,success,105.0,0.005,,,,,,490.9998563010205,,
8359,realistic,3,x0y0,utah,,,Aa,saline,,,100.0,b,-1,0.08,axon,15.6,147119.6112762571,1216.1026266146628,-412.3763711712918,centered,,,,none,0.0,success,105.0,0.005,,,,,,-239.11600012067254,,
8360,realistic,3,x0y0,utah,,,Aa,saline,,,100.0,b,-1,0.08,axon,16.3,149708.0976738433,896.9697529216493,675.1287330082278,centered,,,,none,0.0,success,105.0,0.005,,,,,,336.6276607875611,,
8361,realistic,3,x0y0,utah,,,Aa,saline,,,100.0,b,-1,0.08,axon,19.2,155547.24592353115,1287.821197288471,405.0709379655632,centered,,,,none,0.0,success,105.0,0.005,,,,,,619.6130322097438,,
8362,realistic,3,x0y0,utah,,,Aa,saline,,,100.0,b,-1,0.08,axon,17.1,151491.09639277507,1209.4101189918324,-97.34239458780668,centered,,,,49,5.460000000000154,success,105.0,0.005,,,,,1701.6971314517432,188.67289648882183,1209.4101189918324,-97.34239458780668
8363,realistic,3,x0y0,utah,,,Aa,saline,,,100.0,b,-1,0.08,axon,17.0,150803.40040072476,796.667278297497,-570.126853708362,centered,,,,50,5.18000000000011,success,105.0,0.005,,,,,-277.0644352036179,-277.06443520360904,796.667278297497,-570.126853708362
8364,realistic,3,x0y0,utah,,,Aa,saline,,,100.0,b,-1,0.08,axon,15.8,147255.06596168526,-201.3474647331459,838.6391603347847,centered,,,,none,0.0,success,105.0,0.005,,,,,,-712.5006562970735,,
8365,realistic,3,x0y0,utah,,,Aa,saline,,,100.0,b,-1,0.08,axon,16.9,150864.72681311733,1030.4652408168643,116.60296726832712,centered,,,,49,5.270000000000124,success,63.8916015625,0.005,,,,,1520.0532522646536,11.521196094420153,1030.4652408168643,116.60296726832712
8366,realistic,3,x0y0,utah,,,Aa,saline,,,100.0,b,-1,0.08,axon,15.8,148375.2373759173,760.9764787965993,422.6810050492328,centered,,,,49,5.24500000000012,success,73.81591796875,0.005,,,,,1887.3464241147449,407.6707579349344,760.9764787965993,422.6810050492328
8367,realistic,3,x0y0,utah,,,Ab,saline,,,100.0,b,-1,0.08,axon,8.9,100573.29234984863,733.9362003430856,-949.272683527267,centered,,,,none,0.0,success,105.0,0.005,,,,,,9.606251705602963,,
8368,realistic,3,x0y0,utah,,,Ab,saline,,,100.0,b,-1,0.08,axon,12.1,130599.82545849217,22.07023028643744,813.6270295337283,centered,,,,none,0.0,success,105.0,0.005,,,,,,-178.03153206553108,,
8369,realistic,3,x0y0,utah,,,Ab,saline,,,100.0,b,-1,0.08,axon,9.9,112407.3649109416,1133.360334024722,344.07823440834136,centered,,,,none,0.0,success,105.0,0.005,,,,,,376.0195803243074,,
8370,realistic,3,x0y0,utah,,,Ab,saline,,,100.0,b,-1,0.08,axon,12.5,134028.46134371508,1176.1317199700736,-280.04720037060133,centered,,,,none,0.0,success,105.0,0.005,,,,,,654.2532071335338,,
8371,realistic,3,x0y0,utah,,,Ab,saline,,,100.0,b,-1,0.08,axon,10.2,114672.71403896467,1086.7049383836463,722.6078517101332,centered,,,,none,0.0,success,105.0,0.005,,,,,,-412.1966504569985,,
8372,realistic,3,x0y0,utah,,,Ab,saline,,,100.0,b,-1,0.08,axon,18.9,154193.5821913245,-668.5616513564069,722.1535575798944,centered,,,,none,0.0,success,105.0,0.005,,,,,,-320.81628003116316,,
8373,realistic,3,x0y0,utah,,,Ab,saline,,,100.0,b,-1,0.08,axon,9.8,110487.89228952909,-330.5340513339612,-894.0617741157475,centered,,,,none,0.0,success,105.0,0.005,,,,,,-487.16694130561183,,
8374,realistic,3,x0y0,utah,,,Ab,saline,,,100.0,b,-1,0.08,axon,11.7,127634.38112621984,1027.4243509204844,43.505603573391895,centered,,,,51,5.24500000000012,success,76.3916015625,0.005,,,,,-1599.7954997980414,-320.24919657012913,1027.4243509204844,43.505603573391895
8375,realistic,3,x0y0,utah,,,Ab,saline,,,100.0,b,-1,0.08,axon,10.7,119739.94573585686,-417.60457685524665,702.8214566757288,centered,,,,none,0.0,success,105.0,0.005,,,,,,-63.346012980190885,,
8376,realistic,3,x0y0,utah,,,Ab,saline,,,100.0,b,-1,0.08,axon,11.0,122719.01960432314,-526.8634207010044,-1159.9630551699388,centered,,,,none,0.0,success,105.0,0.005,,,,,,297.0495279924113,,
8377,realistic,3,x0y0,utah,,,Aa,saline,,,100.0,b,-1,0.08,axon,15.6,146833.39035128884,562.3161506102251,-632.6119420564438,centered,,,,none,0.0,success,105.0,0.005,,,,,,-525.3369250889159,,
8378,realistic,3,x0y0,utah,,,Aa,saline,,,100.0,b,-1,0.08,axon,17.4,152337.82741055038,835.657764256574,-836.7425028217449,centered,,,,none,0.0,success,105.0,0.005,,,,,,400.16931466564074,,
8379,realistic,3,x0y0,utah,,,Aa,saline,,,100.0,b,-1,0.08,axon,16.7,150023.39949293676,881.3185184031703,511.6915184134906,centered,,,,50,5.305000000000129,success,99.462890625,0.005,,,,,-358.9049549702904,-358.90495497028917,881.3185184031703,511.6915184134906
8380,realistic,3,x0y0,utah,,,Aa,saline,,,100.0,b,-1,0.08,axon,16.0,149224.1769266893,249.31837000114228,1092.0678055627277,centered,,,,none,0.0,success,105.0,0.005,,,,,,675.3676495321757,,
8381,realistic,3,x0y0,utah,,,Aa,saline,,,100.0,b,-1,0.08,axon,17.8,153259.71387769195,-18.514300316718163,-989.0929802927277,centered,,,,none,0.0,success,105.0,0.005,,,,,,542.4244018067941,,
8382,realistic,3,x0y0,utah,,,Aa,saline,,,100.0,b,-1,0.08,axon,18.2,153416.27593530054,-356.5422332950275,-1283.7205857654915,centered,,,,none,0.0,success,105.0,0.005,,,,,,-9.81191081110786,,
8383,realistic,3,x0y0,utah,,,Aa,saline,,,100.0,b,-1,0.08,axon,16.1,148477.04653221948,843.3835124130818,-176.98081372238042,centered,,,,51,5.215000000000115,success,42.572021484375,0.005,,,,,-1840.6959881457442,-352.4015077460656,843.3835124130818,-176.98081372238042
8384,realistic,3,x0y0,utah,,,Aa,saline,,,100.0,b,-1,0.08,axon,14.7,144757.76128001985,552.3862816554229,-913.0305801929168,centered,,,,none,0.0,success,105.0,0.005,,,,,,513.7396423065214,,
8385,realistic,3,x0y0,utah,,,Aa,saline,,,100.0,b,-1,0.08,axon,14.7,144005.45634839154,939.6244014544127,104.21861649821085,centered,,,,51,5.220000000000116,success,50.68359375,0.005,,,,,-1681.0055056989368,-238.56528932175647,939.6244014544127,104.21861649821085
8386,realistic,3,x0y0,utah,,,Aa,saline,,,100.0,b,-1,0.08,axon,14.2,142009.71508167472,1222.6301464659864,54.449950826498025,centered,,,,none,0.0,success,105.0,0.005,,,,,,-207.451620822302,,
8387,realistic,3,x0y0,utah,,,Ab,saline,,,100.0,b,-1,0.08,axon,9.5,107240.62329486066,989.4689965893041,-603.8241678417289,centered,,,,none,0.0,success,105.0,0.005,,,,,,-447.30461544693634,,
8388,realistic,3,x0y0,utah,,,Ab,saline,,,100.0,b,-1,0.08,axon,9.0,101364.95701664296,319.2289583229749,1253.5458061117645,centered,,,,none,0.0,success,105.0,0.005,,,,,,-438.25619369054573,,
8389,realistic,3,x0y0,utah,,,Ab,saline,,,100.0,b,-1,0.08,axon,9.0,101687.48068217497,532.0889642289885,1097.1592674341882,centered,,,,none,0.0,success,105.0,0.005,,,,,,-115.73252815856189,,
8390,realistic,3,x0y0,utah,,,Ab,saline,,,100.0,b,-1,0.08,axon,10.6,119488.9212369166,1131.6238418655666,-517.6155705935921,centered,,,,none,0.0,success,105.0,0.005,,,,,,593.2864971953118,,
8391,realistic,3,x0y0,utah,,,Ab,saline,,,100.0,b,-1,0.08,axon,8.9,100959.68368228305,506.0362997164843,-644.8568513293002,centered,,,,none,0.0,success,105.0,0.005,,,,,,395.9975841400212,,
8392,realistic,3,x0y0,utah,,,Ab,saline,,,100.0,b,-1,0.08,axon,8.9,100677.83303447187,119.43778583367478,-1211.706180621546,centered,,,,none,0.0,success,105.0,0.005,,,,,,114.14693632884523,,
8393,realistic,3,x0y0,utah,,,Ab,saline,,,100.0,b,-1,0.08,axon,8.2,90879.13234297707,-93.93331703745251,1154.5360543203078,centered,,,,none,0.0,success,105.0,0.005,,,,,,-404.77674236741234,,
8394,realistic,3,x0y0,utah,,,Ab,saline,,,100.0,b,-1,0.08,axon,8.2,91174.8107836193,105.8834888922488,-1104.7707249316381,centered,,,,none,0.0,success,105.0,0.005,,,,,,-109.09830172519024,,
8395,realistic,3,x0y0,utah,,,Ab,saline,,,100.0,b,-1,0.08,axon,10.8,120867.60204927543,-452.5439742660888,-1271.0919588785014,centered,,,,none,0.0,success,105.0,0.005,,,,,,174.19394829121066,,
8396,realistic,3,x0y0,utah,,,Ab,saline,,,100.0,b,-1,0.08,axon,11.1,123807.85602815502,1013.5441808506047,857.5318684369258,centered,,,,none,0.0,success,105.0,0.005,,,,,,546.9617001864424,,
8397,realistic,3,x0y0,utah,,,Aa,saline,,,100.0,b,-1,0.08,axon,15.7,147227.9537207647,1114.3883966620624,390.47084003020433,centered,,,,none,0.0,success,105.0,0.005,,,,,,-438.7173648528115,,
8398,realistic,3,x0y0,utah,,,Aa,saline,,,100.0,b,-1,0.08,axon,15.1,145096.7638006286,1151.963536262867,64.28853239221644,centered,,,,49,5.225000000000117,success,105.0,0.005,,,,,845.9870252959663,-611.0915279902433,1151.963536262867,64.28853239221644
8399,realistic,3,x0y0,utah,,,Aa,saline,,,100.0,b,-1,0.08,axon,16.7,150792.45451050665,636.0786776376663,1207.7590193360138,centered,,,,none,0.0,success,105.0,0.005,,,,,,410.1500625996112,,
8400,realistic,3,x0y0,utah,,,Aa,saline,,,100.0,b,-1,0.08,axon,14.9,145291.94024422645,892.5718758218654,-131.42930339266877,centered,,,,49,5.195000000000112,success,45.59326171875,0.005,,,,,1749.2400458242919,299.31378119394543,892.5718758218654,-131.42930339266877
8401,realistic,3,x0y0,utah,,,Aa,saline,,,100.0,b,-1,0.08,axon,14.6,143660.7977642697,447.508331599642,699.4406395829501,centered,,,,none,0.0,success,105.0,0.005,,,,,,-195.9683748621005,,
8402,realistic,3,x0y0,utah,,,Aa,saline,,,100.0,b,-1,0.08,axon,16.9,150266.4647092032,-234.94542856275075,816.8052853265988,centered,,,,none,0.0,success,105.0,0.005,,,,,,-586.7409078197251,,
8403,realistic,3,x0y0,utah,,,Aa,saline,,,100.0,b,-1,0.08,axon,14.6,144061.94738698087,-391.60869484825247,-982.3939215557876,centered,,,,none,0.0,success,105.0,0.005,,,,,,205.18124784903733,,
8404,realistic,3,x0y0,utah,,,Aa,saline,,,100.0,b,-1,0.08,axon,14.8,144056.89380060253,-286.8972604436949,-1221.7443321090109,centered,,,,none,0.0,success,105.0,0.005,,,,,,-565.6889787945438,,
8405,realistic,3,x0y0,utah,,,Aa,saline,,,100.0,b,-1,0.08,axon,17.0,150923.40759413427,-39.66795600373097,1038.596455269787,centered,,,,none,0.0,success,105.0,0.005,,,,,,-157.0572417941093,,
8406,realistic,3,x0y0,utah,,,Aa,saline,,,100.0,b,-1,0.08,axon,13.1,136300.11943788626,448.0788498007705,-1265.2583723949601,centered,,,,none,0.0,success,105.0,0.005,,,,,,-575.9037066485282,,
8407,realistic,3,x0y0,utah,,,Ab,saline,,,100.0,b,-1,0.08,axon,15.4,146363.88125523773,1016.9470291374467,775.3907757225188,centered,,,,none,0.0,success,105.0,0.005,,,,,,-357.201203863888,,
8408,realistic,3,x0y0,utah,,,Ab,saline,,,100.0,b,-1,0.08,axon,9.7,110043.91019104254,21.67839513069657,-810.7335838729933,centered,,,,none,0.0,success,105.0,0.005,,,,,,144.71085332733205,,
8409,realistic,3,x0y0,utah,,,Ab,saline,,,100.0,b,-1,0.08,axon,8.8,99011.167835756,645.9348171333893,-758.6685784294972,centered,,,,none,0.0,success,105.0,0.005,,,,,,-291.7375848896932,,
8410,realistic,3,x0y0,utah,,,Ab,saline,,,100.0,b,-1,0.08,axon,11.5,126907.26132881637,917.0034059873427,496.55890176135244,centered,,,,none,0.0,success,105.0,0.005,,,,,,454.09477860023065,,
8411,realistic,3,x0y0,utah,,,Ab,saline,,,100.0,b,-1,0.08,axon,8.8,99327.08788445557,912.8673813634492,20.447304600063948,centered,,,,49,5.2100000000001145,success,54.5166015625,0.005,,,,,1017.2115180163528,24.18246380988897,912.8673813634492,20.447304600063948
8412,realistic,3,x0y0,utah,,,Ab,saline,,,100.0,b,-1,0.08,axon,8.2,91696.03255972633,979.6071738362424,-168.359898339173,centered,,,,49,5.275000000000125,success,98.291015625,0.005,,,,,1324.9625652352988,412.12347438183167,979.6071738362424,-168.359898339173
8413,realistic,3,x0y0,utah,,,Ab,saline,,,100.0,b,-1,0.08,axon,13.1,137032.6310324951,-466.657155633432,1000.7729403724527,centered,,,,none,0.0,success,105.0,0.005,,,,,,156.60788796033464,,
8414,realistic,3,x0y0,utah,,,Ab,saline,,,100.0,b,-1,0.08,axon,10.3,116109.17907335116,353.5110639026538,-1041.141437510571,centered,,,,none,0.0,success,105.0,0.005,,,,,,44.10914902173853,,
8415,realistic,3,x0y0,utah,,,Ab,saline,,,100.0,b,-1,0.08,axon,16.7,149810.74582729573,1289.6726944269094,-399.9072503253773,centered,,,,none,0.0,success,105.0,0.005,,,,,,-571.5586206112799,,
8416,realistic,3,x0y0,utah,,,Ab,saline,,,100.0,b,-1,0.08,axon,10.1,114060.25527168409,550.5792469466504,901.8349750519864,centered,,,,none,0.0,success,105.0,0.005,,,,,,-25.796977016090146,,
8417,realistic,3,x0y0,utah,,,Aa,saline,,,100.0,b,-1,0.08,axon,17.9,153272.2454125831,454.72110251411186,-1192.8772719774713,centered,,,,none,0.0,success,105.0,0.005,,,,,,371.36664736410864,,
8418,realistic,3,x0y0,utah,,,Aa,saline,,,100.0,b,-1,0.08,axon,16.3,149797.43633642915,525.5459292916398,1083.8309702579613,centered,,,,none,0.0,success,105.0,0.005,,,,,,425.96632337340253,,
8419,realistic,3,x0y0,utah,,,Aa,saline,,,100.0,b,-1,0.08,axon,15.8,147669.14695868274,9.148843974920057,1036.3556979906034,centered,,,,none,0.0,success,105.0,0.005,,,,,,-298.419659299615,,
8420,realistic,3,x0y0,utah,,,Aa,saline,,,100.0,b,-1,0.08,axon,16.5,150394.43575663964,1010.9326152722342,729.5430949840455,centered,,,,none,0.0,success,105.0,0.005,,,,,,505.7016537504329,,
8421,realistic,3,x0y0,utah,,,Aa,saline,,,100.0,b,-1,0.08,axon,13.7,140641.50751962274,-24.654337958056203,-1188.9177306643587,centered,,,,none,0.0,success,105.0,0.005,,,,,,691.8267530084069,,
8422,realistic,3,x0y0,utah,,,Aa,saline,,,100.0,b,-1,0.08,axon,16.1,149179.29861790803,-468.4891569584452,-1032.4994151688538,centered,,,,none,0.0,success,105.0,0.005,,,,,,349.850577942482,,
8423,realistic,3,x0y0,utah,,,Aa,saline,,,100.0,b,-1,0.08,axon,16.7,150057.35303458775,-66.24759759627796,1259.722245459956,centered,,,,none,0.0,success,105.0,0.005,,,,,,-324.9514133192926,,
8424,realistic,3,x0y0,utah,,,Aa,saline,,,100.0,b,-1,0.08,axon,16.1,148512.0055790907,445.18027607529257,-1310.851903164098,centered,,,,none,0.0,success,105.0,0.005,,,,,,-317.442460874844,,
8425,realistic,3,x0y0,utah,,,Aa,saline,,,100.0,b,-1,0.08,axon,15.0,145254.1897818435,1192.840101322876,-326.9367303093886,centered,,,,none,0.0,success,105.0,0.005,,,,,,-100.13706084062338,,
8426,realistic,3,x0y0,utah,,,Aa,saline,,,100.0,b,-1,0.08,axon,15.0,145090.8913865697,1139.2682018199393,-141.97528551067762,centered,,,,51,5.240000000000119,success,97.6318359375,0.005,,,,,-1716.978724541259,-263.4354561144247,1139.2682018199393,-141.97528551067762
8427,realistic,3,x0y0,utah,,,Ab,saline,,,100.0,b,-1,0.08,axon,10.2,115472.22141817528,314.3490237222495,-1003.0743492875323,centered,,,,none,0.0,success,105.0,0.005,,,,,,387.31072875361605,,
8428,realistic,3,x0y0,utah,,,Ab,saline,,,100.0,b,-1,0.08,axon,9.7,109672.41669109504,212.25313974205937,1377.7732482839074,centered,,,,none,0.0,success,105.0,0.005,,,,,,-226.78264662016412,,
8429,realistic,3,x0y0,utah,,,Ab,saline,,,100.0,b,-1,0.08,axon,10.3,116469.67302870016,601.459693013006,820.1840408482626,centered,,,,none,0.0,success,105.0,0.005,,,,,,404.6031043707209,,
8430,realistic,3,x0y0,utah,,,Ab,saline,,,100.0,b,-1,0.08,axon,10.1,113585.97524043873,156.37828538335134,-1018.3419280412787,centered,,,,none,0.0,success,105.0,0.005,,,,,,-500.07700826143235,,
8431,realistic,3,x0y0,utah,,,Ab,saline,,,100.0,b,-1,0.08,axon,8.2,91193.84522917436,-453.3257280551312,985.3303683838903,centered,,,,none,0.0,success,105.0,0.005,,,,,,-90.06385617011749,,
8432,realistic,3,x0y0,utah,,,Ab,saline,,,100.0,b,-1,0.08,axon,12.1,131048.64903645508,-291.2878554487765,-807.1167895277722,centered,,,,none,0.0,success,105.0,0.005,,,,,,270.7920458973565,,
8433,realistic,3,x0y0,utah,,,Ab,saline,,,100.0,b,-1,0.08,axon,9.1,103183.93392831589,303.1874686371748,-1144.2311623335495,centered,,,,none,0.0,success,105.0,0.005,,,,,,162.28618718446734,,
8434,realistic,3,x0y0,utah,,,Ab,saline,,,100.0,b,-1,0.08,axon,13.7,139635.13228544078,12.66474783376998,1108.1829275719683,centered,,,,none,0.0,success,105.0,0.005,,,,,,-314.54848117358307,,
8435,realistic,3,x0y0,utah,,,Ab,saline,,,100.0,b,-1,0.08,axon,9.9,112143.25161411738,396.12936048275736,1290.7676867233251,centered,,,,none,0.0,success,105.0,0.005,,,,,,111.90628350008602,,
8436,realistic,3,x0y0,utah,,,Ab,saline,,,100.0,b,-1,0.08,axon,8.7,97551.82982890727,-556.2595679017986,908.2160312431424,centered,,,,none,0.0,success,105.0,0.005,,,,,,-468.8881050333292,,
8437,realistic,3,x0y0,utah,,,Aa,saline,,,100.0,b,-1,0.08,axon,15.1,145751.74326474714,-588.580984122772,931.8599970094427,centered,,,,none,0.0,success,105.0,0.005,,,,,,43.88793612831974,,
8438,realistic,3,x0y0,utah,,,Aa,saline,,,100.0,b,-1,0.08,axon,16.5,149835.38672141306,246.6047207701185,-1092.0282812182145,centered,,,,none,0.0,success,105.0,0.005,,,,,,-53.3473814761791,,
8439,realistic,3,x0y0,utah,,,Aa,saline,,,100.0,b,-1,0.08,axon,17.1,150566.72609872295,1060.9486830796618,-357.6395524271961,centered,,,,49,5.31000000000013,success,105.0,0.005,,,,,777.3268373996252,-735.6973975632469,1060.9486830796618,-357.6395524271961
8440,realistic,3,x0y0,utah,,,Aa,saline,,,100.0,b,-1,0.08,axon,17.2,152256.55876058628,-315.5653960302252,-889.0886779312323,centered,,,,none,0.0,success,105.0,0.005,,,,,,737.3598186662696,,
8441,realistic,3,x0y0,utah,,,Aa,saline,,,100.0,b,-1,0.08,axon,15.1,145578.66834562866,1114.8311604306418,468.1182452235876,centered,,,,none,0.0,success,105.0,0.005,,,,,,-129.18698299018186,,
8442,realistic,3,x0y0,utah,,,Aa,saline,,,100.0,b,-1,0.08,axon,14.4,142729.38057637427,312.39989765298384,-858.5495333217259,centered,,,,none,0.0,success,105.0,0.005,,,,,,-326.0701882231675,,
8443,realistic,3,x0y0,utah,,,Aa,saline,,,100.0,b,-1,0.08,axon,14.9,145668.60440284276,224.22448043397802,862.3934142895978,centered,,,,none,0.0,success,105.0,0.005,,,,,,675.9779398102685,,
8444,realistic,3,x0y0,utah,,,Aa,saline,,,100.0,b,-1,0.08,axon,15.8,148344.93327060726,-582.7189037353719,1060.289315124909,centered,,,,none,0.0,success,105.0,0.005,,,,,,377.36665262489373,,
8445,realistic,3,x0y0,utah,,,Aa,saline,,,100.0,b,-1,0.08,axon,16.9,151437.7497775268,31.226407326482786,-907.8738176629222,centered,,,,none,0.0,success,105.0,0.005,,,,,,584.5441605038615,,
8446,realistic,3,x0y0,utah,,,Aa,saline,,,100.0,b,-1,0.08,axon,14.8,144273.6297910671,952.7915725116903,246.31022707533108,centered,,,,51,5.285000000000126,success,68.39599609375,0.005,,,,,-1795.1788161239529,-348.9529883299875,952.7915725116903,246.31022707533108
8447,realistic,3,x0y0,utah,,,Ab,saline,,,100.0,b,-1,0.08,axon,10.4,117129.79914638045,885.8000987636482,-913.013813039865,centered,,,,none,0.0,success,105.0,0.005,,,,,,103.0422713814826,,
8448,realistic,3,x0y0,utah,,,Ab,saline,,,100.0,b,-1,0.08,axon,10.0,112878.62068759622,-638.6280737944694,907.8644841902388,centered,,,,none,0.0,success,105.0,0.005,,,,,,-189.6499834593636,,
8449,realistic,3,x0y0,utah,,,Ab,saline,,,100.0,b,-1,0.08,axon,9.0,102036.79786473892,948.9355198208312,71.14788182577877,centered,,,,49,5.215000000000115,success,67.041015625,0.005,,,,,1251.6167865087336,233.58465440539246,948.9355198208312,71.14788182577877
8450,realistic,3,x0y0,utah,,,Ab,saline,,,100.0,b,-1,0.08,axon,10.9,121729.1138303218,205.4271503336504,913.2966612450504,centered,,,,none,0.0,success,105.0,0.005,,,,,,162.89254919317275,,
8451,realistic,3,x0y0,utah,,,Ab,saline,,,100.0,b,-1,0.08,axon,13.0,135786.1243134191,-290.0178167244472,-1014.8905204463948,centered,,,,none,0.0,success,105.0,0.005,,,,,,-537.2786983170616,,
8452,realistic,3,x0y0,utah,,,Ab,saline,,,100.0,b,-1,0.08,axon,9.5,107928.0099363958,1183.3147440098155,134.9709021504059,centered,,,,none,0.0,success,105.0,0.005,,,,,,240.08202608822126,,
8453,realistic,3,x0y0,utah,,,Ab,saline,,,100.0,b,-1,0.08,axon,14.6,144489.63600892643,-168.80540796653304,889.7843125900972,centered,,,,none,0.0,success,105.0,0.005,,,,,,632.8698697946693,,
8454,realistic,3,x0y0,utah,,,Ab,saline,,,100.0,b,-1,0.08,axon,12.1,130228.05018467756,465.3139068438687,-1013.3420768891764,centered,,,,none,0.0,success,105.0,0.005,,,,,,-549.8068058801772,,
8455,realistic,3,x0y0,utah,,,Ab,saline,,,100.0,b,-1,0.08,axon,10.4,116764.26385184894,-9.566067986557755,-1164.085618422846,centered,,,,none,0.0,success,105.0,0.005,,,,,,-262.4930231499855,,
8456,realistic,3,x0y0,utah,,,Ab,saline,,,100.0,b,-1,0.08,axon,9.8,110757.3126834926,622.0469083183752,670.391145031871,centered,,,,none,0.0,success,105.0,0.005,,,,,,-217.7465473420692,,
8457,realistic,3,x0y0,utah,,,Aa,saline,,,100.0,b,-1,0.08,axon,16.8,150943.05801408342,-640.537055249406,-591.0203830303726,centered,,,,none,0.0,success,105.0,0.005,,,,,,322.53184844448367,,
8458,realistic,3,x0y0,utah,,,Aa,saline,,,100.0,b,-1,0.08,axon,18.2,154069.16330867427,1128.2829376004966,-718.7406308135077,centered,,,,none,0.0,success,105.0,0.005,,,,,,643.0754625625734,,
8459,realistic,3,x0y0,utah,,,Aa,saline,,,100.0,b,-1,0.08,axon,14.8,144488.72924613857,531.5384765553517,692.7778481471646,centered,,,,none,0.0,success,105.0,0.005,,,,,,-133.85353325854996,,
8460,realistic,3,x0y0,utah,,,Aa,saline,,,100.0,b,-1,0.08,axon,14.9,144605.4368833994,-16.989432767523795,-1118.1261761623052,centered,,,,none,0.0,success,105.0,0.005,,,,,,-387.1895796330861,,
8461,realistic,3,x0y0,utah,,,Aa,saline,,,100.0,b,-1,0.08,axon,16.9,151344.28444368366,-257.49884309886465,926.1837935507408,centered,,,,none,0.0,success,105.0,0.005,,,,,,491.0788266606907,,
8462,realistic,3,x0y0,utah,,,Aa,saline,,,100.0,b,-1,0.08,axon,14.2,142263.95426326682,753.4956489993582,-907.6452573907768,centered,,,,none,0.0,success,105.0,0.005,,,,,,46.78756076982545,,
8463,realistic,3,x0y0,utah,,,Aa,saline,,,100.0,b,-1,0.08,axon,15.9,148936.6632560581,-584.7620477083237,995.2642842531303,centered,,,,none,0.0,success,105.0,0.005,,,,,,675.0996166490353,,
8464,realistic,3,x0y0,utah,,,Aa,saline,,,100.0,b,-1,0.08,axon,16.2,149630.02573200114,1195.8541912315131,-514.1984537737426,centered,,,,none,0.0,success,105.0,0.005,,,,,,526.4038924927596,,
8465,realistic,3,x0y0,utah,,,Aa,saline,,,100.0,b,-1,0.08,axon,17.0,150821.51489981948,-406.1980407441515,919.9842181550673,centered,,,,none,0.0,success,105.0,0.005,,,,,,-258.94993610885797,,
8466,realistic,3,x0y0,utah,,,Aa,saline,,,100.0,b,-1,0.08,axon,14.8,144740.50086971282,-270.55425112556486,793.3014535519019,centered,,,,none,0.0,success,105.0,0.005,,,,,,117.91809031575316,,
8467,realistic,3,x0y0,utah,,,Ab,saline,,,100.0,b,-1,0.08,axon,15.6,147516.80044674745,481.68093681926666,-715.4868065707033,centered,,,,none,0.0,success,105.0,0.005,,,,,,158.07317036965816,,
8468,realistic,3,x0y0,utah,,,Ab,saline,,,100.0,b,-1,0.08,axon,9.0,101334.59869348773,704.6010948446337,516.5491335267889,centered,,,,none,0.0,success,105.0,0.005,,,,,,-468.6145168457759,,
8469,realistic,3,x0y0,utah,,,Ab,saline,,,100.0,b,-1,0.08,axon,9.5,107837.75309745867,1258.4541904018645,508.0765025116716,centered,,,,none,0.0,success,105.0,0.005,,,,,,149.8251871510753,,
8470,realistic,3,x0y0,utah,,,Ab,saline,,,100.0,b,-1,0.08,axon,10.6,119207.40199956535,579.2991396681538,-871.6183037534429,centered,,,,none,0.0,success,105.0,0.005,,,,,,311.7672598440633,,
8471,realistic,3,x0y0,utah,,,Ab,saline,,,100.0,b,-1,0.08,axon,9.3,105743.96185090234,-508.9166036941938,-1036.2602172781417,centered,,,,none,0.0,success,105.0,0.005,,,,,,348.0426024715408,,
8472,realistic,3,x0y0,utah,,,Ab,saline,,,100.0,b,-1,0.08,axon,9.7,109539.2285959609,512.0877545312292,827.6760988533493,centered,,,,none,0.0,success,105.0,0.005,,,,,,-359.97074175431635,,
8473,realistic,3,x0y0,utah,,,Ab,saline,,,100.0,b,-1,0.08,axon,9.3,105061.69462514766,-182.93188515436898,1096.2346045718696,centered,,,,none,0.0,success,105.0,0.005,,,,,,-334.2246232831389,,
8474,realistic,3,x0y0,utah,,,Ab,saline,,,100.0,b,-1,0.08,axon,8.2,91232.07758959023,799.939346659482,-543.7832493241526,centered,,,,none,0.0,success,105.0,0.005,,,,,,-51.83149575425615,,
8475,realistic,3,x0y0,utah,,,Ab,saline,,,100.0,b,-1,0.08,axon,9.8,111086.06794036883,942.2403836162966,-403.0599662260666,centered,,,,none,0.0,success,105.0,0.005,,,,,,111.00870953414032,,
8476,realistic,3,x0y0,utah,,,Ab,saline,,,100.0,b,-1,0.08,axon,10.1,114569.0836457942,1152.6432703624832,-637.892040049881,centered,,,,none,0.0,success,105.0,0.005,,,,,,483.0313970940371,,
8477,realistic,3,x0y0,utah,,,Aa,saline,,,100.0,b,-1,0.08,axon,14.5,143102.68118286994,-127.02957496074669,-1140.4417612714005,centered,,,,none,0.0,success,105.0,0.005,,,,,,-357.9554587922092,,
8478,realistic,3,x0y0,utah,,,Aa,saline,,,100.0,b,-1,0.08,axon,15.9,147607.36423482496,330.68594032712826,-1234.6742887036346,centered,,,,none,0.0,success,105.0,0.005,,,,,,-654.1994045841017,,
8479,realistic,3,x0y0,utah,,,Aa,saline,,,100.0,b,-1,0.08,axon,19.7,154945.1904524176,494.22671096254766,875.3404562469715,centered,,,,none,0.0,success,105.0,0.005,,,,,,-608.0827584575605,,
8480,realistic,3,x0y0,utah,,,Aa,saline,,,100.0,b,-1,0.08,axon,15.1,146011.4232939197,-69.35808325038714,-881.9112229014578,centered,,,,none,0.0,success,105.0,0.005,,,,,,303.56796530087183,,
8481,realistic,3,x0y0,utah,,,Aa,saline,,,100.0,b,-1,0.08,axon,16.1,149373.18261647635,458.81166232776087,1072.4673365914914,centered,,,,none,0.0,success,105.0,0.005,,,,,,543.7345765107789,,
8482,realistic,3,x0y0,utah,,,Aa,saline,,,100.0,b,-1,0.08,axon,14.1,141832.8016607317,-553.7505365729266,1059.9104238953278,centered,,,,none,0.0,success,105.0,0.005,,,,,,49.111516454070255,,
8483,realistic,3,x0y0,utah,,,Aa,saline,,,100.0,b,-1,0.08,axon,14.9,144718.09316248132,-134.6693539039247,977.0185509804304,centered,,,,none,0.0,success,105.0,0.005,,,,,,-274.5333005511888,,
8484,realistic,3,x0y0,utah,,,Aa,saline,,,100.0,b,-1,0.08,axon,15.6,147662.27077502498,-462.00530776409005,1031.0943618664096,centered,,,,none,0.0,success,105.0,0.005,,,,,,303.54349864718904,,
8485,realistic,3,x0y0,utah,,,Aa,saline,,,100.0,b,-1,0.08,axon,14.3,141995.75255826878,-445.2287854864621,784.1209014490523,centered,,,,none,0.0,success,105.0,0.005,,,,,,-645.2708376012476,,
8486,realistic,3,x0y0,utah,,,Aa,saline,,,100.0,b,-1,0.08,axon,16.4,149598.93528748726,19.72078895018967,1087.0143518757377,centered,,,,none,0.0,success,105.0,0.005,,,,,,-34.19405975958473,,
8487,realistic,3,x0y0,utah,,,Ab,saline,,,100.0,b,-1,0.08,axon,11.0,122861.85280992163,-418.44724347283227,-820.4683350039943,centered,,,,none,0.0,success,105.0,0.005,,,,,,439.88273359086486,,
8488,realistic,3,x0y0,utah,,,Ab,saline,,,100.0,b,-1,0.08,axon,9.4,106965.57805263891,527.2536916297702,1027.9315748202316,centered,,,,none,0.0,success,105.0,0.005,,,,,,413.46480839567977,,
8489,realistic,3,x0y0,utah,,,Ab,saline,,,100.0,b,-1,0.08,axon,8.8,99247.25539217645,339.15433646820117,1237.5910193639193,centered,,,,none,0.0,success,105.0,0.005,,,,,,-55.650028469233334,,
8490,realistic,3,x0y0,utah,,,Ab,saline,,,100.0,b,-1,0.08,axon,12.2,131418.1113310717,866.0601671941913,-226.6980536261108,centered,,,,49,5.220000000000116,success,50.927734375,0.005,,,,,1284.9650837556837,-29.511140964664374,866.0601671941913,-226.6980536261108
8491,realistic,3,x0y0,utah,,,Ab,saline,,,100.0,b,-1,0.08,axon,12.0,130030.57974597329,468.8008963070402,-722.8253284248476,centered,,,,none,0.0,success,105.0,0.005,,,,,,-63.33354746192586,,
8492,realistic,3,x0y0,utah,,,Ab,saline,,,100.0,b,-1,0.08,axon,8.9,100826.94369872913,-532.1787440906178,1155.3956545896071,centered,,,,none,0.0,success,105.0,0.005,,,,,,263.2576005860777,,
8493,realistic,3,x0y0,utah,,,Ab,saline,,,100.0,b,-1,0.08,axon,13.1,136330.85683386598,11.389952906920824,1337.2406250890815,centered,,,,none,0.0,success,105.0,0.005,,,,,,-545.1663106687345,,
8494,realistic,3,x0y0,utah,,,Ab,saline,,,100.0,b,-1,0.08,axon,9.3,105395.0239703469,-663.5530189635065,-624.6411943858293,centered,,,,none,0.0,success,105.0,0.005,,,,,,-0.8952780839009659,,
8495,realistic,3,x0y0,utah,,,Ab,saline,,,100.0,b,-1,0.08,axon,11.3,124523.07133607965,-136.77146420706092,-1062.6990436019373,centered,,,,none,0.0,success,105.0,0.005,,,,,,-366.1610815820922,,
8496,realistic,3,x0y0,utah,,,Ab,saline,,,100.0,b,-1,0.08,axon,18.8,154223.96720040718,1173.5113970699483,697.4177163079985,centered,,,,none,0.0,success,105.0,0.005,,,,,,-145.92376641704175,,
8497,realistic,3,x0y0,utah,,,Aa,saline,,,100.0,b,-1,0.08,axon,17.9,153660.39578016198,483.4875557365672,-1010.2290974487956,centered,,,,none,0.0,success,105.0,0.005,,,,,,759.5170149429766,,
8498,realistic,3,x0y0,utah,,,Aa,saline,,,100.0,b,-1,0.08,axon,15.1,145562.32054892278,-192.31747040761547,-1306.7018794080052,centered,,,,none,0.0,success,105.0,0.005,,,,,,-145.53477969604123,,
8499,realistic,3,x0y0,utah,,,Aa,saline,,,100.0,b,-1,0.08,axon,15.5,147323.62927711973,-601.6369993695616,-809.5717918944797,centered,,,,none,0.0,success,105.0,0.005,,,,,,280.04651022738005,,
8500,realistic,3,x0y0,utah,,,Aa,saline,,,100.0,b,-1,0.08,axon,19.0,154346.78339594402,816.8159533213006,-374.4723837574794,centered,,,,51,5.24500000000012,success,62.79296875,0.005,,,,,-1855.2435330672888,-308.68881099786836,816.8159533213006,-374.4723837574794
8501,realistic,3,x0y0,utah,,,Aa,saline,,,100.0,b,-1,0.08,axon,14.5,142843.36313528314,412.6327441698536,851.4818126428363,centered,,,,none,0.0,success,105.0,0.005,,,,,,-617.2735063790589,,
8502,realistic,3,x0y0,utah,,,Aa,saline,,,100.0,b,-1,0.08,axon,14.6,144457.9774011572,225.8138163010836,-919.2092852006717,centered,,,,none,0.0,success,105.0,0.005,,,,,,601.2112620253928,,
8503,realistic,3,x0y0,utah,,,Aa,saline,,,100.0,b,-1,0.08,axon,14.7,144691.9490869047,36.858070672672966,968.0273296067436,centered,,,,none,0.0,success,105.0,0.005,,,,,,447.9274491913691,,
8504,realistic,3,x0y0,utah,,,Aa,saline,,,100.0,b,-1,0.08,axon,17.7,151914.46413984307,891.8171154702678,344.52397247690584,centered,,,,51,5.2800000000001255,success,75.29296875,0.005,,,,,-2140.104340262682,-614.8115830339352,891.8171154702678,344.52397247690584
8505,realistic,3,x0y0,utah,,,Aa,saline,,,100.0,b,-1,0.08,axon,16.4,149482.46155583323,862.9554479725247,489.5112000325239,centered,,,,51,5.255000000000122,success,91.1865234375,0.005,,,,,-1646.999084886047,-150.66779141354934,862.9554479725247,489.5112000325239
8506,realistic,3,x0y0,utah,,,Aa,saline,,,100.0,b,-1,0.08,axon,16.5,149825.94457399636,1086.0271385347264,-522.3329514696707,centered,,,,none,0.0,success,105.0,0.005,,,,,,-62.78952889282674,,
8507,realistic,3,x0y0,utah,,,Ab,saline,,,100.0,b,-1,0.08,axon,9.0,101300.37669351643,-516.5634953960762,-642.7247712545968,centered,,,,none,0.0,success,105.0,0.005,,,,,,-502.83651681710114,,
8508,realistic,3,x0y0,utah,,,Ab,saline,,,100.0,b,-1,0.08,axon,11.2,123603.89448748075,892.7282185442864,268.54953301844125,centered,,,,51,5.250000000000121,success,76.025390625,0.005,,,,,-1720.1725529498653,-479.340206014896,892.7282185442864,268.54953301844125
8509,realistic,3,x0y0,utah,,,Ab,saline,,,100.0,b,-1,0.08,axon,10.4,117241.67348686069,1046.9669961172976,885.4414863510738,centered,,,,none,0.0,success,105.0,0.005,,,,,,214.91661186173505,,
8510,realistic,3,x0y0,utah,,,Ab,saline,,,100.0,b,-1,0.08,axon,9.4,106853.93099633847,808.2766656532706,283.97545331237643,centered,,,,49,5.255000000000122,success,66.05224609375,0.005,,,,,1367.3388845376903,301.8177520952692,808.2766656532706,283.97545331237643
8511,realistic,3,x0y0,utah,,,Ab,saline,,,100.0,b,-1,0.08,axon,12.2,130925.1668810206,-625.9830542515609,1086.1124579138161,centered,,,,none,0.0,success,105.0,0.005,,,,,,-522.4555910158024,,
8512,realistic,3,x0y0,utah,,,Ab,saline,,,100.0,b,-1,0.08,axon,9.5,107836.3107440126,231.01058011047093,1042.2406164648455,centered,,,,none,0.0,success,105.0,0.005,,,,,,148.3828337049876,,
8513,realistic,3,x0y0,utah,,,Ab,saline,,,100.0,b,-1,0.08,axon,10.3,116569.9704588625,-441.20923434494216,1136.8281167770729,centered,,,,none,0.0,success,105.0,0.005,,,,,,504.90053453307405,,
8514,realistic,3,x0y0,utah,,,Ab,saline,,,100.0,b,-1,0.08,axon,9.2,104406.20229086668,775.1870009084038,-577.4865891299032,centered,,,,none,0.0,success,105.0,0.005,,,,,,187.0442849778674,,
8515,realistic,3,x0y0,utah,,,Ab,saline,,,100.0,b,-1,0.08,axon,11.6,127325.59883145898,882.2975273102124,-174.24034951901558,centered,,,,49,5.205000000000114,success,48.81591796875,0.005,,,,,1386.1282398831681,114.01237532179537,882.2975273102124,-174.24034951901558
8516,realistic,3,x0y0,utah,,,Ab,saline,,,100.0,b,-1,0.08,axon,11.5,126481.5915264619,578.9533720442323,897.6183616856842,centered,,,,none,0.0,success,105.0,0.005,,,,,,28.424976245740353,,
8517,realistic,3,x0y0,utah,,,Aa,saline,,,100.0,b,-1,0.08,axon,15.5,146415.47139597376,-435.0691543489552,-1276.4173003742508,centered,,,,none,0.0,success,105.0,0.005,,,,,,-628.1113709186102,,
8518,realistic,3,x0y0,utah,,,Aa,saline,,,100.0,b,-1,0.08,axon,18.8,154579.5350928388,210.35494541697608,-1168.4961076779584,centered,,,,none,0.0,success,105.0,0.005,,,,,,209.64412601457718,,
8519,realistic,3,x0y0,utah,,,Aa,saline,,,100.0,b,-1,0.08,axon,14.6,144240.6940985221,-385.8513938015232,-936.5546430653158,centered,,,,none,0.0,success,105.0,0.005,,,,,,383.9279593903189,,
8520,realistic,3,x0y0,utah,,,Aa,saline,,,100.0,b,-1,0.08,axon,14.9,145252.92174583735,1035.301282436687,-372.278532781108,centered,,,,49,5.155000000000106,success,105.0,0.005,,,,,1710.2215474351833,260.2952828048405,1035.301282436687,-372.278532781108
8521,realistic,3,x0y0,utah,,,Aa,saline,,,100.0,b,-1,0.08,axon,14.4,143512.18044724394,438.2797409164045,739.4303041566568,centered,,,,none,0.0,success,105.0,0.005,,,,,,456.72968264653406,,
8522,realistic,3,x0y0,utah,,,Aa,saline,,,100.0,b,-1,0.08,axon,16.7,150095.1651757827,711.6674557529122,-888.8231254511761,centered,,,,none,0.0,success,105.0,0.005,,,,,,-287.13927212435317,,
8523,realistic,3,x0y0,utah,,,Aa,saline,,,100.0,b,-1,0.08,axon,15.2,145936.53710936214,982.8094172489186,-364.6348411437612,centered,,,,49,5.300000000000129,success,86.46240234375,0.005,,,,,1343.6903244897258,-116.84348141805786,982.8094172489186,-364.6348411437612
8524,realistic,3,x0y0,utah,,,Aa,saline,,,100.0,b,-1,0.08,axon,16.6,150152.85189583938,1059.4301317302234,498.08256314794335,centered,,,,none,0.0,success,105.0,0.005,,,,,,14.435855139558198,,
8525,realistic,3,x0y0,utah,,,Aa,saline,,,100.0,b,-1,0.08,axon,13.1,137005.20482266226,-170.72516462508062,1292.8795255535933,centered,,,,none,0.0,success,105.0,0.005,,,,,,129.1816781274885,,
8526,realistic,3,x0y0,utah,,,Aa,saline,,,100.0,b,-1,0.08,axon,14.7,144850.6415518884,781.3898791470879,-259.42450098716563,centered,,,,49,5.250000000000121,success,56.396484375,0.005,,,,,2049.060130552214,606.6199141750748,781.3898791470879,-259.42450098716563
8527,realistic,3,x0y0,utah,,,Ab,saline,,,100.0,b,-1,0.08,axon,10.8,121251.03307827962,225.6298633542442,-1119.723904795941,centered,,,,none,0.0,success,105.0,0.005,,,,,,557.624977295418,,
8528,realistic,3,x0y0,utah,,,Ab,saline,,,100.0,b,-1,0.08,axon,12.2,131368.08618895806,157.32346787635925,-1203.2062285453521,centered,,,,none,0.0,success,105.0,0.005,,,,,,-79.53628307831166,,
8529,realistic,3,x0y0,utah,,,Ab,saline,,,100.0,b,-1,0.08,axon,8.9,100827.83678942377,118.60957472931796,-954.3353197321657,centered,,,,none,0.0,success,105.0,0.005,,,,,,264.1506912807119,,
8530,realistic,3,x0y0,utah,,,Ab,saline,,,100.0,b,-1,0.08,axon,9.1,103210.7549097178,1252.5913887465467,237.6074666794375,centered,,,,none,0.0,success,105.0,0.005,,,,,,189.10716858635672,,
8531,realistic,3,x0y0,utah,,,Ab,saline,,,100.0,b,-1,0.08,axon,11.0,121930.5061987867,-160.0108976662891,-1164.820071829918,centered,,,,none,0.0,success,105.0,0.005,,,,,,-491.4638775440677,,
8532,realistic,3,x0y0,utah,,,Ab,saline,,,100.0,b,-1,0.08,axon,11.9,129753.00219656508,-5.932824884989714,1251.2969704798452,centered,,,,none,0.0,success,105.0,0.005,,,,,,357.4485566744758,,
8533,realistic,3,x0y0,utah,,,Ab,saline,,,100.0,b,-1,0.08,axon,10.0,113048.70426213801,2.0486397695085543,-984.3259225027208,centered,,,,none,0.0,success,105.0,0.005,,,,,,-19.566408917589637,,
8534,realistic,3,x0y0,utah,,,Ab,saline,,,100.0,b,-1,0.08,axon,9.8,110817.96688667256,-540.0162867873651,1083.930145877067,centered,,,,none,0.0,success,105.0,0.005,,,,,,-157.09234416210916,,
8535,realistic,3,x0y0,utah,,,Ab,saline,,,100.0,b,-1,0.08,axon,10.3,116641.74637533039,-589.8217144804668,1015.9027177877556,centered,,,,none,0.0,success,105.0,0.005,,,,,,576.6764510009627,,
8536,realistic,3,x0y0,utah,,,Ab,saline,,,100.0,b,-1,0.08,axon,9.5,107412.11343124963,-275.10203639025667,-1064.9181705662454,centered,,,,none,0.0,success,105.0,0.005,,,,,,-275.8144790579538,,
8537,realistic,3,x0y0,utah,,,Aa,saline,,,100.0,b,-1,0.08,axon,13.6,139912.06864517267,1311.9157171703573,186.30207973428605,centered,,,,none,0.0,success,105.0,0.005,,,,,,446.91521270667687,,
8538,realistic,3,x0y0,utah,,,Aa,saline,,,100.0,b,-1,0.08,axon,14.8,143932.56478733206,-555.017056146226,-959.3532110889367,centered,,,,none,0.0,success,105.0,0.005,,,,,,-690.0179920650685,,
8539,realistic,3,x0y0,utah,,,Aa,saline,,,100.0,b,-1,0.08,axon,14.3,142844.97263763944,1187.7683216901194,-56.09549878567304,centered,,,,none,0.0,success,105.0,0.005,,,,,,203.94924176941157,,
8540,realistic,3,x0y0,utah,,,Aa,saline,,,100.0,b,-1,0.08,axon,14.0,141653.40813981582,-66.21591630036755,1312.5334065584755,centered,,,,none,0.0,success,105.0,0.005,,,,,,313.0076489077628,,
8541,realistic,3,x0y0,utah,,,Aa,saline,,,100.0,b,-1,0.08,axon,15.8,147406.97372562985,514.6210704058035,-760.4046387300588,centered,,,,none,0.0,success,105.0,0.005,,,,,,-560.5928923524884,,
8542,realistic,3,x0y0,utah,,,Aa,saline,,,100.0,b,-1,0.08,axon,16.2,149262.40644149712,426.23652406548723,-688.095893771063,centered,,,,none,0.0,success,105.0,0.005,,,,,,158.7846019886946,,
8543,realistic,3,x0y0,utah,,,Aa,saline,,,100.0,b,-1,0.08,axon,15.2,145798.00868149626,100.36107927654848,-904.9627421675633,centered,,,,none,0.0,success,105.0,0.005,,,,,,-255.371909283944,,
8544,realistic,3,x0y0,utah,,,Aa,saline,,,100.0,b,-1,0.08,axon,15.5,146353.56505443365,465.1921366122118,-964.2896032789254,centered,,,,none,0.0,success,105.0,0.005,,,,,,-690.0177124587,,
8545,realistic,3,x0y0,utah,,,Aa,saline,,,100.0,b,-1,0.08,axon,15.2,145622.48066788822,1077.2496063009112,669.6989843068702,centered,,,,none,0.0,success,105.0,0.005,,,,,,-430.8999228920032,,
8546,realistic,3,x0y0,utah,,,Aa,saline,,,100.0,b,-1,0.08,axon,17.6,151634.971730454,-68.67196712195982,-1202.57004844793,centered,,,,none,0.0,success,105.0,0.005,,,,,,-701.7638761350287,,
8547,realistic,3,x0y0,utah,,,Ab,saline,,,100.0,b,-1,0.08,axon,9.3,105644.39234633902,10.274948285229584,1303.675320223002,centered,,,,none,0.0,success,105.0,0.005,,,,,,248.47309790822143,,
8548,realistic,3,x0y0,utah,,,Ab,saline,,,100.0,b,-1,0.08,axon,11.4,125964.25001289575,749.9651368420772,789.2543117955058,centered,,,,none,0.0,success,105.0,0.005,,,,,,285.12089978994135,,
8549,realistic,3,x0y0,utah,,,Ab,saline,,,100.0,b,-1,0.08,axon,10.7,120013.95402328054,-303.42264630619,-917.8230045787959,centered,,,,none,0.0,success,105.0,0.005,,,,,,210.6622744435266,,
8550,realistic,3,x0y0,utah,,,Ab,saline,,,100.0,b,-1,0.08,axon,8.8,98816.25947029066,1049.4678708952317,256.7677704093385,centered,,,,none,0.0,success,105.0,0.005,,,,,,-486.6459503550112,,
8551,realistic,3,x0y0,utah,,,Ab,saline,,,100.0,b,-1,0.08,axon,14.0,141191.59621863876,254.17120492812862,-809.1583215223039,centered,,,,none,0.0,success,105.0,0.005,,,,,,-148.80427226928757,,
8552,realistic,3,x0y0,utah,,,Ab,saline,,,100.0,b,-1,0.08,axon,13.3,137877.4730092978,-651.9538808160105,-1210.2616578081681,centered,,,,none,0.0,success,105.0,0.005,,,,,,-68.34834036873504,,
8553,realistic,3,x0y0,utah,,,Ab,saline,,,100.0,b,-1,0.08,axon,9.2,104243.85617163936,641.4381554506026,820.7156870479147,centered,,,,none,0.0,success,105.0,0.005,,,,,,24.6981657505612,,
8554,realistic,3,x0y0,utah,,,Ab,saline,,,100.0,b,-1,0.08,axon,12.1,131178.78649040722,149.4884780674233,789.0516504881543,centered,,,,none,0.0,success,105.0,0.005,,,,,,400.92949984950246,,
8555,realistic,3,x0y0,utah,,,Ab,saline,,,100.0,b,-1,0.08,axon,9.5,107451.70775309666,283.0052491336219,969.1221133444768,centered,,,,none,0.0,success,105.0,0.005,,,,,,-236.22015721092617,,
8556,realistic,3,x0y0,utah,,,Ab,saline,,,100.0,b,-1,0.08,axon,12.1,130508.44391809488,719.8717805878606,1015.891658540053,centered,,,,none,0.0,success,105.0,0.005,,,,,,-269.4130724628506,,
8557,realistic,3,x0y0,utah,,,Aa,saline,,,100.0,b,-1,0.08,axon,14.8,144415.2942268803,702.0309969163917,548.1273768973583,centered,,,,50,5.2800000000001255,success,96.533203125,0.005,,,,,-207.28855251678033,-207.2885525167673,702.0309969163917,548.1273768973583
8558,realistic,3,x0y0,utah,,,Aa,saline,,,100.0,b,-1,0.08,axon,16.0,148867.17132695485,82.44268595600352,-1319.9042731891361,centered,,,,none,0.0,success,105.0,0.005,,,,,,318.36204979773015,,
8559,realistic,3,x0y0,utah,,,Aa,saline,,,100.0,b,-1,0.08,axon,17.8,152406.7981188795,950.6046071752036,-100.05146352858357,centered,,,,51,5.225000000000117,success,50.927734375,0.005,,,,,-1837.6642517645378,-310.4913570056674,950.6046071752036,-100.05146352858357
8560,realistic,3,x0y0,utah,,,Aa,saline,,,100.0,b,-1,0.08,axon,17.3,152445.86069863915,922.6452793019612,586.4924548174745,centered,,,,none,0.0,success,105.0,0.005,,,,,,714.9544818070076,,
8561,realistic,3,x0y0,utah,,,Aa,saline,,,100.0,b,-1,0.08,axon,13.1,136662.59824588988,1024.3357769469173,461.53990437522725,centered,,,,none,0.0,success,105.0,0.005,,,,,,-213.42489864486743,,
8562,realistic,3,x0y0,utah,,,Aa,saline,,,100.0,b,-1,0.08,axon,17.4,151723.56210763086,983.8286966585547,210.19790789573287,centered,,,,51,5.240000000000119,success,63.525390625,0.005,,,,,-1733.472569212754,-214.0959882539357,983.8286966585547,210.19790789573287
8563,realistic,3,x0y0,utah,,,Aa,saline,,,100.0,b,-1,0.08,axon,15.4,146630.39357902278,605.0715906027402,641.9977297428259,centered,,,,none,0.0,success,105.0,0.005,,,,,,-90.68888007881391,,
8564,realistic,3,x0y0,utah,,,Aa,saline,,,100.0,b,-1,0.08,axon,15.0,145565.6620040649,558.2004904854725,1234.0015002397367,centered,,,,none,0.0,success,105.0,0.005,,,,,,211.3351613807777,,
8565,realistic,3,x0y0,utah,,,Aa,saline,,,100.0,b,-1,0.08,axon,15.0,145794.81695870415,-662.1349836613348,1009.803220532462,centered,,,,none,0.0,success,105.0,0.005,,,,,,440.4901160200126,,
8566,realistic,3,x0y0,utah,,,Aa,saline,,,100.0,b,-1,0.08,axon,16.0,148666.84258565912,676.3249428602908,458.9959009482318,centered,,,,49,5.270000000000124,success,70.9228515625,0.005,,,,,1603.5214012735523,118.03330850200425,676.3249428602908,458.9959009482318
8567,realistic,3,x0y0,utah,,,Ab,saline,,,100.0,b,-1,0.08,axon,10.1,114079.18230141279,844.9698698499724,430.0465726145803,centered,,,,50,5.2800000000001255,success,99.462890625,0.005,,,,,-6.869947287370451,-6.8699472873531695,844.9698698499724,430.0465726145803
8568,realistic,3,x0y0,utah,,,Ab,saline,,,100.0,b,-1,0.08,axon,8.7,98234.72946586172,305.6600593193648,-842.3406136777527,centered,,,,none,0.0,success,105.0,0.005,,,,,,214.01153192111573,,
8569,realistic,3,x0y0,utah,,,Ab,saline,,,100.0,b,-1,0.08,axon,10.8,120350.08926616082,-699.768938787126,1110.4520384537882,centered,,,,none,0.0,success,105.0,0.005,,,,,,-343.31883482337827,,
8570,realistic,3,x0y0,utah,,,Ab,saline,,,100.0,b,-1,0.08,axon,11.2,124521.82545021846,864.3794384899353,-280.27872100122073,centered,,,,49,5.2350000000001184,success,71.47216796875,0.005,,,,,1679.4231036577548,438.5907567227893,864.3794384899353,-280.27872100122073
8571,realistic,3,x0y0,utah,,,Ab,saline,,,100.0,b,-1,0.08,axon,11.8,128910.94739622384,-253.29461800264244,984.7943824194226,centered,,,,none,0.0,success,105.0,0.005,,,,,,228.4081724648136,,
8572,realistic,3,x0y0,utah,,,Ab,saline,,,100.0,b,-1,0.08,axon,10.0,113201.95985224865,-101.62457213378592,1194.9831369091507,centered,,,,none,0.0,success,105.0,0.005,,,,,,133.68918119305278,,
8573,realistic,3,x0y0,utah,,,Ab,saline,,,100.0,b,-1,0.08,axon,9.1,103250.42685835496,1172.0512839162475,-435.3242453458315,centered,,,,none,0.0,success,105.0,0.005,,,,,,228.77911722353252,,
8574,realistic,3,x0y0,utah,,,Ab,saline,,,100.0,b,-1,0.08,axon,10.7,120378.37798571502,499.3142534644657,722.7146073168933,centered,,,,none,0.0,success,105.0,0.005,,,,,,575.0862368779751,,
8575,realistic,3,x0y0,utah,,,Ab,saline,,,100.0,b,-1,0.08,axon,8.7,98500.04188873863,1232.5422119323248,509.7530957361951,centered,,,,none,0.0,success,105.0,0.005,,,,,,479.32395479801437,,
8576,realistic,3,x0y0,utah,,,Ab,saline,,,100.0,b,-1,0.08,axon,13.1,137037.2248090883,868.2820192867723,331.4234530839785,centered,,,,49,5.24500000000012,success,67.95654296875,0.005,,,,,1529.9618959989166,161.2016645535411,868.2820192867723,331.4234530839785
8577,realistic,3,x0y0,utah,,,Aa,saline,,,100.0,b,-1,0.08,axon,16.0,148947.03258072335,1064.374491781996,-79.53739767433763,centered,,,,49,5.285000000000126,success,76.3916015625,0.005,,,,,1883.7113963377778,398.2233035662313,1064.374491781996,-79.53739767433763
8578,realistic,3,x0y0,utah,,,Aa,saline,,,100.0,b,-1,0.08,axon,16.0,149267.16077565245,-250.75270093047857,-859.035601913592,centered,,,,none,0.0,success,105.0,0.005,,,,,,718.3514984953142,,
8579,realistic,3,x0y0,utah,,,Aa,saline,,,100.0,b,-1,0.08,axon,15.7,147606.59477214466,-634.7557119714411,971.1146462386732,centered,,,,none,0.0,success,105.0,0.005,,,,,,-60.0763134728882,,
8580,realistic,3,x0y0,utah,,,Aa,saline,,,100.0,b,-1,0.08,axon,14.1,141320.99423494266,-503.0666124078903,-786.1425433636978,centered,,,,none,0.0,success,105.0,0.005,,,,,,-462.6959093349762,,
8581,realistic,3,x0y0,utah,,,Aa,saline,,,100.0,b,-1,0.08,axon,17.0,151461.549716312,916.6001676224632,-38.955476554837325,centered,,,,49,5.215000000000115,success,45.59326171875,0.005,,,,,1891.889528742904,381.08488038362816,916.6001676224632,-38.955476554837325
8582,realistic,3,x0y0,utah,,,Aa,saline,,,100.0,b,-1,0.08,axon,16.6,149596.513153923,396.4412163302245,-1114.841119248625,centered,,,,none,0.0,success,105.0,0.005,,,,,,-541.9028867767933,,
8583,realistic,3,x0y0,utah,,,Aa,saline,,,100.0,b,-1,0.08,axon,18.5,153167.31389057677,1092.9420528039254,83.38513946572266,centered,,,,49,5.295000000000128,success,85.14404296875,0.005,,,,,791.5142223696748,-747.6352692284387,1092.9420528039254,83.38513946572266
8584,realistic,3,x0y0,utah,,,Aa,saline,,,100.0,b,-1,0.08,axon,14.1,142310.65389275612,1166.8764620272195,47.98383110508666,centered,,,,none,0.0,success,105.0,0.005,,,,,,526.9637484785004,,
8585,realistic,3,x0y0,utah,,,Aa,saline,,,100.0,b,-1,0.08,axon,15.5,147714.88979404734,1216.7299528660394,123.3923298735208,centered,,,,none,0.0,success,105.0,0.005,,,,,,671.3070271549677,,
8586,realistic,3,x0y0,utah,,,Aa,saline,,,100.0,b,-1,0.08,axon,14.4,142639.94127175913,-425.6392180969257,934.5156667681192,centered,,,,none,0.0,success,105.0,0.005,,,,,,-415.5094928382761,,
8587,realistic,3,x0y0,utah,,,Ab,saline,,,100.0,b,-1,0.08,axon,10.2,115442.32355918366,235.73776795730961,-1134.899133332299,centered,,,,none,0.0,success,105.0,0.005,,,,,,357.4128697619582,,
8588,realistic,3,x0y0,utah,,,Ab,saline,,,100.0,b,-1,0.08,axon,8.2,91036.58628559565,1068.8719065707382,-98.56379729589935,centered,,,,none,0.0,success,105.0,0.005,,,,,,-247.32279974884557,,
8589,realistic,3,x0y0,utah,,,Ab,saline,,,100.0,b,-1,0.08,axon,11.2,123764.66218570412,-201.38759454038518,1196.9470612734913,centered,,,,none,0.0,success,105.0,0.005,,,,,,-318.57250779154094,,
8590,realistic,3,x0y0,utah,,,Ab,saline,,,100.0,b,-1,0.08,axon,9.1,102965.18165202573,1191.7322854250094,565.3264962565028,centered,,,,none,0.0,success,105.0,0.005,,,,,,-56.46608910571211,,
8591,realistic,3,x0y0,utah,,,Ab,saline,,,100.0,b,-1,0.08,axon,11.3,124277.44401698804,369.1791845416028,1335.4477118740178,centered,,,,none,0.0,success,105.0,0.005,,,,,,-611.7884006737132,,
8592,realistic,3,x0y0,utah,,,Ab,saline,,,100.0,b,-1,0.08,axon,12.6,133534.5101594415,-225.1428270317483,-1264.3756541212165,centered,,,,none,0.0,success,105.0,0.005,,,,,,-455.1019128334205,,
8593,realistic,3,x0y0,utah,,,Ab,saline,,,100.0,b,-1,0.08,axon,15.0,145174.19664543305,1096.909388766434,-781.6881058102654,centered,,,,none,0.0,success,105.0,0.005,,,,,,-180.1301972510821,,
8594,realistic,3,x0y0,utah,,,Ab,saline,,,100.0,b,-1,0.08,axon,10.7,120345.67151798244,491.4938880429763,1232.0904959024629,centered,,,,none,0.0,success,105.0,0.005,,,,,,542.3797691454023,,
8595,realistic,3,x0y0,utah,,,Ab,saline,,,100.0,b,-1,0.08,axon,11.1,123646.78777234655,-369.950823192024,912.5750948409034,centered,,,,none,0.0,success,105.0,0.005,,,,,,385.89344437797706,,
8596,realistic,3,x0y0,utah,,,Ab,saline,,,100.0,b,-1,0.08,axon,15.6,147597.62888642188,-187.7092079132267,-951.0013460861937,centered,,,,none,0.0,success,105.0,0.005,,,,,,238.9016100441073,,
8597,realistic,3,x0y0,utah,,,Aa,saline,,,100.0,b,-1,0.08,axon,17.1,150784.79248062478,-233.39883126756283,1229.864591564974,centered,,,,none,0.0,success,105.0,0.005,,,,,,-517.6310156614284,,
8598,realistic,3,x0y0,utah,,,Aa,saline,,,100.0,b,-1,0.08,axon,16.5,149628.61079894062,952.6173280712436,-488.3010127008879,centered,,,,51,5.205000000000114,success,105.0,0.005,,,,,-1759.0106449774757,-260.1233039486211,952.6173280712436,-488.3010127008879
8599,realistic,3,x0y0,utah,,,Aa,saline,,,100.0,b,-1,0.08,axon,15.3,146072.58840006345,627.3036768443158,-530.2292157018378,centered,,,,51,5.240000000000119,success,91.1865234375,0.005,,,,,-1782.3908501958358,-318.48016454975664,627.3036768443158,-530.2292157018378
8600,realistic,3,x0y0,utah,,,Aa,saline,,,100.0,b,-1,0.08,axon,13.7,139680.01362164968,966.1317888240835,241.0345485278504,centered,,,,50,5.250000000000121,success,70.9228515625,0.005,,,,,-269.66714496468194,-269.6671449646912,966.1317888240835,241.0345485278504
8601,realistic,3,x0y0,utah,,,Aa,saline,,,100.0,b,-1,0.08,axon,16.8,150178.5669676007,728.1805245594278,500.4063595227067,centered,,,,50,5.305000000000129,success,85.58349609375,0.005,,,,,-441.95919803823926,-441.9591980382338,728.1805245594278,500.4063595227067
8602,realistic,3,x0y0,utah,,,Aa,saline,,,100.0,b,-1,0.08,axon,16.6,149582.25236923902,1077.8629689611025,243.38903947942936,centered,,,,50,5.290000000000127,success,93.603515625,0.005,,,,,-556.1636714607885,-556.1636714607894,1077.8629689611025,243.38903947942936
8603,realistic,3,x0y0,utah,,,Aa,saline,,,100.0,b,-1,0.08,axon,15.9,148338.32218180207,672.6167988161002,960.5994622263547,centered,,,,none,0.0,success,105.0,0.005,,,,,,76.75854239302205,,
8604,realistic,3,x0y0,utah,,,Aa,saline,,,100.0,b,-1,0.08,axon,16.1,148252.67677683133,551.5523808707871,-1107.5949488456872,centered,,,,none,0.0,success,105.0,0.005,,,,,,-576.7712631342204,,
8605,realistic,3,x0y0,utah,,,Aa,saline,,,100.0,b,-1,0.08,axon,14.1,141762.70480623428,1013.283786719756,47.89084569465921,centered,,,,50,5.240000000000119,success,61.962890625,0.005,,,,,-20.985338043334195,-20.985338043332504,1013.283786719756,47.89084569465921
8606,realistic,3,x0y0,utah,,,Aa,saline,,,100.0,b,-1,0.08,axon,15.6,148081.03221911218,580.1248976189527,-946.7133202446263,centered,,,,none,0.0,success,105.0,0.005,,,,,,722.3049427343847,,
8607,realistic,3,x0y0,utah,,,Ab,saline,,,100.0,b,-1,0.08,axon,8.7,97713.22206292953,-274.5791566140283,-1160.7556928500098,centered,,,,none,0.0,success,105.0,0.005,,,,,,-307.4958710110916,,
8608,realistic,3,x0y0,utah,,,Ab,saline,,,100.0,b,-1,0.08,axon,11.2,123534.76640558614,-680.0439574607834,590.7556751051243,centered,,,,none,0.0,success,105.0,0.005,,,,,,-548.4682879095521,,
8609,realistic,3,x0y0,utah,,,Ab,saline,,,100.0,b,-1,0.08,axon,9.4,106430.7308001362,-163.35702515052162,1041.8477617179012,centered,,,,none,0.0,success,105.0,0.005,,,,,,-121.38244410701927,,
8610,realistic,3,x0y0,utah,,,Ab,saline,,,100.0,b,-1,0.08,axon,8.8,99479.55400013828,1110.239414810515,-600.4631889678612,centered,,,,none,0.0,success,105.0,0.005,,,,,,176.64857949259567,,
8611,realistic,3,x0y0,utah,,,Ab,saline,,,100.0,b,-1,0.08,axon,8.9,100281.29496843688,-378.74637763506735,-1283.86562481045,centered,,,,none,0.0,success,105.0,0.005,,,,,,-282.39112970616657,,
8612,realistic,3,x0y0,utah,,,Ab,saline,,,100.0,b,-1,0.08,axon,9.3,104886.84035205221,844.5554455798942,818.6680188260358,centered,,,,none,0.0,success,105.0,0.005,,,,,,-509.07889637858216,,
8613,realistic,3,x0y0,utah,,,Ab,saline,,,100.0,b,-1,0.08,axon,8.9,100511.40402431737,979.391864596364,62.40494611468147,centered,,,,50,5.220000000000116,success,72.900390625,0.005,,,,,-52.28207382567052,-52.282073825688755,979.391864596364,62.40494611468147
8614,realistic,3,x0y0,utah,,,Ab,saline,,,100.0,b,-1,0.08,axon,9.5,107595.15327581973,579.5043031516592,919.0313562626056,centered,,,,none,0.0,success,105.0,0.005,,,,,,-92.77463448786496,,
8615,realistic,3,x0y0,utah,,,Ab,saline,,,100.0,b,-1,0.08,axon,13.7,140016.79168683142,-499.8212925842272,-1023.9649761400584,centered,,,,none,0.0,success,105.0,0.005,,,,,,67.11092021705545,,
8616,realistic,3,x0y0,utah,,,Ab,saline,,,100.0,b,-1,0.08,axon,8.2,91159.73321678396,151.10427969636203,-832.0193956749222,centered,,,,none,0.0,success,105.0,0.005,,,,,,-124.17586856052445,,
8617,realistic,3,x0y0,utah,,,Aa,saline,,,100.0,b,-1,0.08,axon,14.1,141812.21307237286,372.588396574934,1200.8754528526088,centered,,,,none,0.0,success,105.0,0.005,,,,,,28.522928095233087,,
8618,realistic,3,x0y0,utah,,,Aa,saline,,,100.0,b,-1,0.08,axon,15.3,146931.10679020095,-345.9569222886785,-998.3176593510452,centered,,,,none,0.0,success,105.0,0.005,,,,,,540.0382255877632,,
8619,realistic,3,x0y0,utah,,,Aa,saline,,,100.0,b,-1,0.08,axon,16.0,148390.7539495391,710.879034936881,473.0878134838362,centered,,,,50,5.285000000000126,success,75.29296875,0.005,,,,,-158.05532761802897,-158.05532761804932,710.879034936881,473.0878134838362
8620,realistic,3,x0y0,utah,,,Aa,saline,,,100.0,b,-1,0.08,axon,13.7,140153.67417061483,457.0392748833078,-1124.2340819698936,centered,,,,none,0.0,success,105.0,0.005,,,,,,203.99340400048493,,
8621,realistic,3,x0y0,utah,,,Aa,saline,,,100.0,b,-1,0.08,axon,15.9,148209.62671104303,346.66788241441367,-1075.7708696166826,centered,,,,none,0.0,success,105.0,0.005,,,,,,-51.936928366015174,,
8622,realistic,3,x0y0,utah,,,Aa,saline,,,100.0,b,-1,0.08,axon,14.2,142458.01613255354,-662.2604403574182,578.5194593627361,centered,,,,none,0.0,success,105.0,0.005,,,,,,240.84943005656453,,
8623,realistic,3,x0y0,utah,,,Aa,saline,,,100.0,b,-1,0.08,axon,17.3,152213.49678515314,944.4593312154448,960.3416797500996,centered,,,,none,0.0,success,105.0,0.005,,,,,,482.59056832103244,,
8624,realistic,3,x0y0,utah,,,Aa,saline,,,100.0,b,-1,0.08,axon,19.4,155405.40589777718,-56.08294958448914,1207.298946150002,centered,,,,none,0.0,success,105.0,0.005,,,,,,218.42064222198968,,
8625,realistic,3,x0y0,utah,,,Aa,saline,,,100.0,b,-1,0.08,axon,16.2,149605.37396399234,931.5877711922908,319.5349353100405,centered,,,,49,5.250000000000121,success,76.94091796875,0.005,,,,,1992.7883428790083,501.75212448394547,931.5877711922908,319.5349353100405
8626,realistic,3,x0y0,utah,,,Aa,saline,,,100.0,b,-1,0.08,axon,17.0,150462.8935697505,280.67930684957264,-1013.6123632591645,centered,,,,none,0.0,success,105.0,0.005,,,,,,-617.5712661778659,,
8627,realistic,3,x0y0,utah,,,Ab,saline,,,100.0,b,-1,0.08,axon,9.2,103799.19587781574,-615.0104420921925,961.7168527468907,centered,,,,none,0.0,success,105.0,0.005,,,,,,-419.9621280730669,,
8628,realistic,3,x0y0,utah,,,Ab,saline,,,100.0,b,-1,0.08,axon,9.3,105127.17425988897,-333.30140079476365,1083.9665088037973,centered,,,,none,0.0,success,105.0,0.005,,,,,,-268.74498854182616,,
8629,realistic,3,x0y0,utah,,,Ab,saline,,,100.0,b,-1,0.08,axon,19.4,155544.40364681795,936.1918052700566,809.2992666795549,centered,,,,none,0.0,success,105.0,0.005,,,,,,357.4183912627972,,
8630,realistic,3,x0y0,utah,,,Ab,saline,,,100.0,b,-1,0.08,axon,10.5,118484.45696929537,418.393059075724,-1047.731194531163,centered,,,,none,0.0,success,105.0,0.005,,,,,,514.2558211658411,,
8631,realistic,3,x0y0,utah,,,Ab,saline,,,100.0,b,-1,0.08,axon,9.4,106422.55018925628,972.070899125827,860.5257187570564,centered,,,,none,0.0,success,105.0,0.005,,,,,,-129.56305498695028,,
8632,realistic,3,x0y0,utah,,,Ab,saline,,,100.0,b,-1,0.08,axon,8.2,91538.25495503377,413.3538726987176,879.6123879790324,centered,,,,none,0.0,success,105.0,0.005,,,,,,254.34586968927582,,
8633,realistic,3,x0y0,utah,,,Ab,saline,,,100.0,b,-1,0.08,axon,9.0,102010.37475919617,-436.87746098656316,-848.4274205908064,centered,,,,none,0.0,success,105.0,0.005,,,,,,207.16154886264601,,
8634,realistic,3,x0y0,utah,,,Ab,saline,,,100.0,b,-1,0.08,axon,8.8,99034.64186935892,-494.4298555288083,-965.1957140209042,centered,,,,none,0.0,success,105.0,0.005,,,,,,-268.26355128674976,,
8635,realistic,3,x0y0,utah,,,Ab,saline,,,100.0,b,-1,0.08,axon,11.0,122068.048167928,822.8527338288907,-314.79233748595385,centered,,,,51,5.240000000000119,success,69.27490234375,0.005,,,,,-1578.1416091660649,-353.92190840277635,822.8527338288907,-314.79233748595385
8636,realistic,3,x0y0,utah,,,Ab,saline,,,100.0,b,-1,0.08,axon,11.9,128803.648781483,783.5010528435182,964.8326995357373,centered,,,,none,0.0,success,105.0,0.005,,,,,,-591.9048584076221,,
8637,realistic,3,x0y0,utah,,,Aa,saline,,,100.0,b,-1,0.08,axon,15.0,145558.69427508663,578.090052558121,-1193.4233628281333,centered,,,,none,0.0,success,105.0,0.005,,,,,,204.3674324025134,,
8638,realistic,3,x0y0,utah,,,Aa,saline,,,100.0,b,-1,0.08,axon,15.1,145322.08400715122,-648.2332873769598,-1081.3385408445963,centered,,,,none,0.0,success,105.0,0.005,,,,,,-385.7713214676171,,
8639,realistic,3,x0y0,utah,,,Aa,saline,,,100.0,b,-1,0.08,axon,14.0,140773.7116754842,-599.8559635377387,-1084.149421703903,centered,,,,none,0.0,success,105.0,0.005,,,,,,-566.6888154238518,,
8640,realistic,3,x0y0,utah,,,Aa,saline,,,100.0,b,-1,0.08,axon,16.1,149406.42879685498,1312.310408055073,-204.04986369250537,centered,,,,none,0.0,success,105.0,0.005,,,,,,576.9807568894031,,
8641,realistic,3,x0y0,utah,,,Aa,saline,,,100.0,b,-1,0.08,axon,15.8,147322.91718188144,1047.9791121167295,-640.0057231587098,centered,,,,none,0.0,success,105.0,0.005,,,,,,-644.6494361009222,,
8642,realistic,3,x0y0,utah,,,Aa,saline,,,100.0,b,-1,0.08,axon,16.5,149347.70463245967,875.7662766179345,61.33332545398525,centered,,,,51,5.215000000000115,success,46.47216796875,0.005,,,,,-2039.9168114584172,-541.0294704295183,875.7662766179345,61.33332545398525
8643,realistic,3,x0y0,utah,,,Aa,saline,,,100.0,b,-1,0.08,axon,16.4,149769.14944055755,-211.9453177487717,1351.4479281130791,centered,,,,none,0.0,success,105.0,0.005,,,,,,136.0200933107507,,
8644,realistic,3,x0y0,utah,,,Aa,saline,,,100.0,b,-1,0.08,axon,14.7,143967.573313167,905.5955052944802,224.0809162384276,centered,,,,51,5.240000000000119,success,56.201171875,0.005,,,,,-1718.888540923479,-276.4483245463328,905.5955052944802,224.0809162384276
8645,realistic,3,x0y0,utah,,,Aa,saline,,,100.0,b,-1,0.08,axon,17.0,151814.53587872215,344.73866906622237,1107.6153805994743,centered,,,,none,0.0,success,105.0,0.005,,,,,,734.0710427937668,,
8646,realistic,3,x0y0,utah,,,Aa,saline,,,100.0,b,-1,0.08,axon,14.6,143710.2446823307,793.3848887325023,115.95954422293562,centered,,,,51,5.175000000000109,success,26.6357421875,0.005,,,,,-1585.089118192409,-146.5214568011328,793.3848887325023,115.95954422293562
8647,realistic,3,x0y0,utah,,,Ab,saline,,,100.0,b,-1,0.08,axon,9.0,101824.4541341702,-414.01841491199053,-1189.4436826553765,centered,,,,none,0.0,success,105.0,0.005,,,,,,21.240923836696002,,
8648,realistic,3,x0y0,utah,,,Ab,saline,,,100.0,b,-1,0.08,axon,10.0,112930.43133153608,819.4291296408287,124.88687135705824,centered,,,,51,5.18000000000011,success,35.736083984375,0.005,,,,,-1268.5220462300786,-137.83933951949555,819.4291296408287,124.88687135705824
8649,realistic,3,x0y0,utah,,,Ab,saline,,,100.0,b,-1,0.08,axon,10.4,117484.359696554,449.2804298964607,-751.4492445360457,centered,,,,none,0.0,success,105.0,0.005,,,,,,457.6028215550448,,
8650,realistic,3,x0y0,utah,,,Ab,saline,,,100.0,b,-1,0.08,axon,11.0,122334.91424656645,-658.4811699497086,-783.266073743006,centered,,,,none,0.0,success,105.0,0.005,,,,,,-87.05582976430405,,
8651,realistic,3,x0y0,utah,,,Ab,saline,,,100.0,b,-1,0.08,axon,12.2,131237.14540126306,253.03062013027372,1151.2688884793981,centered,,,,none,0.0,success,105.0,0.005,,,,,,-210.47707077335681,,
8652,realistic,3,x0y0,utah,,,Ab,saline,,,100.0,b,-1,0.08,axon,8.2,91657.75261183556,258.3093996771923,887.6350893655562,centered,,,,none,0.0,success,105.0,0.005,,,,,,373.84352649110224,,
8653,realistic,3,x0y0,utah,,,Ab,saline,,,100.0,b,-1,0.08,axon,10.6,118986.56323033654,-466.73544151549726,688.1042498928322,centered,,,,none,0.0,success,105.0,0.005,,,,,,90.92849061524592,,
8654,realistic,3,x0y0,utah,,,Ab,saline,,,100.0,b,-1,0.08,axon,13.6,139613.03341802373,568.3016355019851,671.3323814685477,centered,,,,none,0.0,success,105.0,0.005,,,,,,147.87998555776025,,
8655,realistic,3,x0y0,utah,,,Ab,saline,,,100.0,b,-1,0.08,axon,8.6,96681.8753601285,195.29618088926603,1300.0763091364095,centered,,,,none,0.0,success,105.0,0.005,,,,,,-35.103187616116536,,
8656,realistic,3,x0y0,utah,,,Ab,saline,,,100.0,b,-1,0.08,axon,9.1,103442.35062650533,-173.2339214137515,974.7094934893864,centered,,,,none,0.0,success,105.0,0.005,,,,,,420.70288537388575,,
8657,realistic,3,x0y0,utah,,,Aa,saline,,,100.0,b,-1,0.08,axon,17.0,150786.7161216829,-660.2591486630795,-899.8369569363311,centered,,,,none,0.0,success,105.0,0.005,,,,,,-293.74871424546336,,
8658,realistic,3,x0y0,utah,,,Aa,saline,,,100.0,b,-1,0.08,axon,16.9,150623.8651996708,286.2357080199854,-1090.1701913172528,centered,,,,none,0.0,success,105.0,0.005,,,,,,-229.34041735213503,,
8659,realistic,3,x0y0,utah,,,Aa,saline,,,100.0,b,-1,0.08,axon,15.5,146987.77064210188,530.8436332974716,-907.5028670234333,centered,,,,none,0.0,success,105.0,0.005,,,,,,-55.81212479045475,,
8660,realistic,3,x0y0,utah,,,Aa,saline,,,100.0,b,-1,0.08,axon,16.0,148262.72542514757,-651.6865695037741,-965.0716146949287,centered,,,,none,0.0,success,105.0,0.005,,,,,,-286.0838520095988,,
8661,realistic,3,x0y0,utah,,,Aa,saline,,,100.0,b,-1,0.08,axon,16.9,150952.0765686875,836.0112987601287,-264.607692758545,centered,,,,49,5.2350000000001184,success,46.47216796875,0.005,,,,,1607.4030078348296,98.87095166457169,836.0112987601287,-264.607692758545
8662,realistic,3,x0y0,utah,,,Aa,saline,,,100.0,b,-1,0.08,axon,15.1,145544.97947995525,614.2254341509732,840.5922959358973,centered,,,,none,0.0,success,105.0,0.005,,,,,,-162.8758486636133,,
8663,realistic,3,x0y0,utah,,,Aa,saline,,,100.0,b,-1,0.08,axon,14.7,144389.89853924152,466.2321537168864,-787.5780201963013,centered,,,,none,0.0,success,105.0,0.005,,,,,,145.87690152817785,,
8664,realistic,3,x0y0,utah,,,Aa,saline,,,100.0,b,-1,0.08,axon,17.2,151108.02776319676,731.9220854135622,402.20331200493416,centered,,,,51,5.24500000000012,success,65.61279296875,0.005,,,,,-1926.363168142445,-411.17117872324417,731.9220854135622,402.20331200493416
8665,realistic,3,x0y0,utah,,,Aa,saline,,,100.0,b,-1,0.08,axon,17.5,152206.61200517375,631.7005233534637,-848.4291498552234,centered,,,,none,0.0,success,105.0,0.005,,,,,,67.04688935066568,,
8666,realistic,3,x0y0,utah,,,Aa,saline,,,100.0,b,-1,0.08,axon,18.8,154266.68381289224,1255.3585408702966,-438.7282289323516,centered,,,,none,0.0,success,105.0,0.005,,,,,,-103.20715393198437,,
8667,realistic,3,x0y0,utah,,,Ab,saline,,,100.0,b,-1,0.08,axon,9.3,105718.6539117557,57.89675658639726,814.8267655524241,centered,,,,none,0.0,success,105.0,0.005,,,,,,322.7346633248945,,
8668,realistic,3,x0y0,utah,,,Ab,saline,,,100.0,b,-1,0.08,axon,11.6,127065.75709433404,132.86072515359908,-1320.0085183947294,centered,,,,none,0.0,success,105.0,0.005,,,,,,-145.82936180312484,,
8669,realistic,3,x0y0,utah,,,Ab,saline,,,100.0,b,-1,0.08,axon,19.2,155578.75340921347,290.65852969041043,893.0546620441804,centered,,,,none,0.0,success,105.0,0.005,,,,,,651.1205178920785,,
8670,realistic,3,x0y0,utah,,,Ab,saline,,,100.0,b,-1,0.08,axon,9.1,102879.56927108415,0.8226020994688952,-916.9283718623357,centered,,,,none,0.0,success,105.0,0.005,,,,,,-142.07847004728148,,
8671,realistic,3,x0y0,utah,,,Ab,saline,,,100.0,b,-1,0.08,axon,9.4,106608.35629242797,929.335878298034,25.070128669726273,centered,,,,49,5.2100000000001145,success,54.5166015625,0.005,,,,,1121.7641806271859,56.24304818473961,929.335878298034,25.070128669726273
8672,realistic,3,x0y0,utah,,,Ab,saline,,,100.0,b,-1,0.08,axon,9.5,107597.80548669936,-223.28614196214852,1372.4831450900838,centered,,,,none,0.0,success,105.0,0.005,,,,,,-90.12242360822721,,
8673,realistic,3,x0y0,utah,,,Ab,saline,,,100.0,b,-1,0.08,axon,8.5,95863.9767630576,177.9345596842313,-1170.7487761930056,centered,,,,none,0.0,success,105.0,0.005,,,,,,472.4260196659497,,
8674,realistic,3,x0y0,utah,,,Ab,saline,,,100.0,b,-1,0.08,axon,13.5,139017.01198982607,-444.3442810253837,-903.0306287404574,centered,,,,none,0.0,success,105.0,0.005,,,,,,47.20462957564353,,
8675,realistic,3,x0y0,utah,,,Ab,saline,,,100.0,b,-1,0.08,axon,9.1,103294.37678164414,-119.01046695197374,944.248623816396,centered,,,,none,0.0,success,105.0,0.005,,,,,,272.72904051269575,,
8676,realistic,3,x0y0,utah,,,Ab,saline,,,100.0,b,-1,0.08,axon,9.5,107568.98943391688,894.5414888583905,506.8070116372282,centered,,,,none,0.0,success,105.0,0.005,,,,,,-118.93847639072628,,
8677,realistic,3,x0y0,utah,,,Aa,saline,,,100.0,b,-1,0.08,axon,17.0,150981.39392082609,-45.186455083033714,1309.3693709788222,centered,,,,none,0.0,success,105.0,0.005,,,,,,-99.07091510226377,,
8678,realistic,3,x0y0,utah,,,Aa,saline,,,100.0,b,-1,0.08,axon,14.9,144487.81676746035,614.976548545988,-668.7633550325859,centered,,,,none,0.0,success,105.0,0.005,,,,,,-504.809695572142,,
8679,realistic,3,x0y0,utah,,,Aa,saline,,,100.0,b,-1,0.08,axon,18.4,154325.1161174956,-571.5436861409778,560.9699835077058,centered,,,,none,0.0,success,105.0,0.005,,,,,,569.2351474272243,,
8680,realistic,3,x0y0,utah,,,Aa,saline,,,100.0,b,-1,0.08,axon,15.5,146525.6537060085,839.741462267401,-108.704078965392,centered,,,,51,5.230000000000118,success,43.231201171875,0.005,,,,,-1988.36488855278,-517.9290608838469,839.741462267401,-108.704078965392
8681,realistic,3,x0y0,utah,,,Aa,saline,,,100.0,b,-1,0.08,axon,16.0,147819.2630814841,1316.2875733399806,235.75406177401828,centered,,,,none,0.0,success,105.0,0.005,,,,,,-729.5461956730591,,
8682,realistic,3,x0y0,utah,,,Aa,saline,,,100.0,b,-1,0.08,axon,16.8,150872.75611681966,-332.9256275416642,1100.7282655744184,centered,,,,none,0.0,success,105.0,0.005,,,,,,252.22995118075679,,
8683,realistic,3,x0y0,utah,,,Aa,saline,,,100.0,b,-1,0.08,axon,16.7,150240.1227605945,-237.41868649018986,905.5577114209905,centered,,,,none,0.0,success,105.0,0.005,,,,,,-142.18168731255702,,
8684,realistic,3,x0y0,utah,,,Aa,saline,,,100.0,b,-1,0.08,axon,17.1,151734.77578672962,-526.6909055003466,736.5646164625996,centered,,,,none,0.0,success,105.0,0.005,,,,,,432.3522904433928,,
8685,realistic,3,x0y0,utah,,,Aa,saline,,,100.0,b,-1,0.08,axon,14.7,144826.69721563894,-359.0666646728023,-840.6005466960077,centered,,,,none,0.0,success,105.0,0.005,,,,,,582.6755779256245,,
8686,realistic,3,x0y0,utah,,,Aa,saline,,,100.0,b,-1,0.08,axon,14.9,144554.57047936408,1336.8475267281738,-348.3442289896362,centered,,,,none,0.0,success,105.0,0.005,,,,,,-438.05598366843793,,
8687,realistic,3,x0y0,utah,,,Ab,saline,,,100.0,b,-1,0.08,axon,10.7,119585.1370491534,741.0345715891063,647.7627253000946,centered,,,,none,0.0,success,105.0,0.005,,,,,,-218.15469968365517,,
8688,realistic,3,x0y0,utah,,,Ab,saline,,,100.0,b,-1,0.08,axon,9.5,107656.52222204114,-538.2554433254901,-1090.0360274853974,centered,,,,none,0.0,success,105.0,0.005,,,,,,-31.405688266452756,,
8689,realistic,3,x0y0,utah,,,Ab,saline,,,100.0,b,-1,0.08,axon,10.6,118490.89854695814,-635.8327625066988,-1239.2395645265226,centered,,,,none,0.0,success,105.0,0.005,,,,,,-404.736192763136,,
8690,realistic,3,x0y0,utah,,,Ab,saline,,,100.0,b,-1,0.08,axon,10.0,113082.62931255133,396.5412430654765,1137.9121400319655,centered,,,,none,0.0,success,105.0,0.005,,,,,,14.358641495723887,,
8691,realistic,3,x0y0,utah,,,Ab,saline,,,100.0,b,-1,0.08,axon,15.5,146882.52596097323,490.2379192569902,748.8946479425595,centered,,,,none,0.0,success,105.0,0.005,,,,,,-161.05680591909953,,
8692,realistic,3,x0y0,utah,,,Ab,saline,,,100.0,b,-1,0.08,axon,9.2,104507.48713891595,919.8113400735216,174.8427921043235,centered,,,,49,5.2350000000001184,success,70.098876953125,0.005,,,,,1330.5207130860217,288.329133027155,919.8113400735216,174.8427921043235
8693,realistic,3,x0y0,utah,,,Ab,saline,,,100.0,b,-1,0.08,axon,9.7,109862.0722620368,345.2630679963122,916.6075933683104,centered,,,,none,0.0,success,105.0,0.005,,,,,,-37.127075678407344,,
8694,realistic,3,x0y0,utah,,,Ab,saline,,,100.0,b,-1,0.08,axon,8.8,99374.685416006,-385.4067369489603,767.5605716486418,centered,,,,none,0.0,success,105.0,0.005,,,,,,71.77999536032934,,
8695,realistic,3,x0y0,utah,,,Ab,saline,,,100.0,b,-1,0.08,axon,10.1,114066.2706620924,-30.75430671375898,-856.9874363372528,centered,,,,none,0.0,success,105.0,0.005,,,,,,-19.781586607746164,,
8696,realistic,3,x0y0,utah,,,Ab,saline,,,100.0,b,-1,0.08,axon,8.5,95739.27540907176,425.32573841179743,956.6903493326655,centered,,,,none,0.0,success,105.0,0.005,,,,,,347.7246656801156,,
8697,realistic,3,x0y0,utah,,,Aa,saline,,,100.0,b,-1,0.08,axon,14.4,142863.67117694972,1248.3098906537034,205.72081901567662,centered,,,,none,0.0,success,105.0,0.005,,,,,,-191.7795876477044,,
8698,realistic,3,x0y0,utah,,,Aa,saline,,,100.0,b,-1,0.08,axon,15.7,147254.05184538462,1101.0537153970627,-121.0753903053792,centered,,,,50,5.275000000000125,success,87.78076171875,0.005,,,,,-412.61924023288884,-412.6192402328872,1101.0537153970627,-121.0753903053792
8699,realistic,3,x0y0,utah,,,Aa,saline,,,100.0,b,-1,0.08,axon,14.7,144349.19396936824,622.1162022950816,-649.3058978697527,centered,,,,none,0.0,success,105.0,0.005,,,,,,105.1723316549084,,
8700,realistic,3,x0y0,utah,,,Aa,saline,,,100.0,b,-1,0.08,axon,15.6,147901.73197853303,1127.7552583057775,161.91300685138643,centered,,,,49,5.2800000000001255,success,99.90234375,0.005,,,,,2016.5919749190216,543.0047021552466,1127.7552583057775,161.91300685138643
8701,realistic,3,x0y0,utah,,,Aa,saline,,,100.0,b,-1,0.08,axon,18.6,153710.85274670526,773.3557774529872,756.7452471150722,centered,,,,none,0.0,success,105.0,0.005,,,,,,-359.3970056843032,,
8702,realistic,3,x0y0,utah,,,Aa,saline,,,100.0,b,-1,0.08,axon,15.0,145209.35950230926,3.016314643865826,1150.9206478353715,centered,,,,none,0.0,success,105.0,0.005,,,,,,-144.96734037487062,,
8703,realistic,3,x0y0,utah,,,Aa,saline,,,100.0,b,-1,0.08,axon,17.3,152158.9695565146,-352.2377941362929,-1319.7819967242908,centered,,,,none,0.0,success,105.0,0.005,,,,,,428.0633396824785,,
8704,realistic,3,x0y0,utah,,,Aa,saline,,,100.0,b,-1,0.08,axon,13.6,139458.60362062792,1235.4871126492226,245.8667845604532,centered,,,,none,0.0,success,105.0,0.005,,,,,,-6.549811838055903,,
8705,realistic,3,x0y0,utah,,,Aa,saline,,,100.0,b,-1,0.08,axon,15.8,148345.85878656936,-343.63077988293844,-1189.4660765211495,centered,,,,none,0.0,success,105.0,0.005,,,,,,378.2921685870041,,
8706,realistic,3,x0y0,utah,,,Aa,saline,,,100.0,b,-1,0.08,axon,16.4,149848.91908423803,840.5697927987057,-1032.1493467392402,centered,,,,none,0.0,success,105.0,0.005,,,,,,215.78973699125117,,
8707,realistic,3,x0y0,utah,,,Ab,saline,,,100.0,b,-1,0.08,axon,12.1,131139.62596835324,809.6464890747358,334.19868172534825,centered,,,,49,5.240000000000119,success,67.95654296875,0.005,,,,,1669.547547701106,361.76897779551115,809.6464890747358,334.19868172534825
8708,realistic,3,x0y0,utah,,,Ab,saline,,,100.0,b,-1,0.08,axon,8.5,95832.55934410196,214.42950302526376,-1059.0817758938906,centered,,,,none,0.0,success,105.0,0.005,,,,,,441.00860071031997,,
8709,realistic,3,x0y0,utah,,,Ab,saline,,,100.0,b,-1,0.08,axon,11.6,126751.6190102719,-315.04475439379075,1239.1257730616016,centered,,,,none,0.0,success,105.0,0.005,,,,,,-459.9674458652909,,
8710,realistic,3,x0y0,utah,,,Ab,saline,,,100.0,b,-1,0.08,axon,10.4,116730.65046944113,726.5742095157575,-1017.2425560163208,centered,,,,none,0.0,success,105.0,0.005,,,,,,-296.1064055578531,,
8711,realistic,3,x0y0,utah,,,Ab,saline,,,100.0,b,-1,0.08,axon,10.5,117971.2085641895,1058.791535249852,126.62332566163195,centered,,,,50,5.250000000000121,success,90.4449462890625,0.005,,,,,1.0074160599615425,1.0074160599600517,1058.791535249852,126.62332566163195
8712,realistic,3,x0y0,utah,,,Ab,saline,,,100.0,b,-1,0.08,axon,8.6,96613.52678373133,-465.89639431719024,-661.3061379428741,centered,,,,none,0.0,success,105.0,0.005,,,,,,-103.45176401327429,,
8713,realistic,3,x0y0,utah,,,Ab,saline,,,100.0,b,-1,0.08,axon,10.2,114624.01135439347,273.5680697481075,-1312.9168929646635,centered,,,,none,0.0,success,105.0,0.005,,,,,,-460.89933502818405,,
8714,realistic,3,x0y0,utah,,,Ab,saline,,,100.0,b,-1,0.08,axon,9.3,105490.3014665046,1353.5906283235518,-293.51834673212943,centered,,,,none,0.0,success,105.0,0.005,,,,,,94.382218073787,,
8715,realistic,3,x0y0,utah,,,Ab,saline,,,100.0,b,-1,0.08,axon,9.5,107501.41210359619,966.726922135016,201.3859409541288,centered,,,,51,5.250000000000121,success,80.89599609375,0.005,,,,,-1263.3950858144817,-186.51580671139251,966.726922135016,201.3859409541288
8716,realistic,3,x0y0,utah,,,Ab,saline,,,100.0,b,-1,0.08,axon,10.2,114660.3719051982,-439.5650003775158,-1147.7307575386285,centered,,,,none,0.0,success,105.0,0.005,,,,,,-424.5387842234617,,
8717,realistic,3,x0y0,utah,,,Aa,saline,,,100.0,b,-1,0.08,axon,15.4,146253.65742451922,881.4592501173532,894.3657815798888,centered,,,,none,0.0,success,105.0,0.005,,,,,,-467.42503458242516,,
8718,realistic,3,x0y0,utah,,,Aa,saline,,,100.0,b,-1,0.08,axon,15.5,147211.22228513774,-647.4778527728548,-656.7096087580618,centered,,,,none,0.0,success,105.0,0.005,,,,,,167.6395182453617,,
8719,realistic,3,x0y0,utah,,,Aa,saline,,,100.0,b,-1,0.08,axon,16.2,149346.09654819727,-271.3253385103899,-768.2291759636388,centered,,,,none,0.0,success,105.0,0.005,,,,,,242.47470868885108,,
8720,realistic,3,x0y0,utah,,,Aa,saline,,,100.0,b,-1,0.08,axon,14.8,145211.71225653106,1134.5539855184516,371.9802275578209,centered,,,,none,0.0,success,105.0,0.005,,,,,,589.1294771339582,,
8721,realistic,3,x0y0,utah,,,Aa,saline,,,100.0,b,-1,0.08,axon,14.5,143431.89314347028,1291.9935290801461,312.3900480783259,centered,,,,none,0.0,success,105.0,0.005,,,,,,-28.74349819188083,,
8722,realistic,3,x0y0,utah,,,Aa,saline,,,100.0,b,-1,0.08,axon,16.2,149387.84033890444,624.6169887524393,716.6570178203879,centered,,,,none,0.0,success,105.0,0.005,,,,,,284.21849939602777,,
8723,realistic,3,x0y0,utah,,,Aa,saline,,,100.0,b,-1,0.08,axon,15.9,148342.04539841597,-519.4061560155315,1144.4794531555472,centered,,,,none,0.0,success,105.0,0.005,,,,,,80.48175900691697,,
8724,realistic,3,x0y0,utah,,,Aa,saline,,,100.0,b,-1,0.08,axon,16.9,151365.77923325903,-105.55971665958988,892.4419995094162,centered,,,,none,0.0,success,105.0,0.005,,,,,,512.5736162361019,,
8725,realistic,3,x0y0,utah,,,Aa,saline,,,100.0,b,-1,0.08,axon,18.6,154357.1182500268,-359.8854568303155,1257.2282181870705,centered,,,,none,0.0,success,105.0,0.005,,,,,,286.8684976372439,,
8726,realistic,3,x0y0,utah,,,Aa,saline,,,100.0,b,-1,0.08,axon,15.5,147578.6654919628,-291.45441797305284,-1185.0370738072695,centered,,,,none,0.0,success,105.0,0.005,,,,,,535.0827250704333,,
8727,realistic,3,x0y0,utah,,,Ab,saline,,,100.0,b,-1,0.08,axon,9.9,111633.07098937598,1363.7083129868615,99.20010622926613,centered,,,,none,0.0,success,105.0,0.005,,,,,,-398.2743412413308,,
8728,realistic,3,x0y0,utah,,,Ab,saline,,,100.0,b,-1,0.08,axon,9.3,104976.55875107227,-661.3180328876032,1176.0493602105546,centered,,,,none,0.0,success,105.0,0.005,,,,,,-419.3604973585098,,
8729,realistic,3,x0y0,utah,,,Ab,saline,,,100.0,b,-1,0.08,axon,12.8,135425.7720196598,-687.7280655324415,-1125.2470727151208,centered,,,,none,0.0,success,105.0,0.005,,,,,,244.15393712385242,,
8730,realistic,3,x0y0,utah,,,Ab,saline,,,100.0,b,-1,0.08,axon,12.3,131925.04569270634,558.7838327132648,1134.3172686695814,centered,,,,none,0.0,success,105.0,0.005,,,,,,-178.40057924988963,,
8731,realistic,3,x0y0,utah,,,Ab,saline,,,100.0,b,-1,0.08,axon,12.5,133641.03006230798,-445.6564374025911,702.6297221579644,centered,,,,none,0.0,success,105.0,0.005,,,,,,266.8219257263884,,
8732,realistic,3,x0y0,utah,,,Ab,saline,,,100.0,b,-1,0.08,axon,9.9,111742.17589808624,723.4371293788499,-434.41507845679183,centered,,,,51,5.31000000000013,success,91.845703125,0.005,,,,,-1409.4828858372348,-289.16943253106064,723.4371293788499,-434.41507845679183
8733,realistic,3,x0y0,utah,,,Ab,saline,,,100.0,b,-1,0.08,axon,9.1,103411.58001730156,198.8775009478881,979.1054145681468,centered,,,,none,0.0,success,105.0,0.005,,,,,,389.9322761701347,,
8734,realistic,3,x0y0,utah,,,Ab,saline,,,100.0,b,-1,0.08,axon,9.5,108012.54298782196,-135.62707072368312,861.3676937155377,centered,,,,none,0.0,success,105.0,0.005,,,,,,324.61507751436267,,
8735,realistic,3,x0y0,utah,,,Ab,saline,,,100.0,b,-1,0.08,axon,12.1,130885.56527937073,522.0609972282186,1277.331871289296,centered,,,,none,0.0,success,105.0,0.005,,,,,,107.70828881300396,,
8736,realistic,3,x0y0,utah,,,Ab,saline,,,100.0,b,-1,0.08,axon,10.5,118005.37804256614,1087.2046421305158,-134.7070770501482,centered,,,,49,5.270000000000124,success,99.90234375,0.005,,,,,1214.8789059178962,35.17689443657717,1087.2046421305158,-134.7070770501482
8737,realistic,3,x0y0,utah,,,Aa,saline,,,100.0,b,-1,0.08,axon,13.6,139949.1376162956,500.2935616562204,-1130.4167564408974,centered,,,,none,0.0,success,105.0,0.005,,,,,,483.98418382963723,,
8738,realistic,3,x0y0,utah,,,Aa,saline,,,100.0,b,-1,0.08,axon,15.5,147331.54224806046,-476.9049047875306,-758.0372291783847,centered,,,,none,0.0,success,105.0,0.005,,,,,,287.9594811681026,,
8739,realistic,3,x0y0,utah,,,Aa,saline,,,100.0,b,-1,0.08,axon,16.6,150845.99825647136,854.2505128291499,-252.06395300612252,centered,,,,49,5.260000000000122,success,62.79296875,0.005,,,,,2208.9663761785487,707.5822157715355,854.2505128291499,-252.06395300612252
8740,realistic,3,x0y0,utah,,,Aa,saline,,,100.0,b,-1,0.08,axon,15.7,147974.7805102957,855.1800583607915,541.2203992272994,centered,,,,49,5.3250000000001325,success,105.0,0.005,,,,,1784.7761355343682,308.10942467820524,855.1800583607915,541.2203992272994
8741,realistic,3,x0y0,utah,,,Aa,saline,,,100.0,b,-1,0.08,axon,18.0,153731.6604186714,1164.1212590831092,716.0494363853895,centered,,,,none,0.0,success,105.0,0.005,,,,,,651.5170077657117,,
8742,realistic,3,x0y0,utah,,,Aa,saline,,,100.0,b,-1,0.08,axon,15.2,145388.64834236534,-166.0369022672135,-861.6234919797994,centered,,,,none,0.0,success,105.0,0.005,,,,,,-664.7322484148592,,
8743,realistic,3,x0y0,utah,,,Aa,saline,,,100.0,b,-1,0.08,axon,15.8,148496.29682726163,-679.6792660076762,-961.1100310818505,centered,,,,none,0.0,success,105.0,0.005,,,,,,528.7302092792992,,
8744,realistic,3,x0y0,utah,,,Aa,saline,,,100.0,b,-1,0.08,axon,13.6,139385.56064796535,735.7240852854911,-790.5026901490419,centered,,,,none,0.0,success,105.0,0.005,,,,,,-79.59278450062818,,
8745,realistic,3,x0y0,utah,,,Aa,saline,,,100.0,b,-1,0.08,axon,16.6,150096.64344203475,482.47447733885286,1293.106425878549,centered,,,,none,0.0,success,105.0,0.005,,,,,,-41.77259866505742,,
8746,realistic,3,x0y0,utah,,,Aa,saline,,,100.0,b,-1,0.08,axon,14.5,142849.46279944715,1114.2125662582393,-332.650048432884,centered,,,,none,0.0,success,105.0,0.005,,,,,,-611.1738422150494,,
8747,realistic,3,x0y0,utah,,,Ab,saline,,,100.0,b,-1,0.08,axon,9.9,112091.09987740892,903.2088028357043,78.8980269178487,centered,,,,49,5.205000000000114,success,48.2666015625,0.005,,,,,1180.0680000978027,59.754546791617344,903.2088028357043,78.8980269178487
8748,realistic,3,x0y0,utah,,,Ab,saline,,,100.0,b,-1,0.08,axon,11.1,123383.63349057526,997.8433053776313,332.0379806104802,centered,,,,49,5.150000000000105,success,105.0,0.005,,,,,1355.348105886369,122.73916260665881,997.8433053776313,332.0379806104802
8749,realistic,3,x0y0,utah,,,Ab,saline,,,100.0,b,-1,0.08,axon,8.2,91347.7188139635,1302.6360158447771,380.1002735373613,centered,,,,none,0.0,success,105.0,0.005,,,,,,63.80972861901984,,
8750,realistic,3,x0y0,utah,,,Ab,saline,,,100.0,b,-1,0.08,axon,12.3,132078.42495486766,-499.62554948683646,-677.7454740931321,centered,,,,none,0.0,success,105.0,0.005,,,,,,-25.02131708864116,,
8751,realistic,3,x0y0,utah,,,Ab,saline,,,100.0,b,-1,0.08,axon,8.5,95799.53923441585,925.4682723397592,540.7386574515676,centered,,,,none,0.0,success,105.0,0.005,,,,,,407.9884910242006,,
8752,realistic,3,x0y0,utah,,,Ab,saline,,,100.0,b,-1,0.08,axon,18.4,153691.9222252475,1062.3305261007326,80.34369455569822,centered,,,,50,5.265000000000123,success,67.4072265625,0.005,,,,,-63.95874482090585,-63.95874482091832,1062.3305261007326,80.34369455569822
8753,realistic,3,x0y0,utah,,,Ab,saline,,,100.0,b,-1,0.08,axon,8.9,100203.39263216156,-551.6696010665123,813.7490448764383,centered,,,,none,0.0,success,105.0,0.005,,,,,,-360.2934659814756,,
8754,realistic,3,x0y0,utah,,,Ab,saline,,,100.0,b,-1,0.08,axon,11.2,123808.43527847024,991.5036760318553,-170.178945405577,centered,,,,51,5.265000000000123,success,76.025390625,0.005,,,,,-1515.6317619603797,-274.799415025442,991.5036760318553,-170.178945405577
8755,realistic,3,x0y0,utah,,,Ab,saline,,,100.0,b,-1,0.08,axon,16.4,150059.3150060069,836.3839873898796,210.7037062550312,centered,,,,49,5.220000000000116,success,47.3876953125,0.005,,,,,1922.516952232545,426.18565876009023,836.3839873898796,210.7037062550312
8756,realistic,3,x0y0,utah,,,Ab,saline,,,100.0,b,-1,0.08,axon,9.3,105661.42462279132,102.04991763807631,995.0921770348218,centered,,,,none,0.0,success,105.0,0.005,,,,,,265.505374360517,,
8757,realistic,3,x0y0,utah,,,Aa,saline,,,100.0,b,-1,0.08,axon,19.0,154135.4202384932,-39.222373557134226,-1371.8648047479542,centered,,,,none,0.0,success,105.0,0.005,,,,,,-520.0519684486932,,
8758,realistic,3,x0y0,utah,,,Aa,saline,,,100.0,b,-1,0.08,axon,16.5,150295.15310437395,492.9278104339978,770.6541832632092,centered,,,,none,0.0,success,105.0,0.005,,,,,,406.4190014847557,,
8759,realistic,3,x0y0,utah,,,Aa,saline,,,100.0,b,-1,0.08,axon,15.6,147197.91447104714,1131.4665939729175,-490.37572106858437,centered,,,,none,0.0,success,105.0,0.005,,,,,,-160.81280533065046,,
8760,realistic,3,x0y0,utah,,,Aa,saline,,,100.0,b,-1,0.08,axon,15.4,146117.72062816645,36.89188061325285,-877.2667451973751,centered,,,,none,0.0,success,105.0,0.005,,,,,,-603.3618309351946,,
8761,realistic,3,x0y0,utah,,,Aa,saline,,,100.0,b,-1,0.08,axon,15.1,146198.33959263552,797.2543664924432,137.6394463745346,centered,,,,49,5.205000000000114,success,39.276123046875,0.005,,,,,1947.5628173028817,490.48426401668905,797.2543664924432,137.6394463745346
8762,realistic,3,x0y0,utah,,,Aa,saline,,,100.0,b,-1,0.08,axon,17.1,151133.97204464677,-288.0770066661144,1055.712210022467,centered,,,,none,0.0,success,105.0,0.005,,,,,,-168.45145163947745,,
8763,realistic,3,x0y0,utah,,,Aa,saline,,,100.0,b,-1,0.08,axon,15.8,147445.6894118391,258.77974411184414,-763.9882128429667,centered,,,,none,0.0,success,105.0,0.005,,,,,,-521.8772061432637,,
8764,realistic,3,x0y0,utah,,,Aa,saline,,,100.0,b,-1,0.08,axon,13.3,138303.46113314223,-174.74122095495068,952.4424029635356,centered,,,,none,0.0,success,105.0,0.005,,,,,,357.63978347572817,,
8765,realistic,3,x0y0,utah,,,Aa,saline,,,100.0,b,-1,0.08,axon,17.3,151612.50813824448,1135.0361693025245,733.3755051082758,centered,,,,none,0.0,success,105.0,0.005,,,,,,-118.3980785876525,,
8766,realistic,3,x0y0,utah,,,Aa,saline,,,100.0,b,-1,0.08,axon,13.7,140378.53764883938,908.9847357893196,-623.1551913355706,centered,,,,none,0.0,success,105.0,0.005,,,,,,428.8568822250392,,
8767,realistic,3,x0y0,utah,,,Ab,saline,,,100.0,b,-1,0.08,axon,9.7,110280.87487025092,535.685834352093,1137.299776636085,centered,,,,none,0.0,success,105.0,0.005,,,,,,381.67553253572686,,
8768,realistic,3,x0y0,utah,,,Ab,saline,,,100.0,b,-1,0.08,axon,11.5,126816.9239824079,1083.2840605525591,12.483299574332705,centered,,,,49,5.170000000000108,success,105.0,0.005,,,,,1628.2890976939088,363.75743219175064,1083.2840605525591,12.483299574332705
8769,realistic,3,x0y0,utah,,,Ab,saline,,,100.0,b,-1,0.08,axon,13.8,140365.58113518893,1119.3610052564618,813.3257033805037,centered,,,,none,0.0,success,105.0,0.005,,,,,,-58.014519784192494,,
8770,realistic,3,x0y0,utah,,,Ab,saline,,,100.0,b,-1,0.08,axon,8.0,88510.2186527476,999.8614247934074,409.90330160613763,centered,,,,none,0.0,success,105.0,0.005,,,,,,75.25798304967938,,
8771,realistic,3,x0y0,utah,,,Ab,saline,,,100.0,b,-1,0.08,axon,10.1,114035.11218606813,-342.36069191813164,-1347.258724264423,centered,,,,none,0.0,success,105.0,0.005,,,,,,-50.94006263202635,,
8772,realistic,3,x0y0,utah,,,Ab,saline,,,100.0,b,-1,0.08,axon,12.3,131917.74803032525,0.8049646116719487,839.7686582359943,centered,,,,none,0.0,success,105.0,0.005,,,,,,-185.69824163099727,,
8773,realistic,3,x0y0,utah,,,Ab,saline,,,100.0,b,-1,0.08,axon,10.0,112859.45296156597,257.9408744624934,901.9639007849793,centered,,,,none,0.0,success,105.0,0.005,,,,,,-208.81770948961574,,
8774,realistic,3,x0y0,utah,,,Ab,saline,,,100.0,b,-1,0.08,axon,8.5,95417.43472149169,-422.6413080745192,-933.4329978209007,centered,,,,none,0.0,success,105.0,0.005,,,,,,25.883978100051518,,
8775,realistic,3,x0y0,utah,,,Ab,saline,,,100.0,b,-1,0.08,axon,8.5,94932.28456068358,877.7975373925266,117.68902122007285,centered,,,,50,5.2800000000001255,success,62.79296875,0.005,,,,,-459.26618270807376,-459.26618270807603,877.7975373925266,117.68902122007285
8776,realistic,3,x0y0,utah,,,Ab,saline,,,100.0,b,-1,0.08,axon,10.2,115304.4167613576,-106.15217515135643,-983.0850308012054,centered,,,,none,0.0,success,105.0,0.005,,,,,,219.5060719359293,,
8777,realistic,3,x0y0,utah,,,Aa,saline,,,100.0,b,-1,0.08,axon,15.0,145302.5283260454,796.3604834468338,-755.2959426023973,centered,,,,none,0.0,success,105.0,0.005,,,,,,-51.79851663871338,,
8778,realistic,3,x0y0,utah,,,Aa,saline,,,100.0,b,-1,0.08,axon,14.2,141978.7576877908,1232.2415071946843,-422.0072213184976,centered,,,,none,0.0,success,105.0,0.005,,,,,,-238.40901470616544,,
8779,realistic,3,x0y0,utah,,,Aa,saline,,,100.0,b,-1,0.08,axon,14.0,141590.18287101816,693.9694599396475,-1180.9248489522736,centered,,,,none,0.0,success,105.0,0.005,,,,,,249.78238011013192,,
8780,realistic,3,x0y0,utah,,,Aa,saline,,,100.0,b,-1,0.08,axon,16.6,150464.79262543973,1046.8565715064765,713.1292408762448,centered,,,,none,0.0,success,105.0,0.005,,,,,,326.3765847399047,,
8781,realistic,3,x0y0,utah,,,Aa,saline,,,100.0,b,-1,0.08,axon,14.5,143492.85270483934,-16.485404531171298,-1263.2951422502438,centered,,,,none,0.0,success,105.0,0.005,,,,,,32.21606317716695,,
8782,realistic,3,x0y0,utah,,,Aa,saline,,,100.0,b,-1,0.08,axon,17.3,152177.76117865994,1070.4765390419175,-313.3723655147187,centered,,,,49,5.270000000000124,success,96.533203125,0.005,,,,,1964.164023996127,446.8549618277995,1070.4765390419175,-313.3723655147187
8783,realistic,3,x0y0,utah,,,Aa,saline,,,100.0,b,-1,0.08,axon,17.4,151294.68728447345,-53.24338921448043,876.1680894173628,centered,,,,none,0.0,success,105.0,0.005,,,,,,-642.9708114113334,,
8784,realistic,3,x0y0,utah,,,Aa,saline,,,100.0,b,-1,0.08,axon,14.1,142053.27644671645,-691.2136087812805,-409.93218290240884,centered,,,,none,0.0,success,105.0,0.005,,,,,,269.5863024388297,,
8785,realistic,3,x0y0,utah,,,Aa,saline,,,100.0,b,-1,0.08,axon,16.1,149183.18030110653,260.72987910622624,1070.3758617779717,centered,,,,none,0.0,success,105.0,0.005,,,,,,353.7322611410056,,
8786,realistic,3,x0y0,utah,,,Aa,saline,,,100.0,b,-1,0.08,axon,13.7,140319.77120709312,347.9712711598163,815.6569540914626,centered,,,,none,0.0,success,105.0,0.005,,,,,,370.09044047876955,,
8787,realistic,3,x0y0,utah,,,Ab,saline,,,100.0,b,-1,0.08,axon,8.7,97550.48035212162,-399.2636937786992,-1139.6326597624748,centered,,,,none,0.0,success,105.0,0.005,,,,,,-470.2375818189953,,
8788,realistic,3,x0y0,utah,,,Ab,saline,,,100.0,b,-1,0.08,axon,10.1,113680.4098868617,-145.44130989777614,-1188.9450951717959,centered,,,,none,0.0,success,105.0,0.005,,,,,,-405.64236183845696,,
8789,realistic,3,x0y0,utah,,,Ab,saline,,,100.0,b,-1,0.08,axon,15.6,147618.95120411186,1006.2044983323348,-683.1577442584138,centered,,,,none,0.0,success,105.0,0.005,,,,,,260.2239277340328,,
8790,realistic,3,x0y0,utah,,,Ab,saline,,,100.0,b,-1,0.08,axon,12.1,130842.25246121561,1126.489896412594,-183.4960489131413,centered,,,,none,0.0,success,105.0,0.005,,,,,,64.39547065787663,,
8791,realistic,3,x0y0,utah,,,Ab,saline,,,100.0,b,-1,0.08,axon,11.3,124520.14765816432,-19.527349157893237,926.7929621051276,centered,,,,none,0.0,success,105.0,0.005,,,,,,-369.08475949742854,,
8792,realistic,3,x0y0,utah,,,Ab,saline,,,100.0,b,-1,0.08,axon,12.9,135103.11993107994,343.6978832119184,-926.191400412628,centered,,,,none,0.0,success,105.0,0.005,,,,,,-655.5556223463706,,
8793,realistic,3,x0y0,utah,,,Ab,saline,,,100.0,b,-1,0.08,axon,9.0,101550.6999752416,993.4526410853148,-374.0360973068058,centered,,,,none,0.0,success,105.0,0.005,,,,,,-252.51323509193043,,
8794,realistic,3,x0y0,utah,,,Ab,saline,,,100.0,b,-1,0.08,axon,8.2,90985.12497350073,1314.0258706720533,-76.83589342681762,centered,,,,none,0.0,success,105.0,0.005,,,,,,-298.78411184374505,,
8795,realistic,3,x0y0,utah,,,Ab,saline,,,100.0,b,-1,0.08,axon,9.8,110738.93019166168,751.0603189079974,-959.4519396341248,centered,,,,none,0.0,success,105.0,0.005,,,,,,-236.12903917299477,,
8796,realistic,3,x0y0,utah,,,Ab,saline,,,100.0,b,-1,0.08,axon,8.8,99306.99180939027,-558.2760677106535,-934.9413293776953,centered,,,,none,0.0,success,105.0,0.005,,,,,,4.086388744600631,,
8797,realistic,3,x0y0,utah,,,Aa,saline,,,100.0,b,-1,0.08,axon,15.1,145219.22670715692,-47.36513926791758,960.1343220402803,centered,,,,none,0.0,success,105.0,0.005,,,,,,-488.62862146192566,,
8798,realistic,3,x0y0,utah,,,Aa,saline,,,100.0,b,-1,0.08,axon,14.3,142764.59456795285,370.871645107482,810.8773860792318,centered,,,,none,0.0,success,105.0,0.005,,,,,,123.57117208282072,,
8799,realistic,3,x0y0,utah,,,Aa,saline,,,100.0,b,-1,0.08,axon,13.3,137620.1633501955,1294.5601924619639,146.07482344528626,centered,,,,none,0.0,success,105.0,0.005,,,,,,-325.6579994710316,,
8800,realistic,3,x0y0,utah,,,Aa,saline,,,100.0,b,-1,0.08,axon,15.7,147249.8835275399,425.76294901774145,-899.589292623968,centered,,,,none,0.0,success,105.0,0.005,,,,,,-416.78755807761115,,
8801,realistic,3,x0y0,utah,,,Aa,saline,,,100.0,b,-1,0.08,axon,15.6,147374.40092523428,-66.05978124700187,945.8747899878923,centered,,,,none,0.0,success,105.0,0.005,,,,,,15.673648856481929,,
8802,realistic,3,x0y0,utah,,,Aa,saline,,,100.0,b,-1,0.08,axon,17.6,152004.25612879105,789.7554372597847,294.3632977841312,centered,,,,51,5.2350000000001184,success,49.365234375,0.005,,,,,-1855.8468338638777,-332.4794777979943,789.7554372597847,294.3632977841312
8803,realistic,3,x0y0,utah,,,Aa,saline,,,100.0,b,-1,0.08,axon,15.1,146341.19686754805,217.66494088174198,-1372.1499350080987,centered,,,,none,0.0,success,105.0,0.005,,,,,,633.3415389291978,,
8804,realistic,3,x0y0,utah,,,Aa,saline,,,100.0,b,-1,0.08,axon,16.8,150036.63709774552,709.6948871099347,495.809299839505,centered,,,,50,5.2800000000001255,success,87.78076171875,0.005,,,,,-583.8890678934113,-583.8890678934116,709.6948871099347,495.809299839505
8805,realistic,3,x0y0,utah,,,Aa,saline,,,100.0,b,-1,0.08,axon,14.4,142504.85695503894,-191.59496868652562,973.3701542599124,centered,,,,none,0.0,success,105.0,0.005,,,,,,-550.5938095584846,,
8806,realistic,3,x0y0,utah,,,Aa,saline,,,100.0,b,-1,0.08,axon,14.8,144002.41722020402,704.5478927761212,402.3758642264552,centered,,,,51,5.285000000000126,success,74.51171875,0.005,,,,,-2066.3913869870303,-620.1655591930572,704.5478927761212,402.3758642264552
8807,realistic,3,x0y0,utah,,,Ab,saline,,,100.0,b,-1,0.08,axon,14.7,144109.0566903582,136.21730702555396,-1020.2666492140996,centered,,,,none,0.0,success,105.0,0.005,,,,,,-134.96494735512792,,
8808,realistic,3,x0y0,utah,,,Ab,saline,,,100.0,b,-1,0.08,axon,8.6,96789.83741045992,-244.1054013136232,1133.6601112891396,centered,,,,none,0.0,success,105.0,0.005,,,,,,72.85886271530548,,
8809,realistic,3,x0y0,utah,,,Ab,saline,,,100.0,b,-1,0.08,axon,11.3,125158.47376454035,810.7323456257652,434.65133637318877,centered,,,,49,5.265000000000123,success,91.845703125,0.005,,,,,1518.1336710552278,269.2413468786234,810.7323456257652,434.65133637318877
8810,realistic,3,x0y0,utah,,,Ab,saline,,,100.0,b,-1,0.08,axon,10.4,116772.8161163778,760.4551280003234,777.3546448868087,centered,,,,none,0.0,success,105.0,0.005,,,,,,-253.9407586211516,,
8811,realistic,3,x0y0,utah,,,Ab,saline,,,100.0,b,-1,0.08,axon,11.3,124390.26497291448,1207.6679072774116,-533.2943083059464,centered,,,,none,0.0,success,105.0,0.005,,,,,,-498.9674447472612,,
8812,realistic,3,x0y0,utah,,,Ab,saline,,,100.0,b,-1,0.08,axon,11.4,126080.23593902492,142.94708161025576,939.4863371028669,centered,,,,none,0.0,success,105.0,0.005,,,,,,401.10682591910796,,
8813,realistic,3,x0y0,utah,,,Ab,saline,,,100.0,b,-1,0.08,axon,9.3,105250.84176368118,359.68216032073127,754.9257847778191,centered,,,,none,0.0,success,105.0,0.005,,,,,,-145.07748474963168,,
8814,realistic,3,x0y0,utah,,,Ab,saline,,,100.0,b,-1,0.08,axon,8.1,89428.09132657677,-643.8133778304846,-1118.037541492684,centered,,,,none,0.0,success,105.0,0.005,,,,,,-442.4573452235997,,
8815,realistic,3,x0y0,utah,,,Ab,saline,,,100.0,b,-1,0.08,axon,12.5,133293.37297740337,512.4700278806295,1019.9582001841867,centered,,,,none,0.0,success,105.0,0.005,,,,,,-80.83515917822405,,
8816,realistic,3,x0y0,utah,,,Ab,saline,,,100.0,b,-1,0.08,axon,10.8,120302.71649409477,-566.2951906816697,1100.4320688082516,centered,,,,none,0.0,success,105.0,0.005,,,,,,-390.691606889422,,
8817,realistic,3,x0y0,utah,,,Aa,saline,,,100.0,b,-1,0.08,axon,14.5,143055.0722082668,531.0402056852902,-1231.2817746674812,centered,,,,none,0.0,success,105.0,0.005,,,,,,-405.56443339540084,,
8818,realistic,3,x0y0,utah,,,Aa,saline,,,100.0,b,-1,0.08,axon,13.7,139660.81222781524,854.9652530893868,-834.2425443523938,centered,,,,none,0.0,success,105.0,0.005,,,,,,-288.86853879914963,,
8819,realistic,3,x0y0,utah,,,Aa,saline,,,100.0,b,-1,0.08,axon,17.2,151458.30456856528,1038.1766226384898,97.02913592331106,centered,,,,50,5.255000000000122,success,64.44091796875,0.005,,,,,-60.89437335473485,-60.89437335474032,1038.1766226384898,97.02913592331106
8820,realistic,3,x0y0,utah,,,Aa,saline,,,100.0,b,-1,0.08,axon,14.3,143264.80048892734,-96.58816108302335,1339.8007783595074,centered,,,,none,0.0,success,105.0,0.005,,,,,,623.7770930573582,,
8821,realistic,3,x0y0,utah,,,Aa,saline,,,100.0,b,-1,0.08,axon,16.9,150629.87498738937,1248.1321930503482,564.483596612582,centered,,,,none,0.0,success,105.0,0.005,,,,,,-223.33062963359401,,
8822,realistic,3,x0y0,utah,,,Aa,saline,,,100.0,b,-1,0.08,axon,17.1,151736.86705459046,648.7979913685623,-468.8076975702152,centered,,,,48,5.2800000000001255,success,76.025390625,0.005,,,,,3460.4920282299863,434.4435583042349,648.7979913685623,-468.8076975702152
8823,realistic,3,x0y0,utah,,,Aa,saline,,,100.0,b,-1,0.08,axon,15.5,146633.11254520903,1177.9397425845766,-453.4231915745772,centered,,,,none,0.0,success,105.0,0.005,,,,,,-410.47022168332006,,
8824,realistic,3,x0y0,utah,,,Aa,saline,,,100.0,b,-1,0.08,axon,14.7,143909.56929203594,957.765392364432,-33.916251127602656,centered,,,,51,5.220000000000116,success,53.9306640625,0.005,,,,,-1776.8925620545342,-334.4523456773893,957.765392364432,-33.916251127602656
8825,realistic,3,x0y0,utah,,,Aa,saline,,,100.0,b,-1,0.08,axon,16.2,149427.35295175086,232.53171400272998,-1293.0316294503082,centered,,,,none,0.0,success,105.0,0.005,,,,,,323.73111224245497,,
8826,realistic,3,x0y0,utah,,,Aa,saline,,,100.0,b,-1,0.08,axon,19.6,155716.34946705494,-667.3485159505543,-856.161875615086,centered,,,,none,0.0,success,105.0,0.005,,,,,,282.2341383008978,,
8827,realistic,3,x0y0,utah,,,Ab,saline,,,100.0,b,-1,0.08,axon,10.8,120423.77565884574,690.4977003085924,-417.57066243018926,centered,,,,50,5.230000000000118,success,79.541015625,0.005,,,,,-269.6324421384634,-269.6324421384447,690.4977003085924,-417.57066243018926
8828,realistic,3,x0y0,utah,,,Ab,saline,,,100.0,b,-1,0.08,axon,10.7,120338.40789141814,899.0232596648973,-1004.8354883938107,centered,,,,none,0.0,success,105.0,0.005,,,,,,535.1161425811222,,
8829,realistic,3,x0y0,utah,,,Ab,saline,,,100.0,b,-1,0.08,axon,10.4,116756.84481474957,453.39201542662613,-876.9837109570883,centered,,,,none,0.0,success,105.0,0.005,,,,,,-269.91206024937327,,
8830,realistic,3,x0y0,utah,,,Ab,saline,,,100.0,b,-1,0.08,axon,13.1,136303.89819260605,780.6546969807619,-918.4336940582843,centered,,,,none,0.0,success,105.0,0.005,,,,,,-572.1249519286996,,
8831,realistic,3,x0y0,utah,,,Ab,saline,,,100.0,b,-1,0.08,axon,11.1,123070.7886731483,-321.1062817200218,1160.1253863682816,centered,,,,none,0.0,success,105.0,0.005,,,,,,-190.10565482027408,,
8832,realistic,3,x0y0,utah,,,Ab,saline,,,100.0,b,-1,0.08,axon,8.0,88449.88011746846,1008.8204820624823,-27.370658636587446,centered,,,,50,5.230000000000118,success,91.1865234375,0.005,,,,,14.919447770545958,14.91944777052661,1008.8204820624823,-27.370658636587446
8833,realistic,3,x0y0,utah,,,Ab,saline,,,100.0,b,-1,0.08,axon,10.8,121136.67026362,815.7170134006558,963.116979571947,centered,,,,none,0.0,success,105.0,0.005,,,,,,443.26216263579147,,
8834,realistic,3,x0y0,utah,,,Ab,saline,,,100.0,b,-1,0.08,axon,9.1,103324.45257553684,683.5887149926839,515.5585522320275,centered,,,,none,0.0,success,105.0,0.005,,,,,,302.8048344054175,,
8835,realistic,3,x0y0,utah,,,Ab,saline,,,100.0,b,-1,0.08,axon,12.5,133610.6172925767,830.6694120130551,80.46092146853469,centered,,,,49,5.18000000000011,success,32.806396484375,0.005,,,,,1570.1512373609294,236.40915599512383,830.6694120130551,80.46092146853469
8836,realistic,3,x0y0,utah,,,Ab,saline,,,100.0,b,-1,0.08,axon,10.7,119700.02252912699,987.9289462564257,108.30951994517729,centered,,,,50,5.240000000000119,success,68.39599609375,0.005,,,,,-103.26921971005504,-103.26921971005586,987.9289462564257,108.30951994517729
8837,realistic,3,x0y0,utah,,,Aa,saline,,,100.0,b,-1,0.08,axon,16.6,149515.33346012852,760.3221721714513,909.5343361664868,centered,,,,none,0.0,success,105.0,0.005,,,,,,-623.0825805713088,,
8838,realistic,3,x0y0,utah,,,Aa,saline,,,100.0,b,-1,0.08,axon,18.1,153449.18045837438,-35.94062538077878,979.2296242297572,centered,,,,none,0.0,success,105.0,0.005,,,,,,193.9992728932865,,
8839,realistic,3,x0y0,utah,,,Aa,saline,,,100.0,b,-1,0.08,axon,13.7,139383.8585472458,-171.30616115063094,-934.3813443175997,centered,,,,none,0.0,success,105.0,0.005,,,,,,-565.822219368573,,
8840,realistic,3,x0y0,utah,,,Aa,saline,,,100.0,b,-1,0.08,axon,16.5,149375.70342429873,731.7638774481758,810.7593349081026,centered,,,,none,0.0,success,105.0,0.005,,,,,,-513.0306785904718,,
8841,realistic,3,x0y0,utah,,,Aa,saline,,,100.0,b,-1,0.08,axon,14.5,143084.48773516464,-608.1788196294415,558.656193734002,centered,,,,none,0.0,success,105.0,0.005,,,,,,-376.1489064975599,,
8842,realistic,3,x0y0,utah,,,Aa,saline,,,100.0,b,-1,0.08,axon,14.3,142106.36718353696,748.0459283091059,-480.78994711148835,centered,,,,50,5.260000000000122,success,91.845703125,0.005,,,,,-534.6562123330659,-534.656212333072,748.0459283091059,-480.78994711148835
8843,realistic,3,x0y0,utah,,,Aa,saline,,,100.0,b,-1,0.08,axon,17.6,151991.7925994833,-97.1550363392389,-850.5067066903348,centered,,,,none,0.0,success,105.0,0.005,,,,,,-344.9430071056912,,
8844,realistic,3,x0y0,utah,,,Aa,saline,,,100.0,b,-1,0.08,axon,14.4,142627.71081912995,602.2227040802827,-703.4524886032773,centered,,,,none,0.0,success,105.0,0.005,,,,,,-427.7399454674613,,
8845,realistic,3,x0y0,utah,,,Aa,saline,,,100.0,b,-1,0.08,axon,13.1,136934.0829664567,-416.0069357711627,-1134.0249901515658,centered,,,,none,0.0,success,105.0,0.005,,,,,,58.059821921964286,,
8846,realistic,3,x0y0,utah,,,Aa,saline,,,100.0,b,-1,0.08,axon,14.4,143096.32875673563,-268.8655036602745,-1199.9616890664895,centered,,,,none,0.0,success,105.0,0.005,,,,,,40.877992138247365,,
8847,realistic,3,x0y0,utah,,,Ab,saline,,,100.0,b,-1,0.08,axon,9.1,103371.7264210299,857.5376219453606,-75.13923971024771,centered,,,,49,5.2100000000001145,success,48.2666015625,0.005,,,,,1380.2951573097816,350.07867989846795,857.5376219453606,-75.13923971024771
8848,realistic,3,x0y0,utah,,,Ab,saline,,,100.0,b,-1,0.08,axon,9.1,102896.91786741703,-595.1684203790924,-1261.4867186305976,centered,,,,none,0.0,success,105.0,0.005,,,,,,-124.72987371439741,,
8849,realistic,3,x0y0,utah,,,Ab,saline,,,100.0,b,-1,0.08,axon,12.4,132657.26998394492,79.87549526410156,-1081.4927332895484,centered,,,,none,0.0,success,105.0,0.005,,,,,,-88.29360026210138,,
8850,realistic,3,x0y0,utah,,,Ab,saline,,,100.0,b,-1,0.08,axon,9.5,107400.56188748256,254.68033033209252,-971.122888512554,centered,,,,none,0.0,success,105.0,0.005,,,,,,-287.36602282503395,,
8851,realistic,3,x0y0,utah,,,Ab,saline,,,100.0,b,-1,0.08,axon,9.9,112242.09807495584,224.8131770684099,-876.1068679558098,centered,,,,none,0.0,success,105.0,0.005,,,,,,210.75274433854054,,
8852,realistic,3,x0y0,utah,,,Ab,saline,,,100.0,b,-1,0.08,axon,8.6,96884.2840920368,-283.7782140523818,896.7651460061337,centered,,,,none,0.0,success,105.0,0.005,,,,,,167.30554429217375,,
8853,realistic,3,x0y0,utah,,,Ab,saline,,,100.0,b,-1,0.08,axon,11.1,122716.30273357595,927.9958935056004,-160.11047996253686,centered,,,,51,5.255000000000122,success,70.9228515625,0.005,,,,,-1777.20053767231,-544.5915943926092,927.9958935056004,-160.11047996253686
8854,realistic,3,x0y0,utah,,,Ab,saline,,,100.0,b,-1,0.08,axon,10.8,120603.93651987474,246.0175344431741,-1324.861719572545,centered,,,,none,0.0,success,105.0,0.005,,,,,,-89.47158110943585,,
8855,realistic,3,x0y0,utah,,,Ab,saline,,,100.0,b,-1,0.08,axon,8.2,91308.432965905,259.4163112139995,831.5276011439197,centered,,,,none,0.0,success,105.0,0.005,,,,,,24.523880560521555,,
8856,realistic,3,x0y0,utah,,,Ab,saline,,,100.0,b,-1,0.08,axon,8.9,100394.68868382798,-693.1838527097632,-1156.4299663811626,centered,,,,none,0.0,success,105.0,0.005,,,,,,-168.99741431507385,,
8857,realistic,3,x0y0,utah,,,Aa,saline,,,100.0,b,-1,0.08,axon,15.2,145490.13892485114,918.7766905871373,1008.9811486750896,centered,,,,none,0.0,success,105.0,0.005,,,,,,-563.2416659291017,,
8858,realistic,3,x0y0,utah,,,Aa,saline,,,100.0,b,-1,0.08,axon,18.1,153584.86889455034,523.8059079671034,-1008.5940409923187,centered,,,,none,0.0,success,105.0,0.005,,,,,,329.68770906927847,,
8859,realistic,3,x0y0,utah,,,Aa,saline,,,100.0,b,-1,0.08,axon,17.3,152326.61446846672,-237.05361763168816,-882.2542443201137,centered,,,,none,0.0,success,105.0,0.005,,,,,,595.7082516345771,,
8860,realistic,3,x0y0,utah,,,Aa,saline,,,100.0,b,-1,0.08,axon,14.4,143070.17370078925,21.7445612184556,1140.6202395353966,centered,,,,none,0.0,success,105.0,0.005,,,,,,14.722936191818723,,
8861,realistic,3,x0y0,utah,,,Aa,saline,,,100.0,b,-1,0.08,axon,16.8,150261.66637985624,670.2085220564431,-738.7321704070883,centered,,,,none,0.0,success,105.0,0.005,,,,,,-358.8597857826886,,
8862,realistic,3,x0y0,utah,,,Aa,saline,,,100.0,b,-1,0.08,axon,16.6,150506.23824331534,-387.08425745106115,-748.2154056428708,centered,,,,none,0.0,success,105.0,0.005,,,,,,367.8222026155145,,
8863,realistic,3,x0y0,utah,,,Aa,saline,,,100.0,b,-1,0.08,axon,14.5,143324.10669537995,928.3398407770864,66.8577238402072,centered,,,,51,5.215000000000115,success,45.22247314453125,0.005,,,,,-1571.136312698858,-136.52994628224258,928.3398407770864,66.8577238402072
8864,realistic,3,x0y0,utah,,,Aa,saline,,,100.0,b,-1,0.08,axon,16.8,151061.4577027654,-672.5780992284426,682.123456328125,centered,,,,none,0.0,success,105.0,0.005,,,,,,440.93153712644414,,
8865,realistic,3,x0y0,utah,,,Aa,saline,,,100.0,b,-1,0.08,axon,17.7,153249.53058978278,836.1110246289912,-297.2516888980072,centered,,,,49,5.270000000000124,success,65.0634765625,0.005,,,,,2245.547624134546,720.2548669057692,836.1110246289912,-297.2516888980072
8866,realistic,3,x0y0,utah,,,Aa,saline,,,100.0,b,-1,0.08,axon,14.6,143273.18832635687,-241.2264705494877,-1187.0483896419425,centered,,,,none,0.0,success,105.0,0.005,,,,,,-583.5778127749143,,
8867,realistic,3,x0y0,utah,,,Ab,saline,,,100.0,b,-1,0.08,axon,8.6,96937.55243157897,-6.995803053726831,1163.5717896186936,centered,,,,none,0.0,success,105.0,0.005,,,,,,220.5738838343321,,
8868,realistic,3,x0y0,utah,,,Ab,saline,,,100.0,b,-1,0.08,axon,12.2,131279.7167334348,452.27638432527567,-1168.1771293091338,centered,,,,none,0.0,success,105.0,0.005,,,,,,-167.90573860160484,,
8869,realistic,3,x0y0,utah,,,Ab,saline,,,100.0,b,-1,0.08,axon,8.9,100767.47171884296,680.7398879454263,-1174.3837678541956,centered,,,,none,0.0,success,105.0,0.005,,,,,,203.7856206999237,,
8870,realistic,3,x0y0,utah,,,Ab,saline,,,100.0,b,-1,0.08,axon,8.5,95428.86613165977,948.1521595641087,685.4176316119092,centered,,,,none,0.0,success,105.0,0.005,,,,,,37.315388268119776,,
8871,realistic,3,x0y0,utah,,,Ab,saline,,,100.0,b,-1,0.08,axon,17.3,151349.10556636436,-51.14395657767227,-980.9775953806276,centered,,,,none,0.0,success,105.0,0.005,,,,,,-381.80065046778566,,
8872,realistic,3,x0y0,utah,,,Ab,saline,,,100.0,b,-1,0.08,axon,9.9,112532.07664617412,880.2910359411087,603.0956402694196,centered,,,,none,0.0,success,105.0,0.005,,,,,,500.7313155568064,,
8873,realistic,3,x0y0,utah,,,Ab,saline,,,100.0,b,-1,0.08,axon,11.4,125747.19484418914,509.55527750616517,1185.2664064763146,centered,,,,none,0.0,success,105.0,0.005,,,,,,68.06573108331787,,
8874,realistic,3,x0y0,utah,,,Ab,saline,,,100.0,b,-1,0.08,axon,11.1,123003.80994258368,-292.08910279973907,-794.4067708582032,centered,,,,none,0.0,success,105.0,0.005,,,,,,-257.0843853848807,,
8875,realistic,3,x0y0,utah,,,Ab,saline,,,100.0,b,-1,0.08,axon,8.7,97739.71299163824,437.8148920589215,922.78638647448,centered,,,,none,0.0,success,105.0,0.005,,,,,,-281.00494230238763,,
8876,realistic,3,x0y0,utah,,,Ab,saline,,,100.0,b,-1,0.08,axon,8.6,96668.6734539645,314.4451196168056,-1201.7816659836772,centered,,,,none,0.0,success,105.0,0.005,,,,,,-48.30509378011074,,
8877,realistic,3,x0y0,utah,,,Aa,saline,,,100.0,b,-1,0.08,axon,13.6,139011.08157690728,-125.52242875510001,-941.4212253861806,centered,,,,none,0.0,success,105.0,0.005,,,,,,-454.07185555868966,,
8878,realistic,3,x0y0,utah,,,Aa,saline,,,100.0,b,-1,0.08,axon,13.9,141463.44117918142,-153.17957854912717,-1006.8628874255162,centered,,,,none,0.0,success,105.0,0.005,,,,,,576.3393364962819,,
8879,realistic,3,x0y0,utah,,,Aa,saline,,,100.0,b,-1,0.08,axon,14.8,145337.59580400973,-236.1301393953704,1056.887353019265,centered,,,,none,0.0,success,105.0,0.005,,,,,,715.0130246126912,,
8880,realistic,3,x0y0,utah,,,Aa,saline,,,100.0,b,-1,0.08,axon,14.6,144087.60856585234,-428.9072444494509,-773.9700685450603,centered,,,,none,0.0,success,105.0,0.005,,,,,,230.84242672057425,,
8881,realistic,3,x0y0,utah,,,Aa,saline,,,100.0,b,-1,0.08,axon,14.7,144928.89854314268,325.85061924860474,1202.199829284834,centered,,,,none,0.0,success,105.0,0.005,,,,,,684.876905429384,,
8882,realistic,3,x0y0,utah,,,Aa,saline,,,100.0,b,-1,0.08,axon,14.8,144053.06484297366,-85.91523512375397,-1023.2272814813962,centered,,,,none,0.0,success,105.0,0.005,,,,,,-569.5179364234148,,
8883,realistic,3,x0y0,utah,,,Aa,saline,,,100.0,b,-1,0.08,axon,15.6,147310.262024505,926.3842395417546,-863.3361219375984,centered,,,,none,0.0,success,105.0,0.005,,,,,,-48.465251872786226,,
8884,realistic,3,x0y0,utah,,,Aa,saline,,,100.0,b,-1,0.08,axon,18.8,154423.85067740298,-635.144542257357,-1003.1427628398584,centered,,,,none,0.0,success,105.0,0.005,,,,,,53.95971057876153,,
8885,realistic,3,x0y0,utah,,,Aa,saline,,,100.0,b,-1,0.08,axon,17.3,151197.38683695163,436.3520238265046,806.8252559901453,centered,,,,none,0.0,success,105.0,0.005,,,,,,-533.5193798804944,,
8886,realistic,3,x0y0,utah,,,Aa,saline,,,100.0,b,-1,0.08,axon,15.2,145828.1597434333,373.3564609797858,1240.6878877249856,centered,,,,none,0.0,success,105.0,0.005,,,,,,-225.2208473469673,,
8887,realistic,3,x0y0,utah,,,Ab,saline,,,100.0,b,-1,0.08,axon,11.1,123770.6694521262,-227.33864714411675,-909.9893710167116,centered,,,,none,0.0,success,105.0,0.005,,,,,,509.7751241576228,,
8888,realistic,3,x0y0,utah,,,Ab,saline,,,100.0,b,-1,0.08,axon,8.8,98836.3258290542,-462.9223845636329,-1071.1103556591124,centered,,,,none,0.0,success,105.0,0.005,,,,,,-466.5795915914621,,
8889,realistic,3,x0y0,utah,,,Ab,saline,,,100.0,b,-1,0.08,axon,12.7,135116.7423586201,-698.3657620448163,888.9069865731694,centered,,,,none,0.0,success,105.0,0.005,,,,,,524.7365200452554,,
8890,realistic,3,x0y0,utah,,,Ab,saline,,,100.0,b,-1,0.08,axon,12.6,133842.0419568681,201.9644458698585,-819.8926856875868,centered,,,,none,0.0,success,105.0,0.005,,,,,,-147.57011540682672,,
8891,realistic,3,x0y0,utah,,,Ab,saline,,,100.0,b,-1,0.08,axon,9.7,110086.06461501603,722.7460412356833,666.3839872012537,centered,,,,none,0.0,success,105.0,0.005,,,,,,186.86527730083648,,
8892,realistic,3,x0y0,utah,,,Ab,saline,,,100.0,b,-1,0.08,axon,8.5,95206.93876101027,1024.6746160647979,391.3892578008736,centered,,,,none,0.0,success,105.0,0.005,,,,,,-184.6119823813758,,
8893,realistic,3,x0y0,utah,,,Ab,saline,,,100.0,b,-1,0.08,axon,10.1,113968.71453740168,825.0254987360366,-765.903854751718,centered,,,,none,0.0,success,105.0,0.005,,,,,,-117.33771129847223,,
8894,realistic,3,x0y0,utah,,,Ab,saline,,,100.0,b,-1,0.08,axon,12.0,130073.95856778494,-644.165062218266,476.52901192840966,centered,,,,none,0.0,success,105.0,0.005,,,,,,-19.954725650258307,,
8895,realistic,3,x0y0,utah,,,Ab,saline,,,100.0,b,-1,0.08,axon,8.5,95856.44270747664,1346.9016963918375,166.31845545125455,centered,,,,none,0.0,success,105.0,0.005,,,,,,464.89196408497355,,
8896,realistic,3,x0y0,utah,,,Ab,saline,,,100.0,b,-1,0.08,axon,8.0,88633.60018284645,-334.26829117834814,775.0200316748552,centered,,,,none,0.0,success,105.0,0.005,,,,,,198.63951314852855,,
8897,realistic,3,x0y0,utah,,,Aa,saline,,,100.0,b,-1,0.08,axon,19.3,155518.9590904553,1110.6057626470663,100.44522721935071,centered,,,,49,5.265000000000123,success,83.4228515625,0.005,,,,,2010.674935541785,460.08620670426507,1110.6057626470663,100.44522721935071
8898,realistic,3,x0y0,utah,,,Aa,saline,,,100.0,b,-1,0.08,axon,14.4,143054.08251296106,941.7263865891923,142.4564670024015,centered,,,,50,5.220000000000116,success,51.513671875,0.005,,,,,-1.3682516363624018,-1.3682516363757973,941.7263865891923,142.4564670024015
8899,realistic,3,x0y0,utah,,,Aa,saline,,,100.0,b,-1,0.08,axon,14.5,143917.0968895544,913.7427854165794,-484.0638523360403,centered,,,,none,0.0,success,105.0,0.005,,,,,,456.46024789220564,,
8900,realistic,3,x0y0,utah,,,Aa,saline,,,100.0,b,-1,0.08,axon,16.4,150379.6452075007,419.90849034885696,-991.6648905273148,centered,,,,none,0.0,success,105.0,0.005,,,,,,746.5158602538962,,
8901,realistic,3,x0y0,utah,,,Aa,saline,,,100.0,b,-1,0.08,axon,14.8,144849.98078067135,-159.34587849833682,1184.007264136293,centered,,,,none,0.0,success,105.0,0.005,,,,,,227.3980012742674,,
8902,realistic,3,x0y0,utah,,,Aa,saline,,,100.0,b,-1,0.08,axon,16.3,150019.9319798456,-461.6764198485797,-1135.3362071965305,centered,,,,none,0.0,success,105.0,0.005,,,,,,648.4619667898405,,
8903,realistic,3,x0y0,utah,,,Aa,saline,,,100.0,b,-1,0.08,axon,16.2,149710.36399530087,1222.9709223946875,-41.70919947089578,centered,,,,none,0.0,success,105.0,0.005,,,,,,606.7421557924197,,
8904,realistic,3,x0y0,utah,,,Aa,saline,,,100.0,b,-1,0.08,axon,15.7,147839.96317446153,-26.802516450668463,806.0143395527075,centered,,,,none,0.0,success,105.0,0.005,,,,,,173.2920888440157,,
8905,realistic,3,x0y0,utah,,,Aa,saline,,,100.0,b,-1,0.08,axon,17.1,150757.91740954627,81.21093361742942,884.5169520075273,centered,,,,none,0.0,success,105.0,0.005,,,,,,-544.5060867399435,,
8906,realistic,3,x0y0,utah,,,Aa,saline,,,100.0,b,-1,0.08,axon,17.3,151052.3083485314,1087.3518364696056,274.30930495106713,centered,,,,50,5.265000000000123,success,99.462890625,0.005,,,,,-678.5978683007415,-678.5978683007322,1087.3518364696056,274.30930495106713
8907,realistic,3,x0y0,utah,,,Ab,saline,,,100.0,b,-1,0.08,axon,8.0,88254.77303694733,1091.4248382648584,643.3210598000766,centered,,,,none,0.0,success,105.0,0.005,,,,,,-180.1876327505938,,
8908,realistic,3,x0y0,utah,,,Ab,saline,,,100.0,b,-1,0.08,axon,11.5,126596.0839014976,-175.84063927570287,787.7487099178898,centered,,,,none,0.0,success,105.0,0.005,,,,,,142.91735128144919,,
8909,realistic,3,x0y0,utah,,,Ab,saline,,,100.0,b,-1,0.08,axon,10.3,115963.58477269365,904.5921354704553,-519.2877636794318,centered,,,,none,0.0,success,105.0,0.005,,,,,,-101.48515163576627,,
8910,realistic,3,x0y0,utah,,,Ab,saline,,,100.0,b,-1,0.08,axon,9.8,110760.4215761464,-14.248726991094372,968.3799139878404,centered,,,,none,0.0,success,105.0,0.005,,,,,,-214.6376546882912,,
8911,realistic,3,x0y0,utah,,,Ab,saline,,,100.0,b,-1,0.08,axon,9.7,109505.91649801806,508.5015909844351,972.9860928968795,centered,,,,none,0.0,success,105.0,0.005,,,,,,-393.28283969713533,,
8912,realistic,3,x0y0,utah,,,Ab,saline,,,100.0,b,-1,0.08,axon,12.4,133270.17644837536,-467.6771413294097,817.3916386117476,centered,,,,none,0.0,success,105.0,0.005,,,,,,524.6128641683322,,
8913,realistic,3,x0y0,utah,,,Ab,saline,,,100.0,b,-1,0.08,axon,10.6,119147.59077942533,978.3893951966879,-37.99062201393508,centered,,,,49,5.220000000000116,success,66.05224609375,0.005,,,,,1440.9123871012416,251.95603970401703,978.3893951966879,-37.99062201393508
8914,realistic,3,x0y0,utah,,,Ab,saline,,,100.0,b,-1,0.08,axon,9.7,110036.7714150524,-465.06717092436975,-1309.2335788137414,centered,,,,none,0.0,success,105.0,0.005,,,,,,137.57207733720819,,
8915,realistic,3,x0y0,utah,,,Ab,saline,,,100.0,b,-1,0.08,axon,8.8,98885.01340239146,485.64251310216883,-903.6478594922514,centered,,,,none,0.0,success,105.0,0.005,,,,,,-417.8920182542167,,
8916,realistic,3,x0y0,utah,,,Ab,saline,,,100.0,b,-1,0.08,axon,9.6,108319.53748462524,-32.82015205283369,1150.5418353258126,centered,,,,none,0.0,success,105.0,0.005,,,,,,-484.01943741039946,,
8917,realistic,3,x0y0,utah,,,Aa,saline,,,100.0,b,-1,0.08,axon,14.4,142561.05512271204,-328.2551403433536,833.7229479736725,centered,,,,none,0.0,success,105.0,0.005,,,,,,-494.39564188536485,,
8918,realistic,3,x0y0,utah,,,Aa,saline,,,100.0,b,-1,0.08,axon,16.6,150359.51160131805,-613.41827984055,-1171.7832033986608,centered,,,,none,0.0,success,105.0,0.005,,,,,,221.09556061822707,,
8919,realistic,3,x0y0,utah,,,Aa,saline,,,100.0,b,-1,0.08,axon,15.4,147001.92564502187,490.03215778901176,1046.1127077917663,centered,,,,none,0.0,success,105.0,0.005,,,,,,280.8431859202456,,
8920,realistic,3,x0y0,utah,,,Aa,saline,,,100.0,b,-1,0.08,axon,15.7,148146.90298705752,831.2867663643083,338.3491898338312,centered,,,,49,5.255000000000122,success,67.041015625,0.005,,,,,1956.8986122961796,480.23190144000085,831.2867663643083,338.3491898338312
8921,realistic,3,x0y0,utah,,,Aa,saline,,,100.0,b,-1,0.08,axon,14.9,145222.06534275247,-145.7753822288364,934.8693433911039,centered,,,,none,0.0,success,105.0,0.005,,,,,,229.43887971997262,,
8922,realistic,3,x0y0,utah,,,Aa,saline,,,100.0,b,-1,0.08,axon,18.0,153408.81165567064,-30.466032624506624,-1284.105164903062,centered,,,,none,0.0,success,105.0,0.005,,,,,,328.6682447649292,,
8923,realistic,3,x0y0,utah,,,Aa,saline,,,100.0,b,-1,0.08,axon,14.6,143358.9014187834,-55.205262866418714,-1224.8760672434835,centered,,,,none,0.0,success,105.0,0.005,,,,,,-497.86472034839034,,
8924,realistic,3,x0y0,utah,,,Aa,saline,,,100.0,b,-1,0.08,axon,14.6,143892.59639452267,384.54382571788574,-809.9511359208278,centered,,,,none,0.0,success,105.0,0.005,,,,,,35.830255390881646,,
8925,realistic,3,x0y0,utah,,,Aa,saline,,,100.0,b,-1,0.08,axon,15.2,145804.33678542348,-488.0267897093213,-1100.465402416482,centered,,,,none,0.0,success,105.0,0.005,,,,,,-249.0438053567224,,
8926,realistic,3,x0y0,utah,,,Aa,saline,,,100.0,b,-1,0.08,axon,15.6,146989.43271880946,310.4017257979204,-1036.148527529423,centered,,,,none,0.0,success,105.0,0.005,,,,,,-369.2945575683585,,
8927,realistic,3,x0y0,utah,,,Ab,saline,,,100.0,b,-1,0.08,axon,10.9,121093.73849148006,-624.6117318094703,-609.9868382274935,centered,,,,none,0.0,success,105.0,0.005,,,,,,-472.48278964858,,
8928,realistic,3,x0y0,utah,,,Ab,saline,,,100.0,b,-1,0.08,axon,11.1,122923.18541352251,-138.45989505838406,874.5783135961698,centered,,,,none,0.0,success,105.0,0.005,,,,,,-337.7089144460444,,
8929,realistic,3,x0y0,utah,,,Ab,saline,,,100.0,b,-1,0.08,axon,11.4,126116.6391155942,1230.9836511459962,-581.2558458805179,centered,,,,none,0.0,success,105.0,0.005,,,,,,437.5100024883933,,
8930,realistic,3,x0y0,utah,,,Ab,saline,,,100.0,b,-1,0.08,axon,8.9,100373.52075155305,-28.41600841661148,-1319.0668412245075,centered,,,,none,0.0,success,105.0,0.005,,,,,,-190.16534658998376,,
8931,realistic,3,x0y0,utah,,,Ab,saline,,,100.0,b,-1,0.08,axon,8.6,96288.90391375632,-337.87281358297236,-877.7998930560643,centered,,,,none,0.0,success,105.0,0.005,,,,,,-428.0746339882961,,
8932,realistic,3,x0y0,utah,,,Ab,saline,,,100.0,b,-1,0.08,axon,10.9,121743.18131509009,-527.5199775873599,-1087.8182308429623,centered,,,,none,0.0,success,105.0,0.005,,,,,,176.9600339614493,,
8933,realistic,3,x0y0,utah,,,Ab,saline,,,100.0,b,-1,0.08,axon,9.0,101925.50385877654,1050.906431506317,227.3708722204583,centered,,,,none,0.0,success,105.0,0.005,,,,,,122.29064844303028,,
8934,realistic,3,x0y0,utah,,,Ab,saline,,,100.0,b,-1,0.08,axon,12.9,135416.16612595474,521.5734085281429,648.1613200281595,centered,,,,none,0.0,success,105.0,0.005,,,,,,-342.5094274715873,,
8935,realistic,3,x0y0,utah,,,Ab,saline,,,100.0,b,-1,0.08,axon,9.0,102109.64289322401,-143.90017827352222,-833.5683515351675,centered,,,,none,0.0,success,105.0,0.005,,,,,,306.42968289049196,,
8936,realistic,3,x0y0,utah,,,Ab,saline,,,100.0,b,-1,0.08,axon,8.0,88779.84981651156,-175.98417988676962,1132.4314695230769,centered,,,,none,0.0,success,105.0,0.005,,,,,,344.88914681364787,,
8937,realistic,3,x0y0,utah,,,Aa,saline,,,100.0,b,-1,0.08,axon,16.1,148351.39389073188,211.73358737221855,1095.6666694976577,centered,,,,none,0.0,success,105.0,0.005,,,,,,-478.05414923367925,,
8938,realistic,3,x0y0,utah,,,Aa,saline,,,100.0,b,-1,0.08,axon,15.3,147044.80659503574,-286.5088244168652,-752.2878674625107,centered,,,,none,0.0,success,105.0,0.005,,,,,,653.7380304226081,,
8939,realistic,3,x0y0,utah,,,Aa,saline,,,100.0,b,-1,0.08,axon,16.1,148874.2959536889,-579.7509961166961,-1151.1338047158265,centered,,,,none,0.0,success,105.0,0.005,,,,,,44.84791372335531,,
8940,realistic,3,x0y0,utah,,,Aa,saline,,,100.0,b,-1,0.08,axon,14.9,144827.05187263346,-597.4027032248027,1224.5834411476844,centered,,,,none,0.0,success,105.0,0.005,,,,,,-165.5745903990589,,
8941,realistic,3,x0y0,utah,,,Aa,saline,,,100.0,b,-1,0.08,axon,15.2,146310.8963622948,585.3542436923954,-1219.3377209152216,centered,,,,none,0.0,success,105.0,0.005,,,,,,257.5157715145742,,
8942,realistic,3,x0y0,utah,,,Aa,saline,,,100.0,b,-1,0.08,axon,16.3,148819.40192339307,806.7725766531313,-282.44461203265564,centered,,,,51,5.255000000000122,success,57.6416015625,0.005,,,,,-2045.7827897932439,-552.0680896626677,806.7725766531313,-282.44461203265564
8943,realistic,3,x0y0,utah,,,Aa,saline,,,100.0,b,-1,0.08,axon,17.1,150671.7709023543,920.0812261645624,-766.02377828729,centered,,,,none,0.0,success,105.0,0.005,,,,,,-630.6525939319222,,
8944,realistic,3,x0y0,utah,,,Aa,saline,,,100.0,b,-1,0.08,axon,18.3,153092.4192432205,171.3900673016542,-1353.9573274827028,centered,,,,none,0.0,success,105.0,0.005,,,,,,-500.5379234979653,,
8945,realistic,3,x0y0,utah,,,Aa,saline,,,100.0,b,-1,0.08,axon,17.5,152571.90997466006,-23.961319656221352,1289.3744134616827,centered,,,,none,0.0,success,105.0,0.005,,,,,,432.3448588369684,,
8946,realistic,3,x0y0,utah,,,Aa,saline,,,100.0,b,-1,0.08,axon,18.7,154173.20635614928,-351.2030636921281,1195.8015112133062,centered,,,,none,0.0,success,105.0,0.005,,,,,,-48.662552772597316,,
8947,realistic,3,x0y0,utah,,,Ab,saline,,,100.0,b,-1,0.08,axon,9.7,109418.89449934076,741.0217683672504,910.1419577453844,centered,,,,none,0.0,success,105.0,0.005,,,,,,-480.304838374465,,
8948,realistic,3,x0y0,utah,,,Ab,saline,,,100.0,b,-1,0.08,axon,10.8,120152.13510264855,113.31671130953328,-1179.0508971629151,centered,,,,none,0.0,success,105.0,0.005,,,,,,-541.2729983356704,,
8949,realistic,3,x0y0,utah,,,Ab,saline,,,100.0,b,-1,0.08,axon,10.7,119717.10696219884,562.895655031205,682.2698753348567,centered,,,,none,0.0,success,105.0,0.005,,,,,,-86.18478663819964,,
8950,realistic,3,x0y0,utah,,,Ab,saline,,,100.0,b,-1,0.08,axon,9.1,102713.27135307324,426.82529306578317,-1234.2480329057194,centered,,,,none,0.0,success,105.0,0.005,,,,,,-308.37638805821587,,
8951,realistic,3,x0y0,utah,,,Ab,saline,,,100.0,b,-1,0.08,axon,8.0,88207.25630418265,-648.4916223155255,992.6526338054764,centered,,,,none,0.0,success,105.0,0.005,,,,,,-227.70436551526075,,
8952,realistic,3,x0y0,utah,,,Ab,saline,,,100.0,b,-1,0.08,axon,16.2,149216.91400566633,775.6505311652954,-842.9202524240374,centered,,,,none,0.0,success,105.0,0.005,,,,,,113.2921661579129,,
8953,realistic,3,x0y0,utah,,,Ab,saline,,,100.0,b,-1,0.08,axon,9.3,105120.72933444596,1118.705171919766,678.3250661645029,centered,,,,none,0.0,success,105.0,0.005,,,,,,-275.18991398483695,,
8954,realistic,3,x0y0,utah,,,Ab,saline,,,100.0,b,-1,0.08,axon,11.7,127820.58710027949,1199.7093975773316,-590.7759846681756,centered,,,,none,0.0,success,105.0,0.005,,,,,,-134.0432225104889,,
8955,realistic,3,x0y0,utah,,,Ab,saline,,,100.0,b,-1,0.08,axon,9.6,108489.6770176719,-399.66840675973884,1229.3941536888526,centered,,,,none,0.0,success,105.0,0.005,,,,,,-313.8799043637493,,
8956,realistic,3,x0y0,utah,,,Ab,saline,,,100.0,b,-1,0.08,axon,10.5,117490.76098845279,1002.4196651083867,198.21795801434246,centered,,,,50,5.2350000000001184,success,92.9443359375,0.005,,,,,-479.44015967674204,-479.4401596767222,1002.4196651083867,198.21795801434246
8957,realistic,3,x0y0,utah,,,Aa,saline,,,100.0,b,-1,0.08,axon,13.3,138633.11302070253,-608.0623306666075,697.7773702228267,centered,,,,none,0.0,success,105.0,0.005,,,,,,687.2916710359923,,
8958,realistic,3,x0y0,utah,,,Aa,saline,,,100.0,b,-1,0.08,axon,13.3,137618.77420009865,308.98170033595125,792.0846244458293,centered,,,,none,0.0,success,105.0,0.005,,,,,,-327.04714956790235,,
8959,realistic,3,x0y0,utah,,,Aa,saline,,,100.0,b,-1,0.08,axon,15.7,147671.01361942105,-284.7259185599213,991.3444728734372,centered,,,,none,0.0,success,105.0,0.005,,,,,,4.342533803533572,,
8960,realistic,3,x0y0,utah,,,Aa,saline,,,100.0,b,-1,0.08,axon,14.0,141113.39181013222,386.80466787373007,-790.783993232069,centered,,,,none,0.0,success,105.0,0.005,,,,,,-227.0086807758474,,
8961,realistic,3,x0y0,utah,,,Aa,saline,,,100.0,b,-1,0.08,axon,14.5,143774.82877643153,-569.7996413435912,-698.1927703902934,centered,,,,none,0.0,success,105.0,0.005,,,,,,314.1921347693326,,
8962,realistic,3,x0y0,utah,,,Aa,saline,,,100.0,b,-1,0.08,axon,16.5,150167.976438535,332.6096141250628,-1105.121776297546,centered,,,,none,0.0,success,105.0,0.005,,,,,,279.2423356458144,,
8963,realistic,3,x0y0,utah,,,Aa,saline,,,100.0,b,-1,0.08,axon,17.9,153414.66679539913,162.2105804593334,-998.6883540726674,centered,,,,none,0.0,success,105.0,0.005,,,,,,513.7880301801565,,
8964,realistic,3,x0y0,utah,,,Aa,saline,,,100.0,b,-1,0.08,axon,17.0,150523.63222387587,1102.5050326038108,375.43459080184715,centered,,,,none,0.0,success,105.0,0.005,,,,,,-556.832612052499,,
8965,realistic,3,x0y0,utah,,,Aa,saline,,,100.0,b,-1,0.08,axon,14.2,142266.11617383178,336.79703024055743,-819.1475207631079,centered,,,,none,0.0,success,105.0,0.005,,,,,,48.949471334773854,,
8966,realistic,3,x0y0,utah,,,Aa,saline,,,100.0,b,-1,0.08,axon,13.4,138227.68571753945,1329.6640584579882,370.62854773029915,centered,,,,none,0.0,success,105.0,0.005,,,,,,-235.74803437147517,,
8967,realistic,3,x0y0,utah,,,Ab,saline,,,100.0,b,-1,0.08,axon,13.1,137281.60834995494,-546.4058485492486,-1103.3985213408837,centered,,,,none,0.0,success,105.0,0.005,,,,,,405.58520542016817,,
8968,realistic,3,x0y0,utah,,,Ab,saline,,,100.0,b,-1,0.08,axon,14.2,141877.4034509616,108.1196868778188,1011.0730313715347,centered,,,,none,0.0,success,105.0,0.005,,,,,,-339.76325153539386,,
8969,realistic,3,x0y0,utah,,,Ab,saline,,,100.0,b,-1,0.08,axon,12.2,131622.22269460262,1092.9004341154423,459.1563242720117,centered,,,,none,0.0,success,105.0,0.005,,,,,,174.600222566234,,
8970,realistic,3,x0y0,utah,,,Ab,saline,,,100.0,b,-1,0.08,axon,8.1,89492.26889433282,-210.1239717171929,-964.9356944752003,centered,,,,none,0.0,success,105.0,0.005,,,,,,-378.27977746754766,,
8971,realistic,3,x0y0,utah,,,Ab,saline,,,100.0,b,-1,0.08,axon,8.1,89784.4883727537,509.94060799934005,1084.0991371554858,centered,,,,none,0.0,success,105.0,0.005,,,,,,-86.06029904667017,,
8972,realistic,3,x0y0,utah,,,Ab,saline,,,100.0,b,-1,0.08,axon,12.7,134184.64914862858,-266.31284634347406,1185.5571299414125,centered,,,,none,0.0,success,105.0,0.005,,,,,,-407.35668994627525,,
8973,realistic,3,x0y0,utah,,,Ab,saline,,,100.0,b,-1,0.08,axon,8.0,88663.7110151417,-115.29430812419605,-1159.6475388464744,centered,,,,none,0.0,success,105.0,0.005,,,,,,228.75034544378516,,
8974,realistic,3,x0y0,utah,,,Ab,saline,,,100.0,b,-1,0.08,axon,9.1,102953.42461274244,628.3749758270951,594.915253131704,centered,,,,none,0.0,success,105.0,0.005,,,,,,-68.22312838902074,,
8975,realistic,3,x0y0,utah,,,Ab,saline,,,100.0,b,-1,0.08,axon,8.6,96758.96228468377,104.832159938901,1179.0995065246398,centered,,,,none,0.0,success,105.0,0.005,,,,,,41.983736939157936,,
8976,realistic,3,x0y0,utah,,,Ab,saline,,,100.0,b,-1,0.08,axon,9.3,105034.16860520287,170.20910832744812,-869.7993669788507,centered,,,,none,0.0,success,105.0,0.005,,,,,,-361.75064322792815,,
8977,realistic,3,x0y0,utah,,,Aa,saline,,,100.0,b,-1,0.08,axon,15.6,146966.82962727168,804.228679190301,-682.690200777241,centered,,,,none,0.0,success,105.0,0.005,,,,,,-391.89764910611643,,
8978,realistic,3,x0y0,utah,,,Aa,saline,,,100.0,b,-1,0.08,axon,14.1,141423.49454401556,303.56022923146975,-1111.0847299239163,centered,,,,none,0.0,success,105.0,0.005,,,,,,-360.19560026204874,,
8979,realistic,3,x0y0,utah,,,Aa,saline,,,100.0,b,-1,0.08,axon,16.8,150851.0852254885,1161.9836752037118,572.3906867487676,centered,,,,none,0.0,success,105.0,0.005,,,,,,230.55905984955854,,
8980,realistic,3,x0y0,utah,,,Aa,saline,,,100.0,b,-1,0.08,axon,15.0,144902.26060352096,-82.11212534344804,-1212.6152341589327,centered,,,,none,0.0,success,105.0,0.005,,,,,,-452.06623916315203,,
8981,realistic,3,x0y0,utah,,,Aa,saline,,,100.0,b,-1,0.08,axon,13.6,139076.72857636606,1134.8646300122944,586.4549105627863,centered,,,,none,0.0,success,105.0,0.005,,,,,,-388.4248560999139,,
8982,realistic,3,x0y0,utah,,,Aa,saline,,,100.0,b,-1,0.08,axon,15.6,146892.63590175606,516.4186909405706,-838.0575484582007,centered,,,,none,0.0,success,105.0,0.005,,,,,,-466.09137462171486,,
8983,realistic,3,x0y0,utah,,,Aa,saline,,,100.0,b,-1,0.08,axon,14.0,141697.3383389476,1274.6407077551805,347.1276973661502,centered,,,,none,0.0,success,105.0,0.005,,,,,,356.93784803956464,,
8984,realistic,3,x0y0,utah,,,Aa,saline,,,100.0,b,-1,0.08,axon,14.6,144502.4305564593,154.8081320252613,1015.3580773021105,centered,,,,none,0.0,success,105.0,0.005,,,,,,645.6644173275123,,
8985,realistic,3,x0y0,utah,,,Aa,saline,,,100.0,b,-1,0.08,axon,18.8,154504.2113443535,339.95080033596787,-994.265869377519,centered,,,,none,0.0,success,105.0,0.005,,,,,,134.32037752927351,,
8986,realistic,3,x0y0,utah,,,Aa,saline,,,100.0,b,-1,0.08,axon,13.3,137739.26086362786,-480.3547507687617,-696.3982139081895,centered,,,,none,0.0,success,105.0,0.005,,,,,,-206.56048603867092,,
8987,realistic,3,x0y0,utah,,,Ab,saline,,,100.0,b,-1,0.08,axon,8.8,98979.07912974012,-644.7032328173891,869.4981724389023,centered,,,,none,0.0,success,105.0,0.005,,,,,,-323.8262909055631,,
8988,realistic,3,x0y0,utah,,,Ab,saline,,,100.0,b,-1,0.08,axon,13.9,140864.3649963598,-559.0210979897179,-583.0317084162522,centered,,,,none,0.0,success,105.0,0.005,,,,,,-22.73684632529981,,
8989,realistic,3,x0y0,utah,,,Ab,saline,,,100.0,b,-1,0.08,axon,11.5,126377.11984209887,-673.5617383544136,-1023.8089744516244,centered,,,,none,0.0,success,105.0,0.005,,,,,,-76.04670811728181,,
8990,realistic,3,x0y0,utah,,,Ab,saline,,,100.0,b,-1,0.08,axon,8.2,91117.92832809183,-117.98156584436084,840.9308596591483,centered,,,,none,0.0,success,105.0,0.005,,,,,,-165.98075725263286,,
8991,realistic,3,x0y0,utah,,,Ab,saline,,,100.0,b,-1,0.08,axon,13.8,140699.82919906572,812.6550096750888,10.349291698239085,centered,,,,49,5.175000000000109,success,27.99072265625,0.005,,,,,1680.469500642328,276.2335440925737,812.6550096750888,10.349291698239085
8992,realistic,3,x0y0,utah,,,Ab,saline,,,100.0,b,-1,0.08,axon,12.7,134333.1942157974,-596.4962445284722,1076.57933114944,centered,,,,none,0.0,success,105.0,0.005,,,,,,-258.81162277746654,,
8993,realistic,3,x0y0,utah,,,Ab,saline,,,100.0,b,-1,0.08,axon,9.0,101568.4271422137,340.4731311584692,1126.6959579719326,centered,,,,none,0.0,success,105.0,0.005,,,,,,-234.78606811982246,,
8994,realistic,3,x0y0,utah,,,Ab,saline,,,100.0,b,-1,0.08,axon,14.8,144199.10075501085,-585.846648434348,1204.915077383721,centered,,,,none,0.0,success,105.0,0.005,,,,,,-423.48202438623434,,
8995,realistic,3,x0y0,utah,,,Ab,saline,,,100.0,b,-1,0.08,axon,8.5,95049.6140910043,70.08601291258492,-1294.0064692645005,centered,,,,none,0.0,success,105.0,0.005,,,,,,-341.93665238734656,,
8996,realistic,3,x0y0,utah,,,Ab,saline,,,100.0,b,-1,0.08,axon,8.7,98195.17516193037,-582.9012366976731,-957.4743750233774,centered,,,,none,0.0,success,105.0,0.005,,,,,,174.4572279897592,,
8997,realistic,3,x0y0,utah,,,Aa,saline,,,100.0,b,-1,0.08,axon,15.3,146667.3859777469,604.595922115815,-586.1956574386568,centered,,,,49,5.190000000000111,success,105.0,0.005,,,,,1740.2280987798586,276.31741313372885,604.595922115815,-586.1956574386568
8998,realistic,3,x0y0,utah,,,Aa,saline,,,100.0,b,-1,0.08,axon,18.2,153612.31128139872,-87.68088633488425,1095.588447144581,centered,,,,none,0.0,success,105.0,0.005,,,,,,186.22343528708168,,
8999,realistic,3,x0y0,utah,,,Aa,saline,,,100.0,b,-1,0.08,axon,18.5,153181.47518655693,1256.5013915827285,-274.32937742291506,centered,,,,none,0.0,success,105.0,0.005,,,,,,-733.4739732482367,,
9000,realistic,3,x0y0,utah,,,Aa,saline,,,100.0,b,-1,0.08,axon,13.7,139463.38925388706,1156.3217949976524,-460.95618357420057,centered,,,,none,0.0,success,105.0,0.005,,,,,,-486.291512727326,,
9001,realistic,3,x0y0,utah,,,Aa,saline,,,100.0,b,-1,0.08,axon,15.4,146538.25243778812,24.57848584960311,-1031.0206137535242,centered,,,,none,0.0,success,105.0,0.005,,,,,,-182.8300213134965,,
9002,realistic,3,x0y0,utah,,,Aa,saline,,,100.0,b,-1,0.08,axon,14.8,145227.20613017475,1345.1639351621025,42.921077317508654,centered,,,,none,0.0,success,105.0,0.005,,,,,,604.6233507777026,,
9003,realistic,3,x0y0,utah,,,Aa,saline,,,100.0,b,-1,0.08,axon,13.1,137029.45079524224,430.8097788198088,-795.9341966943603,centered,,,,none,0.0,success,105.0,0.005,,,,,,153.42765070747487,,
9004,realistic,3,x0y0,utah,,,Aa,saline,,,100.0,b,-1,0.08,axon,18.0,153730.20585615037,948.7182049561387,266.62089836260293,centered,,,,49,5.250000000000121,success,73.81591796875,0.005,,,,,2180.86387935371,650.0624452446355,948.7182049561387,266.62089836260293
9005,realistic,3,x0y0,utah,,,Aa,saline,,,100.0,b,-1,0.08,axon,15.6,146728.58319936635,426.44251076475257,1175.1100684689745,centered,,,,none,0.0,success,105.0,0.005,,,,,,-630.1440770114025,,
9006,realistic,3,x0y0,utah,,,Aa,saline,,,100.0,b,-1,0.08,axon,14.9,145304.96453633634,855.4746819319015,195.86165466621202,centered,,,,49,5.2350000000001184,success,45.9228515625,0.005,,,,,1762.2643379341753,312.3380733038569,855.4746819319015,195.86165466621202
9007,realistic,3,x0y0,utah,,,Ab,saline,,,100.0,b,-1,0.08,axon,9.7,110031.60897128924,-291.65608129006336,-1204.169506758662,centered,,,,none,0.0,success,105.0,0.005,,,,,,132.40963357403103,,
9008,realistic,3,x0y0,utah,,,Ab,saline,,,100.0,b,-1,0.08,axon,8.9,100879.35725928633,474.0622181093791,1104.8871300352819,centered,,,,none,0.0,success,105.0,0.005,,,,,,315.671161143294,,
9009,realistic,3,x0y0,utah,,,Ab,saline,,,100.0,b,-1,0.08,axon,12.1,130784.61497650795,1278.8686509571014,227.0638290829716,centered,,,,none,0.0,success,105.0,0.005,,,,,,6.7579859502481545,,
9010,realistic,3,x0y0,utah,,,Ab,saline,,,100.0,b,-1,0.08,axon,11.3,124844.36136127118,886.0371007049239,-145.8507673629515,centered,,,,50,5.205000000000114,success,46.47216796875,0.005,,,,,-44.871056390562444,-44.87105639055764,886.0371007049239,-145.8507673629515
9011,realistic,3,x0y0,utah,,,Ab,saline,,,100.0,b,-1,0.08,axon,8.4,94200.21224684671,254.28417808417592,1326.1948729498665,centered,,,,none,0.0,success,105.0,0.005,,,,,,155.90525129262394,,
9012,realistic,3,x0y0,utah,,,Ab,saline,,,100.0,b,-1,0.08,axon,10.6,119284.47566091704,35.13408383228489,-1361.756158164068,centered,,,,none,0.0,success,105.0,0.005,,,,,,388.8409211957508,,
9013,realistic,3,x0y0,utah,,,Ab,saline,,,100.0,b,-1,0.08,axon,8.2,91432.13952514381,353.69702255557337,-908.2436803817493,centered,,,,none,0.0,success,105.0,0.005,,,,,,148.23043979930776,,
9014,realistic,3,x0y0,utah,,,Ab,saline,,,100.0,b,-1,0.08,axon,9.9,112379.22321971614,1051.7847393157704,-398.0570952963867,centered,,,,none,0.0,success,105.0,0.005,,,,,,347.87788909882124,,
9015,realistic,3,x0y0,utah,,,Ab,saline,,,100.0,b,-1,0.08,axon,9.1,102858.62925841613,549.3541272352331,-975.1395675921583,centered,,,,none,0.0,success,105.0,0.005,,,,,,-163.01848271529926,,
9016,realistic,3,x0y0,utah,,,Ab,saline,,,100.0,b,-1,0.08,axon,12.9,136424.2019980134,-179.91690302052942,-1142.721981430667,centered,,,,none,0.0,success,105.0,0.005,,,,,,665.5264445870315,,
9017,realistic,3,x0y0,utah,,,Aa,saline,,,100.0,b,-1,0.08,axon,16.5,150353.63409751788,-161.96590704823532,1068.2968208330967,centered,,,,none,0.0,success,105.0,0.005,,,,,,464.899994628692,,
9018,realistic,3,x0y0,utah,,,Aa,saline,,,100.0,b,-1,0.08,axon,16.7,150041.69963466685,798.357839006905,881.0282420852017,centered,,,,none,0.0,success,105.0,0.005,,,,,,-340.60481324021225,,
9019,realistic,3,x0y0,utah,,,Aa,saline,,,100.0,b,-1,0.08,axon,14.0,141995.90054921206,897.9541483310059,-593.5094295077097,centered,,,,none,0.0,success,105.0,0.005,,,,,,655.5000583040194,,
9020,realistic,3,x0y0,utah,,,Aa,saline,,,100.0,b,-1,0.08,axon,16.7,151003.06197007975,-235.35797083567013,-1281.5442404832922,centered,,,,none,0.0,success,105.0,0.005,,,,,,620.7575221727434,,
9021,realistic,3,x0y0,utah,,,Aa,saline,,,100.0,b,-1,0.08,axon,13.5,139062.37566828865,1316.0449144185984,-441.0489612119245,centered,,,,none,0.0,success,105.0,0.005,,,,,,92.56830803815828,,
9022,realistic,3,x0y0,utah,,,Aa,saline,,,100.0,b,-1,0.08,axon,14.6,144111.0852772937,1161.3929822437412,-693.1003303051657,centered,,,,none,0.0,success,105.0,0.005,,,,,,254.3191381618877,,
9023,realistic,3,x0y0,utah,,,Aa,saline,,,100.0,b,-1,0.08,axon,14.1,142090.74859697654,282.2073341004725,-1111.0374262634666,centered,,,,none,0.0,success,105.0,0.005,,,,,,307.05845269895525,,
9024,realistic,3,x0y0,utah,,,Aa,saline,,,100.0,b,-1,0.08,axon,15.3,146505.89368276985,773.1932760581614,868.0226154368629,centered,,,,none,0.0,success,105.0,0.005,,,,,,114.82511815667343,,
9025,realistic,3,x0y0,utah,,,Aa,saline,,,100.0,b,-1,0.08,axon,14.9,144396.1083161761,707.2567813812227,-782.328264483122,centered,,,,none,0.0,success,105.0,0.005,,,,,,-596.518146856396,,
9026,realistic,3,x0y0,utah,,,Aa,saline,,,100.0,b,-1,0.08,axon,15.1,145850.65112513668,941.9068388353962,731.7597517126857,centered,,,,none,0.0,success,105.0,0.005,,,,,,142.79579651783942,,
9027,realistic,3,x0y0,utah,,,Ab,saline,,,100.0,b,-1,0.08,axon,9.5,107742.08926606957,288.59319865262836,1081.3518042468704,centered,,,,none,0.0,success,105.0,0.005,,,,,,54.16135576196773,,
9028,realistic,3,x0y0,utah,,,Ab,saline,,,100.0,b,-1,0.08,axon,15.1,145813.4321554312,-550.1689408019429,-797.0314427890285,centered,,,,none,0.0,success,105.0,0.005,,,,,,105.57682681233648,,
9029,realistic,3,x0y0,utah,,,Ab,saline,,,100.0,b,-1,0.08,axon,8.7,97809.34114179533,-349.9996205615348,-883.6357661684782,centered,,,,none,0.0,success,105.0,0.005,,,,,,-211.37679214528725,,
9030,realistic,3,x0y0,utah,,,Ab,saline,,,100.0,b,-1,0.08,axon,9.8,110462.17290125703,381.2610131193778,-845.4709529014136,centered,,,,none,0.0,success,105.0,0.005,,,,,,-512.8863295776372,,
9031,realistic,3,x0y0,utah,,,Ab,saline,,,100.0,b,-1,0.08,axon,11.2,124017.4866009303,-607.9098986867666,1063.7809396062576,centered,,,,none,0.0,success,105.0,0.005,,,,,,-65.74809256537232,,
9032,realistic,3,x0y0,utah,,,Ab,saline,,,100.0,b,-1,0.08,axon,13.6,139799.8161737708,-200.38443005021412,-894.7985732533775,centered,,,,none,0.0,success,105.0,0.005,,,,,,334.66274130484544,,
9033,realistic,3,x0y0,utah,,,Ab,saline,,,100.0,b,-1,0.08,axon,10.5,117443.38671341735,-135.8284590182202,-1209.0385054743736,centered,,,,none,0.0,success,105.0,0.005,,,,,,-526.8144347121745,,
9034,realistic,3,x0y0,utah,,,Ab,saline,,,100.0,b,-1,0.08,axon,9.1,103437.53879364832,833.2809279086418,-1011.4166420813604,centered,,,,none,0.0,success,105.0,0.005,,,,,,415.8910525168934,,
9035,realistic,3,x0y0,utah,,,Ab,saline,,,100.0,b,-1,0.08,axon,8.5,94978.36048521523,1040.2393073056571,-503.1548621509663,centered,,,,none,0.0,success,105.0,0.005,,,,,,-413.190258176396,,
9036,realistic,3,x0y0,utah,,,Ab,saline,,,100.0,b,-1,0.08,axon,15.0,145979.91302838793,381.6614474081066,-745.0082566326711,centered,,,,none,0.0,success,105.0,0.005,,,,,,625.5861857038402,,
9037,realistic,3,x0y0,utah,,,Aa,saline,,,100.0,b,-1,0.08,axon,16.7,150061.16125923034,-438.12528230588936,723.1549974694922,centered,,,,none,0.0,success,105.0,0.005,,,,,,-321.14318867672034,,
9038,realistic,3,x0y0,utah,,,Aa,saline,,,100.0,b,-1,0.08,axon,14.8,145211.96779103525,770.3668833230403,-686.7207876428565,centered,,,,none,0.0,success,105.0,0.005,,,,,,589.3850116381393,,
9039,realistic,3,x0y0,utah,,,Aa,saline,,,100.0,b,-1,0.08,axon,14.6,143275.67577382247,908.1883788554288,-56.01535658059947,centered,,,,51,5.250000000000121,success,54.5166015625,0.005,,,,,-2019.6580267006357,-581.0903653093255,908.1883788554288,-56.01535658059947
9040,realistic,3,x0y0,utah,,,Aa,saline,,,100.0,b,-1,0.08,axon,15.0,145144.22034463772,722.3071394008881,729.5548266819296,centered,,,,none,0.0,success,105.0,0.005,,,,,,-210.10649804639482,,
9041,realistic,3,x0y0,utah,,,Aa,saline,,,100.0,b,-1,0.08,axon,17.2,151009.55583275945,594.3666599009644,943.7622836719192,centered,,,,none,0.0,success,105.0,0.005,,,,,,-509.6431091605752,,
9042,realistic,3,x0y0,utah,,,Aa,saline,,,100.0,b,-1,0.08,axon,16.9,151173.5193745451,310.49043138327806,-936.3274632770641,centered,,,,none,0.0,success,105.0,0.005,,,,,,320.31375752217195,,
9043,realistic,3,x0y0,utah,,,Aa,saline,,,100.0,b,-1,0.08,axon,19.1,155518.9522470595,976.0272630382638,-194.54280420612213,centered,,,,49,5.255000000000122,success,70.9228515625,0.005,,,,,2273.6929310450505,725.7610187620787,976.0272630382638,-194.54280420612213
9044,realistic,3,x0y0,utah,,,Aa,saline,,,100.0,b,-1,0.08,axon,14.6,143548.75009590053,687.6188864019557,1017.0513704828444,centered,,,,none,0.0,success,105.0,0.005,,,,,,-308.0160432312766,,
9045,realistic,3,x0y0,utah,,,Aa,saline,,,100.0,b,-1,0.08,axon,14.8,144485.10174450872,1132.5057548125994,556.1470704704511,centered,,,,none,0.0,success,105.0,0.005,,,,,,-137.48103488836662,,
9046,realistic,3,x0y0,utah,,,Aa,saline,,,100.0,b,-1,0.08,axon,18.8,154529.2105142049,793.873541396013,576.9786863811769,centered,,,,49,5.290000000000127,success,98.291015625,0.005,,,,,1703.0184570488927,159.31954738062984,793.873541396013,576.9786863811769
9047,realistic,3,x0y0,utah,,,Ab,saline,,,100.0,b,-1,0.08,axon,9.0,101760.98488115506,741.0304072495738,1047.2655955142095,centered,,,,none,0.0,success,105.0,0.005,,,,,,-42.228329178453826,,
9048,realistic,3,x0y0,utah,,,Ab,saline,,,100.0,b,-1,0.08,axon,9.8,110687.57085940834,-607.8883481456352,-958.9114010701396,centered,,,,none,0.0,success,105.0,0.005,,,,,,-287.4883714263487,,
9049,realistic,3,x0y0,utah,,,Ab,saline,,,100.0,b,-1,0.08,axon,12.1,130846.18780803561,-196.80988410740474,1113.4113961534304,centered,,,,none,0.0,success,105.0,0.005,,,,,,68.33081747788296,,
9050,realistic,3,x0y0,utah,,,Ab,saline,,,100.0,b,-1,0.08,axon,7.8,85497.95985189304,963.7075926798108,954.484380268882,centered,,,,none,0.0,success,105.0,0.005,,,,,,1.1510172095431668,,
9051,realistic,3,x0y0,utah,,,Ab,saline,,,100.0,b,-1,0.08,axon,8.4,94321.97300639864,308.6512385376081,773.0025032587662,centered,,,,none,0.0,success,105.0,0.005,,,,,,277.6660108445388,,
9052,realistic,3,x0y0,utah,,,Ab,saline,,,100.0,b,-1,0.08,axon,8.7,98293.48002144547,1033.2850847250138,-664.9722080595577,centered,,,,none,0.0,success,105.0,0.005,,,,,,272.7620875048393,,
9053,realistic,3,x0y0,utah,,,Ab,saline,,,100.0,b,-1,0.08,axon,9.1,103193.45273484178,546.2380670243523,-1016.7617143663533,centered,,,,none,0.0,success,105.0,0.005,,,,,,171.80499371033784,,
9054,realistic,3,x0y0,utah,,,Ab,saline,,,100.0,b,-1,0.08,axon,8.5,95249.56392945666,-119.93491742069818,1284.416403091669,centered,,,,none,0.0,success,105.0,0.005,,,,,,-141.98681393498268,,
9055,realistic,3,x0y0,utah,,,Ab,saline,,,100.0,b,-1,0.08,axon,8.9,100374.450813803,1083.5915666985006,558.4521782952797,centered,,,,none,0.0,success,105.0,0.005,,,,,,-189.23528434003222,,
9056,realistic,3,x0y0,utah,,,Ab,saline,,,100.0,b,-1,0.08,axon,8.6,96824.99332077334,817.7965879543283,-888.3315695030988,centered,,,,none,0.0,success,105.0,0.005,,,,,,108.01477302872108,,
9057,realistic,3,x0y0,utah,,,Aa,saline,,,100.0,b,-1,0.08,axon,13.9,140631.87812601821,258.19316598031946,761.8837007424086,centered,,,,none,0.0,success,105.0,0.005,,,,,,-255.22371666691882,,
9058,realistic,3,x0y0,utah,,,Aa,saline,,,100.0,b,-1,0.08,axon,18.5,154289.37815104175,-403.86348250179526,1184.2064580656015,centered,,,,none,0.0,success,105.0,0.005,,,,,,374.42899123657884,,
9059,realistic,3,x0y0,utah,,,Aa,saline,,,100.0,b,-1,0.08,axon,15.3,146942.65964702694,-229.26445645593503,1334.9701895150238,centered,,,,none,0.0,success,105.0,0.005,,,,,,551.5910824137702,,
9060,realistic,3,x0y0,utah,,,Aa,saline,,,100.0,b,-1,0.08,axon,14.4,142350.36005431289,1163.3519097735552,656.5622742297483,centered,,,,none,0.0,success,105.0,0.005,,,,,,-705.0907102845515,,
9061,realistic,3,x0y0,utah,,,Aa,saline,,,100.0,b,-1,0.08,axon,15.9,148782.9667148249,5.7331791782453365,1052.0148729793782,centered,,,,none,0.0,success,105.0,0.005,,,,,,521.4030754158393,,
9062,realistic,3,x0y0,utah,,,Aa,saline,,,100.0,b,-1,0.08,axon,16.3,149615.42911499087,-687.3828163710722,-990.5927443868744,centered,,,,none,0.0,success,105.0,0.005,,,,,,243.9591019351009,,
9063,realistic,3,x0y0,utah,,,Aa,saline,,,100.0,b,-1,0.08,axon,14.5,144142.6364782932,1118.127182728962,-622.3996435036215,centered,,,,none,0.0,success,105.0,0.005,,,,,,681.9998366309968,,
9064,realistic,3,x0y0,utah,,,Aa,saline,,,100.0,b,-1,0.08,axon,18.5,154323.59429217255,834.0324681821107,43.062383270215385,centered,,,,49,5.200000000000113,success,33.5205078125,0.005,,,,,1947.7946239654557,408.64513236738367,834.0324681821107,43.062383270215385
9065,realistic,3,x0y0,utah,,,Aa,saline,,,100.0,b,-1,0.08,axon,14.7,144611.11670138506,865.5820903924568,-956.2270721319293,centered,,,,none,0.0,success,105.0,0.005,,,,,,367.09506367171446,,
9066,realistic,3,x0y0,utah,,,Aa,saline,,,100.0,b,-1,0.08,axon,14.9,145705.66164883054,-33.26395108838824,-1069.9057431152721,centered,,,,none,0.0,success,105.0,0.005,,,,,,713.035185798058,,
9067,realistic,3,x0y0,utah,,,Ab,saline,,,100.0,b,-1,0.08,axon,8.6,96242.24151045762,-483.647637338021,1058.376716354503,centered,,,,none,0.0,success,105.0,0.005,,,,,,-474.737037286985,,
9068,realistic,3,x0y0,utah,,,Ab,saline,,,100.0,b,-1,0.08,axon,12.2,131267.06206004848,343.34891300388836,-1350.7171684186446,centered,,,,none,0.0,success,105.0,0.005,,,,,,-180.5604119879048,,
9069,realistic,3,x0y0,utah,,,Ab,saline,,,100.0,b,-1,0.08,axon,8.1,90163.88744649725,755.1516035929385,-352.4460404599877,centered,,,,49,5.275000000000125,success,86.46240234375,0.005,,,,,1192.0442614148924,293.33877469686564,755.1516035929385,-352.4460404599877
9070,realistic,3,x0y0,utah,,,Ab,saline,,,100.0,b,-1,0.08,axon,13.7,139935.31287832328,932.8717193493512,628.2864425034231,centered,,,,none,0.0,success,105.0,0.005,,,,,,-14.367888291064586,,
9071,realistic,3,x0y0,utah,,,Ab,saline,,,100.0,b,-1,0.08,axon,8.9,100221.52602758637,272.0771370699481,796.3289519609184,centered,,,,none,0.0,success,105.0,0.005,,,,,,-342.16007055668166,,
9072,realistic,3,x0y0,utah,,,Ab,saline,,,100.0,b,-1,0.08,axon,11.9,130009.9879198714,1169.2539007632158,237.99172449187057,centered,,,,none,0.0,success,105.0,0.005,,,,,,614.4342799807824,,
9073,realistic,3,x0y0,utah,,,Ab,saline,,,100.0,b,-1,0.08,axon,8.1,90064.95571288538,925.8786445173241,-147.92099994976434,centered,,,,49,5.24500000000012,success,72.900390625,0.005,,,,,1093.112527803023,194.40704108501725,925.8786445173241,-147.92099994976434
9074,realistic,3,x0y0,utah,,,Ab,saline,,,100.0,b,-1,0.08,axon,10.2,115649.71447768262,843.1663996830231,725.5303208181441,centered,,,,none,0.0,success,105.0,0.005,,,,,,564.803788260944,,
9075,realistic,3,x0y0,utah,,,Ab,saline,,,100.0,b,-1,0.08,axon,14.1,141290.50663456626,-337.1916882039136,896.9418949302852,centered,,,,none,0.0,success,105.0,0.005,,,,,,-493.1835097113434,,
9076,realistic,3,x0y0,utah,,,Ab,saline,,,100.0,b,-1,0.08,axon,10.6,118419.1274289371,457.3324237005937,-1084.6680805528977,centered,,,,none,0.0,success,105.0,0.005,,,,,,-476.50731078418715,,
9077,realistic,3,x0y0,utah,,,Aa,saline,,,100.0,b,-1,0.08,axon,16.5,149227.2327643408,462.91648575717176,1300.2406872680358,centered,,,,none,0.0,success,105.0,0.005,,,,,,-661.5013385483975,,
9078,realistic,3,x0y0,utah,,,Aa,saline,,,100.0,b,-1,0.08,axon,17.7,152829.44323149926,-382.0595247860456,-825.528805614093,centered,,,,none,0.0,success,105.0,0.005,,,,,,300.16750862224745,,
9079,realistic,3,x0y0,utah,,,Aa,saline,,,100.0,b,-1,0.08,axon,16.2,149341.3215090967,626.5241586492666,-1082.0514399892031,centered,,,,none,0.0,success,105.0,0.005,,,,,,237.69966958829025,,
9080,realistic,3,x0y0,utah,,,Aa,saline,,,100.0,b,-1,0.08,axon,18.1,152944.29036564866,-264.5852541878062,-834.2748950917426,centered,,,,none,0.0,success,105.0,0.005,,,,,,-310.890819832412,,
9081,realistic,3,x0y0,utah,,,Aa,saline,,,100.0,b,-1,0.08,axon,13.8,140156.65376163597,168.60853961375278,1087.9377204020157,centered,,,,none,0.0,success,105.0,0.005,,,,,,-266.94189333719004,,
9082,realistic,3,x0y0,utah,,,Aa,saline,,,100.0,b,-1,0.08,axon,18.6,154031.27906304982,-631.9082258422333,622.7152366563772,centered,,,,none,0.0,success,105.0,0.005,,,,,,-38.97068933973327,,
9083,realistic,3,x0y0,utah,,,Aa,saline,,,100.0,b,-1,0.08,axon,16.7,150564.09377734698,457.7633830071709,847.8827723088884,centered,,,,none,0.0,success,105.0,0.005,,,,,,181.7893294399209,,
9084,realistic,3,x0y0,utah,,,Aa,saline,,,100.0,b,-1,0.08,axon,15.2,145953.89010435593,-140.36249190808985,-1233.752407339442,centered,,,,none,0.0,success,105.0,0.005,,,,,,-99.49048642430904,,
9085,realistic,3,x0y0,utah,,,Aa,saline,,,100.0,b,-1,0.08,axon,18.2,153981.24011497624,864.5859625627481,807.7946563125798,centered,,,,none,0.0,success,105.0,0.005,,,,,,555.1522688646044,,
9086,realistic,3,x0y0,utah,,,Aa,saline,,,100.0,b,-1,0.08,axon,13.3,138242.8130039902,95.78347786881615,-1056.2093893396072,centered,,,,none,0.0,success,105.0,0.005,,,,,,296.9916543236543,,
9087,realistic,3,x0y0,utah,,,Ab,saline,,,100.0,b,-1,0.08,axon,10.2,114554.26307372285,-161.8254762315487,-1139.6096065470545,centered,,,,none,0.0,success,105.0,0.005,,,,,,-530.6476156988115,,
9088,realistic,3,x0y0,utah,,,Ab,saline,,,100.0,b,-1,0.08,axon,11.7,127866.3568332551,661.8537199414113,-568.2105725436495,centered,,,,none,0.0,success,105.0,0.005,,,,,,-88.27348953489698,,
9089,realistic,3,x0y0,utah,,,Ab,saline,,,100.0,b,-1,0.08,axon,11.3,125021.452249405,-75.41084498906412,1244.9674164386704,centered,,,,none,0.0,success,105.0,0.005,,,,,,132.21983174326795,,
9090,realistic,3,x0y0,utah,,,Ab,saline,,,100.0,b,-1,0.08,axon,13.9,141336.53642485745,-634.8394467799094,1170.505579231175,centered,,,,none,0.0,success,105.0,0.005,,,,,,449.4345821723336,,
9091,realistic,3,x0y0,utah,,,Ab,saline,,,100.0,b,-1,0.08,axon,10.4,116742.96582444101,-405.768269702854,1305.100182595682,centered,,,,none,0.0,success,105.0,0.005,,,,,,-283.79105055793485,,
9092,realistic,3,x0y0,utah,,,Ab,saline,,,100.0,b,-1,0.08,axon,10.0,112664.19313724039,967.2671593916133,877.3286781272141,centered,,,,none,0.0,success,105.0,0.005,,,,,,-404.0775338151912,,
9093,realistic,3,x0y0,utah,,,Ab,saline,,,100.0,b,-1,0.08,axon,9.3,105770.24349852328,-340.79686523647206,921.5627514181227,centered,,,,none,0.0,success,105.0,0.005,,,,,,374.32425009246987,,
9094,realistic,3,x0y0,utah,,,Ab,saline,,,100.0,b,-1,0.08,axon,9.6,109144.51577210387,-418.509217144137,-1238.7549000005702,centered,,,,none,0.0,success,105.0,0.005,,,,,,340.958850068211,,
9095,realistic,3,x0y0,utah,,,Ab,saline,,,100.0,b,-1,0.08,axon,9.7,110057.18145725426,-333.958322219758,-834.9443669353914,centered,,,,none,0.0,success,105.0,0.005,,,,,,157.98211953904837,,
9096,realistic,3,x0y0,utah,,,Ab,saline,,,100.0,b,-1,0.08,axon,8.0,88213.07026200871,859.3777173360718,287.73620498721493,centered,,,,50,5.255000000000122,success,86.077880859375,0.005,,,,,-221.89040768920677,-221.89040768920296,859.3777173360718,287.73620498721493
9097,realistic,3,x0y0,utah,,,Aa,saline,,,100.0,b,-1,0.08,axon,15.4,147079.09441096472,871.3597451385042,106.3898166117442,centered,,,,49,5.2100000000001145,success,41.546630859375,0.005,,,,,1825.2227764541167,358.01195186310736,871.3597451385042,106.3898166117442
9098,realistic,3,x0y0,utah,,,Aa,saline,,,100.0,b,-1,0.08,axon,15.3,145689.33279518053,380.00631164893593,-1278.150728459073,centered,,,,none,0.0,success,105.0,0.005,,,,,,-701.735769432635,,
9099,realistic,3,x0y0,utah,,,Aa,saline,,,100.0,b,-1,0.08,axon,16.6,149877.27974090725,91.71308619020874,-995.2665970903054,centered,,,,none,0.0,success,105.0,0.005,,,,,,-261.13629979254745,,
9100,realistic,3,x0y0,utah,,,Aa,saline,,,100.0,b,-1,0.08,axon,13.5,138598.3263787673,-334.37251741847234,1031.2215307898714,centered,,,,none,0.0,success,105.0,0.005,,,,,,-371.48098148315904,,
9101,realistic,3,x0y0,utah,,,Aa,saline,,,100.0,b,-1,0.08,axon,19.1,154783.88341131108,-232.1597223145532,-1220.87597446661,centered,,,,none,0.0,success,105.0,0.005,,,,,,-9.307816986353368,,
9102,realistic,3,x0y0,utah,,,Aa,saline,,,100.0,b,-1,0.08,axon,13.9,140266.82509671277,165.89008708242363,1072.4571009989786,centered,,,,none,0.0,success,105.0,0.005,,,,,,-620.276745972361,,
9103,realistic,3,x0y0,utah,,,Aa,saline,,,100.0,b,-1,0.08,axon,14.4,143665.12282570713,902.2407299873537,566.6957329071693,centered,,,,none,0.0,success,105.0,0.005,,,,,,609.6720611097096,,
9104,realistic,3,x0y0,utah,,,Aa,saline,,,100.0,b,-1,0.08,axon,16.6,150427.8324549961,514.4122093811584,-742.193408160078,centered,,,,none,0.0,success,105.0,0.005,,,,,,289.4164142962696,,
9105,realistic,3,x0y0,utah,,,Aa,saline,,,100.0,b,-1,0.08,axon,15.4,147435.23651094813,983.8572676911716,408.70483273698335,centered,,,,49,5.255000000000122,success,105.0,0.005,,,,,2181.364876437525,714.1540518465378,983.8572676911716,408.70483273698335
9106,realistic,3,x0y0,utah,,,Aa,saline,,,100.0,b,-1,0.08,axon,14.9,145608.41802683013,696.5366741565686,-666.8432857430563,centered,,,,none,0.0,success,105.0,0.005,,,,,,615.7915637976157,,
9107,realistic,3,x0y0,utah,,,Ab,saline,,,100.0,b,-1,0.08,axon,9.6,108902.24316591457,-613.0388220866171,-1186.4219651512676,centered,,,,none,0.0,success,105.0,0.005,,,,,,98.68624387893128,,
9108,realistic,3,x0y0,utah,,,Ab,saline,,,100.0,b,-1,0.08,axon,9.0,101983.6907619374,368.1432959558415,832.3236425433624,centered,,,,none,0.0,success,105.0,0.005,,,,,,180.47755160389232,,
9109,realistic,3,x0y0,utah,,,Ab,saline,,,100.0,b,-1,0.08,axon,8.3,92397.11420830787,509.8680030569794,783.588965916515,centered,,,,none,0.0,success,105.0,0.005,,,,,,-278.01498865300283,,
9110,realistic,3,x0y0,utah,,,Ab,saline,,,100.0,b,-1,0.08,axon,8.6,96650.91243823187,942.1700867891072,207.53952332481458,centered,,,,50,5.2350000000001184,success,80.45654296875,0.005,,,,,-66.06610951274342,-66.06610951272799,942.1700867891072,207.53952332481458
9111,realistic,3,x0y0,utah,,,Ab,saline,,,100.0,b,-1,0.08,axon,8.9,100271.47926555744,962.8239534829048,-734.9771499210701,centered,,,,none,0.0,success,105.0,0.005,,,,,,-292.20683258561445,,
9112,realistic,3,x0y0,utah,,,Ab,saline,,,100.0,b,-1,0.08,axon,10.5,118292.91799000953,1175.0655588721636,331.290445054859,centered,,,,none,0.0,success,105.0,0.005,,,,,,322.7168418799977,,
9113,realistic,3,x0y0,utah,,,Ab,saline,,,100.0,b,-1,0.08,axon,8.6,97057.23917196023,934.2193530081464,950.4957088403052,centered,,,,none,0.0,success,105.0,0.005,,,,,,340.26062421560533,,
9114,realistic,3,x0y0,utah,,,Ab,saline,,,100.0,b,-1,0.08,axon,9.2,103717.8686095601,-204.66345271249432,-1178.5838101981742,centered,,,,none,0.0,success,105.0,0.005,,,,,,-501.28939632870873,,
9115,realistic,3,x0y0,utah,,,Ab,saline,,,100.0,b,-1,0.08,axon,14.9,144685.38989804374,-427.4059812376113,-1030.266690772043,centered,,,,none,0.0,success,105.0,0.005,,,,,,-307.23656498873964,,
9116,realistic,3,x0y0,utah,,,Ab,saline,,,100.0,b,-1,0.08,axon,9.8,110801.9856710069,494.94070086009737,1142.378659606482,centered,,,,none,0.0,success,105.0,0.005,,,,,,-173.07355982778807,,
9117,realistic,3,x0y0,utah,,,Aa,saline,,,100.0,b,-1,0.08,axon,14.5,143525.35740767609,893.2482627415235,-201.7373329502161,centered,,,,49,5.215000000000115,success,48.81591796875,0.005,,,,,1499.3271324305388,64.72076601388747,893.2482627415235,-201.7373329502161
9118,realistic,3,x0y0,utah,,,Aa,saline,,,100.0,b,-1,0.08,axon,17.2,151858.55338318984,1093.524985439637,-187.57027860620656,centered,,,,49,5.2800000000001255,success,85.58349609375,0.005,,,,,1854.5464306890208,339.3544412698486,1093.524985439637,-187.57027860620656
9119,realistic,3,x0y0,utah,,,Aa,saline,,,100.0,b,-1,0.08,axon,14.7,144503.53187354835,594.6989746700265,-719.7768730668123,centered,,,,none,0.0,success,105.0,0.005,,,,,,259.51023583505247,,
9120,realistic,3,x0y0,utah,,,Aa,saline,,,100.0,b,-1,0.08,axon,15.0,145639.3566811323,887.1804285185068,161.20981007338287,centered,,,,49,5.220000000000116,success,46.47216796875,0.005,,,,,1738.573106875032,285.0298384481775,887.1804285185068,161.20981007338287
9121,realistic,3,x0y0,utah,,,Aa,saline,,,100.0,b,-1,0.08,axon,17.2,152116.04546992807,1120.2611138997079,499.9301091321158,centered,,,,none,0.0,success,105.0,0.005,,,,,,596.8465280080637,,
9122,realistic,3,x0y0,utah,,,Aa,saline,,,100.0,b,-1,0.08,axon,15.1,146009.13936451092,-67.47020898952132,1224.989602652062,centered,,,,none,0.0,success,105.0,0.005,,,,,,301.28403589209296,,
9123,realistic,3,x0y0,utah,,,Aa,saline,,,100.0,b,-1,0.08,axon,16.1,149042.88854213292,-227.27190886885361,1272.9262451930872,centered,,,,none,0.0,success,105.0,0.005,,,,,,213.44050216735383,,
9124,realistic,3,x0y0,utah,,,Aa,saline,,,100.0,b,-1,0.08,axon,16.4,149619.05752665672,1054.7753491968797,525.5805045531712,centered,,,,none,0.0,success,105.0,0.005,,,,,,-14.071820590099636,,
9125,realistic,3,x0y0,utah,,,Aa,saline,,,100.0,b,-1,0.08,axon,13.9,141257.38128207476,1187.3757442967508,-623.2321267278385,centered,,,,none,0.0,success,105.0,0.005,,,,,,370.2794393896738,,
9126,realistic,3,x0y0,utah,,,Aa,saline,,,100.0,b,-1,0.08,axon,16.4,149721.86937635925,93.3596163019788,-1247.4574782567968,centered,,,,none,0.0,success,105.0,0.005,,,,,,88.74002911243699,,
9127,realistic,3,x0y0,utah,,,Ab,saline,,,100.0,b,-1,0.08,axon,9.9,112590.37883974836,-259.4787994082176,-812.4407937904425,centered,,,,none,0.0,success,105.0,0.005,,,,,,559.0335091310607,,
9128,realistic,3,x0y0,utah,,,Ab,saline,,,100.0,b,-1,0.08,axon,17.8,153156.16326381714,1067.3842340772298,-394.8402404094559,centered,,,,49,5.450000000000152,success,105.0,0.005,,,,,1966.0466826908232,438.8737879320082,1067.3842340772298,-394.8402404094559
9129,realistic,3,x0y0,utah,,,Ab,saline,,,100.0,b,-1,0.08,axon,8.8,99150.49703290607,626.0518338105685,-580.7819475018564,centered,,,,none,0.0,success,105.0,0.005,,,,,,-152.40838773960033,,
9130,realistic,3,x0y0,utah,,,Ab,saline,,,100.0,b,-1,0.08,axon,13.9,141203.8848331807,-179.97593630669914,-1178.5381404504476,centered,,,,none,0.0,success,105.0,0.005,,,,,,316.78299049559905,,
9131,realistic,3,x0y0,utah,,,Ab,saline,,,100.0,b,-1,0.08,axon,10.0,113468.76481516178,77.62702385642842,-999.2392542058997,centered,,,,none,0.0,success,105.0,0.005,,,,,,400.4941441061799,,
9132,realistic,3,x0y0,utah,,,Ab,saline,,,100.0,b,-1,0.08,axon,8.5,95410.79204390047,-296.48928184100305,-1124.579572615717,centered,,,,none,0.0,success,105.0,0.005,,,,,,19.241300508814327,,
9133,realistic,3,x0y0,utah,,,Ab,saline,,,100.0,b,-1,0.08,axon,9.6,108797.36265372996,518.4562197564483,1243.6335512292408,centered,,,,none,0.0,success,105.0,0.005,,,,,,-6.194268305700449,,
9134,realistic,3,x0y0,utah,,,Ab,saline,,,100.0,b,-1,0.08,axon,13.3,137675.49776959856,254.4405101231396,-1156.9246822967716,centered,,,,none,0.0,success,105.0,0.005,,,,,,-270.32358006797443,,
9135,realistic,3,x0y0,utah,,,Ab,saline,,,100.0,b,-1,0.08,axon,7.8,85471.97624116058,-227.3804613595639,-855.3197584781146,centered,,,,none,0.0,success,105.0,0.005,,,,,,-24.832593522929077,,
9136,realistic,3,x0y0,utah,,,Ab,saline,,,100.0,b,-1,0.08,axon,11.7,128451.15451810964,909.3472904509315,243.810775489379,centered,,,,49,5.250000000000121,success,73.81591796875,0.005,,,,,1776.0704985475604,496.52419531965063,909.3472904509315,243.810775489379
9137,realistic,3,x0y0,utah,,,Aa,saline,,,100.0,b,-1,0.08,axon,15.6,146784.90141811586,-560.0604822343935,685.3938512242297,centered,,,,none,0.0,success,105.0,0.005,,,,,,-573.8258582619402,,
9138,realistic,3,x0y0,utah,,,Aa,saline,,,100.0,b,-1,0.08,axon,17.3,151510.54529020606,237.83315093271904,1245.0406270703916,centered,,,,none,0.0,success,105.0,0.005,,,,,,-220.3609266261113,,
9139,realistic,3,x0y0,utah,,,Aa,saline,,,100.0,b,-1,0.08,axon,15.3,146195.83362362607,-643.263806434732,-873.940096533649,centered,,,,none,0.0,success,105.0,0.005,,,,,,-195.23494098711708,,
9140,realistic,3,x0y0,utah,,,Aa,saline,,,100.0,b,-1,0.08,axon,14.8,145132.07066828496,-467.32213937753835,-1278.836194842678,centered,,,,none,0.0,success,105.0,0.005,,,,,,509.4878888878689,,
9141,realistic,3,x0y0,utah,,,Aa,saline,,,100.0,b,-1,0.08,axon,13.4,138719.90169112492,206.0207718192924,1124.6110408085124,centered,,,,none,0.0,success,105.0,0.005,,,,,,256.4679392140233,,
9142,realistic,3,x0y0,utah,,,Aa,saline,,,100.0,b,-1,0.08,axon,16.9,150803.1480628658,-580.3370649678154,709.9194089978678,centered,,,,none,0.0,success,105.0,0.005,,,,,,-50.05755415712896,,
9143,realistic,3,x0y0,utah,,,Aa,saline,,,100.0,b,-1,0.08,axon,13.5,139582.91690940212,862.4093135796708,-10.789605266089893,centered,,,,49,5.250000000000121,success,51.708984375,0.005,,,,,2002.8076227541897,613.1095491516508,862.4093135796708,-10.789605266089893
9144,realistic,3,x0y0,utah,,,Aa,saline,,,100.0,b,-1,0.08,axon,14.6,143141.08417469572,617.309683747475,1103.752254997672,centered,,,,none,0.0,success,105.0,0.005,,,,,,-715.6819644360886,,
9145,realistic,3,x0y0,utah,,,Aa,saline,,,100.0,b,-1,0.08,axon,14.2,142764.04574688963,1016.8295727061914,-532.2762254565782,centered,,,,none,0.0,success,105.0,0.005,,,,,,546.8790443926649,,
9146,realistic,3,x0y0,utah,,,Aa,saline,,,100.0,b,-1,0.08,axon,13.9,141512.2578663207,-65.87535566088127,1297.109307751416,centered,,,,none,0.0,success,105.0,0.005,,,,,,625.1560236355635,,
9147,realistic,3,x0y0,utah,,,Ab,saline,,,100.0,b,-1,0.08,axon,13.7,140641.87397053035,-103.28357023188572,-1373.9584707029096,centered,,,,none,0.0,success,105.0,0.005,,,,,,692.1932039159507,,
9148,realistic,3,x0y0,utah,,,Ab,saline,,,100.0,b,-1,0.08,axon,9.9,111964.50851072244,380.05287970524887,-928.0304735665854,centered,,,,none,0.0,success,105.0,0.005,,,,,,-66.83681989487721,,
9149,realistic,3,x0y0,utah,,,Ab,saline,,,100.0,b,-1,0.08,axon,8.2,91543.11807670913,-618.1369978919615,-928.7400940341576,centered,,,,none,0.0,success,105.0,0.005,,,,,,259.208991364641,,
9150,realistic,3,x0y0,utah,,,Ab,saline,,,100.0,b,-1,0.08,axon,13.1,137005.03551926938,94.69299348064078,-1042.9827804769977,centered,,,,none,0.0,success,105.0,0.005,,,,,,129.01237473464354,,
9151,realistic,3,x0y0,utah,,,Ab,saline,,,100.0,b,-1,0.08,axon,11.5,126884.65099013245,506.46536126698084,-1117.1301408054458,centered,,,,none,0.0,success,105.0,0.005,,,,,,431.4844399162975,,
9152,realistic,3,x0y0,utah,,,Ab,saline,,,100.0,b,-1,0.08,axon,13.9,140793.1109842578,1.4920586749458382,-1039.397532743524,centered,,,,none,0.0,success,105.0,0.005,,,,,,-93.99085842730604,,
9153,realistic,3,x0y0,utah,,,Ab,saline,,,100.0,b,-1,0.08,axon,9.7,109519.70525915312,689.959900496066,1100.0315085107686,centered,,,,none,0.0,success,105.0,0.005,,,,,,-379.494078562092,,
9154,realistic,3,x0y0,utah,,,Ab,saline,,,100.0,b,-1,0.08,axon,10.0,113203.75052944547,831.1191381212003,871.2455897953105,centered,,,,none,0.0,success,105.0,0.005,,,,,,135.47985838987992,,
9155,realistic,3,x0y0,utah,,,Ab,saline,,,100.0,b,-1,0.08,axon,11.9,129644.76525055993,1210.6629476241487,-635.4815631149023,centered,,,,none,0.0,success,105.0,0.005,,,,,,249.21161066930424,,
9156,realistic,3,x0y0,utah,,,Ab,saline,,,100.0,b,-1,0.08,axon,9.9,111599.8493724882,1250.3406820315374,457.9499085140915,centered,,,,none,0.0,success,105.0,0.005,,,,,,-431.49595812909706,,
9157,realistic,3,x0y0,utah,,,Aa,saline,,,100.0,b,-1,0.08,axon,16.3,149979.65103532054,275.2173862504614,919.9540886977423,centered,,,,none,0.0,success,105.0,0.005,,,,,,608.1810222647848,,
9158,realistic,3,x0y0,utah,,,Aa,saline,,,100.0,b,-1,0.08,axon,14.9,144869.01008334215,703.1070719181273,634.447051589691,centered,,,,none,0.0,success,105.0,0.005,,,,,,-123.61637969033166,,
9159,realistic,3,x0y0,utah,,,Aa,saline,,,100.0,b,-1,0.08,axon,14.3,142684.7477692112,43.5991582761817,-824.4627557623476,centered,,,,none,0.0,success,105.0,0.005,,,,,,43.72437334115957,,
9160,realistic,3,x0y0,utah,,,Aa,saline,,,100.0,b,-1,0.08,axon,17.0,150383.54549536493,-39.8577249117252,819.2549484972023,centered,,,,none,0.0,success,105.0,0.005,,,,,,-696.9193405634404,,
9161,realistic,3,x0y0,utah,,,Aa,saline,,,100.0,b,-1,0.08,axon,16.7,150420.4855610697,606.550186661022,1151.9642343866353,centered,,,,none,0.0,success,105.0,0.005,,,,,,38.18111316267213,,
9162,realistic,3,x0y0,utah,,,Aa,saline,,,100.0,b,-1,0.08,axon,18.3,153090.88012207777,1085.601670224086,754.9643176592372,centered,,,,none,0.0,success,105.0,0.005,,,,,,-502.0770446407012,,
9163,realistic,3,x0y0,utah,,,Aa,saline,,,100.0,b,-1,0.08,axon,15.3,146638.76572319228,616.9177196739928,973.9986235695419,centered,,,,none,0.0,success,105.0,0.005,,,,,,247.69715857911126,,
9164,realistic,3,x0y0,utah,,,Aa,saline,,,100.0,b,-1,0.08,axon,17.9,153487.54282167868,-516.9083023496164,-910.4349476759094,centered,,,,none,0.0,success,105.0,0.005,,,,,,586.6640564597026,,
9165,realistic,3,x0y0,utah,,,Aa,saline,,,100.0,b,-1,0.08,axon,14.4,142961.9869458877,-290.1386413667988,865.4575683968588,centered,,,,none,0.0,success,105.0,0.005,,,,,,-93.46381870971383,,
9166,realistic,3,x0y0,utah,,,Aa,saline,,,100.0,b,-1,0.08,axon,19.5,155280.3902577973,-136.74806210144195,-1366.687939583926,centered,,,,none,0.0,success,105.0,0.005,,,,,,-31.652191257207647,,
9167,realistic,3,x0y0,utah,,,Ab,saline,,,100.0,b,-1,0.08,axon,10.1,113725.47286020278,915.215851495509,333.9874041678363,centered,,,,50,5.260000000000122,success,94.775390625,0.005,,,,,-360.57938849738275,-360.579388497389,915.215851495509,333.9874041678363
9168,realistic,3,x0y0,utah,,,Ab,saline,,,100.0,b,-1,0.08,axon,8.8,99710.65217241023,1242.638940662925,483.83780883633926,centered,,,,none,0.0,success,105.0,0.005,,,,,,407.7467517645442,,
9169,realistic,3,x0y0,utah,,,Ab,saline,,,100.0,b,-1,0.08,axon,8.1,89614.32436935893,156.2207276669924,1250.1915987595496,centered,,,,none,0.0,success,105.0,0.005,,,,,,-256.22430244145283,,
9170,realistic,3,x0y0,utah,,,Ab,saline,,,100.0,b,-1,0.08,axon,11.5,126599.54869305213,938.9915386394946,-664.6129675982584,centered,,,,none,0.0,success,105.0,0.005,,,,,,146.38214283596398,,
9171,realistic,3,x0y0,utah,,,Ab,saline,,,100.0,b,-1,0.08,axon,12.4,132621.35449407215,809.2568611456636,685.5671230032068,centered,,,,none,0.0,success,105.0,0.005,,,,,,-124.20909013489565,,
9172,realistic,3,x0y0,utah,,,Ab,saline,,,100.0,b,-1,0.08,axon,10.2,115230.42158876832,1386.560239211387,-28.851579140390182,centered,,,,none,0.0,success,105.0,0.005,,,,,,145.5108993466547,,
9173,realistic,3,x0y0,utah,,,Ab,saline,,,100.0,b,-1,0.08,axon,9.8,111290.29930357683,-695.3311608219756,-627.4171185054897,centered,,,,none,0.0,success,105.0,0.005,,,,,,315.2400727421433,,
9174,realistic,3,x0y0,utah,,,Ab,saline,,,100.0,b,-1,0.08,axon,10.9,121106.71775284836,-318.64153525120634,-1075.2071394927223,centered,,,,none,0.0,success,105.0,0.005,,,,,,-459.50352828028525,,
9175,realistic,3,x0y0,utah,,,Ab,saline,,,100.0,b,-1,0.08,axon,9.8,111474.47401482306,875.5132678589584,579.1899874682967,centered,,,,none,0.0,success,105.0,0.005,,,,,,499.414783988395,,
9176,realistic,3,x0y0,utah,,,Ab,saline,,,100.0,b,-1,0.08,axon,7.8,85486.24397924694,474.4072125253234,-942.7029384838338,centered,,,,none,0.0,success,105.0,0.005,,,,,,-10.5648554365675,,
9177,realistic,3,x0y0,utah,,,Aa,saline,,,100.0,b,-1,0.08,axon,16.0,148137.59234403394,566.222798791991,1203.4231477875855,centered,,,,none,0.0,success,105.0,0.005,,,,,,-411.21693312314494,,
9178,realistic,3,x0y0,utah,,,Aa,saline,,,100.0,b,-1,0.08,axon,17.0,150875.02605586915,346.33369047901846,-1053.419952336657,centered,,,,none,0.0,success,105.0,0.005,,,,,,-205.43878005922605,,
9179,realistic,3,x0y0,utah,,,Aa,saline,,,100.0,b,-1,0.08,axon,14.9,144966.64447464742,647.9349962993551,-923.7955976697156,centered,,,,none,0.0,success,105.0,0.005,,,,,,-25.981988385104042,,
9180,realistic,3,x0y0,utah,,,Aa,saline,,,100.0,b,-1,0.08,axon,15.5,147269.6463319795,90.98818421365604,932.6866096154988,centered,,,,none,0.0,success,105.0,0.005,,,,,,226.06356508712886,,
9181,realistic,3,x0y0,utah,,,Aa,saline,,,100.0,b,-1,0.08,axon,14.7,144796.13741440958,-500.45036626464116,1021.9999508080818,centered,,,,none,0.0,success,105.0,0.005,,,,,,552.115776696232,,
9182,realistic,3,x0y0,utah,,,Aa,saline,,,100.0,b,-1,0.08,axon,15.5,146531.22826197132,-658.0450081584067,-560.7780139583556,centered,,,,none,0.0,success,105.0,0.005,,,,,,-512.3545049210505,,
9183,realistic,3,x0y0,utah,,,Aa,saline,,,100.0,b,-1,0.08,axon,15.9,148318.74957817892,1260.4448858486412,-353.31118360561516,centered,,,,none,0.0,success,105.0,0.005,,,,,,57.18593876985098,,
9184,realistic,3,x0y0,utah,,,Aa,saline,,,100.0,b,-1,0.08,axon,14.3,141940.97567968312,801.8914691506848,-884.8537788644728,centered,,,,none,0.0,success,105.0,0.005,,,,,,-700.047716186894,,
9185,realistic,3,x0y0,utah,,,Aa,saline,,,100.0,b,-1,0.08,axon,16.4,150314.1764317181,-537.812768768681,-852.913627441169,centered,,,,none,0.0,success,105.0,0.005,,,,,,681.0470844712878,,
9186,realistic,3,x0y0,utah,,,Aa,saline,,,100.0,b,-1,0.08,axon,15.2,146443.15977704318,1136.52017208918,796.5409594604507,centered,,,,none,0.0,success,105.0,0.005,,,,,,389.77918626294297,,
9187,realistic,3,x0y0,utah,,,Ab,saline,,,100.0,b,-1,0.08,axon,10.3,116383.3127524726,-558.7678626331904,-1078.8867911450943,centered,,,,none,0.0,success,105.0,0.005,,,,,,318.2428281431681,,
9188,realistic,3,x0y0,utah,,,Ab,saline,,,100.0,b,-1,0.08,axon,7.8,85631.47625149983,87.44658407896624,-897.964017741494,centered,,,,none,0.0,success,105.0,0.005,,,,,,134.6674168163436,,
9189,realistic,3,x0y0,utah,,,Ab,saline,,,100.0,b,-1,0.08,axon,10.0,113357.7445323703,679.2705471605777,-1043.8930346180898,centered,,,,none,0.0,success,105.0,0.005,,,,,,289.47386131469995,,
9190,realistic,3,x0y0,utah,,,Ab,saline,,,100.0,b,-1,0.08,axon,10.1,114109.40228237552,841.8916790405046,-963.3566444968053,centered,,,,none,0.0,success,105.0,0.005,,,,,,23.350033675352453,,
9191,realistic,3,x0y0,utah,,,Ab,saline,,,100.0,b,-1,0.08,axon,10.8,121084.63191711063,870.2639189414213,-162.0666517942782,centered,,,,49,5.230000000000118,success,55.06591796875,0.005,,,,,1598.157897136276,391.22381612640487,870.2639189414213,-162.0666517942782
9192,realistic,3,x0y0,utah,,,Ab,saline,,,100.0,b,-1,0.08,axon,11.1,123552.12604192985,-685.6452585830802,693.5319927755481,centered,,,,none,0.0,success,105.0,0.005,,,,,,291.23171396128237,,
9193,realistic,3,x0y0,utah,,,Ab,saline,,,100.0,b,-1,0.08,axon,8.4,93976.71111751767,-613.7313233962242,1188.2333701586467,centered,,,,none,0.0,success,105.0,0.005,,,,,,-67.59587803642111,,
9194,realistic,3,x0y0,utah,,,Ab,saline,,,100.0,b,-1,0.08,axon,10.4,116729.80460151035,68.67019380832062,-911.2840232517527,centered,,,,none,0.0,success,105.0,0.005,,,,,,-296.95227348861056,,
9195,realistic,3,x0y0,utah,,,Ab,saline,,,100.0,b,-1,0.08,axon,11.9,129307.12486567086,820.9862731890557,1010.7404018602119,centered,,,,none,0.0,success,105.0,0.005,,,,,,-88.4287742197633,,
9196,realistic,3,x0y0,utah,,,Ab,saline,,,100.0,b,-1,0.08,axon,10.1,113854.32890391847,1154.2478950226978,37.02343392767125,centered,,,,none,0.0,success,105.0,0.005,,,,,,-231.72334478166175,,
9197,realistic,3,x0y0,utah,,,Aa,saline,,,100.0,b,-1,0.08,axon,14.3,143126.75574651975,1105.7480837407484,-370.363102115728,centered,,,,none,0.0,success,105.0,0.005,,,,,,485.7323506497104,,
9198,realistic,3,x0y0,utah,,,Aa,saline,,,100.0,b,-1,0.08,axon,16.6,149475.62769184427,882.1302147280237,1048.4466698585634,centered,,,,none,0.0,success,105.0,0.005,,,,,,-662.7883488555398,,
9199,realistic,3,x0y0,utah,,,Aa,saline,,,100.0,b,-1,0.08,axon,13.5,138947.87102377106,-185.98445667468928,999.7642074090808,centered,,,,none,0.0,success,105.0,0.005,,,,,,-21.936336479397927,,
9200,realistic,3,x0y0,utah,,,Aa,saline,,,100.0,b,-1,0.08,axon,14.6,143871.99791824512,479.07068760126367,1079.392759733766,centered,,,,none,0.0,success,105.0,0.005,,,,,,15.23177911331708,,
9201,realistic,3,x0y0,utah,,,Aa,saline,,,100.0,b,-1,0.08,axon,16.6,150312.03608727647,919.6152859221487,771.9000530458792,centered,,,,none,0.0,success,105.0,0.005,,,,,,173.62004657664914,,
9202,realistic,3,x0y0,utah,,,Aa,saline,,,100.0,b,-1,0.08,axon,18.9,154123.63303925394,703.6995833659971,839.1527672652282,centered,,,,none,0.0,success,105.0,0.005,,,,,,-390.7654321016986,,
9203,realistic,3,x0y0,utah,,,Aa,saline,,,100.0,b,-1,0.08,axon,13.3,138378.56416048147,684.2909393184673,-1074.9374987445406,centered,,,,none,0.0,success,105.0,0.005,,,,,,432.7428108149453,,
9204,realistic,3,x0y0,utah,,,Aa,saline,,,100.0,b,-1,0.08,axon,17.1,151199.14879866972,682.6257523331068,482.9495223204967,centered,,,,50,5.265000000000123,success,74.51171875,0.005,,,,,-103.27469761649263,-103.27469761652495,682.6257523331068,482.9495223204967
9205,realistic,3,x0y0,utah,,,Aa,saline,,,100.0,b,-1,0.08,axon,14.6,143916.0625148697,367.2626459035691,-855.5078247925528,centered,,,,none,0.0,success,105.0,0.005,,,,,,59.296375737895175,,
9206,realistic,3,x0y0,utah,,,Aa,saline,,,100.0,b,-1,0.08,axon,13.8,140859.6518468376,-550.3801799121447,-1256.6194253590286,centered,,,,none,0.0,success,105.0,0.005,,,,,,436.0561918644705,,
9207,realistic,3,x0y0,utah,,,Ab,saline,,,100.0,b,-1,0.08,axon,13.0,135749.92712691726,-261.5737875387594,890.4062813669261,centered,,,,none,0.0,success,105.0,0.005,,,,,,-573.475884818896,,
9208,realistic,3,x0y0,utah,,,Ab,saline,,,100.0,b,-1,0.08,axon,9.7,109858.83054766273,-179.39065107313354,-852.2510328052385,centered,,,,none,0.0,success,105.0,0.005,,,,,,-40.36879005249046,,
9209,realistic,3,x0y0,utah,,,Ab,saline,,,100.0,b,-1,0.08,axon,9.2,104679.7196348077,1376.3413903969022,78.3079339410674,centered,,,,none,0.0,success,105.0,0.005,,,,,,460.5616289188904,,
9210,realistic,3,x0y0,utah,,,Ab,saline,,,100.0,b,-1,0.08,axon,14.1,142153.40838428642,881.6896403615956,-36.446868266710226,centered,,,,49,5.220000000000116,success,41.71142578125,0.005,,,,,1787.5551414515649,369.7182400087662,881.6896403615956,-36.446868266710226
9211,realistic,3,x0y0,utah,,,Ab,saline,,,100.0,b,-1,0.08,axon,9.3,105407.6839154683,-86.18783622190767,-1082.7291359424753,centered,,,,none,0.0,success,105.0,0.005,,,,,,11.764667037497064,,
9212,realistic,3,x0y0,utah,,,Ab,saline,,,100.0,b,-1,0.08,axon,12.9,136139.0312275437,697.6395061915488,-840.8658663465135,centered,,,,none,0.0,success,105.0,0.005,,,,,,380.3556741173425,,
9213,realistic,3,x0y0,utah,,,Ab,saline,,,100.0,b,-1,0.08,axon,9.4,106110.51648606657,-650.2610994093831,618.1470841161789,centered,,,,none,0.0,success,105.0,0.005,,,,,,-441.5967581766637,,
9214,realistic,3,x0y0,utah,,,Ab,saline,,,100.0,b,-1,0.08,axon,8.1,90014.63446720957,-353.27728613084366,864.4338648058806,centered,,,,none,0.0,success,105.0,0.005,,,,,,144.0857954091986,,
9215,realistic,3,x0y0,utah,,,Ab,saline,,,100.0,b,-1,0.08,axon,7.8,85482.80164042609,813.6887446090927,859.6085942006308,centered,,,,none,0.0,success,105.0,0.005,,,,,,-14.00719425742015,,
9216,realistic,3,x0y0,utah,,,Ab,saline,,,100.0,b,-1,0.08,axon,8.4,93882.89510557713,217.32797727647858,974.7740150384868,centered,,,,none,0.0,success,105.0,0.005,,,,,,-161.41188997697063,,
9217,realistic,3,x0y0,utah,,,Aa,saline,,,100.0,b,-1,0.08,axon,17.3,151627.1745312715,347.5438534012014,-1021.4092900918238,centered,,,,none,0.0,success,105.0,0.005,,,,,,-103.73168556063256,,
9218,realistic,3,x0y0,utah,,,Aa,saline,,,100.0,b,-1,0.08,axon,15.9,148751.61300378534,67.47640487249872,1368.181506935044,centered,,,,none,0.0,success,105.0,0.005,,,,,,490.04936437632347,,
9219,realistic,3,x0y0,utah,,,Aa,saline,,,100.0,b,-1,0.08,axon,15.5,147426.47783322574,-617.6830458501295,1243.772255609545,centered,,,,none,0.0,success,105.0,0.005,,,,,,382.89506633340966,,
9220,realistic,3,x0y0,utah,,,Aa,saline,,,100.0,b,-1,0.08,axon,15.1,145198.6473472655,815.8326943412831,-121.35038903662507,centered,,,,51,5.200000000000113,success,41.2994384765625,0.005,,,,,-1966.286534639512,-509.2079813533336,815.8326943412831,-121.35038903662507
9221,realistic,3,x0y0,utah,,,Aa,saline,,,100.0,b,-1,0.08,axon,17.0,150386.98261208515,1147.613088296056,123.4301383045272,centered,,,,51,5.155000000000106,success,105.0,0.005,,,,,-2204.2868722025305,-693.4822238432115,1147.613088296056,123.4301383045272
9222,realistic,3,x0y0,utah,,,Aa,saline,,,100.0,b,-1,0.08,axon,16.0,148073.94537606757,202.094142737396,824.2903138516499,centered,,,,none,0.0,success,105.0,0.005,,,,,,-474.8639010895437,,
9223,realistic,3,x0y0,utah,,,Aa,saline,,,100.0,b,-1,0.08,axon,17.2,151204.76129997568,-512.0370677924675,745.6599754659392,centered,,,,none,0.0,success,105.0,0.005,,,,,,-314.4376419443403,,
9224,realistic,3,x0y0,utah,,,Aa,saline,,,100.0,b,-1,0.08,axon,13.9,140679.92159964563,941.0978119156592,-983.3002303535286,centered,,,,none,0.0,success,105.0,0.005,,,,,,-207.18024303944745,,
9225,realistic,3,x0y0,utah,,,Aa,saline,,,100.0,b,-1,0.08,axon,14.3,142015.03687465918,1081.7067793229653,99.24160431062457,centered,,,,50,5.290000000000127,success,91.1865234375,0.005,,,,,-625.9865212108416,-625.9865212108215,1081.7067793229653,99.24160431062457
9226,realistic,3,x0y0,utah,,,Aa,saline,,,100.0,b,-1,0.08,axon,14.3,142160.2847649239,62.40111495341944,1383.6827810134396,centered,,,,none,0.0,success,105.0,0.005,,,,,,-480.73863094612017,,
9227,realistic,3,x0y0,utah,,,Ab,saline,,,100.0,b,-1,0.08,axon,8.5,95505.1517371614,811.7088371777709,-850.8195768620607,centered,,,,none,0.0,success,105.0,0.005,,,,,,113.60099376973513,,
9228,realistic,3,x0y0,utah,,,Ab,saline,,,100.0,b,-1,0.08,axon,8.9,100703.23789631603,-357.80951034970263,-964.7071352639964,centered,,,,none,0.0,success,105.0,0.005,,,,,,139.55179817300413,,
9229,realistic,3,x0y0,utah,,,Ab,saline,,,100.0,b,-1,0.08,axon,10.6,119191.06742347815,940.3040761485204,488.8132567779876,centered,,,,none,0.0,success,105.0,0.005,,,,,,295.4326837568525,,
9230,realistic,3,x0y0,utah,,,Ab,saline,,,100.0,b,-1,0.08,axon,15.0,145725.2781699487,-386.29351988454886,1215.8559980023538,centered,,,,none,0.0,success,105.0,0.005,,,,,,370.9513272645818,,
9231,realistic,3,x0y0,utah,,,Ab,saline,,,100.0,b,-1,0.08,axon,8.2,91415.03109974164,779.136145414308,-199.95946671383808,centered,,,,49,5.2100000000001145,success,44.72808837890625,0.005,,,,,1043.961105250608,131.12201439717958,779.136145414308,-199.95946671383808
9232,realistic,3,x0y0,utah,,,Ab,saline,,,100.0,b,-1,0.08,axon,10.5,117775.8210310041,381.81252732932165,-917.2739534595096,centered,,,,none,0.0,success,105.0,0.005,,,,,,-194.3801171254265,,
9233,realistic,3,x0y0,utah,,,Ab,saline,,,100.0,b,-1,0.08,axon,11.8,129142.65133976922,670.4566977969325,1025.204539427571,centered,,,,none,0.0,success,105.0,0.005,,,,,,460.112116010195,,
9234,realistic,3,x0y0,utah,,,Ab,saline,,,100.0,b,-1,0.08,axon,8.3,92839.53460283038,-255.1975897218913,-1221.2649294620858,centered,,,,none,0.0,success,105.0,0.005,,,,,,164.40540586947688,,
9235,realistic,3,x0y0,utah,,,Ab,saline,,,100.0,b,-1,0.08,axon,13.7,140412.96601200517,-619.3881072741015,538.9435522321523,centered,,,,none,0.0,success,105.0,0.005,,,,,,463.2852453907957,,
9236,realistic,3,x0y0,utah,,,Ab,saline,,,100.0,b,-1,0.08,axon,8.4,93909.64590935853,-64.27289536235139,-1135.5480752892352,centered,,,,none,0.0,success,105.0,0.005,,,,,,-134.6610861955622,,
9237,realistic,3,x0y0,utah,,,Aa,saline,,,100.0,b,-1,0.08,axon,19.0,154680.1718674722,780.5996754310562,-617.4082500363811,centered,,,,49,5.3250000000001325,success,105.0,0.005,,,,,1571.2543825997273,24.699660530315107,780.5996754310562,-617.4082500363811
9238,realistic,3,x0y0,utah,,,Aa,saline,,,100.0,b,-1,0.08,axon,16.1,148856.62576145196,437.55651527549037,1153.3863081349582,centered,,,,none,0.0,success,105.0,0.005,,,,,,27.177721486389483,,
9239,realistic,3,x0y0,utah,,,Aa,saline,,,100.0,b,-1,0.08,axon,15.1,145176.3124098919,266.35298246828734,1127.4356683472106,centered,,,,none,0.0,success,105.0,0.005,,,,,,-531.5429187269589,,
9240,realistic,3,x0y0,utah,,,Aa,saline,,,100.0,b,-1,0.08,axon,16.8,150878.4027304476,69.48595232840808,-1209.452632396784,centered,,,,none,0.0,success,105.0,0.005,,,,,,257.8765648086581,,
9241,realistic,3,x0y0,utah,,,Aa,saline,,,100.0,b,-1,0.08,axon,13.8,140603.40866089019,942.560745874774,-786.5873752149249,centered,,,,none,0.0,success,105.0,0.005,,,,,,179.81300591707344,,
9242,realistic,3,x0y0,utah,,,Aa,saline,,,100.0,b,-1,0.08,axon,15.6,147314.59207427507,-653.9540218004413,-1029.2679297908912,centered,,,,none,0.0,success,105.0,0.005,,,,,,-44.13520210269924,,
9243,realistic,3,x0y0,utah,,,Aa,saline,,,100.0,b,-1,0.08,axon,14.4,143368.6999590486,356.32032878364686,1128.1970979815405,centered,,,,none,0.0,success,105.0,0.005,,,,,,313.2491944511852,,
9244,realistic,3,x0y0,utah,,,Aa,saline,,,100.0,b,-1,0.08,axon,17.7,152988.6859382986,30.445936885193078,948.886370255936,centered,,,,none,0.0,success,105.0,0.005,,,,,,459.4102154215926,,
9245,realistic,3,x0y0,utah,,,Aa,saline,,,100.0,b,-1,0.08,axon,14.4,142666.02295920532,590.8405595173723,-606.2113433112945,centered,,,,none,0.0,success,105.0,0.005,,,,,,-389.42780539209633,,
9246,realistic,3,x0y0,utah,,,Aa,saline,,,100.0,b,-1,0.08,axon,16.5,149665.0828995994,-238.54846258260932,880.4751674252831,centered,,,,none,0.0,success,105.0,0.005,,,,,,-223.65120328981004,,
9247,realistic,3,x0y0,utah,,,Ab,saline,,,100.0,b,-1,0.08,axon,15.6,147061.30713889125,102.67725468526078,-1078.831724851008,centered,,,,none,0.0,success,105.0,0.005,,,,,,-297.4201374865471,,
9248,realistic,3,x0y0,utah,,,Ab,saline,,,100.0,b,-1,0.08,axon,12.4,132254.47049385632,-181.67248719983849,1259.9963365224005,centered,,,,none,0.0,success,105.0,0.005,,,,,,-491.0930903507061,,
9249,realistic,3,x0y0,utah,,,Ab,saline,,,100.0,b,-1,0.08,axon,19.4,155606.42857493716,776.0579966201376,818.4909646976485,centered,,,,none,0.0,success,105.0,0.005,,,,,,419.4433193819651,,
9250,realistic,3,x0y0,utah,,,Ab,saline,,,100.0,b,-1,0.08,axon,9.1,102976.68542486046,1158.4473374472764,-52.6198951594056,centered,,,,none,0.0,success,105.0,0.005,,,,,,-44.96231627096015,,
9251,realistic,3,x0y0,utah,,,Ab,saline,,,100.0,b,-1,0.08,axon,8.7,97695.13899036316,1056.0288062933666,-112.87367910081957,centered,,,,none,0.0,success,105.0,0.005,,,,,,-325.5789435774664,,
9252,realistic,3,x0y0,utah,,,Ab,saline,,,100.0,b,-1,0.08,axon,11.6,127575.84600898347,36.80717865354154,1138.2522342866162,centered,,,,none,0.0,success,105.0,0.005,,,,,,364.2595528462989,,
9253,realistic,3,x0y0,utah,,,Ab,saline,,,100.0,b,-1,0.08,axon,8.3,93098.65298474778,-667.0297468738048,-492.9251321954371,centered,,,,none,0.0,success,105.0,0.005,,,,,,423.52378778690337,,
9254,realistic,3,x0y0,utah,,,Ab,saline,,,100.0,b,-1,0.08,axon,12.3,131851.59342239777,199.67161751550248,1372.8659631115245,centered,,,,none,0.0,success,105.0,0.005,,,,,,-251.8528495585077,,
9255,realistic,3,x0y0,utah,,,Ab,saline,,,100.0,b,-1,0.08,axon,12.0,129723.21911877369,1107.6991469568568,-454.75688773435786,centered,,,,none,0.0,success,105.0,0.005,,,,,,-370.69417466149866,,
9256,realistic,3,x0y0,utah,,,Ab,saline,,,100.0,b,-1,0.08,axon,9.2,104656.16278189869,1235.3403736033215,-567.7870070953712,centered,,,,none,0.0,success,105.0,0.005,,,,,,437.0047760098917,,
9257,realistic,3,x0y0,utah,,,Aa,saline,,,100.0,b,-1,0.08,axon,16.5,150464.87638396007,140.58499021846774,824.6175349038557,centered,,,,none,0.0,success,105.0,0.005,,,,,,576.1422810708602,,
9258,realistic,3,x0y0,utah,,,Aa,saline,,,100.0,b,-1,0.08,axon,15.5,147480.17417438468,567.5459975826561,652.696880107279,centered,,,,none,0.0,success,105.0,0.005,,,,,,436.5914074923295,,
9259,realistic,3,x0y0,utah,,,Aa,saline,,,100.0,b,-1,0.08,axon,14.4,142611.61454854606,970.8743110370842,-341.6721995724916,centered,,,,50,5.290000000000127,success,89.044189453125,0.005,,,,,-443.8362160513643,-443.8362160513781,970.8743110370842,-341.6721995724916
9260,realistic,3,x0y0,utah,,,Aa,saline,,,100.0,b,-1,0.08,axon,13.4,138572.32549179232,1019.0552864645174,-298.91694114861593,centered,,,,49,5.295000000000128,success,88.22021484375,0.005,,,,,1493.5260774005146,108.89173988139956,1019.0552864645174,-298.91694114861593
9261,realistic,3,x0y0,utah,,,Aa,saline,,,100.0,b,-1,0.08,axon,19.5,154595.93527103672,-560.6655749383399,799.4215867446687,centered,,,,none,0.0,success,105.0,0.005,,,,,,-716.1071780177822,,
9262,realistic,3,x0y0,utah,,,Aa,saline,,,100.0,b,-1,0.08,axon,15.6,146885.5864861669,-473.9674028722234,-1228.0972867273115,centered,,,,none,0.0,success,105.0,0.005,,,,,,-473.1407902108933,,
9263,realistic,3,x0y0,utah,,,Aa,saline,,,100.0,b,-1,0.08,axon,12.3,132473.92816445322,595.176970141064,1047.4576356810994,centered,,,,none,0.0,success,105.0,0.005,,,,,,370.4818924969169,,
9264,realistic,3,x0y0,utah,,,Aa,saline,,,100.0,b,-1,0.08,axon,15.6,146726.45294126926,-695.5086183617022,-805.6805315842778,centered,,,,none,0.0,success,105.0,0.005,,,,,,-632.2743351085181,,
9265,realistic,3,x0y0,utah,,,Aa,saline,,,100.0,b,-1,0.08,axon,13.9,141117.07286124743,742.478171988289,-926.3268035106977,centered,,,,none,0.0,success,105.0,0.005,,,,,,229.97101856233948,,
9266,realistic,3,x0y0,utah,,,Aa,saline,,,100.0,b,-1,0.08,axon,17.5,152476.66834697494,-136.37132109574122,-1125.7899825525274,centered,,,,none,0.0,success,105.0,0.005,,,,,,337.1032311518481,,
9267,realistic,3,x0y0,utah,,,Ab,saline,,,100.0,b,-1,0.08,axon,8.2,91713.02381800461,594.6465418654075,839.8448301428352,centered,,,,none,0.0,success,105.0,0.005,,,,,,429.1147326601075,,
9268,realistic,3,x0y0,utah,,,Ab,saline,,,100.0,b,-1,0.08,axon,9.0,102032.25456708316,560.1211805744756,1069.9923683582692,centered,,,,none,0.0,success,105.0,0.005,,,,,,229.04135674964752,,
9269,realistic,3,x0y0,utah,,,Ab,saline,,,100.0,b,-1,0.08,axon,9.4,106262.24281510086,845.8370089768373,54.38842108618064,centered,,,,51,5.215000000000115,success,40.887451171875,0.005,,,,,-1355.39156158478,-289.87042914234826,845.8370089768373,54.38842108618064
9270,realistic,3,x0y0,utah,,,Ab,saline,,,100.0,b,-1,0.08,axon,9.0,101596.49036635144,1265.451987535792,-460.53390740096887,centered,,,,none,0.0,success,105.0,0.005,,,,,,-206.72284398207242,,
9271,realistic,3,x0y0,utah,,,Ab,saline,,,100.0,b,-1,0.08,axon,14.8,144663.60470938418,-425.17469321280714,-719.4180441436432,centered,,,,none,0.0,success,105.0,0.005,,,,,,41.02192998708785,,
9272,realistic,3,x0y0,utah,,,Ab,saline,,,100.0,b,-1,0.08,axon,10.5,117903.17987854648,804.8354716909308,495.13921035115163,centered,,,,none,0.0,success,105.0,0.005,,,,,,-67.02126958304066,,
9273,realistic,3,x0y0,utah,,,Ab,saline,,,100.0,b,-1,0.08,axon,14.6,143734.4157761208,-621.9259060439857,-544.4316686894076,centered,,,,none,0.0,success,105.0,0.005,,,,,,-122.3503630110094,,
9274,realistic,3,x0y0,utah,,,Ab,saline,,,100.0,b,-1,0.08,axon,8.4,94032.17561477276,645.8416534814793,711.8189911855417,centered,,,,none,0.0,success,105.0,0.005,,,,,,-12.131380781347977,,
9275,realistic,3,x0y0,utah,,,Ab,saline,,,100.0,b,-1,0.08,axon,10.8,120502.73957966734,231.68350806644455,777.8142769085503,centered,,,,none,0.0,success,105.0,0.005,,,,,,-190.66852131686517,,
9276,realistic,3,x0y0,utah,,,Ab,saline,,,100.0,b,-1,0.08,axon,9.7,110028.0412581334,641.8051492824708,1088.77266129187,centered,,,,none,0.0,success,105.0,0.005,,,,,,128.8419204182029,,
9277,realistic,3,x0y0,utah,,,Aa,saline,,,100.0,b,-1,0.08,axon,15.5,147019.96979316487,897.0328557178792,593.7748765586697,centered,,,,none,0.0,success,105.0,0.005,,,,,,-23.612973727476465,,
9278,realistic,3,x0y0,utah,,,Aa,saline,,,100.0,b,-1,0.08,axon,14.3,143104.56041099306,-344.9924805501787,-1253.4993279400592,centered,,,,none,0.0,success,105.0,0.005,,,,,,463.537015123041,,
9279,realistic,3,x0y0,utah,,,Aa,saline,,,100.0,b,-1,0.08,axon,14.5,143454.2610430282,162.29774170599418,-1029.26046102109,centered,,,,none,0.0,success,105.0,0.005,,,,,,-6.375598633968227,,
9280,realistic,3,x0y0,utah,,,Aa,saline,,,100.0,b,-1,0.08,axon,16.7,150408.75094169253,-647.8174881642999,761.7138942291731,centered,,,,none,0.0,success,105.0,0.005,,,,,,26.446493785465183,,
9281,realistic,3,x0y0,utah,,,Aa,saline,,,100.0,b,-1,0.08,axon,13.5,138525.38691662284,1183.969489178212,-666.9513953865385,centered,,,,none,0.0,success,105.0,0.005,,,,,,-444.42044362761584,,
9282,realistic,3,x0y0,utah,,,Aa,saline,,,100.0,b,-1,0.08,axon,17.4,152476.3942077495,-25.64169598976332,1003.8588985498,centered,,,,none,0.0,success,105.0,0.005,,,,,,538.7361118646985,,
9283,realistic,3,x0y0,utah,,,Aa,saline,,,100.0,b,-1,0.08,axon,15.1,145714.55399033974,1067.9116301279923,-646.7198536782689,centered,,,,none,0.0,success,105.0,0.005,,,,,,6.698661720912213,,
9284,realistic,3,x0y0,utah,,,Aa,saline,,,100.0,b,-1,0.08,axon,14.6,143806.0553209883,1053.6461514365756,-460.9175431963845,centered,,,,none,0.0,success,105.0,0.005,,,,,,-50.71081814349611,,
9285,realistic,3,x0y0,utah,,,Aa,saline,,,100.0,b,-1,0.08,axon,15.6,146877.93944530276,321.11952114762613,-1247.5064048913175,centered,,,,none,0.0,success,105.0,0.005,,,,,,-480.7878310750203,,
9286,realistic,3,x0y0,utah,,,Aa,saline,,,100.0,b,-1,0.08,axon,15.1,145477.08967805628,1164.5110881346318,-89.08056861557587,centered,,,,50,5.290000000000127,success,99.90234375,0.005,,,,,-230.76565056256368,-230.7656505625647,1164.5110881346318,-89.08056861557587
9287,realistic,3,x0y0,utah,,,Ab,saline,,,100.0,b,-1,0.08,axon,8.5,94971.65961631779,934.3963434105493,1030.5834924636501,centered,,,,none,0.0,success,105.0,0.005,,,,,,-419.891127073857,,
9288,realistic,3,x0y0,utah,,,Ab,saline,,,100.0,b,-1,0.08,axon,8.4,94098.5078659695,1373.874137881934,176.88304753842797,centered,,,,none,0.0,success,105.0,0.005,,,,,,54.200870415393574,,
9289,realistic,3,x0y0,utah,,,Ab,saline,,,100.0,b,-1,0.08,axon,13.0,136012.16627627495,1107.7995154071762,-519.9271034966378,centered,,,,none,0.0,success,105.0,0.005,,,,,,-311.2367354612205,,
9290,realistic,3,x0y0,utah,,,Ab,saline,,,100.0,b,-1,0.08,axon,11.4,125730.01940675985,-41.06454560929525,1097.9304223322117,centered,,,,none,0.0,success,105.0,0.005,,,,,,50.89029365402029,,
9291,realistic,3,x0y0,utah,,,Ab,saline,,,100.0,b,-1,0.08,axon,10.9,121174.32948271887,-423.7608476762416,974.1985063695874,centered,,,,none,0.0,success,105.0,0.005,,,,,,-391.8917984097702,,
9292,realistic,3,x0y0,utah,,,Ab,saline,,,100.0,b,-1,0.08,axon,8.4,93767.69645444614,-485.39755725231225,-1027.9881423852564,centered,,,,none,0.0,success,105.0,0.005,,,,,,-276.61054110795607,,
9293,realistic,3,x0y0,utah,,,Ab,saline,,,100.0,b,-1,0.08,axon,10.1,113581.6168065392,-642.2180124906763,594.1190376948784,centered,,,,none,0.0,success,105.0,0.005,,,,,,-504.4354421609458,,
9294,realistic,3,x0y0,utah,,,Ab,saline,,,100.0,b,-1,0.08,axon,14.5,143658.54594567846,558.6007404119582,-781.2193146493833,centered,,,,none,0.0,success,105.0,0.005,,,,,,197.9093040162357,,
9295,realistic,3,x0y0,utah,,,Ab,saline,,,100.0,b,-1,0.08,axon,13.9,141056.49047314964,832.3404472851907,322.6733005068945,centered,,,,49,5.24500000000012,success,59.637451171875,0.005,,,,,1578.2596488913696,169.38863046454256,832.3404472851907,322.6733005068945
9296,realistic,3,x0y0,utah,,,Ab,saline,,,100.0,b,-1,0.08,axon,8.3,92744.33496177204,479.4034765382354,1121.3394094792147,centered,,,,none,0.0,success,105.0,0.005,,,,,,69.20576481116883,,
9297,realistic,3,x0y0,utah,,,Aa,saline,,,100.0,b,-1,0.08,axon,13.9,140331.87020726484,813.2584315435823,1070.6275842833716,centered,,,,none,0.0,success,105.0,0.005,,,,,,-555.2316354202651,,
9298,realistic,3,x0y0,utah,,,Aa,saline,,,100.0,b,-1,0.08,axon,17.7,151867.85250619307,434.04160836514535,-1181.277304481588,centered,,,,none,0.0,success,105.0,0.005,,,,,,-661.423216683944,,
9299,realistic,3,x0y0,utah,,,Aa,saline,,,100.0,b,-1,0.08,axon,15.7,147281.54414980055,745.2555204121362,741.1775756525299,centered,,,,none,0.0,success,105.0,0.005,,,,,,-385.12693581692304,,
9300,realistic,3,x0y0,utah,,,Aa,saline,,,100.0,b,-1,0.08,axon,18.5,153685.82075695394,800.6475649153035,-794.0532174417958,centered,,,,none,0.0,success,105.0,0.005,,,,,,-229.12840285124213,,
9301,realistic,3,x0y0,utah,,,Aa,saline,,,100.0,b,-1,0.08,axon,13.3,137628.10442940067,1150.4053008812136,160.12747290536254,centered,,,,none,0.0,success,105.0,0.005,,,,,,-317.71692026587584,,
9302,realistic,3,x0y0,utah,,,Aa,saline,,,100.0,b,-1,0.08,axon,16.9,151573.16447950172,486.4365292249082,1064.0268775659456,centered,,,,none,0.0,success,105.0,0.005,,,,,,719.9588624787928,,
9303,realistic,3,x0y0,utah,,,Aa,saline,,,100.0,b,-1,0.08,axon,15.6,148087.57421632454,648.1585736204893,-1173.0670374236124,centered,,,,none,0.0,success,105.0,0.005,,,,,,728.8469399467755,,
9304,realistic,3,x0y0,utah,,,Aa,saline,,,100.0,b,-1,0.08,axon,14.2,142449.236516292,842.9794671493619,-123.87027285680685,centered,,,,49,5.190000000000111,success,36.083984375,0.005,,,,,1654.2414808199974,232.06981379500385,842.9794671493619,-123.87027285680685
9305,realistic,3,x0y0,utah,,,Aa,saline,,,100.0,b,-1,0.08,axon,15.9,148058.2236964228,-605.7337052313974,741.6624015720545,centered,,,,none,0.0,success,105.0,0.005,,,,,,-203.33994298627348,,
9306,realistic,3,x0y0,utah,,,Aa,saline,,,100.0,b,-1,0.08,axon,13.1,136837.82727609572,-392.53759480648284,1151.4418044680588,centered,,,,none,0.0,success,105.0,0.005,,,,,,-38.19586843905452,,
9307,realistic,3,x0y0,utah,,,Ab,saline,,,100.0,b,-1,0.08,axon,8.5,95367.75812785416,-611.648400439768,-601.8910306462731,centered,,,,none,0.0,success,105.0,0.005,,,,,,-23.792615537495852,,
9308,realistic,3,x0y0,utah,,,Ab,saline,,,100.0,b,-1,0.08,axon,8.5,95505.28764868747,941.0874902129068,472.56932119721336,centered,,,,none,0.0,success,105.0,0.005,,,,,,113.73690529581734,,
9309,realistic,3,x0y0,utah,,,Ab,saline,,,100.0,b,-1,0.08,axon,8.3,92822.48145641992,-585.2660460992279,-729.5363306213226,centered,,,,none,0.0,success,105.0,0.005,,,,,,147.35225945906706,,
9310,realistic,3,x0y0,utah,,,Ab,saline,,,100.0,b,-1,0.08,axon,8.9,100414.18546463623,657.3904318145693,485.42127025973235,centered,,,,none,0.0,success,105.0,0.005,,,,,,-149.5006335067989,,
9311,realistic,3,x0y0,utah,,,Ab,saline,,,100.0,b,-1,0.08,axon,8.0,88022.84848764188,314.90916578275534,-1092.6347286368543,centered,,,,none,0.0,success,105.0,0.005,,,,,,-412.11218205605695,,
9312,realistic,3,x0y0,utah,,,Ab,saline,,,100.0,b,-1,0.08,axon,9.1,103386.83003632477,63.9598030991524,1297.836502801022,centered,,,,none,0.0,success,105.0,0.005,,,,,,365.1822951933255,,
9313,realistic,3,x0y0,utah,,,Ab,saline,,,100.0,b,-1,0.08,axon,14.6,143302.00909887627,893.6554538360632,-418.5777084846009,centered,,,,51,5.305000000000129,success,92.9443359375,0.005,,,,,-1993.3247016468376,-554.7570402555422,893.6554538360632,-418.5777084846009
9314,realistic,3,x0y0,utah,,,Ab,saline,,,100.0,b,-1,0.08,axon,8.6,96663.4206817163,751.7291722356604,291.8642945856059,centered,,,,50,5.220000000000116,success,58.8134765625,0.005,,,,,-53.55786602830631,-53.557866028301575,751.7291722356604,291.8642945856059
9315,realistic,3,x0y0,utah,,,Ab,saline,,,100.0,b,-1,0.08,axon,10.2,115208.31393351377,-502.9028278271426,-1105.8858881297156,centered,,,,none,0.0,success,105.0,0.005,,,,,,123.40324409212124,,
9316,realistic,3,x0y0,utah,,,Ab,saline,,,100.0,b,-1,0.08,axon,10.2,115336.47490102865,-561.9790293795959,-820.1370255985526,centered,,,,none,0.0,success,105.0,0.005,,,,,,251.5642116069833,,
9317,realistic,3,x0y0,utah,,,Aa,saline,,,100.0,b,-1,0.08,axon,15.2,145396.42586879162,-267.62001090584226,-908.5270890707544,centered,,,,none,0.0,success,105.0,0.005,,,,,,-656.9547219886338,,
9318,realistic,3,x0y0,utah,,,Aa,saline,,,100.0,b,-1,0.08,axon,16.1,149541.97060436968,473.46956810516434,-740.3445618068645,centered,,,,none,0.0,success,105.0,0.005,,,,,,712.5225644041153,,
9319,realistic,3,x0y0,utah,,,Aa,saline,,,100.0,b,-1,0.08,axon,15.0,145844.7987263568,883.2035526731357,-619.0888963622018,centered,,,,none,0.0,success,105.0,0.005,,,,,,490.47188367268126,,
9320,realistic,3,x0y0,utah,,,Aa,saline,,,100.0,b,-1,0.08,axon,13.9,141087.69772553735,1041.5281592297597,194.68156586618846,centered,,,,49,5.275000000000125,success,79.541015625,0.005,,,,,1609.4669012790837,200.5958828522336,1041.5281592297597,194.68156586618846
9321,realistic,3,x0y0,utah,,,Aa,saline,,,100.0,b,-1,0.08,axon,15.8,147741.39209945145,1319.2039435307836,1.8328925022583464,centered,,,,none,0.0,success,105.0,0.005,,,,,,-226.17451853091046,,
9322,realistic,3,x0y0,utah,,,Aa,saline,,,100.0,b,-1,0.08,axon,13.8,140423.25286623035,-210.66324240186356,-985.681409232894,centered,,,,none,0.0,success,105.0,0.005,,,,,,-0.34278874275932114,,
9323,realistic,3,x0y0,utah,,,Aa,saline,,,100.0,b,-1,0.08,axon,15.6,147997.24629579892,1114.6659882778404,-786.9293216452229,centered,,,,none,0.0,success,105.0,0.005,,,,,,638.5190194211049,,
9324,realistic,3,x0y0,utah,,,Aa,saline,,,100.0,b,-1,0.08,axon,17.2,150947.00832154587,-353.1368581032953,1170.4334361855215,centered,,,,none,0.0,success,105.0,0.005,,,,,,-572.1906203741487,,
9325,realistic,3,x0y0,utah,,,Aa,saline,,,100.0,b,-1,0.08,axon,13.6,140077.15136629491,546.9314285346786,769.1709644064354,centered,,,,none,0.0,success,105.0,0.005,,,,,,611.9979338289213,,
9326,realistic,3,x0y0,utah,,,Aa,saline,,,100.0,b,-1,0.08,axon,14.2,142620.72094529605,509.7018578139405,1229.1728792036793,centered,,,,none,0.0,success,105.0,0.005,,,,,,403.5542427990715,,
9327,realistic,3,x0y0,utah,,,Ab,saline,,,100.0,b,-1,0.08,axon,9.1,102917.82214295254,-624.4562648589434,-792.3866098049275,centered,,,,none,0.0,success,105.0,0.005,,,,,,-103.82559817889828,,
9328,realistic,3,x0y0,utah,,,Ab,saline,,,100.0,b,-1,0.08,axon,7.9,86714.6860557344,717.9277862677268,-580.5875078203721,centered,,,,none,0.0,success,105.0,0.005,,,,,,-262.3828675003992,,
9329,realistic,3,x0y0,utah,,,Ab,saline,,,100.0,b,-1,0.08,axon,14.8,144787.62595165145,516.0461523284821,-1149.2112640385187,centered,,,,none,0.0,success,105.0,0.005,,,,,,165.0431722543585,,
9330,realistic,3,x0y0,utah,,,Ab,saline,,,100.0,b,-1,0.08,axon,11.6,126915.93205637873,-556.571320654703,1009.9723709356058,centered,,,,none,0.0,success,105.0,0.005,,,,,,-295.6543997584706,,
9331,realistic,3,x0y0,utah,,,Ab,saline,,,100.0,b,-1,0.08,axon,12.9,136247.70718813065,1095.2384886636655,-461.2419424549644,centered,,,,none,0.0,success,105.0,0.005,,,,,,489.0316347043074,,
9332,realistic,3,x0y0,utah,,,Ab,saline,,,100.0,b,-1,0.08,axon,9.1,103247.5350454742,231.24153341172317,-942.3008031104956,centered,,,,none,0.0,success,105.0,0.005,,,,,,225.88730434274325,,
9333,realistic,3,x0y0,utah,,,Ab,saline,,,100.0,b,-1,0.08,axon,8.9,100958.95041186016,1143.553479986682,-177.74058224875716,centered,,,,none,0.0,success,105.0,0.005,,,,,,395.26431371711726,,
9334,realistic,3,x0y0,utah,,,Ab,saline,,,100.0,b,-1,0.08,axon,11.8,129076.803776593,480.8333237689748,1022.1410220053348,centered,,,,none,0.0,success,105.0,0.005,,,,,,394.2645528339748,,
9335,realistic,3,x0y0,utah,,,Ab,saline,,,100.0,b,-1,0.08,axon,9.9,112209.50707610551,798.1092982808427,999.1998063182073,centered,,,,none,0.0,success,105.0,0.005,,,,,,178.1617454881916,,
9336,realistic,3,x0y0,utah,,,Ab,saline,,,100.0,b,-1,0.08,axon,8.4,93634.49946027462,204.01496766471016,1196.8216534394217,centered,,,,none,0.0,success,105.0,0.005,,,,,,-409.8075352794938,,
9337,realistic,3,x0y0,utah,,,Aa,saline,,,100.0,b,-1,0.08,axon,14.3,143165.79244238985,-139.51612310979044,1086.2094979666665,centered,,,,none,0.0,success,105.0,0.005,,,,,,524.769046519839,,
9338,realistic,3,x0y0,utah,,,Aa,saline,,,100.0,b,-1,0.08,axon,15.1,145999.2276436435,-395.7739143247022,806.2121079569957,centered,,,,none,0.0,success,105.0,0.005,,,,,,291.37231502467097,,
9339,realistic,3,x0y0,utah,,,Aa,saline,,,100.0,b,-1,0.08,axon,14.1,142201.86229875367,762.4909659650516,-1018.0620079297714,centered,,,,none,0.0,success,105.0,0.005,,,,,,418.1721544760174,,
9340,realistic,3,x0y0,utah,,,Aa,saline,,,100.0,b,-1,0.08,axon,14.9,145621.50610926445,-157.5437528071434,1366.6183937094208,centered,,,,none,0.0,success,105.0,0.005,,,,,,628.8796462319422,,
9341,realistic,3,x0y0,utah,,,Aa,saline,,,100.0,b,-1,0.08,axon,14.2,141923.0421414981,-589.6811276066093,-1134.2316793882765,centered,,,,none,0.0,success,105.0,0.005,,,,,,-294.1245609989124,,
9342,realistic,3,x0y0,utah,,,Aa,saline,,,100.0,b,-1,0.08,axon,16.7,150602.01852774355,26.589465860387012,-963.1107314894208,centered,,,,none,0.0,success,105.0,0.005,,,,,,219.71407983650033,,
9343,realistic,3,x0y0,utah,,,Aa,saline,,,100.0,b,-1,0.08,axon,15.6,148054.62355710595,921.3814441759587,871.4236168164407,centered,,,,none,0.0,success,105.0,0.005,,,,,,695.8962807281607,,
9344,realistic,3,x0y0,utah,,,Aa,saline,,,100.0,b,-1,0.08,axon,13.3,138290.43650012265,844.2626650573029,331.36698698053306,centered,,,,49,5.24500000000012,success,67.95654296875,0.005,,,,,1724.0733639527753,344.61515045609747,844.2626650573029,331.36698698053306
9345,realistic,3,x0y0,utah,,,Aa,saline,,,100.0,b,-1,0.08,axon,13.9,140513.86620223534,784.4459362531284,1021.4376296690024,centered,,,,none,0.0,success,105.0,0.005,,,,,,-373.23564044975893,,
9346,realistic,3,x0y0,utah,,,Aa,saline,,,100.0,b,-1,0.08,axon,13.6,139236.33371009777,775.5616856789311,316.21176024637765,centered,,,,50,5.2350000000001184,success,53.6376953125,0.005,,,,,-228.8197223682073,-228.81972236819988,775.5616856789311,316.21176024637765
9347,realistic,3,x0y0,utah,,,Ab,saline,,,100.0,b,-1,0.08,axon,11.6,127565.01951463711,-445.8718430821624,-721.7192993761583,centered,,,,none,0.0,success,105.0,0.005,,,,,,353.4330584999163,,
9348,realistic,3,x0y0,utah,,,Ab,saline,,,100.0,b,-1,0.08,axon,14.0,140685.1409318308,191.1202106473734,-898.1949395617063,centered,,,,none,0.0,success,105.0,0.005,,,,,,-655.2595590772265,,
9349,realistic,3,x0y0,utah,,,Ab,saline,,,100.0,b,-1,0.08,axon,12.3,132016.21328058516,736.2133208154874,995.8645037872052,centered,,,,none,0.0,success,105.0,0.005,,,,,,-87.23299137110621,,
9350,realistic,3,x0y0,utah,,,Ab,saline,,,100.0,b,-1,0.08,axon,12.2,131711.42369586704,1316.419287274597,-123.98325773841681,centered,,,,none,0.0,success,105.0,0.005,,,,,,263.80122383063855,,
9351,realistic,3,x0y0,utah,,,Ab,saline,,,100.0,b,-1,0.08,axon,11.3,125124.65564204087,464.3973667424498,1155.0435160358008,centered,,,,none,0.0,success,105.0,0.005,,,,,,235.4232243791305,,
9352,realistic,3,x0y0,utah,,,Ab,saline,,,100.0,b,-1,0.08,axon,13.4,139043.1352259682,1087.246852194362,405.0139466065043,centered,,,,none,0.0,success,105.0,0.005,,,,,,579.7014740573118,,
9353,realistic,3,x0y0,utah,,,Ab,saline,,,100.0,b,-1,0.08,axon,10.9,121798.72006990352,-698.4948216063443,-870.2322262854996,centered,,,,none,0.0,success,105.0,0.005,,,,,,232.4987887748921,,
9354,realistic,3,x0y0,utah,,,Ab,saline,,,100.0,b,-1,0.08,axon,9.5,108133.91160560788,794.898631595664,-1049.418112878172,centered,,,,none,0.0,success,105.0,0.005,,,,,,445.9836953002872,,
9355,realistic,3,x0y0,utah,,,Ab,saline,,,100.0,b,-1,0.08,axon,9.9,111911.98978988186,710.5482304633508,1128.0085501504145,centered,,,,none,0.0,success,105.0,0.005,,,,,,-119.35554073543635,,
9356,realistic,3,x0y0,utah,,,Ab,saline,,,100.0,b,-1,0.08,axon,8.0,88227.20078359937,-300.5405604920711,784.5314211510158,centered,,,,none,0.0,success,105.0,0.005,,,,,,-207.7598860985449,,
9357,realistic,3,x0y0,utah,,,Aa,saline,,,100.0,b,-1,0.08,axon,15.2,145572.84055885387,773.0863550879457,-876.0555229299542,centered,,,,none,0.0,success,105.0,0.005,,,,,,-480.5400319263652,,
9358,realistic,3,x0y0,utah,,,Aa,saline,,,100.0,b,-1,0.08,axon,14.9,145655.80904744953,645.6334634311958,-488.2902229409983,centered,,,,49,5.290000000000127,success,90.07415771484375,0.005,,,,,2113.108849047363,663.1825844170106,645.6334634311958,-488.2902229409983
9359,realistic,3,x0y0,utah,,,Aa,saline,,,100.0,b,-1,0.08,axon,13.5,138419.2911920264,956.1509387937081,851.5504983433466,centered,,,,none,0.0,success,105.0,0.005,,,,,,-550.5161682240309,,
9360,realistic,3,x0y0,utah,,,Aa,saline,,,100.0,b,-1,0.08,axon,15.4,146743.2344733416,728.2492588340933,1139.126738017675,centered,,,,none,0.0,success,105.0,0.005,,,,,,22.152014239984325,,
9361,realistic,3,x0y0,utah,,,Aa,saline,,,100.0,b,-1,0.08,axon,17.8,152792.20607995498,728.8693843573892,521.3920318425367,centered,,,,49,5.265000000000123,success,83.4228515625,0.005,,,,,1602.08949882866,74.91660406982732,728.8693843573892,521.3920318425367
9362,realistic,3,x0y0,utah,,,Aa,saline,,,100.0,b,-1,0.08,axon,13.6,139471.15864039885,-133.45125159644158,919.7218395931096,centered,,,,none,0.0,success,105.0,0.005,,,,,,6.005207932882296,,
9363,realistic,3,x0y0,utah,,,Aa,saline,,,100.0,b,-1,0.08,axon,18.0,152874.2633459315,-119.89225849536159,-1019.5941387801467,centered,,,,none,0.0,success,105.0,0.005,,,,,,-205.88006497419175,,
9364,realistic,3,x0y0,utah,,,Aa,saline,,,100.0,b,-1,0.08,axon,18.5,154429.90337908347,167.55878886783148,-1135.5871747446058,centered,,,,none,0.0,success,105.0,0.005,,,,,,514.9542192782615,,
9365,realistic,3,x0y0,utah,,,Aa,saline,,,100.0,b,-1,0.08,axon,14.5,143096.78546186193,1207.4650914535578,-393.2619299287253,centered,,,,none,0.0,success,105.0,0.005,,,,,,-363.8511798002532,,
9366,realistic,3,x0y0,utah,,,Aa,saline,,,100.0,b,-1,0.08,axon,13.3,138525.5978079363,930.782085501848,-535.4659801727926,centered,,,,none,0.0,success,105.0,0.005,,,,,,579.7764582697707,,
9367,realistic,3,x0y0,utah,,,Ab,saline,,,100.0,b,-1,0.08,axon,7.9,87307.10804213218,267.2206528869542,-1354.5517509310425,centered,,,,none,0.0,success,105.0,0.005,,,,,,330.0391188973754,,
9368,realistic,3,x0y0,utah,,,Ab,saline,,,100.0,b,-1,0.08,axon,11.9,129431.66541645475,1219.3628984491716,164.1388972107079,centered,,,,none,0.0,success,105.0,0.005,,,,,,36.11177656413841,,
9369,realistic,3,x0y0,utah,,,Ab,saline,,,100.0,b,-1,0.08,axon,9.6,108731.6791108377,648.5035017426526,1127.84928280635,centered,,,,none,0.0,success,105.0,0.005,,,,,,-71.8778111979635,,
9370,realistic,3,x0y0,utah,,,Ab,saline,,,100.0,b,-1,0.08,axon,17.8,153079.69825911892,-131.2767752893892,1363.0283609500975,centered,,,,none,0.0,success,105.0,0.005,,,,,,362.4087832337357,,
9371,realistic,3,x0y0,utah,,,Ab,saline,,,100.0,b,-1,0.08,axon,10.0,112801.65318111154,60.39123893817214,-972.5364190734751,centered,,,,none,0.0,success,105.0,0.005,,,,,,-266.617489944057,,
9372,realistic,3,x0y0,utah,,,Ab,saline,,,100.0,b,-1,0.08,axon,9.6,108732.00476586768,-34.39894359346499,-799.3481803248488,centered,,,,none,0.0,success,105.0,0.005,,,,,,-71.55215616797436,,
9373,realistic,3,x0y0,utah,,,Ab,saline,,,100.0,b,-1,0.08,axon,8.2,91342.87082120763,-129.61481750441408,895.1812547050639,centered,,,,none,0.0,success,105.0,0.005,,,,,,58.96173586316474,,
9374,realistic,3,x0y0,utah,,,Ab,saline,,,100.0,b,-1,0.08,axon,18.9,154854.77551474413,477.3179920416751,-1033.1546529680106,centered,,,,none,0.0,success,105.0,0.005,,,,,,340.37704338848215,,
9375,realistic,3,x0y0,utah,,,Ab,saline,,,100.0,b,-1,0.08,axon,12.0,129455.53785806154,-49.42713647128358,1374.248955395281,centered,,,,none,0.0,success,105.0,0.005,,,,,,-638.3754353736623,,
9376,realistic,3,x0y0,utah,,,Ab,saline,,,100.0,b,-1,0.08,axon,14.7,144511.28418068602,1034.6216805633912,402.45348746469557,centered,,,,none,0.0,success,105.0,0.005,,,,,,267.2625429726995,,
9377,realistic,3,x0y0,utah,,,Aa,saline,,,100.0,b,-1,0.08,axon,13.7,139961.71034409894,1117.1483176512857,-315.1901580212625,centered,,,,none,0.0,success,105.0,0.005,,,,,,12.029577484618844,,
9378,realistic,3,x0y0,utah,,,Aa,saline,,,100.0,b,-1,0.08,axon,14.6,144354.4035511902,-443.9488040448692,996.8983937399727,centered,,,,none,0.0,success,105.0,0.005,,,,,,497.63741205839654,,
9379,realistic,3,x0y0,utah,,,Aa,saline,,,100.0,b,-1,0.08,axon,16.1,148660.0876781496,224.6571831488559,-1044.8817846315294,centered,,,,none,0.0,success,105.0,0.005,,,,,,-169.36036181595824,,
9380,realistic,3,x0y0,utah,,,Aa,saline,,,100.0,b,-1,0.08,axon,13.1,137222.51452880187,697.251451377796,-481.3299765982002,centered,,,,49,5.260000000000122,success,88.22021484375,0.005,,,,,1715.2516157124774,346.49138426710374,697.251451377796,-481.3299765982002
9381,realistic,3,x0y0,utah,,,Aa,saline,,,100.0,b,-1,0.08,axon,15.5,147046.88096024055,334.8985655114511,-1138.5766232121498,centered,,,,none,0.0,success,105.0,0.005,,,,,,3.2981933481900656,,
9382,realistic,3,x0y0,utah,,,Aa,saline,,,100.0,b,-1,0.08,axon,15.2,145668.53446964332,662.7043951383347,510.0492320770918,centered,,,,51,5.265000000000123,success,88.22021484375,0.005,,,,,-1845.3799270447053,-384.8461211369197,662.7043951383347,510.0492320770918
9383,realistic,3,x0y0,utah,,,Aa,saline,,,100.0,b,-1,0.08,axon,17.2,151383.948379139,1192.5755955066236,667.8119650505167,centered,,,,none,0.0,success,105.0,0.005,,,,,,-135.25056278099964,,
9384,realistic,3,x0y0,utah,,,Aa,saline,,,100.0,b,-1,0.08,axon,16.3,148815.75917163063,82.61882691402889,-911.4674218243507,centered,,,,none,0.0,success,105.0,0.005,,,,,,-555.7108414250813,,
9385,realistic,3,x0y0,utah,,,Aa,saline,,,100.0,b,-1,0.08,axon,15.1,145034.5708701769,1137.9496418919334,99.94817985415285,centered,,,,51,5.18000000000011,success,105.0,0.005,,,,,-2130.363011728128,-673.2844584419474,1137.9496418919334,99.94817985415285
9386,realistic,3,x0y0,utah,,,Aa,saline,,,100.0,b,-1,0.08,axon,12.3,132574.87809233394,1.5034461125210328,-848.632066005337,centered,,,,none,0.0,success,105.0,0.005,,,,,,471.4318203776653,,
9387,realistic,3,x0y0,utah,,,Ab,saline,,,100.0,b,-1,0.08,axon,8.6,96584.00022549325,799.1344849109546,-657.9052100385215,centered,,,,none,0.0,success,105.0,0.005,,,,,,-132.97832225136838,,
9388,realistic,3,x0y0,utah,,,Ab,saline,,,100.0,b,-1,0.08,axon,7.9,87200.5333683597,-604.2303057540194,-681.2134755386302,centered,,,,none,0.0,success,105.0,0.005,,,,,,223.46444512488347,,
9389,realistic,3,x0y0,utah,,,Ab,saline,,,100.0,b,-1,0.08,axon,10.3,115734.86804995686,893.1199981483452,868.1475997240923,centered,,,,none,0.0,success,105.0,0.005,,,,,,-330.2018743725749,,
9390,realistic,3,x0y0,utah,,,Ab,saline,,,100.0,b,-1,0.08,axon,8.1,89441.51879997512,-330.47812828550383,807.1113784844287,centered,,,,none,0.0,success,105.0,0.005,,,,,,-429.02987182524737,,
9391,realistic,3,x0y0,utah,,,Ab,saline,,,100.0,b,-1,0.08,axon,10.0,113178.70549715453,202.90573193249568,842.7894414854683,centered,,,,none,0.0,success,105.0,0.005,,,,,,110.4348260989138,,
9392,realistic,3,x0y0,utah,,,Ab,saline,,,100.0,b,-1,0.08,axon,8.3,93117.98585156037,-656.3893475089707,-835.2985606180388,centered,,,,none,0.0,success,105.0,0.005,,,,,,442.8566545994992,,
9393,realistic,3,x0y0,utah,,,Ab,saline,,,100.0,b,-1,0.08,axon,8.9,100494.5532337018,961.7315265132538,-529.1598439269701,centered,,,,none,0.0,success,105.0,0.005,,,,,,-69.13286444123891,,
9394,realistic,3,x0y0,utah,,,Ab,saline,,,100.0,b,-1,0.08,axon,11.0,122407.84087720713,1371.9134291136852,239.4081097769413,centered,,,,none,0.0,success,105.0,0.005,,,,,,-14.129199123637418,,
9395,realistic,3,x0y0,utah,,,Ab,saline,,,100.0,b,-1,0.08,axon,10.5,117451.19123310625,-407.60238580791656,1125.6100437175057,centered,,,,none,0.0,success,105.0,0.005,,,,,,-519.0099150232878,,
9396,realistic,3,x0y0,utah,,,Ab,saline,,,100.0,b,-1,0.08,axon,13.6,139653.86479119046,-473.51662551719886,-818.5495898352574,centered,,,,none,0.0,success,105.0,0.005,,,,,,188.7113587244933,,
9397,realistic,3,x0y0,utah,,,Aa,saline,,,100.0,b,-1,0.08,axon,15.2,145617.51936919132,-257.8993831869461,-1109.1006767991805,centered,,,,none,0.0,success,105.0,0.005,,,,,,-435.86122158895137,,
9398,realistic,3,x0y0,utah,,,Aa,saline,,,100.0,b,-1,0.08,axon,16.6,150495.0667303471,725.8042194900122,-527.8334651569077,centered,,,,49,5.240000000000119,success,91.1865234375,0.005,,,,,1858.0348500543041,356.650689647311,725.8042194900122,-527.8334651569077
9399,realistic,3,x0y0,utah,,,Aa,saline,,,100.0,b,-1,0.08,axon,14.5,143466.48784699602,541.6825608562708,710.4662570044388,centered,,,,none,0.0,success,105.0,0.005,,,,,,5.851205333846287,,
9400,realistic,3,x0y0,utah,,,Aa,saline,,,100.0,b,-1,0.08,axon,16.2,149772.36084935765,-332.2790189915977,1299.9905338461585,centered,,,,none,0.0,success,105.0,0.005,,,,,,668.7390098492244,,
9401,realistic,3,x0y0,utah,,,Aa,saline,,,100.0,b,-1,0.08,axon,14.5,143642.88619294312,683.8042945528832,-722.8729223777605,centered,,,,none,0.0,success,105.0,0.005,,,,,,182.2495512808856,,
9402,realistic,3,x0y0,utah,,,Aa,saline,,,100.0,b,-1,0.08,axon,14.3,141956.45806127414,-530.2886238679644,1032.350372484785,centered,,,,none,0.0,success,105.0,0.005,,,,,,-684.565334595868,,
9403,realistic,3,x0y0,utah,,,Aa,saline,,,100.0,b,-1,0.08,axon,14.7,144525.03971387885,979.5784184839796,-574.7181797898043,centered,,,,none,0.0,success,105.0,0.005,,,,,,281.01807616554515,,
9404,realistic,3,x0y0,utah,,,Aa,saline,,,100.0,b,-1,0.08,axon,15.3,146648.69071148784,-555.6711963208636,-643.9827998038045,centered,,,,none,0.0,success,105.0,0.005,,,,,,257.62214687465246,,
9405,realistic,3,x0y0,utah,,,Aa,saline,,,100.0,b,-1,0.08,axon,18.5,154485.33002273025,997.1512741397446,-428.4108621608112,centered,,,,49,5.145000000000104,success,105.0,0.005,,,,,2109.530354523158,570.3808629250992,997.1512741397446,-428.4108621608112
9406,realistic,3,x0y0,utah,,,Aa,saline,,,100.0,b,-1,0.08,axon,15.6,147520.73404217913,-70.50088678736302,-822.1775738499864,centered,,,,none,0.0,success,105.0,0.005,,,,,,162.00676580135598,,
9407,realistic,3,x0y0,utah,,,Ab,saline,,,100.0,b,-1,0.08,axon,10.0,113295.19912158363,981.7230079716127,274.48061589889176,centered,,,,49,5.270000000000124,success,94.775390625,0.005,,,,,1357.6111572385853,226.92845052801587,981.7230079716127,274.48061589889176
9408,realistic,3,x0y0,utah,,,Ab,saline,,,100.0,b,-1,0.08,axon,10.3,115809.13252475802,781.9356838467032,-211.66178517637672,centered,,,,51,5.200000000000113,success,43.890380859375,0.005,,,,,-1416.5880988146819,-255.937399571393,781.9356838467032,-211.66178517637672
9409,realistic,3,x0y0,utah,,,Ab,saline,,,100.0,b,-1,0.08,axon,8.7,98310.54086633817,889.8274166883673,-332.24618002943225,centered,,,,49,5.250000000000121,success,98.73046875,0.005,,,,,1270.0301117369527,289.82293239754415,889.8274166883673,-332.24618002943225
9410,realistic,3,x0y0,utah,,,Ab,saline,,,100.0,b,-1,0.08,axon,9.3,105655.57849517367,-539.9805751879012,-1210.6429464260864,centered,,,,none,0.0,success,105.0,0.005,,,,,,259.65924674286924,,
9411,realistic,3,x0y0,utah,,,Ab,saline,,,100.0,b,-1,0.08,axon,11.0,122028.95015160461,353.7890984184787,-737.2835443447448,centered,,,,none,0.0,success,105.0,0.005,,,,,,-393.0199247261718,,
9412,realistic,3,x0y0,utah,,,Ab,saline,,,100.0,b,-1,0.08,axon,10.7,119611.1816343016,526.7018533348855,1155.277049414839,centered,,,,none,0.0,success,105.0,0.005,,,,,,-192.11011453543145,,
9413,realistic,3,x0y0,utah,,,Ab,saline,,,100.0,b,-1,0.08,axon,10.9,122051.031049461,1097.6210766611166,-222.10888041909,centered,,,,none,0.0,success,105.0,0.005,,,,,,484.8097683323693,,
9414,realistic,3,x0y0,utah,,,Ab,saline,,,100.0,b,-1,0.08,axon,9.6,108564.09540849604,-293.96279247964515,-977.1508859232969,centered,,,,none,0.0,success,105.0,0.005,,,,,,-239.46151353961358,,
9415,realistic,3,x0y0,utah,,,Ab,saline,,,100.0,b,-1,0.08,axon,17.8,153238.02176263675,72.66149887183474,1057.3314810179577,centered,,,,none,0.0,success,105.0,0.005,,,,,,520.732286751594,,
9416,realistic,3,x0y0,utah,,,Ab,saline,,,100.0,b,-1,0.08,axon,10.1,113516.18335234586,-96.6304588130488,-1354.7458562298762,centered,,,,none,0.0,success,105.0,0.005,,,,,,-569.8688963543186,,
9417,realistic,3,x0y0,utah,,,Aa,saline,,,100.0,b,-1,0.08,axon,14.9,144327.7237410299,644.8170490989288,-941.6909071907137,centered,,,,none,0.0,success,105.0,0.005,,,,,,-664.9027220025949,,
9418,realistic,3,x0y0,utah,,,Aa,saline,,,100.0,b,-1,0.08,axon,17.2,151190.01500309928,796.1554038642081,1109.9360428902837,centered,,,,none,0.0,success,105.0,0.005,,,,,,-329.1839388207322,,
9419,realistic,3,x0y0,utah,,,Aa,saline,,,100.0,b,-1,0.08,axon,14.8,144999.31534452437,-566.27077302308,884.8055428104567,centered,,,,none,0.0,success,105.0,0.005,,,,,,376.73256512725607,,
9420,realistic,3,x0y0,utah,,,Aa,saline,,,100.0,b,-1,0.08,axon,17.1,151196.87245286588,9.920234512385377,-1297.847951519022,centered,,,,none,0.0,success,105.0,0.005,,,,,,-105.55104342033864,,
9421,realistic,3,x0y0,utah,,,Aa,saline,,,100.0,b,-1,0.08,axon,15.1,145612.03987408144,-289.13794027560743,960.6089464563008,centered,,,,none,0.0,success,105.0,0.005,,,,,,-95.81545453738704,,
9422,realistic,3,x0y0,utah,,,Aa,saline,,,100.0,b,-1,0.08,axon,13.7,140452.93859674214,248.34902057687577,775.4458251178095,centered,,,,none,0.0,success,105.0,0.005,,,,,,503.25783012776986,,
9423,realistic,3,x0y0,utah,,,Aa,saline,,,100.0,b,-1,0.08,axon,13.4,138717.33946593068,876.0310659190317,-521.4630459314303,centered,,,,none,0.0,success,105.0,0.005,,,,,,253.90571401978454,,
9424,realistic,3,x0y0,utah,,,Aa,saline,,,100.0,b,-1,0.08,axon,13.8,139743.00910945592,-388.7063218553766,-1026.0387504398925,centered,,,,none,0.0,success,105.0,0.005,,,,,,-680.5865455171967,,
9425,realistic,3,x0y0,utah,,,Aa,saline,,,100.0,b,-1,0.08,axon,15.2,146371.7923530718,-331.8082652364305,-774.1415048945192,centered,,,,none,0.0,success,105.0,0.005,,,,,,318.4117622915593,,
9426,realistic,3,x0y0,utah,,,Aa,saline,,,100.0,b,-1,0.08,axon,14.7,144342.2824917641,-400.1093416014678,-1316.3789328060948,centered,,,,none,0.0,success,105.0,0.005,,,,,,98.26085405077316,,
9427,realistic,3,x0y0,utah,,,Ab,saline,,,100.0,b,-1,0.08,axon,8.6,96582.40484220508,-469.6422071104768,-919.9550908000073,centered,,,,none,0.0,success,105.0,0.005,,,,,,-134.5737055395335,,
9428,realistic,3,x0y0,utah,,,Ab,saline,,,100.0,b,-1,0.08,axon,10.7,119519.65956892224,135.68219291295463,1007.9566163044783,centered,,,,none,0.0,success,105.0,0.005,,,,,,-283.6321799147792,,
9429,realistic,3,x0y0,utah,,,Ab,saline,,,100.0,b,-1,0.08,axon,10.0,113284.59388459363,67.35324787571426,-1053.6134245635203,centered,,,,none,0.0,success,105.0,0.005,,,,,,216.32321353801743,,
9430,realistic,3,x0y0,utah,,,Ab,saline,,,100.0,b,-1,0.08,axon,8.0,88831.16479574206,321.27262838127945,1142.2194659773222,centered,,,,none,0.0,success,105.0,0.005,,,,,,396.2041260441602,,
9431,realistic,3,x0y0,utah,,,Ab,saline,,,100.0,b,-1,0.08,axon,10.3,116036.89398047766,836.6352452288447,953.9861565171416,centered,,,,none,0.0,success,105.0,0.005,,,,,,-28.17594385178242,,
9432,realistic,3,x0y0,utah,,,Ab,saline,,,100.0,b,-1,0.08,axon,8.9,100070.39410292775,359.23868436383736,905.9180447826312,centered,,,,none,0.0,success,105.0,0.005,,,,,,-493.2919952152742,,
9433,realistic,3,x0y0,utah,,,Ab,saline,,,100.0,b,-1,0.08,axon,15.0,145206.1734015922,196.42310105156457,-1246.972910764303,centered,,,,none,0.0,success,105.0,0.005,,,,,,-148.15344109190534,,
9434,realistic,3,x0y0,utah,,,Ab,saline,,,100.0,b,-1,0.08,axon,10.0,112816.57293200947,332.43260384061983,1222.2218569020495,centered,,,,none,0.0,success,105.0,0.005,,,,,,-251.69773904612825,,
9435,realistic,3,x0y0,utah,,,Ab,saline,,,100.0,b,-1,0.08,axon,13.8,140810.7783733079,977.1819525788874,-676.8479784142178,centered,,,,none,0.0,success,105.0,0.005,,,,,,387.1827183347799,,
9436,realistic,3,x0y0,utah,,,Ab,saline,,,100.0,b,-1,0.08,axon,8.6,96359.60879440088,-517.525661952714,-806.9047015648363,centered,,,,none,0.0,success,105.0,0.005,,,,,,-357.3697533437345,,
9437,realistic,3,x0y0,utah,,,Aa,saline,,,100.0,b,-1,0.08,axon,16.3,149550.82182814775,-565.8007670296456,-758.8215155122798,centered,,,,none,0.0,success,105.0,0.005,,,,,,179.35181509200225,,
9438,realistic,3,x0y0,utah,,,Aa,saline,,,100.0,b,-1,0.08,axon,18.4,154395.1621466963,988.9596878060364,-4.008492091506014,centered,,,,49,5.295000000000128,success,66.05224609375,0.005,,,,,2176.8399863285886,639.2811766278983,988.9596878060364,-4.008492091506014
9439,realistic,3,x0y0,utah,,,Aa,saline,,,100.0,b,-1,0.08,axon,16.2,149082.19477003266,879.0864850231253,-306.7891566115459,centered,,,,50,5.24500000000012,success,58.5205078125,0.005,,,,,-21.42706947575789,-21.42706947575945,879.0864850231253,-306.7891566115459
9440,realistic,3,x0y0,utah,,,Aa,saline,,,100.0,b,-1,0.08,axon,16.6,150751.38293542323,-530.7138580495639,-685.8839028808279,centered,,,,none,0.0,success,105.0,0.005,,,,,,612.9668947234326,,
9441,realistic,3,x0y0,utah,,,Aa,saline,,,100.0,b,-1,0.08,axon,17.0,150525.59218690466,-435.4195209169862,1296.6573268217253,centered,,,,none,0.0,success,105.0,0.005,,,,,,-554.872649023726,,
9442,realistic,3,x0y0,utah,,,Aa,saline,,,100.0,b,-1,0.08,axon,14.4,142928.11120683214,621.9964319731424,740.2278612771457,centered,,,,none,0.0,success,105.0,0.005,,,,,,-127.33955776529814,,
9443,realistic,3,x0y0,utah,,,Aa,saline,,,100.0,b,-1,0.08,axon,14.0,142010.65188672568,-256.3048048584478,790.1235218681363,centered,,,,none,0.0,success,105.0,0.005,,,,,,670.251395817629,,
9444,realistic,3,x0y0,utah,,,Aa,saline,,,100.0,b,-1,0.08,axon,14.3,142923.90394266194,-358.1369152972584,807.0799752604453,centered,,,,none,0.0,success,105.0,0.005,,,,,,282.8805467919398,,
9445,realistic,3,x0y0,utah,,,Aa,saline,,,100.0,b,-1,0.08,axon,14.4,143532.95093252472,-451.6007870426584,680.1121433484068,centered,,,,none,0.0,success,105.0,0.005,,,,,,477.5001679272734,,
9446,realistic,3,x0y0,utah,,,Aa,saline,,,100.0,b,-1,0.08,axon,13.8,140120.0620772757,-520.8191059835976,834.0328857710701,centered,,,,none,0.0,success,105.0,0.005,,,,,,-303.5335776974012,,
9447,realistic,3,x0y0,utah,,,Ab,saline,,,100.0,b,-1,0.08,axon,12.7,134679.06203267144,901.8688536966116,-567.3903267888554,centered,,,,none,0.0,success,105.0,0.005,,,,,,87.05619409657723,,
9448,realistic,3,x0y0,utah,,,Ab,saline,,,100.0,b,-1,0.08,axon,8.8,98814.92397871123,403.03422846687545,839.5132334286283,centered,,,,none,0.0,success,105.0,0.005,,,,,,-487.98144193443255,,
9449,realistic,3,x0y0,utah,,,Ab,saline,,,100.0,b,-1,0.08,axon,8.7,97951.7838079244,693.4204382169678,-926.5204358840938,centered,,,,none,0.0,success,105.0,0.005,,,,,,-68.9341260162031,,
9450,realistic,3,x0y0,utah,,,Ab,saline,,,100.0,b,-1,0.08,axon,11.0,122808.85678682606,708.1895789334494,750.4127374754912,centered,,,,none,0.0,success,105.0,0.005,,,,,,386.8867104952643,,
9451,realistic,3,x0y0,utah,,,Ab,saline,,,100.0,b,-1,0.08,axon,16.3,149413.55840293935,-152.78524169796307,985.0659672122257,centered,,,,none,0.0,success,105.0,0.005,,,,,,42.08838988359315,,
9452,realistic,3,x0y0,utah,,,Ab,saline,,,100.0,b,-1,0.08,axon,9.3,105829.39228372037,-215.8117384480384,1063.7232407508134,centered,,,,none,0.0,success,105.0,0.005,,,,,,433.4730352895632,,
9453,realistic,3,x0y0,utah,,,Ab,saline,,,100.0,b,-1,0.08,axon,10.5,118042.01996892033,195.68290746337016,-809.2546031561737,centered,,,,none,0.0,success,105.0,0.005,,,,,,71.81882079078703,,
9454,realistic,3,x0y0,utah,,,Ab,saline,,,100.0,b,-1,0.08,axon,14.6,143590.08590808563,899.3154714905481,289.5360457922293,centered,,,,50,5.265000000000123,success,63.8916015625,0.005,,,,,-266.6802310461644,-266.6802310461377,899.3154714905481,289.5360457922293
9455,realistic,3,x0y0,utah,,,Ab,saline,,,100.0,b,-1,0.08,axon,8.5,95055.90946970637,170.38267683741012,-964.80863796632,centered,,,,none,0.0,success,105.0,0.005,,,,,,-335.64127368529944,,
9456,realistic,3,x0y0,utah,,,Ab,saline,,,100.0,b,-1,0.08,axon,8.2,91425.84456065099,1355.7092304001096,-83.27756724921801,centered,,,,none,0.0,success,105.0,0.005,,,,,,141.9354753065089,,
9457,realistic,3,x0y0,utah,,,Aa,saline,,,100.0,b,-1,0.08,axon,16.2,149153.1377180619,719.4715559309218,-738.8338410057468,centered,,,,none,0.0,success,105.0,0.005,,,,,,49.515878553483354,,
9458,realistic,3,x0y0,utah,,,Aa,saline,,,100.0,b,-1,0.08,axon,16.3,148741.81802100554,941.0156375826764,-169.32853829553503,centered,,,,51,5.240000000000119,success,65.61279296875,0.005,,,,,-2123.3666921807744,-629.6519920501764,941.0156375826764,-169.32853829553503
9459,realistic,3,x0y0,utah,,,Aa,saline,,,100.0,b,-1,0.08,axon,14.8,143946.01480369052,991.4578204746672,855.544260815534,centered,,,,none,0.0,success,105.0,0.005,,,,,,-676.5679757065774,,
9460,realistic,3,x0y0,utah,,,Aa,saline,,,100.0,b,-1,0.08,axon,15.0,144679.54348859738,1008.888376561747,109.77596300682717,centered,,,,50,5.260000000000122,success,76.025390625,0.005,,,,,-674.7833540867432,-674.7833540867556,1008.888376561747,109.77596300682717
9461,realistic,3,x0y0,utah,,,Aa,saline,,,100.0,b,-1,0.08,axon,15.7,147551.70185297952,211.93196315980458,-840.3811106247508,centered,,,,none,0.0,success,105.0,0.005,,,,,,-114.96923263799786,,
9462,realistic,3,x0y0,utah,,,Aa,saline,,,100.0,b,-1,0.08,axon,16.2,149371.6424649274,997.7382558076297,-744.3090719087668,centered,,,,none,0.0,success,105.0,0.005,,,,,,268.02062541897635,,
9463,realistic,3,x0y0,utah,,,Aa,saline,,,100.0,b,-1,0.08,axon,15.5,147369.59290550154,-485.2202690267336,-879.2140797269502,centered,,,,none,0.0,success,105.0,0.005,,,,,,326.010138609176,,
9464,realistic,3,x0y0,utah,,,Aa,saline,,,100.0,b,-1,0.08,axon,16.5,150247.04252757225,-449.82668166670646,1057.4352015295108,centered,,,,none,0.0,success,105.0,0.005,,,,,,358.30842468309714,,
9465,realistic,3,x0y0,utah,,,Aa,saline,,,100.0,b,-1,0.08,axon,13.9,141438.52996105514,432.90553033334936,-1088.744165398821,centered,,,,none,0.0,success,105.0,0.005,,,,,,551.4281183700731,,
9466,realistic,3,x0y0,utah,,,Aa,saline,,,100.0,b,-1,0.08,axon,14.1,141979.2775048662,-79.220201772825,-1109.041373880764,centered,,,,none,0.0,success,105.0,0.005,,,,,,195.58736058855874,,
9467,realistic,3,x0y0,utah,,,Ab,saline,,,100.0,b,-1,0.08,axon,9.1,102854.40671247867,130.76857429989786,-1291.82178842334,centered,,,,none,0.0,success,105.0,0.005,,,,,,-167.2410286527608,,
9468,realistic,3,x0y0,utah,,,Ab,saline,,,100.0,b,-1,0.08,axon,11.7,128003.80367482171,-493.8900446818384,749.9760005130374,centered,,,,none,0.0,success,105.0,0.005,,,,,,49.173352031741715,,
9469,realistic,3,x0y0,utah,,,Ab,saline,,,100.0,b,-1,0.08,axon,9.7,110024.53231283613,935.2150461575646,1019.9218993607157,centered,,,,none,0.0,success,105.0,0.005,,,,,,125.33297512090653,,
9470,realistic,3,x0y0,utah,,,Ab,saline,,,100.0,b,-1,0.08,axon,11.3,124970.86725062145,169.9408538181974,1279.7610566760761,centered,,,,none,0.0,success,105.0,0.005,,,,,,81.63483295969567,,
9471,realistic,3,x0y0,utah,,,Ab,saline,,,100.0,b,-1,0.08,axon,14.3,142269.80534947582,-54.421604747075435,1334.2300504250134,centered,,,,none,0.0,success,105.0,0.005,,,,,,-371.2180463942117,,
9472,realistic,3,x0y0,utah,,,Ab,saline,,,100.0,b,-1,0.08,axon,7.6,82647.43502781756,-266.20089470498897,1148.982715458138,centered,,,,none,0.0,success,105.0,0.005,,,,,,178.4494507264172,,
9473,realistic,3,x0y0,utah,,,Ab,saline,,,100.0,b,-1,0.08,axon,9.0,101661.32822959062,64.54615470136379,1311.5919663467105,centered,,,,none,0.0,success,105.0,0.005,,,,,,-141.88498074288813,,
9474,realistic,3,x0y0,utah,,,Ab,saline,,,100.0,b,-1,0.08,axon,11.5,126148.12800817519,-576.1359434299637,578.1651543567323,centered,,,,none,0.0,success,105.0,0.005,,,,,,-305.0385420409547,,
9475,realistic,3,x0y0,utah,,,Ab,saline,,,100.0,b,-1,0.08,axon,14.0,140917.22787056112,1249.506054111862,282.6269554208661,centered,,,,none,0.0,success,105.0,0.005,,,,,,-423.1726203469275,,
9476,realistic,3,x0y0,utah,,,Ab,saline,,,100.0,b,-1,0.08,axon,8.5,95678.9781803703,-76.61424767278871,896.246383255605,centered,,,,none,0.0,success,105.0,0.005,,,,,,287.42743697863955,,
9477,realistic,3,x0y0,utah,,,Aa,saline,,,100.0,b,-1,0.08,axon,15.6,147184.0737770648,1058.308872713762,636.4396046444194,centered,,,,none,0.0,success,105.0,0.005,,,,,,-174.653499312999,,
9478,realistic,3,x0y0,utah,,,Aa,saline,,,100.0,b,-1,0.08,axon,16.3,149556.69824322851,-512.5787398946559,1047.081875860776,centered,,,,none,0.0,success,105.0,0.005,,,,,,185.22823017276596,,
9479,realistic,3,x0y0,utah,,,Aa,saline,,,100.0,b,-1,0.08,axon,15.7,148342.69762539302,1079.6879142144544,-613.4761037130261,centered,,,,none,0.0,success,105.0,0.005,,,,,,676.0265397755136,,
9480,realistic,3,x0y0,utah,,,Aa,saline,,,100.0,b,-1,0.08,axon,15.2,146060.36020157722,196.0344748551392,938.4478857382808,centered,,,,none,0.0,success,105.0,0.005,,,,,,6.979610796989366,,
9481,realistic,3,x0y0,utah,,,Aa,saline,,,100.0,b,-1,0.08,axon,12.3,132504.71504036462,-648.1287449056535,819.2259245556908,centered,,,,none,0.0,success,105.0,0.005,,,,,,401.26876840833313,,
9482,realistic,3,x0y0,utah,,,Aa,saline,,,100.0,b,-1,0.08,axon,14.9,145704.99858982096,23.95919842183321,1040.8331341915073,centered,,,,none,0.0,success,105.0,0.005,,,,,,712.3721267884572,,
9483,realistic,3,x0y0,utah,,,Aa,saline,,,100.0,b,-1,0.08,axon,14.9,144287.6622632387,1153.5373716785907,-675.2123393063248,centered,,,,none,0.0,success,105.0,0.005,,,,,,-704.9641997938081,,
9484,realistic,3,x0y0,utah,,,Aa,saline,,,100.0,b,-1,0.08,axon,14.8,144082.6735895524,197.10397501545282,799.431393154833,centered,,,,none,0.0,success,105.0,0.005,,,,,,-539.9091898446744,,
9485,realistic,3,x0y0,utah,,,Aa,saline,,,100.0,b,-1,0.08,axon,18.1,153569.09546548792,-488.4701239265646,1148.5395661755485,centered,,,,none,0.0,success,105.0,0.005,,,,,,313.91428000684346,,
9486,realistic,3,x0y0,utah,,,Aa,saline,,,100.0,b,-1,0.08,axon,13.3,138123.20598891223,835.9826879380953,115.46280171121631,centered,,,,49,5.190000000000111,success,33.978271484375,0.005,,,,,1556.842852742353,177.38463924572827,835.9826879380953,115.46280171121631
9487,realistic,3,x0y0,utah,,,Ab,saline,,,100.0,b,-1,0.08,axon,9.8,110622.03177565936,-683.0828779619777,-737.7515106618057,centered,,,,none,0.0,success,105.0,0.005,,,,,,-353.02745517531883,,
9488,realistic,3,x0y0,utah,,,Ab,saline,,,100.0,b,-1,0.08,axon,9.8,110790.80729188732,853.780705180232,697.4817941594588,centered,,,,none,0.0,success,105.0,0.005,,,,,,-184.25193894736282,,
9489,realistic,3,x0y0,utah,,,Ab,saline,,,100.0,b,-1,0.08,axon,12.8,134894.00759954937,676.7856360006185,-708.2780541123511,centered,,,,none,0.0,success,105.0,0.005,,,,,,-287.61048298661547,,
9490,realistic,3,x0y0,utah,,,Ab,saline,,,100.0,b,-1,0.08,axon,10.0,112599.53422073186,716.9169252279653,550.8290354063138,centered,,,,none,0.0,success,105.0,0.005,,,,,,-468.7364503237485,,
9491,realistic,3,x0y0,utah,,,Ab,saline,,,100.0,b,-1,0.08,axon,10.3,116640.29226477053,1185.7392590785612,-198.60363145397102,centered,,,,none,0.0,success,105.0,0.005,,,,,,575.2223404411018,,
9492,realistic,3,x0y0,utah,,,Ab,saline,,,100.0,b,-1,0.08,axon,12.4,132752.32683385847,-690.1672184854287,927.5160841999284,centered,,,,none,0.0,success,105.0,0.005,,,,,,6.763249651448658,,
9493,realistic,3,x0y0,utah,,,Ab,saline,,,100.0,b,-1,0.08,axon,8.7,97563.50258318007,819.5845439226341,-1032.5678640312433,centered,,,,none,0.0,success,105.0,0.005,,,,,,-457.21535076051896,,
9494,realistic,3,x0y0,utah,,,Ab,saline,,,100.0,b,-1,0.08,axon,12.0,129993.72896608144,875.6307560131381,313.29442308963417,centered,,,,50,5.2350000000001184,success,67.95654296875,0.005,,,,,-100.184327353767,-100.18432735374876,875.6307560131381,313.29442308963417
9495,realistic,3,x0y0,utah,,,Ab,saline,,,100.0,b,-1,0.08,axon,11.0,123019.16199409936,1281.0926259531059,185.4135495244709,centered,,,,none,0.0,success,105.0,0.005,,,,,,597.1919177685808,,
9496,realistic,3,x0y0,utah,,,Ab,saline,,,100.0,b,-1,0.08,axon,9.2,104649.06557918685,182.21541720250568,1100.3698962099925,centered,,,,none,0.0,success,105.0,0.005,,,,,,429.9075732980549,,
9497,realistic,3,x0y0,utah,,,Aa,saline,,,100.0,b,-1,0.08,axon,16.0,148035.64993819446,877.6427582473724,757.942770246651,centered,,,,none,0.0,success,105.0,0.005,,,,,,-513.1593389627037,,
9498,realistic,3,x0y0,utah,,,Aa,saline,,,100.0,b,-1,0.08,axon,14.0,141332.34658231167,-203.19084727450988,-1039.0127449557804,centered,,,,none,0.0,success,105.0,0.005,,,,,,-8.053908596363122,,
9499,realistic,3,x0y0,utah,,,Aa,saline,,,100.0,b,-1,0.08,axon,13.3,138248.23710676678,1284.2852847739605,-177.3685945043621,centered,,,,none,0.0,success,105.0,0.005,,,,,,302.41575710025575,,
9500,realistic,3,x0y0,utah,,,Aa,saline,,,100.0,b,-1,0.08,axon,15.8,148303.57189549966,-615.0989376543653,1149.4402864205658,centered,,,,none,0.0,success,105.0,0.005,,,,,,336.00527751727014,,
9501,realistic,3,x0y0,utah,,,Aa,saline,,,100.0,b,-1,0.08,axon,16.5,150159.5510178833,1008.4385132723096,677.6527069724698,centered,,,,none,0.0,success,105.0,0.005,,,,,,270.81691499409226,,
9502,realistic,3,x0y0,utah,,,Aa,saline,,,100.0,b,-1,0.08,axon,17.1,151391.20629366947,-239.47839482883137,959.7958812638237,centered,,,,none,0.0,success,105.0,0.005,,,,,,88.78279738326813,,
9503,realistic,3,x0y0,utah,,,Aa,saline,,,100.0,b,-1,0.08,axon,12.3,132087.79948496734,-481.3473525014005,1047.8164849615223,centered,,,,none,0.0,success,105.0,0.005,,,,,,-15.646786988924324,,
9504,realistic,3,x0y0,utah,,,Aa,saline,,,100.0,b,-1,0.08,axon,15.3,146998.47784618972,989.1636838526384,307.02142074002035,centered,,,,49,5.275000000000125,success,89.044189453125,0.005,,,,,2071.319967222691,607.4092815765378,989.1636838526384,307.02142074002035
9505,realistic,3,x0y0,utah,,,Aa,saline,,,100.0,b,-1,0.08,axon,13.8,140106.64095760512,602.3107398828056,-846.5805608958713,centered,,,,none,0.0,success,105.0,0.005,,,,,,-316.9546973680009,,
9506,realistic,3,x0y0,utah,,,Aa,saline,,,100.0,b,-1,0.08,axon,13.7,140424.4788782672,184.33479848770543,-1216.765666183759,centered,,,,none,0.0,success,105.0,0.005,,,,,,474.79811165284514,,
9507,realistic,3,x0y0,utah,,,Ab,saline,,,100.0,b,-1,0.08,axon,10.0,112685.0949364474,1120.3385121481297,-116.85206080410852,centered,,,,none,0.0,success,105.0,0.005,,,,,,-383.17573460820734,,
9508,realistic,3,x0y0,utah,,,Ab,saline,,,100.0,b,-1,0.08,axon,8.2,91316.25739797774,980.368617569974,-380.9872723757567,centered,,,,none,0.0,success,105.0,0.005,,,,,,32.348312633259695,,
9509,realistic,3,x0y0,utah,,,Ab,saline,,,100.0,b,-1,0.08,axon,9.7,109931.8584823018,64.82516557286364,1233.5844398382887,centered,,,,none,0.0,success,105.0,0.005,,,,,,32.65914458658142,,
9510,realistic,3,x0y0,utah,,,Ab,saline,,,100.0,b,-1,0.08,axon,10.7,120359.56726037116,-390.2646053149274,778.7394099064751,centered,,,,none,0.0,success,105.0,0.005,,,,,,556.2755115341242,,
9511,realistic,3,x0y0,utah,,,Ab,saline,,,100.0,b,-1,0.08,axon,8.6,97007.92202443712,486.5321803801666,857.4496144048628,centered,,,,none,0.0,success,105.0,0.005,,,,,,290.9434766924928,,
9512,realistic,3,x0y0,utah,,,Ab,saline,,,100.0,b,-1,0.08,axon,8.6,96407.74464041337,-202.8945177316523,1074.2165284016342,centered,,,,none,0.0,success,105.0,0.005,,,,,,-309.23390733126064,,
9513,realistic,3,x0y0,utah,,,Ab,saline,,,100.0,b,-1,0.08,axon,13.5,139395.86274231458,231.8697342624828,833.6916481612161,centered,,,,none,0.0,success,105.0,0.005,,,,,,426.0553820641264,,
9514,realistic,3,x0y0,utah,,,Ab,saline,,,100.0,b,-1,0.08,axon,8.0,88016.42194053535,-639.2366033461976,-495.6290896446772,centered,,,,none,0.0,success,105.0,0.005,,,,,,-418.53872916257063,,
9515,realistic,3,x0y0,utah,,,Ab,saline,,,100.0,b,-1,0.08,axon,7.9,86583.89409783403,918.70261552895,-850.6397216935002,centered,,,,none,0.0,success,105.0,0.005,,,,,,-393.17482540078316,,
9516,realistic,3,x0y0,utah,,,Ab,saline,,,100.0,b,-1,0.08,axon,9.0,101769.35476221105,508.83667934992724,852.2612247726611,centered,,,,none,0.0,success,105.0,0.005,,,,,,-33.8584481224553,,
9517,realistic,3,x0y0,utah,,,Aa,saline,,,100.0,b,-1,0.08,axon,14.1,141943.64049707365,-312.97716318010134,1345.097111407872,centered,,,,none,0.0,success,105.0,0.005,,,,,,159.9503527960219,,
9518,realistic,3,x0y0,utah,,,Aa,saline,,,100.0,b,-1,0.08,axon,14.3,142970.54006108208,1384.9007578683054,110.2882113104738,centered,,,,none,0.0,success,105.0,0.005,,,,,,329.51666521206164,,
9519,realistic,3,x0y0,utah,,,Aa,saline,,,100.0,b,-1,0.08,axon,13.7,139706.57141712733,-398.8967696947602,1253.8547409137554,centered,,,,none,0.0,success,105.0,0.005,,,,,,-243.10934948702555,,
9520,realistic,3,x0y0,utah,,,Aa,saline,,,100.0,b,-1,0.08,axon,14.4,142820.73705174358,-29.948334114781122,-1148.3434591935966,centered,,,,none,0.0,success,105.0,0.005,,,,,,-234.71371285384967,,
9521,realistic,3,x0y0,utah,,,Aa,saline,,,100.0,b,-1,0.08,axon,12.6,133924.9496512172,473.51738668136284,-1249.3715234315755,centered,,,,none,0.0,success,105.0,0.005,,,,,,-64.66242105774201,,
9522,realistic,3,x0y0,utah,,,Aa,saline,,,100.0,b,-1,0.08,axon,15.3,147108.20757739735,716.7271182774016,-836.4242832851725,centered,,,,none,0.0,success,105.0,0.005,,,,,,717.1390127841637,,
9523,realistic,3,x0y0,utah,,,Aa,saline,,,100.0,b,-1,0.08,axon,14.9,145252.28219027605,-680.9828565334033,-502.03563104815015,centered,,,,none,0.0,success,105.0,0.005,,,,,,259.65572724353257,,
9524,realistic,3,x0y0,utah,,,Aa,saline,,,100.0,b,-1,0.08,axon,18.0,153295.36886971767,1041.3627960810543,152.43440491517322,centered,,,,49,5.250000000000121,success,68.890380859375,0.005,,,,,1746.0268929210142,215.2254588119673,1041.3627960810543,152.43440491517322
9525,realistic,3,x0y0,utah,,,Aa,saline,,,100.0,b,-1,0.08,axon,14.5,143594.07811530074,-545.9255029740049,774.4504514253273,centered,,,,none,0.0,success,105.0,0.005,,,,,,133.44147363856112,,
9526,realistic,3,x0y0,utah,,,Aa,saline,,,100.0,b,-1,0.08,axon,14.1,141810.4472589049,-535.973406529512,701.1580430960921,centered,,,,none,0.0,success,105.0,0.005,,,,,,26.75711462728306,,
9527,realistic,3,x0y0,utah,,,Ab,saline,,,100.0,b,-1,0.08,axon,11.4,126093.30236582045,453.2736555446445,-1245.543831974848,centered,,,,none,0.0,success,105.0,0.005,,,,,,414.1732527146106,,
9528,realistic,3,x0y0,utah,,,Ab,saline,,,100.0,b,-1,0.08,axon,9.2,103951.59094416848,618.0325600949436,-607.3390270010808,centered,,,,none,0.0,success,105.0,0.005,,,,,,-267.5670617203359,,
9529,realistic,3,x0y0,utah,,,Ab,saline,,,100.0,b,-1,0.08,axon,7.6,82637.9347899689,247.1604317428014,1050.3574890362288,centered,,,,none,0.0,success,105.0,0.005,,,,,,168.94921287775855,,
9530,realistic,3,x0y0,utah,,,Ab,saline,,,100.0,b,-1,0.08,axon,11.0,121850.87730039428,1243.6515498990648,114.65273420048379,centered,,,,none,0.0,success,105.0,0.005,,,,,,-571.0927759364904,,
9531,realistic,3,x0y0,utah,,,Ab,saline,,,100.0,b,-1,0.08,axon,8.6,96599.38807132303,-506.8193332609294,-1093.0131157106953,centered,,,,none,0.0,success,105.0,0.005,,,,,,-117.59047642160006,,
9532,realistic,3,x0y0,utah,,,Ab,saline,,,100.0,b,-1,0.08,axon,9.3,105612.24921895466,584.6425080699311,-685.2625631351248,centered,,,,none,0.0,success,105.0,0.005,,,,,,216.32997052389302,,
9533,realistic,3,x0y0,utah,,,Ab,saline,,,100.0,b,-1,0.08,axon,7.6,82656.8944238046,353.1500455413302,876.8875621939693,centered,,,,none,0.0,success,105.0,0.005,,,,,,187.90884671345847,,
9534,realistic,3,x0y0,utah,,,Ab,saline,,,100.0,b,-1,0.08,axon,9.5,107576.73710315338,-490.2693405584249,-1051.84202646709,centered,,,,none,0.0,success,105.0,0.005,,,,,,-111.19080715421057,,
9535,realistic,3,x0y0,utah,,,Ab,saline,,,100.0,b,-1,0.08,axon,13.6,139308.69199067145,-529.6462383152434,-1021.8575405630513,centered,,,,none,0.0,success,105.0,0.005,,,,,,-156.46144179453017,,
9536,realistic,3,x0y0,utah,,,Ab,saline,,,100.0,b,-1,0.08,axon,7.8,85167.93411413349,-56.65094471372913,-1193.1015470960901,centered,,,,none,0.0,success,105.0,0.005,,,,,,-328.87472055001604,,
9537,realistic,3,x0y0,utah,,,Aa,saline,,,100.0,b,-1,0.08,axon,15.6,147747.74688428116,670.1837193025946,-776.8099591673545,centered,,,,none,0.0,success,105.0,0.005,,,,,,389.0196079033648,,
9538,realistic,3,x0y0,utah,,,Aa,saline,,,100.0,b,-1,0.08,axon,17.5,151895.41636240986,-547.679870773809,717.1916953182042,centered,,,,none,0.0,success,105.0,0.005,,,,,,-244.1487534132694,,
9539,realistic,3,x0y0,utah,,,Aa,saline,,,100.0,b,-1,0.08,axon,19.1,154548.5546405024,320.127727078353,1308.456921310275,centered,,,,none,0.0,success,105.0,0.005,,,,,,-244.63658779502387,,
9540,realistic,3,x0y0,utah,,,Aa,saline,,,100.0,b,-1,0.08,axon,13.3,137561.6210633193,673.7079045666678,-887.0961746108617,centered,,,,none,0.0,success,105.0,0.005,,,,,,-384.20028634723093,,
9541,realistic,3,x0y0,utah,,,Aa,saline,,,100.0,b,-1,0.08,axon,14.4,142996.33611849984,1228.6567643815042,-543.8200150035836,centered,,,,none,0.0,success,105.0,0.005,,,,,,-59.1146460975685,,
9542,realistic,3,x0y0,utah,,,Aa,saline,,,100.0,b,-1,0.08,axon,13.3,137278.17152537426,1105.9802438113802,552.6876156656331,centered,,,,none,0.0,success,105.0,0.005,,,,,,-667.6498242923093,,
9543,realistic,3,x0y0,utah,,,Aa,saline,,,100.0,b,-1,0.08,axon,16.9,150540.21056442393,534.9017423796314,-782.0719506109442,centered,,,,none,0.0,success,105.0,0.005,,,,,,-312.9950525989758,,
9544,realistic,3,x0y0,utah,,,Aa,saline,,,100.0,b,-1,0.08,axon,17.6,151782.4392298612,1291.8872298729002,-129.59845392119905,centered,,,,none,0.0,success,105.0,0.005,,,,,,-554.2963767278395,,
9545,realistic,3,x0y0,utah,,,Aa,saline,,,100.0,b,-1,0.08,axon,14.8,144532.94857178212,237.40229326105737,-854.0334965764822,centered,,,,none,0.0,success,105.0,0.005,,,,,,-89.63420761496228,,
9546,realistic,3,x0y0,utah,,,Aa,saline,,,100.0,b,-1,0.08,axon,17.9,153000.8558683418,908.2564950823587,-270.2498868923899,centered,,,,49,5.240000000000119,success,56.201171875,0.005,,,,,1628.9858907749876,99.97710312278706,908.2564950823587,-270.2498868923899
9547,realistic,3,x0y0,utah,,,Ab,saline,,,100.0,b,-1,0.08,axon,13.6,139724.2246120366,-520.8186188263106,895.9361026782718,centered,,,,none,0.0,success,105.0,0.005,,,,,,259.0711795706182,,
9548,realistic,3,x0y0,utah,,,Ab,saline,,,100.0,b,-1,0.08,axon,10.3,116228.95915006778,852.6260174181875,621.5049693600686,centered,,,,none,0.0,success,105.0,0.005,,,,,,163.88922573835995,,
9549,realistic,3,x0y0,utah,,,Ab,saline,,,100.0,b,-1,0.08,axon,9.7,110196.84415717363,-323.8287765881346,-1317.779958375362,centered,,,,none,0.0,success,105.0,0.005,,,,,,297.6448194584256,,
9550,realistic,3,x0y0,utah,,,Ab,saline,,,100.0,b,-1,0.08,axon,7.6,82519.84812502231,468.4103006198884,696.0278576833261,centered,,,,none,0.0,success,105.0,0.005,,,,,,50.862547931178895,,
9551,realistic,3,x0y0,utah,,,Ab,saline,,,100.0,b,-1,0.08,axon,15.1,146393.24184946838,937.0426259730847,700.4969863632033,centered,,,,none,0.0,success,105.0,0.005,,,,,,685.386520849533,,
9552,realistic,3,x0y0,utah,,,Ab,saline,,,100.0,b,-1,0.08,axon,16.6,149687.3487639607,-207.8382203389369,-843.2283358791724,centered,,,,none,0.0,success,105.0,0.005,,,,,,-451.0672767391071,,
9553,realistic,3,x0y0,utah,,,Ab,saline,,,100.0,b,-1,0.08,axon,8.0,88493.22034204652,983.4388532528363,40.33261362281746,centered,,,,50,5.265000000000123,success,80.89599609375,0.005,,,,,58.25967234860582,58.25967234859874,983.4388532528363,40.33261362281746
9554,realistic,3,x0y0,utah,,,Ab,saline,,,100.0,b,-1,0.08,axon,9.0,101592.68668889519,-82.22899611052753,855.2897543904128,centered,,,,none,0.0,success,105.0,0.005,,,,,,-210.52652143833245,,
9555,realistic,3,x0y0,utah,,,Ab,saline,,,100.0,b,-1,0.08,axon,13.0,136681.4104180418,-504.3234283171937,657.0984233827221,centered,,,,none,0.0,success,105.0,0.005,,,,,,358.0074063056336,,
9556,realistic,3,x0y0,utah,,,Ab,saline,,,100.0,b,-1,0.08,axon,9.9,111979.48606297461,906.1916404451326,402.0248146741802,centered,,,,50,5.2800000000001255,success,105.0,0.005,,,,,-51.85926764269243,-51.85926764268524,906.1916404451326,402.0248146741802
9557,realistic,3,x0y0,utah,,,Aa,saline,,,100.0,b,-1,0.08,axon,12.3,132164.88430190086,-197.01824426656552,-928.1119616489427,centered,,,,none,0.0,success,105.0,0.005,,,,,,61.43802994460615,,
9558,realistic,3,x0y0,utah,,,Aa,saline,,,100.0,b,-1,0.08,axon,17.5,152611.06584246867,39.62016090198768,-1105.874386788947,centered,,,,none,0.0,success,105.0,0.005,,,,,,471.5007266455765,,
9559,realistic,3,x0y0,utah,,,Aa,saline,,,100.0,b,-1,0.08,axon,17.1,151086.53412928787,-324.3329003114877,1047.4890393058577,centered,,,,none,0.0,success,105.0,0.005,,,,,,-215.88936699832726,,
9560,realistic,3,x0y0,utah,,,Aa,saline,,,100.0,b,-1,0.08,axon,16.4,150128.1259447037,1187.3591079589642,254.034553359983,centered,,,,none,0.0,success,105.0,0.005,,,,,,494.99659745690377,,
9561,realistic,3,x0y0,utah,,,Aa,saline,,,100.0,b,-1,0.08,axon,15.6,146848.13202617245,-634.2325316059341,1211.1480645964275,centered,,,,none,0.0,success,105.0,0.005,,,,,,-510.5952502053341,,
9562,realistic,3,x0y0,utah,,,Aa,saline,,,100.0,b,-1,0.08,axon,16.9,150252.67625510122,291.60063630421473,755.6741544709457,centered,,,,none,0.0,success,105.0,0.005,,,,,,-600.5293619217131,,
9563,realistic,3,x0y0,utah,,,Aa,saline,,,100.0,b,-1,0.08,axon,13.8,139806.95695563866,762.9488448803937,721.8209719373607,centered,,,,none,0.0,success,105.0,0.005,,,,,,-616.6386993344862,,
9564,realistic,3,x0y0,utah,,,Aa,saline,,,100.0,b,-1,0.08,axon,13.7,139999.24163681074,7.285642661451675,-1216.877227391732,centered,,,,none,0.0,success,105.0,0.005,,,,,,49.560870196381465,,
9565,realistic,3,x0y0,utah,,,Aa,saline,,,100.0,b,-1,0.08,axon,15.8,147383.74941959616,-105.14710424274745,1015.1456448157868,centered,,,,none,0.0,success,105.0,0.005,,,,,,-583.817198386186,,
9566,realistic,3,x0y0,utah,,,Aa,saline,,,100.0,b,-1,0.08,axon,19.5,155816.31065487888,1334.9291385718245,-138.1210849323943,centered,,,,none,0.0,success,105.0,0.005,,,,,,504.26820582435965,,
9567,realistic,3,x0y0,utah,,,Ab,saline,,,100.0,b,-1,0.08,axon,11.0,122614.8464652234,1340.9368903212653,-46.56995743867356,centered,,,,none,0.0,success,105.0,0.005,,,,,,192.87638889264198,,
9568,realistic,3,x0y0,utah,,,Ab,saline,,,100.0,b,-1,0.08,axon,12.6,133814.386108393,154.41864929164967,-857.4095106371688,centered,,,,none,0.0,success,105.0,0.005,,,,,,-175.22596388192343,,
9569,realistic,3,x0y0,utah,,,Ab,saline,,,100.0,b,-1,0.08,axon,16.2,149698.33947595028,1228.8783552519176,624.2765290473263,centered,,,,none,0.0,success,105.0,0.005,,,,,,594.7176364419024,,
9570,realistic,3,x0y0,utah,,,Ab,saline,,,100.0,b,-1,0.08,axon,7.6,82156.97871280761,-365.82677548892525,-988.8560180854892,centered,,,,none,0.0,success,105.0,0.005,,,,,,-312.0068642835264,,
9571,realistic,3,x0y0,utah,,,Ab,saline,,,100.0,b,-1,0.08,axon,7.6,82538.29246678465,478.9860797169831,966.5146933290672,centered,,,,none,0.0,success,105.0,0.005,,,,,,69.3068896935209,,
9572,realistic,3,x0y0,utah,,,Ab,saline,,,100.0,b,-1,0.08,axon,9.8,111305.99295769482,176.21496043759768,-1005.1910703173947,centered,,,,none,0.0,success,105.0,0.005,,,,,,330.9337268601381,,
9573,realistic,3,x0y0,utah,,,Ab,saline,,,100.0,b,-1,0.08,axon,11.7,128461.51922237336,133.6329821013878,967.1551008851857,centered,,,,none,0.0,success,105.0,0.005,,,,,,506.88889958336665,,
9574,realistic,3,x0y0,utah,,,Ab,saline,,,100.0,b,-1,0.08,axon,8.5,95847.37469432084,-630.5101277920297,1118.633278516705,centered,,,,none,0.0,success,105.0,0.005,,,,,,455.82395092918864,,
9575,realistic,3,x0y0,utah,,,Ab,saline,,,100.0,b,-1,0.08,axon,10.0,113399.48705832,82.40960404778434,-950.6376142981244,centered,,,,none,0.0,success,105.0,0.005,,,,,,331.21638726441984,,
9576,realistic,3,x0y0,utah,,,Ab,saline,,,100.0,b,-1,0.08,axon,9.5,108156.05280817431,620.5259746566658,1067.7484697022978,centered,,,,none,0.0,success,105.0,0.005,,,,,,468.1248978667272,,
9577,realistic,3,x0y0,utah,,,Aa,saline,,,100.0,b,-1,0.08,axon,13.6,139221.90648465714,1024.4789869147362,313.2049922989677,centered,,,,51,5.2800000000001255,success,92.9443359375,0.005,,,,,-1637.8984821334889,-243.24694780878917,1024.4789869147362,313.2049922989677
9578,realistic,3,x0y0,utah,,,Aa,saline,,,100.0,b,-1,0.08,axon,15.0,145808.16063886616,163.52952598481582,807.7827788526079,centered,,,,none,0.0,success,105.0,0.005,,,,,,453.83379618202287,,
9579,realistic,3,x0y0,utah,,,Aa,saline,,,100.0,b,-1,0.08,axon,14.5,142894.93702083325,-101.30495596661058,-821.3035210227399,centered,,,,none,0.0,success,105.0,0.005,,,,,,-565.6996208289448,,
9580,realistic,3,x0y0,utah,,,Aa,saline,,,100.0,b,-1,0.08,axon,14.9,145489.67061098508,23.107087176323148,-986.118448357298,centered,,,,none,0.0,success,105.0,0.005,,,,,,497.04414795258873,,
9581,realistic,3,x0y0,utah,,,Aa,saline,,,100.0,b,-1,0.08,axon,15.4,146175.70550656458,-319.7402961829985,-1191.0018963383945,centered,,,,none,0.0,success,105.0,0.005,,,,,,-545.376952537033,,
9582,realistic,3,x0y0,utah,,,Aa,saline,,,100.0,b,-1,0.08,axon,17.6,152045.96793756142,-574.6038289896203,777.7239128920646,centered,,,,none,0.0,success,105.0,0.005,,,,,,-290.7676690276041,,
9583,realistic,3,x0y0,utah,,,Aa,saline,,,100.0,b,-1,0.08,axon,16.2,149310.9166077278,599.3977294229971,-819.9096751818929,centered,,,,none,0.0,success,105.0,0.005,,,,,,207.29476821938485,,
9584,realistic,3,x0y0,utah,,,Aa,saline,,,100.0,b,-1,0.08,axon,16.5,149244.87454853038,-408.36162316203536,-735.4741117702615,centered,,,,none,0.0,success,105.0,0.005,,,,,,-643.8595543588146,,
9585,realistic,3,x0y0,utah,,,Aa,saline,,,100.0,b,-1,0.08,axon,15.9,148480.34469781266,55.042813670712796,1216.1333707536232,centered,,,,none,0.0,success,105.0,0.005,,,,,,218.78105840358657,,
9586,realistic,3,x0y0,utah,,,Aa,saline,,,100.0,b,-1,0.08,axon,16.0,148411.60566770815,746.9952732956795,-399.02270373221705,centered,,,,51,5.230000000000118,success,62.40234375,0.005,,,,,-1622.6917022205307,-137.20360944897243,746.9952732956795,-399.02270373221705
9587,realistic,3,x0y0,utah,,,Ab,saline,,,100.0,b,-1,0.08,axon,13.9,140206.81139174392,989.0955396683968,-442.6512882585771,centered,,,,none,0.0,success,105.0,0.005,,,,,,-680.290450941179,,
9588,realistic,3,x0y0,utah,,,Ab,saline,,,100.0,b,-1,0.08,axon,9.0,101693.66642195413,723.8022849432054,1170.3214020260339,centered,,,,none,0.0,success,105.0,0.005,,,,,,-109.54678837939693,,
9589,realistic,3,x0y0,utah,,,Ab,saline,,,100.0,b,-1,0.08,axon,15.5,147714.62195311656,1011.2606060293848,-180.78755722381308,centered,,,,49,5.255000000000122,success,80.45654296875,0.005,,,,,2141.4750138931267,671.039186224202,1011.2606060293848,-180.78755722381308
9590,realistic,3,x0y0,utah,,,Ab,saline,,,100.0,b,-1,0.08,axon,15.3,147051.01536589745,196.68178443746086,-788.1120360628247,centered,,,,none,0.0,success,105.0,0.005,,,,,,659.9468012842732,,
9591,realistic,3,x0y0,utah,,,Ab,saline,,,100.0,b,-1,0.08,axon,8.4,94139.30596008037,501.674060555752,816.2965275518167,centered,,,,none,0.0,success,105.0,0.005,,,,,,94.99896452628849,,
9592,realistic,3,x0y0,utah,,,Ab,saline,,,100.0,b,-1,0.08,axon,9.0,101547.95466041019,871.0882155759255,20.682523366069287,centered,,,,51,5.2100000000001145,success,45.59326171875,0.005,,,,,-1273.2906820266653,-255.25854992332168,871.0882155759255,20.682523366069287
9593,realistic,3,x0y0,utah,,,Ab,saline,,,100.0,b,-1,0.08,axon,7.9,87322.38586575782,850.4609235632956,-240.3071327832381,centered,,,,49,5.24500000000012,success,77.2705078125,0.005,,,,,1215.087631755363,345.31694252300866,850.4609235632956,-240.3071327832381
9594,realistic,3,x0y0,utah,,,Ab,saline,,,100.0,b,-1,0.08,axon,8.3,92420.44197679142,876.3463240528013,-357.61903285032724,centered,,,,none,0.0,success,105.0,0.005,,,,,,-254.6872201694506,,
9595,realistic,3,x0y0,utah,,,Ab,saline,,,100.0,b,-1,0.08,axon,11.0,122920.74035765244,877.6515063249371,-455.18438387068494,centered,,,,none,0.0,success,105.0,0.005,,,,,,498.7702813216804,,
9596,realistic,3,x0y0,utah,,,Ab,saline,,,100.0,b,-1,0.08,axon,9.8,111402.7024329964,305.30451886437413,1078.942292606077,centered,,,,none,0.0,success,105.0,0.005,,,,,,427.64320216172905,,
9597,realistic,3,x0y0,utah,,,Aa,saline,,,100.0,b,-1,0.08,axon,15.2,145934.24682364773,853.3260778040735,147.10352789320225,centered,,,,50,5.200000000000113,success,36.907958984375,0.005,,,,,-119.13376713250182,-119.13376713250824,853.3260778040735,147.10352789320225
9598,realistic,3,x0y0,utah,,,Aa,saline,,,100.0,b,-1,0.08,axon,13.4,137984.90015628733,1018.3433749405217,-490.9119448704819,centered,,,,none,0.0,success,105.0,0.005,,,,,,-478.5335956235712,,
9599,realistic,3,x0y0,utah,,,Aa,saline,,,100.0,b,-1,0.08,axon,13.3,138493.47145743918,137.2017021350298,-912.972524384094,centered,,,,none,0.0,success,105.0,0.005,,,,,,547.6501077726525,,
9600,realistic,3,x0y0,utah,,,Aa,saline,,,100.0,b,-1,0.08,axon,17.9,152675.74351123738,-342.83245729822653,-1029.4319109036348,centered,,,,none,0.0,success,105.0,0.005,,,,,,-225.13525398162983,,
9601,realistic,3,x0y0,utah,,,Aa,saline,,,100.0,b,-1,0.08,axon,15.4,146152.82974569194,-373.4898251940231,-728.5246986501926,centered,,,,none,0.0,success,105.0,0.005,,,,,,-568.2527134096542,,
9602,realistic,3,x0y0,utah,,,Aa,saline,,,100.0,b,-1,0.08,axon,16.9,151178.6003948332,-658.2929419043178,-1143.1804836698095,centered,,,,none,0.0,success,105.0,0.005,,,,,,325.39477781027017,,
9603,realistic,3,x0y0,utah,,,Aa,saline,,,100.0,b,-1,0.08,axon,16.7,151004.77775885785,413.3557109782873,979.2095594043512,centered,,,,none,0.0,success,105.0,0.005,,,,,,622.4733109507807,,
9604,realistic,3,x0y0,utah,,,Aa,saline,,,100.0,b,-1,0.08,axon,19.5,155436.57295397218,685.9719991176216,-597.3877538948564,centered,,,,49,5.31000000000013,success,95.361328125,0.005,,,,,1677.6509294082061,124.53050491767448,685.9719991176216,-597.3877538948564
9605,realistic,3,x0y0,utah,,,Aa,saline,,,100.0,b,-1,0.08,axon,16.0,148572.80473448054,51.85600166156746,-914.4141418857726,centered,,,,none,0.0,success,105.0,0.005,,,,,,23.995457323447873,,
9606,realistic,3,x0y0,utah,,,Aa,saline,,,100.0,b,-1,0.08,axon,14.9,144790.42436156134,649.6168086084872,774.3385345046531,centered,,,,none,0.0,success,105.0,0.005,,,,,,-202.20210147117626,,
9607,realistic,3,x0y0,utah,,,Ab,saline,,,100.0,b,-1,0.08,axon,11.1,123511.61436155534,350.08827983891206,970.1617305734593,centered,,,,none,0.0,success,105.0,0.005,,,,,,250.72003358678631,,
9608,realistic,3,x0y0,utah,,,Ab,saline,,,100.0,b,-1,0.08,axon,9.2,103732.38527680916,-149.12220164091968,-1242.8869884063247,centered,,,,none,0.0,success,105.0,0.005,,,,,,-486.7727290796449,,
9609,realistic,3,x0y0,utah,,,Ab,saline,,,100.0,b,-1,0.08,axon,8.1,89555.3904333016,-464.89475032339175,830.70767663551,centered,,,,none,0.0,success,105.0,0.005,,,,,,-315.1582384987741,,
9610,realistic,3,x0y0,utah,,,Ab,saline,,,100.0,b,-1,0.08,axon,8.2,90892.27574413057,921.7955643296857,-233.60961272893928,centered,,,,50,5.285000000000126,success,91.845703125,0.005,,,,,-391.63334121390653,-391.63334121391205,921.7955643296857,-233.60961272893928
9611,realistic,3,x0y0,utah,,,Ab,saline,,,100.0,b,-1,0.08,axon,10.7,120348.26238859346,670.6677919164068,-975.3544557109726,centered,,,,none,0.0,success,105.0,0.005,,,,,,544.9706397564138,,
9612,realistic,3,x0y0,utah,,,Ab,saline,,,100.0,b,-1,0.08,axon,13.6,139177.33445956165,587.5399624575402,1004.8514958162152,centered,,,,none,0.0,success,105.0,0.005,,,,,,-287.8189729043092,,
9613,realistic,3,x0y0,utah,,,Ab,saline,,,100.0,b,-1,0.08,axon,7.6,82589.95014291772,-509.4742231418959,-840.8812067463377,centered,,,,none,0.0,success,105.0,0.005,,,,,,120.96456582657885,,
9614,realistic,3,x0y0,utah,,,Ab,saline,,,100.0,b,-1,0.08,axon,13.5,138898.20752031726,-665.6153465840384,981.3172737757724,centered,,,,none,0.0,success,105.0,0.005,,,,,,-71.59983993321588,,
9615,realistic,3,x0y0,utah,,,Ab,saline,,,100.0,b,-1,0.08,axon,8.0,88024.68196670775,1105.8276660971403,271.6283265715342,centered,,,,none,0.0,success,105.0,0.005,,,,,,-410.27870299017167,,
9616,realistic,3,x0y0,utah,,,Ab,saline,,,100.0,b,-1,0.08,axon,7.8,85565.30213006638,274.1909580426409,-771.9396513888872,centered,,,,none,0.0,success,105.0,0.005,,,,,,68.4932953828751,,
9617,realistic,3,x0y0,utah,,,Aa,saline,,,100.0,b,-1,0.08,axon,14.2,141530.15299696143,-2.852536888392024,1233.976673846971,centered,,,,none,0.0,success,105.0,0.005,,,,,,-687.0137055355559,,
9618,realistic,3,x0y0,utah,,,Aa,saline,,,100.0,b,-1,0.08,axon,15.9,148436.61719663258,1299.3200493387212,-100.5430861900563,centered,,,,none,0.0,success,105.0,0.005,,,,,,175.0535572235268,,
9619,realistic,3,x0y0,utah,,,Aa,saline,,,100.0,b,-1,0.08,axon,15.8,148388.91743318836,-560.1228098138258,764.6885182983217,centered,,,,none,0.0,success,105.0,0.005,,,,,,421.3508152060032,,
9620,realistic,3,x0y0,utah,,,Aa,saline,,,100.0,b,-1,0.08,axon,15.5,146809.8440387857,845.5842299406331,-535.7213408657553,centered,,,,50,5.185000000000111,success,105.0,0.005,,,,,-233.73872810666217,-233.73872810667186,845.5842299406331,-535.7213408657553
9621,realistic,3,x0y0,utah,,,Aa,saline,,,100.0,b,-1,0.08,axon,13.3,138522.59436082107,1083.0971899748092,164.97834813513055,centered,,,,49,5.265000000000123,success,98.291015625,0.005,,,,,1956.2312246511865,576.7730111545045,1083.0971899748092,164.97834813513055
9622,realistic,3,x0y0,utah,,,Aa,saline,,,100.0,b,-1,0.08,axon,18.5,153851.41919578452,277.02305398457656,832.1477522053124,centered,,,,none,0.0,success,105.0,0.005,,,,,,-63.529964020642225,,
9623,realistic,3,x0y0,utah,,,Aa,saline,,,100.0,b,-1,0.08,axon,18.7,154703.42598684106,-552.9341456124512,-1141.0282150754401,centered,,,,none,0.0,success,105.0,0.005,,,,,,481.5570779191575,,
9624,realistic,3,x0y0,utah,,,Aa,saline,,,100.0,b,-1,0.08,axon,15.5,147115.0343753373,861.3907793124748,-740.3594980948718,centered,,,,none,0.0,success,105.0,0.005,,,,,,71.45160844492833,,
9625,realistic,3,x0y0,utah,,,Aa,saline,,,100.0,b,-1,0.08,axon,13.9,140980.7481415568,-677.4855874796963,480.83216810961176,centered,,,,none,0.0,success,105.0,0.005,,,,,,93.64629887170372,,
9626,realistic,3,x0y0,utah,,,Aa,saline,,,100.0,b,-1,0.08,axon,15.4,146664.5244053613,375.7616377726004,-1035.4246221815763,centered,,,,none,0.0,success,105.0,0.005,,,,,,-56.55805374031666,,
9627,realistic,3,x0y0,utah,,,Ab,saline,,,100.0,b,-1,0.08,axon,8.5,95217.85763597427,864.8771651691983,-768.8720945355052,centered,,,,none,0.0,success,105.0,0.005,,,,,,-173.69310741737098,,
9628,realistic,3,x0y0,utah,,,Ab,saline,,,100.0,b,-1,0.08,axon,14.2,142919.78558935493,37.2372208238894,-1077.653981926554,centered,,,,none,0.0,success,105.0,0.005,,,,,,702.6188868579517,,
9629,realistic,3,x0y0,utah,,,Ab,saline,,,100.0,b,-1,0.08,axon,9.1,102794.6328367258,-453.00816305272735,728.178215220601,centered,,,,none,0.0,success,105.0,0.005,,,,,,-227.01490440563992,,
9630,realistic,3,x0y0,utah,,,Ab,saline,,,100.0,b,-1,0.08,axon,14.8,143917.76055171306,1019.8513992661284,917.6927558285181,centered,,,,none,0.0,success,105.0,0.005,,,,,,-704.82222768405,,
9631,realistic,3,x0y0,utah,,,Ab,saline,,,100.0,b,-1,0.08,axon,13.8,140116.6547219212,403.02540033063406,-765.9982555305825,centered,,,,none,0.0,success,105.0,0.005,,,,,,-306.94093305191365,,
9632,realistic,3,x0y0,utah,,,Ab,saline,,,100.0,b,-1,0.08,axon,8.7,98112.2429016674,-355.6555933153768,-1264.9552721187972,centered,,,,none,0.0,success,105.0,0.005,,,,,,91.52496772679949,,
9633,realistic,3,x0y0,utah,,,Ab,saline,,,100.0,b,-1,0.08,axon,7.6,82855.34529832026,1177.1020776970834,450.3588719944605,centered,,,,none,0.0,success,105.0,0.005,,,,,,386.359721229123,,
9634,realistic,3,x0y0,utah,,,Ab,saline,,,100.0,b,-1,0.08,axon,10.4,116990.28282579685,53.519069762241536,1194.521181265938,centered,,,,none,0.0,success,105.0,0.005,,,,,,-36.47404920210775,,
9635,realistic,3,x0y0,utah,,,Ab,saline,,,100.0,b,-1,0.08,axon,8.9,100109.39672988724,357.7586500728722,1238.8201945045018,centered,,,,none,0.0,success,105.0,0.005,,,,,,-454.2893682558055,,
9636,realistic,3,x0y0,utah,,,Ab,saline,,,100.0,b,-1,0.08,axon,7.9,87020.41311315396,328.9659758272573,1037.1977150418334,centered,,,,none,0.0,success,105.0,0.005,,,,,,43.34418991914856,,
9637,realistic,3,x0y0,utah,,,Aa,saline,,,100.0,b,-1,0.08,axon,15.6,147258.67122143268,866.7165558649997,700.2814084796255,centered,,,,none,0.0,success,105.0,0.005,,,,,,-100.05605494509281,,
9638,realistic,3,x0y0,utah,,,Aa,saline,,,100.0,b,-1,0.08,axon,14.8,144579.94724291933,1258.4169422833154,-493.755067667168,centered,,,,none,0.0,success,105.0,0.005,,,,,,-42.635536477756354,,
9639,realistic,3,x0y0,utah,,,Aa,saline,,,100.0,b,-1,0.08,axon,14.6,144046.05089890404,-656.998771182884,521.5077726807194,centered,,,,none,0.0,success,105.0,0.005,,,,,,189.28475977223925,,
9640,realistic,3,x0y0,utah,,,Aa,saline,,,100.0,b,-1,0.08,axon,13.5,138678.75559020304,1171.6173693570709,18.942115294886662,centered,,,,none,0.0,success,105.0,0.005,,,,,,-291.05177004741563,,
9641,realistic,3,x0y0,utah,,,Aa,saline,,,100.0,b,-1,0.08,axon,15.4,145996.39934002064,-476.9774337581607,655.239001787379,centered,,,,none,0.0,success,105.0,0.005,,,,,,-724.6831190809883,,
9642,realistic,3,x0y0,utah,,,Aa,saline,,,100.0,b,-1,0.08,axon,16.9,151026.49252373865,696.5285307078293,714.5805716884144,centered,,,,none,0.0,success,105.0,0.005,,,,,,173.2869067157148,,
9643,realistic,3,x0y0,utah,,,Aa,saline,,,100.0,b,-1,0.08,axon,15.2,146221.01136532432,550.4830182684723,1005.9398065376317,centered,,,,none,0.0,success,105.0,0.005,,,,,,167.63077454410018,,
9644,realistic,3,x0y0,utah,,,Aa,saline,,,100.0,b,-1,0.08,axon,18.0,153234.11617243462,-434.33018285383605,1086.1168389597988,centered,,,,none,0.0,success,105.0,0.005,,,,,,153.972761528912,,
9645,realistic,3,x0y0,utah,,,Aa,saline,,,100.0,b,-1,0.08,axon,16.6,150468.06883047838,976.278830163853,634.5342745354819,centered,,,,none,0.0,success,105.0,0.005,,,,,,329.6527897785741,,
9646,realistic,3,x0y0,utah,,,Aa,saline,,,100.0,b,-1,0.08,axon,13.3,137440.53959366475,-640.0074281111306,1124.21483044637,centered,,,,none,0.0,success,105.0,0.005,,,,,,-505.2817560017586,,
9647,realistic,3,x0y0,utah,,,Ab,saline,,,100.0,b,-1,0.08,axon,12.0,130170.17254655351,-251.6092685908443,1117.1521859520517,centered,,,,none,0.0,success,105.0,0.005,,,,,,76.25925311830858,,
9648,realistic,3,x0y0,utah,,,Ab,saline,,,100.0,b,-1,0.08,axon,12.4,132759.68935632092,1165.3251478542852,-470.8617525154077,centered,,,,none,0.0,success,105.0,0.005,,,,,,14.125772113897028,,
9649,realistic,3,x0y0,utah,,,Ab,saline,,,100.0,b,-1,0.08,axon,9.0,101305.55860454758,182.6554678090524,-1158.8929198226926,centered,,,,none,0.0,success,105.0,0.005,,,,,,-497.65460578593263,,
9650,realistic,3,x0y0,utah,,,Ab,saline,,,100.0,b,-1,0.08,axon,7.9,86564.80823953912,422.8538291785408,1087.5098008478951,centered,,,,none,0.0,success,105.0,0.005,,,,,,-412.26068369567713,,
9651,realistic,3,x0y0,utah,,,Ab,saline,,,100.0,b,-1,0.08,axon,9.4,106341.27736245439,-506.58351212812204,-640.5778417808024,centered,,,,none,0.0,success,105.0,0.005,,,,,,-210.83588178882698,,
9652,realistic,3,x0y0,utah,,,Ab,saline,,,100.0,b,-1,0.08,axon,10.7,119300.25212639412,1265.1579564402064,482.8872683799172,centered,,,,none,0.0,success,105.0,0.005,,,,,,-503.03962244291284,,
9653,realistic,3,x0y0,utah,,,Ab,saline,,,100.0,b,-1,0.08,axon,8.0,88094.76052274185,825.7934119117112,-516.9997603591737,centered,,,,none,0.0,success,105.0,0.005,,,,,,-340.20014695606363,,
9654,realistic,3,x0y0,utah,,,Ab,saline,,,100.0,b,-1,0.08,axon,9.3,105389.529344752,864.5602710645976,-554.3487213959329,centered,,,,none,0.0,success,105.0,0.005,,,,,,-6.38990367879964,,
9655,realistic,3,x0y0,utah,,,Ab,saline,,,100.0,b,-1,0.08,axon,11.5,126888.68419245511,1361.0962880114785,169.62146011097315,centered,,,,none,0.0,success,105.0,0.005,,,,,,435.5176422389647,,
9656,realistic,3,x0y0,utah,,,Ab,saline,,,100.0,b,-1,0.08,axon,7.9,86902.03366608017,504.36961163581054,-1294.5950680065594,centered,,,,none,0.0,success,105.0,0.005,,,,,,-75.0352571546247,,
9657,realistic,3,x0y0,utah,,,Aa,saline,,,100.0,b,-1,0.08,axon,15.3,147002.1503912335,1277.486742233219,525.8527042963283,centered,,,,none,0.0,success,105.0,0.005,,,,,,611.0818266203681,,
9658,realistic,3,x0y0,utah,,,Aa,saline,,,100.0,b,-1,0.08,axon,13.2,137155.11057825782,-521.6977688304237,1267.8733411716364,centered,,,,none,0.0,success,105.0,0.005,,,,,,-261.645908707391,,
9659,realistic,3,x0y0,utah,,,Aa,saline,,,100.0,b,-1,0.08,axon,17.5,152423.55697837734,94.16584140656325,899.1606730030278,centered,,,,none,0.0,success,105.0,0.005,,,,,,283.99186255424036,,
9660,realistic,3,x0y0,utah,,,Aa,saline,,,100.0,b,-1,0.08,axon,14.0,141811.2198770802,1206.8567465754675,-236.55201585520044,centered,,,,none,0.0,success,105.0,0.005,,,,,,470.8193861721701,,
9661,realistic,3,x0y0,utah,,,Aa,saline,,,100.0,b,-1,0.08,axon,14.0,141054.69119654206,1242.048476620801,182.7021159194096,centered,,,,none,0.0,success,105.0,0.005,,,,,,-285.70929436600306,,
9662,realistic,3,x0y0,utah,,,Aa,saline,,,100.0,b,-1,0.08,axon,15.8,147973.29061164014,336.9007163455867,-1320.470713185077,centered,,,,none,0.0,success,105.0,0.005,,,,,,5.723993657788675,,
9663,realistic,3,x0y0,utah,,,Aa,saline,,,100.0,b,-1,0.08,axon,14.8,144166.20933569662,586.5388579403417,-547.4319329083868,centered,,,,50,5.2800000000001255,success,99.462890625,0.005,,,,,-456.3734437004605,-456.3734437004466,586.5388579403417,-547.4319329083868
9664,realistic,3,x0y0,utah,,,Aa,saline,,,100.0,b,-1,0.08,axon,14.7,144603.5610089224,615.7430036627311,1119.609604725576,centered,,,,none,0.0,success,105.0,0.005,,,,,,359.5393712090607,,
9665,realistic,3,x0y0,utah,,,Aa,saline,,,100.0,b,-1,0.08,axon,18.9,154149.0682024957,-388.5334182067313,1050.517303756178,centered,,,,none,0.0,success,105.0,0.005,,,,,,-365.33026885996554,,
9666,realistic,3,x0y0,utah,,,Aa,saline,,,100.0,b,-1,0.08,axon,13.9,140195.6774019493,-546.4871662894775,1093.954327709821,centered,,,,none,0.0,success,105.0,0.005,,,,,,-691.4244407358069,,
9667,realistic,3,x0y0,utah,,,Ab,saline,,,100.0,b,-1,0.08,axon,9.1,103463.93452141674,-491.0920820011261,-724.8951480087508,centered,,,,none,0.0,success,105.0,0.005,,,,,,442.28678028530084,,
9668,realistic,3,x0y0,utah,,,Ab,saline,,,100.0,b,-1,0.08,axon,15.8,148121.32627669026,971.6701528302788,-130.0651170620713,centered,,,,49,5.230000000000118,success,55.615234375,0.005,,,,,1633.435324887716,153.75965870788272,971.6701528302788,-130.0651170620713
9669,realistic,3,x0y0,utah,,,Ab,saline,,,100.0,b,-1,0.08,axon,9.3,105728.57987270414,-627.1573280324183,569.0553847731468,centered,,,,none,0.0,success,105.0,0.005,,,,,,332.6606242733353,,
9670,realistic,3,x0y0,utah,,,Ab,saline,,,100.0,b,-1,0.08,axon,11.6,126695.13859584635,-511.06721201883056,680.8247108798449,centered,,,,none,0.0,success,105.0,0.005,,,,,,-516.4478602908562,,
9671,realistic,3,x0y0,utah,,,Ab,saline,,,100.0,b,-1,0.08,axon,10.3,116316.08536658392,426.4226830515931,-943.2638533869812,centered,,,,none,0.0,success,105.0,0.005,,,,,,251.01544225450527,,
9672,realistic,3,x0y0,utah,,,Ab,saline,,,100.0,b,-1,0.08,axon,9.2,104298.87773073703,314.24921254561195,-1076.1678957270997,centered,,,,none,0.0,success,105.0,0.005,,,,,,79.71972484824593,,
9673,realistic,3,x0y0,utah,,,Ab,saline,,,100.0,b,-1,0.08,axon,8.4,94474.05388096026,925.0919000639508,-67.1130509284494,centered,,,,49,5.240000000000119,success,70.9228515625,0.005,,,,,1370.1899553616968,429.7468854061594,925.0919000639508,-67.1130509284494
9674,realistic,3,x0y0,utah,,,Ab,saline,,,100.0,b,-1,0.08,axon,11.2,124196.02232565384,78.90339193582986,-834.9666758331932,centered,,,,none,0.0,success,105.0,0.005,,,,,,112.78763215819029,,
9675,realistic,3,x0y0,utah,,,Ab,saline,,,100.0,b,-1,0.08,axon,11.0,122837.95548384039,380.2134057678081,739.9341812542908,centered,,,,none,0.0,success,105.0,0.005,,,,,,415.9854075096308,,
9676,realistic,3,x0y0,utah,,,Ab,saline,,,100.0,b,-1,0.08,axon,9.1,102758.68637396747,562.6278188496412,1215.850525734435,centered,,,,none,0.0,success,105.0,0.005,,,,,,-262.96136716395245,,
9677,realistic,3,x0y0,utah,,,Aa,saline,,,100.0,b,-1,0.08,axon,17.6,152592.53597231265,277.94333126245783,-1050.1679442734307,centered,,,,none,0.0,success,105.0,0.005,,,,,,255.8003657236201,,
9678,realistic,3,x0y0,utah,,,Aa,saline,,,100.0,b,-1,0.08,axon,14.9,144718.7523533972,-404.3078819693837,-788.3360290530186,centered,,,,none,0.0,success,105.0,0.005,,,,,,-273.87410963529703,,
9679,realistic,3,x0y0,utah,,,Aa,saline,,,100.0,b,-1,0.08,axon,17.9,152566.06589891785,1234.037672610938,-469.3836788125623,centered,,,,none,0.0,success,105.0,0.005,,,,,,-334.8128663011569,,
9680,realistic,3,x0y0,utah,,,Aa,saline,,,100.0,b,-1,0.08,axon,16.2,149161.56266701902,756.9554493116092,563.5793810265468,centered,,,,49,5.270000000000124,success,98.291015625,0.005,,,,,1548.977045905689,57.94082751061281,756.9554493116092,563.5793810265468
9681,realistic,3,x0y0,utah,,,Aa,saline,,,100.0,b,-1,0.08,axon,13.9,140560.69519263526,1195.5305754172616,349.12004123639366,centered,,,,none,0.0,success,105.0,0.005,,,,,,-326.40665004984834,,
9682,realistic,3,x0y0,utah,,,Aa,saline,,,100.0,b,-1,0.08,axon,14.8,144971.75991423306,567.2500098133543,-670.9594165454027,centered,,,,none,0.0,success,105.0,0.005,,,,,,349.17713483593707,,
9683,realistic,3,x0y0,utah,,,Aa,saline,,,100.0,b,-1,0.08,axon,14.7,144021.29819038825,-246.63910754319664,1148.997403963076,centered,,,,none,0.0,success,105.0,0.005,,,,,,-222.72344732508128,,
9684,realistic,3,x0y0,utah,,,Aa,saline,,,100.0,b,-1,0.08,axon,15.1,145087.86797760086,-38.015840014810244,-1087.512802140228,centered,,,,none,0.0,success,105.0,0.005,,,,,,-619.9873510179699,,
9685,realistic,3,x0y0,utah,,,Aa,saline,,,100.0,b,-1,0.08,axon,14.4,142798.41277462232,1022.2742598809384,-855.9428427955377,centered,,,,none,0.0,success,105.0,0.005,,,,,,-257.0379899750904,,
9686,realistic,3,x0y0,utah,,,Aa,saline,,,100.0,b,-1,0.08,axon,14.3,142620.30718758912,-183.50348986465545,-1274.9394335454124,centered,,,,none,0.0,success,105.0,0.005,,,,,,-20.716208280897533,,
9687,realistic,3,x0y0,utah,,,Ab,saline,,,100.0,b,-1,0.08,axon,7.9,86799.62478368981,-379.39565894964113,1155.110358660544,centered,,,,none,0.0,success,105.0,0.005,,,,,,-177.44413954499873,,
9688,realistic,3,x0y0,utah,,,Ab,saline,,,100.0,b,-1,0.08,axon,16.2,149551.27354781755,1000.5715666369993,559.0261701957373,centered,,,,none,0.0,success,105.0,0.005,,,,,,447.65170830916674,,
9689,realistic,3,x0y0,utah,,,Ab,saline,,,100.0,b,-1,0.08,axon,8.6,96457.20309115268,-93.93096882102782,-1177.8924083368813,centered,,,,none,0.0,success,105.0,0.005,,,,,,-259.77545659193197,,
9690,realistic,3,x0y0,utah,,,Ab,saline,,,100.0,b,-1,0.08,axon,8.4,94397.85587259887,581.2054170292707,609.6963512673856,centered,,,,none,0.0,success,105.0,0.005,,,,,,353.54887704478057,,
9691,realistic,3,x0y0,utah,,,Ab,saline,,,100.0,b,-1,0.08,axon,10.1,114221.23385799745,-350.9256979600154,-1234.88819154095,centered,,,,none,0.0,success,105.0,0.005,,,,,,135.18160929727287,,
9692,realistic,3,x0y0,utah,,,Ab,saline,,,100.0,b,-1,0.08,axon,9.8,110761.7683848983,23.388442510933146,-1229.4588293142715,centered,,,,none,0.0,success,105.0,0.005,,,,,,-213.29084593638814,,
9693,realistic,3,x0y0,utah,,,Ab,saline,,,100.0,b,-1,0.08,axon,10.1,114572.11133963092,-623.0107279862033,1014.4812095230425,centered,,,,none,0.0,success,105.0,0.005,,,,,,486.0590909307544,,
9694,realistic,3,x0y0,utah,,,Ab,saline,,,100.0,b,-1,0.08,axon,9.5,107604.1847798684,695.1758275047905,896.924279187856,centered,,,,none,0.0,success,105.0,0.005,,,,,,-83.74313043918755,,
9695,realistic,3,x0y0,utah,,,Ab,saline,,,100.0,b,-1,0.08,axon,9.5,108015.18024325873,584.6981824072492,1174.6009468999946,centered,,,,none,0.0,success,105.0,0.005,,,,,,327.252332951119,,
9696,realistic,3,x0y0,utah,,,Ab,saline,,,100.0,b,-1,0.08,axon,10.7,120182.83709194658,1128.0379486823124,-168.78205137187754,centered,,,,none,0.0,success,105.0,0.005,,,,,,379.54534310954415,,
9697,realistic,3,x0y0,utah,,,Aa,saline,,,100.0,b,-1,0.08,axon,16.1,148484.59601875403,836.0164506654712,616.8912958344845,centered,,,,none,0.0,success,105.0,0.005,,,,,,-344.8520212115331,,
9698,realistic,3,x0y0,utah,,,Aa,saline,,,100.0,b,-1,0.08,axon,15.3,146553.07600494486,-581.9076625898956,-667.301281906462,centered,,,,none,0.0,success,105.0,0.005,,,,,,162.00744033168118,,
9699,realistic,3,x0y0,utah,,,Aa,saline,,,100.0,b,-1,0.08,axon,16.0,149244.46889587335,979.6611177649602,949.775044502278,centered,,,,none,0.0,success,105.0,0.005,,,,,,695.6596187162131,,
9700,realistic,3,x0y0,utah,,,Aa,saline,,,100.0,b,-1,0.08,axon,16.2,148565.19210873544,1011.0096267761757,-220.6925198277268,centered,,,,50,5.265000000000123,success,79.046630859375,0.005,,,,,-538.4297307729721,-538.429730772963,1011.0096267761757,-220.6925198277268
9701,realistic,3,x0y0,utah,,,Aa,saline,,,100.0,b,-1,0.08,axon,18.5,154640.88938459675,875.2114781441243,-418.089115624075,centered,,,,49,5.265000000000123,success,85.58349609375,0.005,,,,,2265.089716389659,725.9402247915906,875.2114781441243,-418.089115624075
9702,realistic,3,x0y0,utah,,,Aa,saline,,,100.0,b,-1,0.08,axon,17.7,152765.7295824468,-242.13400194384803,-841.3059627318698,centered,,,,none,0.0,success,105.0,0.005,,,,,,236.45385956979095,,
9703,realistic,3,x0y0,utah,,,Aa,saline,,,100.0,b,-1,0.08,axon,17.3,151150.0900381736,748.6673184788492,-1117.1526934444278,centered,,,,none,0.0,success,105.0,0.005,,,,,,-580.8161786585314,,
9704,realistic,3,x0y0,utah,,,Aa,saline,,,100.0,b,-1,0.08,axon,15.7,147299.14958683174,679.1929279267129,-901.9467059785948,centered,,,,none,0.0,success,105.0,0.005,,,,,,-367.52149878577234,,
9705,realistic,3,x0y0,utah,,,Aa,saline,,,100.0,b,-1,0.08,axon,15.1,145718.36619588052,597.994288280322,-990.4546561475037,centered,,,,none,0.0,success,105.0,0.005,,,,,,10.510867261673608,,
9706,realistic,3,x0y0,utah,,,Aa,saline,,,100.0,b,-1,0.08,axon,13.1,136968.01404085165,-543.550245404314,1116.0382373374287,centered,,,,none,0.0,success,105.0,0.005,,,,,,91.99089631689205,,
9707,realistic,3,x0y0,utah,,,Ab,saline,,,100.0,b,-1,0.08,axon,8.7,97555.65801541427,-456.5508104380606,-748.751767042384,centered,,,,none,0.0,success,105.0,0.005,,,,,,-465.05991852633576,,
9708,realistic,3,x0y0,utah,,,Ab,saline,,,100.0,b,-1,0.08,axon,8.1,90062.65694327714,-78.61743656047338,-1309.7792036098476,centered,,,,none,0.0,success,105.0,0.005,,,,,,192.1082714767725,,
9709,realistic,3,x0y0,utah,,,Ab,saline,,,100.0,b,-1,0.08,axon,9.7,109557.55238977176,1171.0149986180274,-601.7325849488725,centered,,,,none,0.0,success,105.0,0.005,,,,,,-341.64694794345,,
9710,realistic,3,x0y0,utah,,,Ab,saline,,,100.0,b,-1,0.08,axon,8.0,88834.59505287682,-424.67361709453326,802.0516603795088,centered,,,,none,0.0,success,105.0,0.005,,,,,,399.6343831789197,,
9711,realistic,3,x0y0,utah,,,Ab,saline,,,100.0,b,-1,0.08,axon,10.5,117760.90208323686,843.4577045188181,241.9765634155647,centered,,,,51,5.220000000000116,success,56.201171875,0.005,,,,,-1389.0010763739701,-209.29906489271443,843.4577045188181,241.9765634155647
9712,realistic,3,x0y0,utah,,,Ab,saline,,,100.0,b,-1,0.08,axon,10.5,118197.77361379945,1110.2544775875203,164.3540118109913,centered,,,,none,0.0,success,105.0,0.005,,,,,,227.5724656699157,,
9713,realistic,3,x0y0,utah,,,Ab,saline,,,100.0,b,-1,0.08,axon,9.2,103942.15782411039,-439.470711970886,899.7853397313211,centered,,,,none,0.0,success,105.0,0.005,,,,,,-277.0001817783954,,
9714,realistic,3,x0y0,utah,,,Ab,saline,,,100.0,b,-1,0.08,axon,13.9,140337.30039022712,195.49572786226554,1318.432509670631,centered,,,,none,0.0,success,105.0,0.005,,,,,,-549.8014524580158,,
9715,realistic,3,x0y0,utah,,,Ab,saline,,,100.0,b,-1,0.08,axon,8.2,91354.91732709561,973.9367701830147,-603.3354380893476,centered,,,,none,0.0,success,105.0,0.005,,,,,,71.00824175113536,,
9716,realistic,3,x0y0,utah,,,Ab,saline,,,100.0,b,-1,0.08,axon,8.8,98943.3740421377,1001.6571697422687,371.1195513870794,centered,,,,none,0.0,success,105.0,0.005,,,,,,-359.5313785079708,,
9717,realistic,3,x0y0,utah,,,Aa,saline,,,100.0,b,-1,0.08,axon,13.3,138261.3856895048,529.9050739011709,-687.3483480537942,centered,,,,none,0.0,success,105.0,0.005,,,,,,315.5643398382395,,
9718,realistic,3,x0y0,utah,,,Aa,saline,,,100.0,b,-1,0.08,axon,14.0,140758.57134127893,557.0132487259489,1025.5908518766182,centered,,,,none,0.0,success,105.0,0.005,,,,,,-581.8291496290893,,
9719,realistic,3,x0y0,utah,,,Aa,saline,,,100.0,b,-1,0.08,axon,15.8,148263.64867643474,48.03864743699523,843.7242466924098,centered,,,,none,0.0,success,105.0,0.005,,,,,,296.0820584523981,,
9720,realistic,3,x0y0,utah,,,Aa,saline,,,100.0,b,-1,0.08,axon,14.5,143228.7170277484,-361.08327124066,-1132.0391797447214,centered,,,,none,0.0,success,105.0,0.005,,,,,,-231.91961391377785,,
9721,realistic,3,x0y0,utah,,,Aa,saline,,,100.0,b,-1,0.08,axon,13.4,138757.95662701267,885.0308119651794,556.9453012007793,centered,,,,none,0.0,success,105.0,0.005,,,,,,294.5228751017301,,
9722,realistic,3,x0y0,utah,,,Aa,saline,,,100.0,b,-1,0.08,axon,16.1,149059.5674728788,1084.5298879602753,490.1193907603283,centered,,,,none,0.0,success,105.0,0.005,,,,,,230.1194329132575,,
9723,realistic,3,x0y0,utah,,,Aa,saline,,,100.0,b,-1,0.08,axon,16.0,148514.35029229822,-58.364896351430616,-810.8841069732398,centered,,,,none,0.0,success,105.0,0.005,,,,,,-34.458984858937704,,
9724,realistic,3,x0y0,utah,,,Aa,saline,,,100.0,b,-1,0.08,axon,16.0,149047.129650649,-571.8021389346994,856.0526232336508,centered,,,,none,0.0,success,105.0,0.005,,,,,,498.3203734918868,,
9725,realistic,3,x0y0,utah,,,Aa,saline,,,100.0,b,-1,0.08,axon,14.9,145097.29647458126,931.2157978138213,-192.59717822095126,centered,,,,49,5.240000000000119,success,53.9306640625,0.005,,,,,1554.5962761791016,104.67001154872996,931.2157978138213,-192.59717822095126
9726,realistic,3,x0y0,utah,,,Aa,saline,,,100.0,b,-1,0.08,axon,15.7,147013.43569190498,-343.1394184646128,-900.5698841235162,centered,,,,none,0.0,success,105.0,0.005,,,,,,-653.2353937125214,,
9727,realistic,3,x0y0,utah,,,Ab,saline,,,100.0,b,-1,0.08,axon,7.6,82544.44016260651,-444.7168737838029,918.2732465540184,centered,,,,none,0.0,success,105.0,0.005,,,,,,75.45458551537097,,
9728,realistic,3,x0y0,utah,,,Ab,saline,,,100.0,b,-1,0.08,axon,13.2,136827.68873197466,769.6814758313284,1072.7113976375622,centered,,,,none,0.0,success,105.0,0.005,,,,,,-589.0677549905834,,
9729,realistic,3,x0y0,utah,,,Ab,saline,,,100.0,b,-1,0.08,axon,10.3,115486.084581744,-246.03431051558442,1087.0089705269042,centered,,,,none,0.0,success,105.0,0.005,,,,,,-578.9853425854097,,
9730,realistic,3,x0y0,utah,,,Ab,saline,,,100.0,b,-1,0.08,axon,7.8,85132.5231200326,1326.3037544872204,152.40478187402368,centered,,,,none,0.0,success,105.0,0.005,,,,,,-364.28571465091005,,
9731,realistic,3,x0y0,utah,,,Ab,saline,,,100.0,b,-1,0.08,axon,11.0,122454.18078546092,822.7882722230298,-594.806205475516,centered,,,,none,0.0,success,105.0,0.005,,,,,,32.210709130157795,,
9732,realistic,3,x0y0,utah,,,Ab,saline,,,100.0,b,-1,0.08,axon,8.0,88876.56190383983,-628.2048984554967,-1049.944784741775,centered,,,,none,0.0,success,105.0,0.005,,,,,,441.601234141917,,
9733,realistic,3,x0y0,utah,,,Ab,saline,,,100.0,b,-1,0.08,axon,8.3,92682.001690829,368.6361834112163,-1102.3982341007693,centered,,,,none,0.0,success,105.0,0.005,,,,,,6.872493868138004,,
9734,realistic,3,x0y0,utah,,,Ab,saline,,,100.0,b,-1,0.08,axon,8.9,100449.1154548034,1329.0475090291802,134.7402975974405,centered,,,,none,0.0,success,105.0,0.005,,,,,,-114.57064333964334,,
9735,realistic,3,x0y0,utah,,,Ab,saline,,,100.0,b,-1,0.08,axon,10.0,112659.9593156216,-389.5360113382676,-765.5476146362765,centered,,,,none,0.0,success,105.0,0.005,,,,,,-408.3113554339897,,
9736,realistic,3,x0y0,utah,,,Ab,saline,,,100.0,b,-1,0.08,axon,9.6,108716.54426544477,557.3930189335438,778.0125223289815,centered,,,,none,0.0,success,105.0,0.005,,,,,,-87.01265659088548,,
9737,realistic,3,x0y0,utah,,,Aa,saline,,,100.0,b,-1,0.08,axon,14.3,142967.80096524511,885.3659262989466,-698.2014537661013,centered,,,,none,0.0,success,105.0,0.005,,,,,,326.7775693750798,,
9738,realistic,3,x0y0,utah,,,Aa,saline,,,100.0,b,-1,0.08,axon,13.9,140696.87293345106,881.2111462908906,618.4907259198258,centered,,,,none,0.0,success,105.0,0.005,,,,,,-190.22890923403907,,
9739,realistic,3,x0y0,utah,,,Aa,saline,,,100.0,b,-1,0.08,axon,14.2,141938.905070551,1075.662616242358,216.9594947073806,centered,,,,50,5.285000000000126,success,90.4449462890625,0.005,,,,,-278.2616319459921,-278.2616319459822,1075.662616242358,216.9594947073806
9740,realistic,3,x0y0,utah,,,Aa,saline,,,100.0,b,-1,0.08,axon,14.9,144682.45305018622,677.030846290822,-1031.483283409764,centered,,,,none,0.0,success,105.0,0.005,,,,,,-310.173412846276,,
9741,realistic,3,x0y0,utah,,,Aa,saline,,,100.0,b,-1,0.08,axon,17.1,150926.68166914769,911.6971223711456,-983.7054669811143,centered,,,,none,0.0,success,105.0,0.005,,,,,,-375.7418271385241,,
9742,realistic,3,x0y0,utah,,,Aa,saline,,,100.0,b,-1,0.08,axon,13.2,137527.58429949038,1193.8413255256094,-85.75499658643865,centered,,,,none,0.0,success,105.0,0.005,,,,,,110.82781252514557,,
9743,realistic,3,x0y0,utah,,,Aa,saline,,,100.0,b,-1,0.08,axon,14.0,141885.92621721837,623.4446323719467,518.6291279407646,centered,,,,49,5.250000000000121,success,97.6318359375,0.005,,,,,1958.9297312193958,545.5257263103182,623.4446323719467,518.6291279407646
9744,realistic,3,x0y0,utah,,,Aa,saline,,,100.0,b,-1,0.08,axon,14.0,141833.62991725773,-384.1554911377575,-1189.073017252603,centered,,,,none,0.0,success,105.0,0.005,,,,,,493.2294263497023,,
9745,realistic,3,x0y0,utah,,,Aa,saline,,,100.0,b,-1,0.08,axon,12.8,135554.58898513054,680.6026301532825,-495.0554070864737,centered,,,,49,5.270000000000124,success,92.9443359375,0.005,,,,,1724.7870834199712,372.97090259458605,680.6026301532825,-495.0554070864737
9746,realistic,3,x0y0,utah,,,Aa,saline,,,100.0,b,-1,0.08,axon,15.1,145807.37777632335,252.69368007780486,1252.6501241290714,centered,,,,none,0.0,success,105.0,0.005,,,,,,99.52244770450486,,
9747,realistic,3,x0y0,utah,,,Ab,saline,,,100.0,b,-1,0.08,axon,11.4,125932.7392896223,297.58918523943566,-1261.5357267442735,centered,,,,none,0.0,success,105.0,0.005,,,,,,253.61017651648154,,
9748,realistic,3,x0y0,utah,,,Ab,saline,,,100.0,b,-1,0.08,axon,7.9,86683.51349200857,885.8367464200787,-97.63824432292131,centered,,,,51,5.225000000000117,success,60.791015625,0.005,,,,,-1163.326120458587,-293.5554312262191,885.8367464200787,-97.63824432292131
9749,realistic,3,x0y0,utah,,,Ab,saline,,,100.0,b,-1,0.08,axon,9.8,111189.63350709667,-536.4115345120736,936.3958116895648,centered,,,,none,0.0,success,105.0,0.005,,,,,,214.5742762619937,,
9750,realistic,3,x0y0,utah,,,Ab,saline,,,100.0,b,-1,0.08,axon,11.0,122228.27865075285,-447.5503369861117,-738.1079566137846,centered,,,,none,0.0,success,105.0,0.005,,,,,,-193.691425577924,,
9751,realistic,3,x0y0,utah,,,Ab,saline,,,100.0,b,-1,0.08,axon,8.5,94981.1188732057,575.6164372998937,845.0864817339508,centered,,,,none,0.0,success,105.0,0.005,,,,,,-410.43187018593767,,
9752,realistic,3,x0y0,utah,,,Ab,saline,,,100.0,b,-1,0.08,axon,7.6,82265.25994428285,1037.656033056086,791.295095208759,centered,,,,none,0.0,success,105.0,0.005,,,,,,-203.725632808282,,
9753,realistic,3,x0y0,utah,,,Ab,saline,,,100.0,b,-1,0.08,axon,10.0,113094.33500395967,584.1402908440059,-707.4793442859033,centered,,,,none,0.0,success,105.0,0.005,,,,,,26.06433290409611,,
9754,realistic,3,x0y0,utah,,,Ab,saline,,,100.0,b,-1,0.08,axon,7.9,87311.10724527514,847.8731864185447,-984.6848987796524,centered,,,,none,0.0,success,105.0,0.005,,,,,,334.03832204033284,,
9755,realistic,3,x0y0,utah,,,Ab,saline,,,100.0,b,-1,0.08,axon,9.1,102675.1962899844,1149.140994196996,-341.699860024326,centered,,,,none,0.0,success,105.0,0.005,,,,,,-346.45145114703615,,
9756,realistic,3,x0y0,utah,,,Ab,saline,,,100.0,b,-1,0.08,axon,9.7,110139.17675096416,-317.18796904932736,1220.1471004643781,centered,,,,none,0.0,success,105.0,0.005,,,,,,239.97741324895932,,
9757,realistic,3,x0y0,utah,,,Aa,saline,,,100.0,b,-1,0.08,axon,17.0,150366.54913729677,593.8001894366663,1185.9334656109183,centered,,,,none,0.0,success,105.0,0.005,,,,,,-713.9156986316353,,
9758,realistic,3,x0y0,utah,,,Aa,saline,,,100.0,b,-1,0.08,axon,13.8,140010.44787093689,750.6634151584362,-317.0122695887672,centered,,,,51,5.240000000000119,success,56.7626953125,0.005,,,,,-1817.3837405859667,-413.1477840362111,750.6634151584362,-317.0122695887672
9759,realistic,3,x0y0,utah,,,Aa,saline,,,100.0,b,-1,0.08,axon,15.1,145034.84133349734,992.7173342236454,58.92330488531252,centered,,,,50,5.270000000000124,success,70.9228515625,0.005,,,,,-673.0139951214951,-673.0139951214519,992.7173342236454,58.92330488531252
9760,realistic,3,x0y0,utah,,,Aa,saline,,,100.0,b,-1,0.08,axon,14.1,142129.0654756359,874.4734467916519,293.1619766827716,centered,,,,49,5.255000000000122,success,63.8916015625,0.005,,,,,1763.2122328010446,345.3753313582953,874.4734467916519,293.1619766827716
9761,realistic,3,x0y0,utah,,,Aa,saline,,,100.0,b,-1,0.08,axon,14.3,142227.29708817074,747.4233041068843,-365.0944607430265,centered,,,,51,5.2350000000001184,success,64.44091796875,0.005,,,,,-1840.1365416579938,-413.72630769927184,747.4233041068843,-365.0944607430265
9762,realistic,3,x0y0,utah,,,Aa,saline,,,100.0,b,-1,0.08,axon,13.2,137773.3647016925,-694.3288915308127,-777.6153531878418,centered,,,,none,0.0,success,105.0,0.005,,,,,,356.6082147272731,,
9763,realistic,3,x0y0,utah,,,Aa,saline,,,100.0,b,-1,0.08,axon,14.5,143280.85743884635,-184.0975719755397,914.0983852362983,centered,,,,none,0.0,success,105.0,0.005,,,,,,-179.77920281580847,,
9764,realistic,3,x0y0,utah,,,Aa,saline,,,100.0,b,-1,0.08,axon,12.3,132390.48964262867,402.665651465727,1009.230668792428,centered,,,,none,0.0,success,105.0,0.005,,,,,,287.04337067240317,,
9765,realistic,3,x0y0,utah,,,Aa,saline,,,100.0,b,-1,0.08,axon,17.4,151982.5618684057,963.9483169025486,449.8541127354729,centered,,,,49,5.2800000000001255,success,93.603515625,0.005,,,,,1564.2803534797858,44.90377252089405,963.9483169025486,449.8541127354729
9766,realistic,3,x0y0,utah,,,Aa,saline,,,100.0,b,-1,0.08,axon,13.8,140052.721837547,557.831016636268,-1183.0135715874555,centered,,,,none,0.0,success,105.0,0.005,,,,,,-370.87381742612473,,
9767,realistic,3,x0y0,utah,,,Ab,saline,,,100.0,b,-1,0.08,axon,9.9,112306.98111244164,590.5662399226862,730.8751720600267,centered,,,,none,0.0,success,105.0,0.005,,,,,,275.6357818243303,,
9768,realistic,3,x0y0,utah,,,Ab,saline,,,100.0,b,-1,0.08,axon,11.2,124062.76376041539,708.0441639664788,422.2924688435268,centered,,,,49,5.24500000000012,success,76.025390625,0.005,,,,,1220.3614138546836,-20.47093308026105,708.0441639664788,422.2924688435268
9769,realistic,3,x0y0,utah,,,Ab,saline,,,100.0,b,-1,0.08,axon,7.6,82550.55476550531,-256.9724906061183,-1016.5761391607184,centered,,,,none,0.0,success,105.0,0.005,,,,,,81.56918841414985,,
9770,realistic,3,x0y0,utah,,,Ab,saline,,,100.0,b,-1,0.08,axon,9.2,103936.16344974157,1372.0685833422451,39.07860065232171,centered,,,,none,0.0,success,105.0,0.005,,,,,,-282.99455614726145,,
9771,realistic,3,x0y0,utah,,,Ab,saline,,,100.0,b,-1,0.08,axon,8.9,100678.00527058636,1070.1340618934728,199.1686849369976,centered,,,,none,0.0,success,105.0,0.005,,,,,,114.31917244330714,,
9772,realistic,3,x0y0,utah,,,Ab,saline,,,100.0,b,-1,0.08,axon,8.9,100340.3862407065,839.3358994222423,-604.6939373662526,centered,,,,none,0.0,success,105.0,0.005,,,,,,-223.2998574365343,,
9773,realistic,3,x0y0,utah,,,Ab,saline,,,100.0,b,-1,0.08,axon,8.3,92818.02078510958,496.1529557841927,663.8892358420973,centered,,,,none,0.0,success,105.0,0.005,,,,,,142.89158814867062,,
9774,realistic,3,x0y0,utah,,,Ab,saline,,,100.0,b,-1,0.08,axon,9.0,102108.52127812123,-620.3703781576996,822.1885531341272,centered,,,,none,0.0,success,105.0,0.005,,,,,,305.3080677876992,,
9775,realistic,3,x0y0,utah,,,Ab,saline,,,100.0,b,-1,0.08,axon,12.5,133916.29155469858,1191.4455763902088,186.74574827180825,centered,,,,none,0.0,success,105.0,0.005,,,,,,542.0834181169944,,
9776,realistic,3,x0y0,utah,,,Ab,saline,,,100.0,b,-1,0.08,axon,10.0,112577.08489189752,-380.4214181098341,-955.3145822535707,centered,,,,none,0.0,success,105.0,0.005,,,,,,-491.18577915808237,,
9777,realistic,3,x0y0,utah,,,Aa,saline,,,100.0,b,-1,0.08,axon,15.9,148686.05019344355,1109.1927048883936,-761.771896828962,centered,,,,none,0.0,success,105.0,0.005,,,,,,424.4865540345217,,
9778,realistic,3,x0y0,utah,,,Aa,saline,,,100.0,b,-1,0.08,axon,13.5,138722.9509962299,843.1580978826006,634.824117934545,centered,,,,none,0.0,success,105.0,0.005,,,,,,-246.85636402054757,,
9779,realistic,3,x0y0,utah,,,Aa,saline,,,100.0,b,-1,0.08,axon,16.5,149695.0187672418,-600.636448441126,811.4391762294049,centered,,,,none,0.0,success,105.0,0.005,,,,,,-193.71533564740443,,
9780,realistic,3,x0y0,utah,,,Aa,saline,,,100.0,b,-1,0.08,axon,16.7,149888.00598509808,1025.4664577021804,513.1184586658019,centered,,,,none,0.0,success,105.0,0.005,,,,,,-494.2984628089766,,
9781,realistic,3,x0y0,utah,,,Aa,saline,,,100.0,b,-1,0.08,axon,13.4,138467.5062369451,1321.3484913461834,-103.37435147400721,centered,,,,none,0.0,success,105.0,0.005,,,,,,4.072485034211915,,
9782,realistic,3,x0y0,utah,,,Aa,saline,,,100.0,b,-1,0.08,axon,18.8,153764.68942553794,-322.51486388698316,-1169.3201383121327,centered,,,,none,0.0,success,105.0,0.005,,,,,,-605.2015412862886,,
9783,realistic,3,x0y0,utah,,,Aa,saline,,,100.0,b,-1,0.08,axon,13.6,139560.64196460447,43.20612686824279,-989.5711591769156,centered,,,,none,0.0,success,105.0,0.005,,,,,,95.48853213848093,,
9784,realistic,3,x0y0,utah,,,Aa,saline,,,100.0,b,-1,0.08,axon,14.2,142406.01783895216,-147.92431593069298,798.632321039092,centered,,,,none,0.0,success,105.0,0.005,,,,,,188.85113645516464,,
9785,realistic,3,x0y0,utah,,,Aa,saline,,,100.0,b,-1,0.08,axon,18.5,153540.3091829457,-487.28361829900405,1225.8476156084214,centered,,,,none,0.0,success,105.0,0.005,,,,,,-374.6399768594604,,
9786,realistic,3,x0y0,utah,,,Aa,saline,,,100.0,b,-1,0.08,axon,19.4,155681.02752857385,229.56487716234005,-1355.4661252852984,centered,,,,none,0.0,success,105.0,0.005,,,,,,494.0422730186602,,
9787,realistic,3,x0y0,utah,,,Ab,saline,,,100.0,b,-1,0.08,axon,8.5,95712.27663433918,-202.55316503183116,987.2332342569921,centered,,,,none,0.0,success,105.0,0.005,,,,,,320.72589094753016,,
9788,realistic,3,x0y0,utah,,,Ab,saline,,,100.0,b,-1,0.08,axon,15.8,147516.48912678467,639.8805420138074,1178.3888643812759,centered,,,,none,0.0,success,105.0,0.005,,,,,,-451.0774911976805,,
9789,realistic,3,x0y0,utah,,,Ab,saline,,,100.0,b,-1,0.08,axon,10.5,117397.5465950416,274.4109335827934,1168.9400312014232,centered,,,,none,0.0,success,105.0,0.005,,,,,,-572.654553087943,,
9790,realistic,3,x0y0,utah,,,Ab,saline,,,100.0,b,-1,0.08,axon,8.5,95662.3324885574,-200.49704671240124,-800.3136781656258,centered,,,,none,0.0,success,105.0,0.005,,,,,,270.7817451657604,,
9791,realistic,3,x0y0,utah,,,Ab,saline,,,100.0,b,-1,0.08,axon,13.3,137850.19795168133,494.77673662174857,-837.2939198733368,centered,,,,none,0.0,success,105.0,0.005,,,,,,-95.6233979852078,,
9792,realistic,3,x0y0,utah,,,Ab,saline,,,100.0,b,-1,0.08,axon,8.0,88314.64197221963,775.7380019479139,599.2607530903588,centered,,,,none,0.0,success,105.0,0.005,,,,,,-120.3186974783008,,
9793,realistic,3,x0y0,utah,,,Ab,saline,,,100.0,b,-1,0.08,axon,12.0,130047.541182306,888.1766888790326,192.82672638576062,centered,,,,49,5.215000000000115,success,50.68359375,0.005,,,,,1254.5670218051382,-46.37211112919211,888.1766888790326,192.82672638576062
9794,realistic,3,x0y0,utah,,,Ab,saline,,,100.0,b,-1,0.08,axon,7.9,86548.89477086408,326.2283250841765,-1284.0766928228904,centered,,,,none,0.0,success,105.0,0.005,,,,,,-428.1741523707322,,
9795,realistic,3,x0y0,utah,,,Ab,saline,,,100.0,b,-1,0.08,axon,8.0,88039.25499608631,-305.0417887161857,-773.0246716898546,centered,,,,none,0.0,success,105.0,0.005,,,,,,-395.7056736116026,,
9796,realistic,3,x0y0,utah,,,Ab,saline,,,100.0,b,-1,0.08,axon,11.8,128245.30573066426,486.9727912153512,712.298244625209,centered,,,,none,0.0,success,105.0,0.005,,,,,,-437.23349309478624,,
9797,realistic,3,x0y0,utah,,,Aa,saline,,,100.0,b,-1,0.08,axon,16.3,149416.44943201542,407.7154064720353,1065.9481350583883,centered,,,,none,0.0,success,105.0,0.005,,,,,,44.979418959682256,,
9798,realistic,3,x0y0,utah,,,Aa,saline,,,100.0,b,-1,0.08,axon,12.6,134249.87472119232,1159.4410619611301,378.1976986132158,centered,,,,none,0.0,success,105.0,0.005,,,,,,260.2626489173631,,
9799,realistic,3,x0y0,utah,,,Aa,saline,,,100.0,b,-1,0.08,axon,14.6,143683.89436298667,153.66748640397464,-946.4835480902613,centered,,,,none,0.0,success,105.0,0.005,,,,,,-172.87177614513766,,
9800,realistic,3,x0y0,utah,,,Aa,saline,,,100.0,b,-1,0.08,axon,14.6,144410.23641746124,760.2585769434145,392.1809823675235,centered,,,,49,5.260000000000122,success,74.51171875,0.005,,,,,1992.037939720787,553.4702783294631,760.2585769434145,392.1809823675235
9801,realistic,3,x0y0,utah,,,Aa,saline,,,100.0,b,-1,0.08,axon,15.6,147623.89693485998,809.6812307535738,464.2971042772692,centered,,,,49,5.260000000000122,success,83.4228515625,0.005,,,,,1738.7569312459673,265.1696584822013,809.6812307535738,464.2971042772692
9802,realistic,3,x0y0,utah,,,Aa,saline,,,100.0,b,-1,0.08,axon,16.5,150627.99878327386,940.3300798242128,-713.2979186625344,centered,,,,none,0.0,success,105.0,0.005,,,,,,739.2646803846318,,
9803,realistic,3,x0y0,utah,,,Aa,saline,,,100.0,b,-1,0.08,axon,15.1,146227.8633613232,869.7837563639441,-931.1787497709627,centered,,,,none,0.0,success,105.0,0.005,,,,,,520.0080327043557,,
9804,realistic,3,x0y0,utah,,,Aa,saline,,,100.0,b,-1,0.08,axon,14.9,144887.12146963828,-692.3683947687688,-1010.8795148130656,centered,,,,none,0.0,success,105.0,0.005,,,,,,-105.50499339420651,,
9805,realistic,3,x0y0,utah,,,Aa,saline,,,100.0,b,-1,0.08,axon,17.7,152778.72569846667,82.44122937251723,1330.7937968486776,centered,,,,none,0.0,success,105.0,0.005,,,,,,249.44997558967663,,
9806,realistic,3,x0y0,utah,,,Aa,saline,,,100.0,b,-1,0.08,axon,15.3,146111.83247830992,824.4234918860266,-414.1988064810507,centered,,,,50,5.260000000000122,success,75.29296875,0.005,,,,,-279.2360863032518,-279.23608630324145,824.4234918860266,-414.1988064810507
9807,realistic,3,x0y0,utah,,,Ab,saline,,,100.0,b,-1,0.08,axon,9.0,101488.71994341468,-447.21835041544546,-1212.9847258161826,centered,,,,none,0.0,success,105.0,0.005,,,,,,-314.49326691883044,,
9808,realistic,3,x0y0,utah,,,Ab,saline,,,100.0,b,-1,0.08,axon,14.1,141894.07445327926,811.1326500528439,-214.454858619356,centered,,,,49,5.195000000000112,success,39.276123046875,0.005,,,,,1528.2212104444043,110.38430900163478,811.1326500528439,-214.454858619356
9809,realistic,3,x0y0,utah,,,Ab,saline,,,100.0,b,-1,0.08,axon,9.2,103725.99328871787,456.8497614398248,-831.9695030744988,centered,,,,none,0.0,success,105.0,0.005,,,,,,-493.1647171709394,,
9810,realistic,3,x0y0,utah,,,Ab,saline,,,100.0,b,-1,0.08,axon,10.7,119272.27170423749,168.74884986856887,-982.5487367805245,centered,,,,none,0.0,success,105.0,0.005,,,,,,-531.0200445995611,,
9811,realistic,3,x0y0,utah,,,Ab,saline,,,100.0,b,-1,0.08,axon,7.9,87134.29775679215,476.5410212842412,882.7672782016571,centered,,,,none,0.0,success,105.0,0.005,,,,,,157.2288335573429,,
9812,realistic,3,x0y0,utah,,,Ab,saline,,,100.0,b,-1,0.08,axon,15.3,146277.9944392941,1028.500062334685,422.4972588111036,centered,,,,49,5.365000000000139,success,105.0,0.005,,,,,1350.836560327065,-113.07412531909956,1028.500062334685,422.4972588111036
9813,realistic,3,x0y0,utah,,,Ab,saline,,,100.0,b,-1,0.08,axon,8.9,100429.05364904211,75.87662452895394,-978.2052983220967,centered,,,,none,0.0,success,105.0,0.005,,,,,,-134.63244910094255,,
9814,realistic,3,x0y0,utah,,,Ab,saline,,,100.0,b,-1,0.08,axon,7.8,85117.71450063879,1138.700718220789,704.1147474178601,centered,,,,none,0.0,success,105.0,0.005,,,,,,-379.09433404471605,,
9815,realistic,3,x0y0,utah,,,Ab,saline,,,100.0,b,-1,0.08,axon,15.6,147107.81371611785,-155.14008547731555,1243.5459427708938,centered,,,,none,0.0,success,105.0,0.005,,,,,,-250.91356025993068,,
9816,realistic,3,x0y0,utah,,,Ab,saline,,,100.0,b,-1,0.08,axon,9.8,111154.186180785,1268.947483965444,-133.34554906938862,centered,,,,none,0.0,success,105.0,0.005,,,,,,179.12694995032365,,
9817,realistic,3,x0y0,utah,,,Aa,saline,,,100.0,b,-1,0.08,axon,16.8,149901.03400059394,366.0602434959574,-804.1782007222027,centered,,,,none,0.0,success,105.0,0.005,,,,,,-719.4921650449768,,
9818,realistic,3,x0y0,utah,,,Aa,saline,,,100.0,b,-1,0.08,axon,18.1,152637.18552889355,864.9993861673329,-345.677740160505,centered,,,,50,5.270000000000124,success,72.16796875,0.005,,,,,-617.9956565875327,-617.9956565875442,864.9993861673329,-345.677740160505
9819,realistic,3,x0y0,utah,,,Aa,saline,,,100.0,b,-1,0.08,axon,14.5,142963.70449813214,489.4473069306897,638.3186920658001,centered,,,,none,0.0,success,105.0,0.005,,,,,,-496.93214353002884,,
9820,realistic,3,x0y0,utah,,,Aa,saline,,,100.0,b,-1,0.08,axon,16.5,149820.21712003302,-580.163922750452,606.1029539023084,centered,,,,none,0.0,success,105.0,0.005,,,,,,-68.51698285619722,,
9821,realistic,3,x0y0,utah,,,Aa,saline,,,100.0,b,-1,0.08,axon,14.5,143976.36656428382,957.5573801626157,344.74199841712516,centered,,,,49,5.290000000000127,success,89.044189453125,0.005,,,,,1950.3362890382705,515.7299226215844,957.5573801626157,344.74199841712516
9822,realistic,3,x0y0,utah,,,Aa,saline,,,100.0,b,-1,0.08,axon,15.4,146262.92704674855,1283.563844548964,55.78121347757724,centered,,,,none,0.0,success,105.0,0.005,,,,,,-458.1554123530696,,
9823,realistic,3,x0y0,utah,,,Aa,saline,,,100.0,b,-1,0.08,axon,15.2,145961.21394944604,-232.59013474130504,1018.8259126411767,centered,,,,none,0.0,success,105.0,0.005,,,,,,-92.16664133419528,,
9824,realistic,3,x0y0,utah,,,Aa,saline,,,100.0,b,-1,0.08,axon,15.6,147644.4992506674,584.2319828560962,648.2047242952967,centered,,,,none,0.0,success,105.0,0.005,,,,,,285.77197428960693,,
9825,realistic,3,x0y0,utah,,,Aa,saline,,,100.0,b,-1,0.08,axon,13.1,136204.3275923687,1011.6037994554764,-74.17574192476332,centered,,,,49,5.285000000000126,success,78.55224609375,0.005,,,,,697.0646792793123,-671.6955521660486,1011.6037994554764,-74.17574192476332
9826,realistic,3,x0y0,utah,,,Aa,saline,,,100.0,b,-1,0.08,axon,12.4,132556.8161202266,-101.28862420460108,-1103.4738417155138,centered,,,,none,0.0,success,105.0,0.005,,,,,,-188.74746398042197,,
9827,realistic,3,x0y0,utah,,,Ab,saline,,,100.0,b,-1,0.08,axon,12.1,130514.67163245784,-497.11137707677926,-1183.4455136299562,centered,,,,none,0.0,success,105.0,0.005,,,,,,-263.1853580998608,,
9828,realistic,3,x0y0,utah,,,Ab,saline,,,100.0,b,-1,0.08,axon,13.6,139897.97376790794,201.99994821282328,-1232.8903478937505,centered,,,,none,0.0,success,105.0,0.005,,,,,,432.82033544199874,,
9829,realistic,3,x0y0,utah,,,Ab,saline,,,100.0,b,-1,0.08,axon,9.2,103771.27085560877,603.0092693976085,-907.1180119946234,centered,,,,none,0.0,success,105.0,0.005,,,,,,-447.8871502800629,,
9830,realistic,3,x0y0,utah,,,Ab,saline,,,100.0,b,-1,0.08,axon,8.6,96318.6124195849,718.1550794115648,-545.206237776747,centered,,,,none,0.0,success,105.0,0.005,,,,,,-398.36612815971984,,
9831,realistic,3,x0y0,utah,,,Ab,saline,,,100.0,b,-1,0.08,axon,16.1,149102.72998998282,-617.6561136167603,-716.8237957023453,centered,,,,none,0.0,success,105.0,0.005,,,,,,273.28195001724913,,
9832,realistic,3,x0y0,utah,,,Ab,saline,,,100.0,b,-1,0.08,axon,13.9,141029.81544194394,-676.8983306861705,574.726574689741,centered,,,,none,0.0,success,105.0,0.005,,,,,,142.71359925885386,,
9833,realistic,3,x0y0,utah,,,Ab,saline,,,100.0,b,-1,0.08,axon,8.4,94469.80250401802,1074.1297304970903,39.259626053989905,centered,,,,none,0.0,success,105.0,0.005,,,,,,425.4955084639218,,
9834,realistic,3,x0y0,utah,,,Ab,saline,,,100.0,b,-1,0.08,axon,13.8,139861.65043656118,1115.540107208959,-507.7590128089023,centered,,,,none,0.0,success,105.0,0.005,,,,,,-561.9452184119503,,
9835,realistic,3,x0y0,utah,,,Ab,saline,,,100.0,b,-1,0.08,axon,7.6,82423.87732080981,-378.7340614672708,-893.8770753413883,centered,,,,none,0.0,success,105.0,0.005,,,,,,-45.10825628131732,,
9836,realistic,3,x0y0,utah,,,Ab,saline,,,100.0,b,-1,0.08,axon,10.5,118317.81012962152,-600.2908341959906,-982.8822799625904,centered,,,,none,0.0,success,105.0,0.005,,,,,,347.60898149198476,,
9837,realistic,3,x0y0,utah,,,Aa,saline,,,100.0,b,-1,0.08,axon,16.5,150572.2758627991,757.318239869729,359.38754517881813,centered,,,,49,5.295000000000128,success,68.39599609375,0.005,,,,,2182.4291009388107,683.5417599099051,757.318239869729,359.38754517881813
9838,realistic,3,x0y0,utah,,,Aa,saline,,,100.0,b,-1,0.08,axon,14.6,144532.35233292368,451.9372132026157,817.1786377710696,centered,,,,none,0.0,success,105.0,0.005,,,,,,675.5861937918885,,
9839,realistic,3,x0y0,utah,,,Aa,saline,,,100.0,b,-1,0.08,axon,15.3,146305.25700599706,601.5890960837593,-889.5161878414227,centered,,,,none,0.0,success,105.0,0.005,,,,,,-85.8115586161486,,
9840,realistic,3,x0y0,utah,,,Aa,saline,,,100.0,b,-1,0.08,axon,15.2,146643.01956875133,-493.2850111843459,-1170.0590416725395,centered,,,,none,0.0,success,105.0,0.005,,,,,,589.6389779711134,,
9841,realistic,3,x0y0,utah,,,Aa,saline,,,100.0,b,-1,0.08,axon,14.7,144347.81247176888,789.2665293790601,841.043545219693,centered,,,,none,0.0,success,105.0,0.005,,,,,,103.7908340555426,,
9842,realistic,3,x0y0,utah,,,Aa,saline,,,100.0,b,-1,0.08,axon,16.6,149595.27479828126,933.1732781014972,520.2502163484337,centered,,,,none,0.0,success,105.0,0.005,,,,,,-543.1412424185677,,
9843,realistic,3,x0y0,utah,,,Aa,saline,,,100.0,b,-1,0.08,axon,16.8,151201.23305445927,-673.2219780915575,-663.9416550957767,centered,,,,none,0.0,success,105.0,0.005,,,,,,580.7068888203223,,
9844,realistic,3,x0y0,utah,,,Aa,saline,,,100.0,b,-1,0.08,axon,13.3,137383.97438246573,552.8959725194536,751.767668979689,centered,,,,none,0.0,success,105.0,0.005,,,,,,-561.8469672008007,,
9845,realistic,3,x0y0,utah,,,Aa,saline,,,100.0,b,-1,0.08,axon,16.1,148462.87019980038,-98.37801208555176,800.0392577293451,centered,,,,none,0.0,success,105.0,0.005,,,,,,-366.57784016517695,,
9846,realistic,3,x0y0,utah,,,Aa,saline,,,100.0,b,-1,0.08,axon,13.5,139080.3031980483,-56.02293766926459,-1154.0101801482185,centered,,,,none,0.0,success,105.0,0.005,,,,,,110.49583779784008,,
9847,realistic,3,x0y0,utah,,,Ab,saline,,,100.0,b,-1,0.08,axon,8.9,100878.10449549783,863.5630536131466,619.417124981469,centered,,,,none,0.0,success,105.0,0.005,,,,,,314.41839735480005,,
9848,realistic,3,x0y0,utah,,,Ab,saline,,,100.0,b,-1,0.08,axon,11.7,128557.7182488248,-261.1122067883889,1253.6276603550525,centered,,,,none,0.0,success,105.0,0.005,,,,,,603.0879260348113,,
9849,realistic,3,x0y0,utah,,,Ab,saline,,,100.0,b,-1,0.08,axon,11.5,126996.67887437619,-310.63408584636636,-1066.1450684550443,centered,,,,none,0.0,success,105.0,0.005,,,,,,543.5123241600321,,
9850,realistic,3,x0y0,utah,,,Ab,saline,,,100.0,b,-1,0.08,axon,9.1,102876.87994819868,-472.13733606324683,1077.781411318796,centered,,,,none,0.0,success,105.0,0.005,,,,,,-144.76779293278202,,
9851,realistic,3,x0y0,utah,,,Ab,saline,,,100.0,b,-1,0.08,axon,8.6,96750.66115179162,267.90054554495055,-958.3928542503028,centered,,,,none,0.0,success,105.0,0.005,,,,,,33.68260404700383,,
9852,realistic,3,x0y0,utah,,,Ab,saline,,,100.0,b,-1,0.08,axon,8.3,92729.19810446682,939.9085195366672,930.1649503906327,centered,,,,none,0.0,success,105.0,0.005,,,,,,54.06890750594579,,
9853,realistic,3,x0y0,utah,,,Ab,saline,,,100.0,b,-1,0.08,axon,8.0,88346.91109986466,201.930735961394,-916.7904091702667,centered,,,,none,0.0,success,105.0,0.005,,,,,,-88.04956983324698,,
9854,realistic,3,x0y0,utah,,,Ab,saline,,,100.0,b,-1,0.08,axon,10.4,116478.25373326859,774.4130843133603,979.34814791571,centered,,,,none,0.0,success,105.0,0.005,,,,,,-548.5031417303753,,
9855,realistic,3,x0y0,utah,,,Ab,saline,,,100.0,b,-1,0.08,axon,9.6,108267.69554986297,412.1563105571672,-945.24892382628,centered,,,,none,0.0,success,105.0,0.005,,,,,,-535.8613721726895,,
9856,realistic,3,x0y0,utah,,,Ab,saline,,,100.0,b,-1,0.08,axon,8.7,97792.20519704523,111.42703066843204,1048.834264062537,centered,,,,none,0.0,success,105.0,0.005,,,,,,-228.51273689538527,,
9857,realistic,3,x0y0,utah,,,Aa,saline,,,100.0,b,-1,0.08,axon,14.8,145135.6210113678,-185.16400293533115,-968.1778861464264,centered,,,,none,0.0,success,105.0,0.005,,,,,,513.0382319707113,,
9858,realistic,3,x0y0,utah,,,Aa,saline,,,100.0,b,-1,0.08,axon,15.1,145946.39404547948,276.57342410998444,-1073.7206823309778,centered,,,,none,0.0,success,105.0,0.005,,,,,,238.53871686064,,
9859,realistic,3,x0y0,utah,,,Aa,saline,,,100.0,b,-1,0.08,axon,14.3,142934.49942645172,627.6978939953574,-634.6590796091277,centered,,,,none,0.0,success,105.0,0.005,,,,,,293.47603058167687,,
9860,realistic,3,x0y0,utah,,,Aa,saline,,,100.0,b,-1,0.08,axon,13.0,136703.5030111972,1020.1362051260893,-758.2592731285872,centered,,,,none,0.0,success,105.0,0.005,,,,,,380.0999994610223,,
9861,realistic,3,x0y0,utah,,,Aa,saline,,,100.0,b,-1,0.08,axon,16.3,149695.0332718879,456.4198865804378,1131.6284761195766,centered,,,,none,0.0,success,105.0,0.005,,,,,,323.56325883214924,,
9862,realistic,3,x0y0,utah,,,Aa,saline,,,100.0,b,-1,0.08,axon,13.5,139356.99103041244,1123.463744017854,305.72932042826284,centered,,,,none,0.0,success,105.0,0.005,,,,,,387.1836701620008,,
9863,realistic,3,x0y0,utah,,,Aa,saline,,,100.0,b,-1,0.08,axon,16.0,148677.40248137698,450.38128862587166,-1140.8630974375342,centered,,,,none,0.0,success,105.0,0.005,,,,,,128.59320421984717,,
9864,realistic,3,x0y0,utah,,,Aa,saline,,,100.0,b,-1,0.08,axon,13.4,137840.90418656342,-643.231701080213,-984.354485157161,centered,,,,none,0.0,success,105.0,0.005,,,,,,-622.5295653474802,,
9865,realistic,3,x0y0,utah,,,Aa,saline,,,100.0,b,-1,0.08,axon,14.1,141344.56255306394,-509.51256583667686,-1207.4152950009066,centered,,,,none,0.0,success,105.0,0.005,,,,,,-439.12759121365167,,
9866,realistic,3,x0y0,utah,,,Aa,saline,,,100.0,b,-1,0.08,axon,13.8,140761.02699840587,223.15533405736187,-994.4389211576728,centered,,,,none,0.0,success,105.0,0.005,,,,,,337.4313434327519,,
9867,realistic,3,x0y0,utah,,,Ab,saline,,,100.0,b,-1,0.08,axon,11.2,124663.36596940436,-334.1059726999252,761.1805025189615,centered,,,,none,0.0,success,105.0,0.005,,,,,,580.1312759086891,,
9868,realistic,3,x0y0,utah,,,Ab,saline,,,100.0,b,-1,0.08,axon,10.4,116602.65528252214,865.5425409740669,590.0728328343413,centered,,,,none,0.0,success,105.0,0.005,,,,,,-424.10159247680235,,
9869,realistic,3,x0y0,utah,,,Ab,saline,,,100.0,b,-1,0.08,axon,10.4,117609.60772993557,1005.8869202431813,209.07207591038292,centered,,,,50,5.2800000000001255,success,96.533203125,0.005,,,,,582.8508549366088,582.8508549366196,1005.8869202431813,209.07207591038292
9870,realistic,3,x0y0,utah,,,Ab,saline,,,100.0,b,-1,0.08,axon,17.5,151391.90513839896,-499.23627499719396,1167.954058223172,centered,,,,none,0.0,success,105.0,0.005,,,,,,-747.6599774241472,,
9871,realistic,3,x0y0,utah,,,Ab,saline,,,100.0,b,-1,0.08,axon,11.6,126816.98617599875,-679.663155009122,-423.6306024143911,centered,,,,none,0.0,success,105.0,0.005,,,,,,-394.60028013841765,,
9872,realistic,3,x0y0,utah,,,Ab,saline,,,100.0,b,-1,0.08,axon,10.9,121265.33066877494,667.387997255104,528.6650445324285,centered,,,,none,0.0,success,105.0,0.005,,,,,,-300.89061235368814,,
9873,realistic,3,x0y0,utah,,,Ab,saline,,,100.0,b,-1,0.08,axon,9.4,106719.98741855414,350.9896869504237,799.8908489969208,centered,,,,none,0.0,success,105.0,0.005,,,,,,167.87417431092237,,
9874,realistic,3,x0y0,utah,,,Ab,saline,,,100.0,b,-1,0.08,axon,11.9,129943.7250364772,249.7412038517228,-1304.1858408541768,centered,,,,none,0.0,success,105.0,0.005,,,,,,548.1713965865962,,
9875,realistic,3,x0y0,utah,,,Ab,saline,,,100.0,b,-1,0.08,axon,8.0,88019.46974570044,-643.7234031309645,-504.1136480748855,centered,,,,none,0.0,success,105.0,0.005,,,,,,-415.4909239974881,,
9876,realistic,3,x0y0,utah,,,Ab,saline,,,100.0,b,-1,0.08,axon,9.2,104244.1280591934,-468.1661717837019,927.3603342394322,centered,,,,none,0.0,success,105.0,0.005,,,,,,24.970053304581093,,
9877,realistic,3,x0y0,utah,,,Aa,saline,,,100.0,b,-1,0.08,axon,13.9,141577.58808167448,1181.3965989744486,433.75298118387167,centered,,,,none,0.0,success,105.0,0.005,,,,,,690.4862389893633,,
9878,realistic,3,x0y0,utah,,,Aa,saline,,,100.0,b,-1,0.08,axon,15.2,146398.14076379972,996.2101869829207,962.3036765051074,centered,,,,none,0.0,success,105.0,0.005,,,,,,344.76017301945336,,
9879,realistic,3,x0y0,utah,,,Aa,saline,,,100.0,b,-1,0.08,axon,16.9,150351.94994896234,1285.2531205565174,21.31383790585824,centered,,,,none,0.0,success,105.0,0.005,,,,,,-501.2556680605806,,
9880,realistic,3,x0y0,utah,,,Aa,saline,,,100.0,b,-1,0.08,axon,15.5,146912.0088183599,1248.7711010940602,-565.1247325307959,centered,,,,none,0.0,success,105.0,0.005,,,,,,-131.5739485324527,,
9881,realistic,3,x0y0,utah,,,Aa,saline,,,100.0,b,-1,0.08,axon,17.3,151373.17965940354,693.8488821170354,-649.8800130602281,centered,,,,none,0.0,success,105.0,0.005,,,,,,-357.7265574286033,,
9882,realistic,3,x0y0,utah,,,Aa,saline,,,100.0,b,-1,0.08,axon,14.9,145396.271549387,-517.8719446568084,-758.0675251855088,centered,,,,none,0.0,success,105.0,0.005,,,,,,403.6450863544768,,
9883,realistic,3,x0y0,utah,,,Aa,saline,,,100.0,b,-1,0.08,axon,17.4,151493.68254202578,482.2532572035078,-782.3879432944414,centered,,,,none,0.0,success,105.0,0.005,,,,,,-443.97555385900216,,
9884,realistic,3,x0y0,utah,,,Aa,saline,,,100.0,b,-1,0.08,axon,13.2,137754.66763869472,490.1925210574591,1011.5545680406303,centered,,,,none,0.0,success,105.0,0.005,,,,,,337.9111517294817,,
9885,realistic,3,x0y0,utah,,,Aa,saline,,,100.0,b,-1,0.08,axon,15.6,147936.12895640839,-328.5695571628831,794.2512899309842,centered,,,,none,0.0,success,105.0,0.005,,,,,,577.4016800306407,,
9886,realistic,3,x0y0,utah,,,Aa,saline,,,100.0,b,-1,0.08,axon,15.3,146050.62705536454,218.53347318080887,918.121141270276,centered,,,,none,0.0,success,105.0,0.005,,,,,,-340.441509248631,,
9887,realistic,3,x0y0,utah,,,Ab,saline,,,100.0,b,-1,0.08,axon,8.1,90296.60160182373,356.1780434379875,787.7467334714792,centered,,,,none,0.0,success,105.0,0.005,,,,,,426.0529300233584,,
9888,realistic,3,x0y0,utah,,,Ab,saline,,,100.0,b,-1,0.08,axon,10.6,118553.78344545234,99.83731203680644,-1309.6227933236635,centered,,,,none,0.0,success,105.0,0.005,,,,,,-341.85129426892496,,
9889,realistic,3,x0y0,utah,,,Ab,saline,,,100.0,b,-1,0.08,axon,7.8,85171.12656797799,171.62305135212227,-801.0370592805187,centered,,,,none,0.0,success,105.0,0.005,,,,,,-325.682266705503,,
9890,realistic,3,x0y0,utah,,,Ab,saline,,,100.0,b,-1,0.08,axon,8.1,89808.00905139733,-192.90158873002656,1147.2878602229175,centered,,,,none,0.0,success,105.0,0.005,,,,,,-62.539620403038185,,
9891,realistic,3,x0y0,utah,,,Ab,saline,,,100.0,b,-1,0.08,axon,7.9,86727.90806666741,785.6431896270833,-1051.9191381014698,centered,,,,none,0.0,success,105.0,0.005,,,,,,-249.16085656740242,,
9892,realistic,3,x0y0,utah,,,Ab,saline,,,100.0,b,-1,0.08,axon,8.4,94293.36598309524,739.2790706365538,-621.4378643831277,centered,,,,none,0.0,success,105.0,0.005,,,,,,249.0589875411252,,
9893,realistic,3,x0y0,utah,,,Ab,saline,,,100.0,b,-1,0.08,axon,13.6,138771.59365013056,143.3733439272069,-1066.1246158305516,centered,,,,none,0.0,success,105.0,0.005,,,,,,-693.5597823353803,,
9894,realistic,3,x0y0,utah,,,Ab,saline,,,100.0,b,-1,0.08,axon,9.4,106798.27019018904,-48.539152722262315,1234.1529730780048,centered,,,,none,0.0,success,105.0,0.005,,,,,,246.15694594583863,,
9895,realistic,3,x0y0,utah,,,Ab,saline,,,100.0,b,-1,0.08,axon,11.3,125190.59556969086,727.4026965137909,437.8300108273925,centered,,,,49,5.260000000000122,success,85.58349609375,0.005,,,,,1550.2554762057407,301.3631520290941,727.4026965137909,437.8300108273925
9896,realistic,3,x0y0,utah,,,Ab,saline,,,100.0,b,-1,0.08,axon,9.7,110421.48914969015,901.8608671727907,135.8010877349143,centered,,,,49,5.24500000000012,success,67.041015625,0.005,,,,,1621.2818053521041,522.2898119749483,901.8608671727907,135.8010877349143
9897,realistic,3,x0y0,utah,,,Aa,saline,,,100.0,b,-1,0.08,axon,14.0,140859.51028756396,1004.4881306802677,-703.4917236928586,centered,,,,none,0.0,success,105.0,0.005,,,,,,-480.8902033440694,,
9898,realistic,3,x0y0,utah,,,Aa,saline,,,100.0,b,-1,0.08,axon,14.5,142916.51444795163,699.688293779298,-547.7177020914573,centered,,,,50,5.230000000000118,success,105.0,0.005,,,,,-544.1221937105583,-544.1221937105557,699.688293779298,-547.7177020914573
9899,realistic,3,x0y0,utah,,,Aa,saline,,,100.0,b,-1,0.08,axon,15.9,147685.45393157768,-531.1210145834493,-703.7250320499406,centered,,,,none,0.0,success,105.0,0.005,,,,,,-576.1097078313622,,
9900,realistic,3,x0y0,utah,,,Aa,saline,,,100.0,b,-1,0.08,axon,14.9,144450.64046830972,574.3868719699502,946.4190623029468,centered,,,,none,0.0,success,105.0,0.005,,,,,,-541.9859947227948,,
9901,realistic,3,x0y0,utah,,,Aa,saline,,,100.0,b,-1,0.08,axon,16.1,149064.6460297809,867.2579706152638,-648.9533514698219,centered,,,,none,0.0,success,105.0,0.005,,,,,,235.1979898153593,,
9902,realistic,3,x0y0,utah,,,Aa,saline,,,100.0,b,-1,0.08,axon,14.6,144076.20977726966,1100.3703883391418,840.054091403877,centered,,,,none,0.0,success,105.0,0.005,,,,,,219.44363813785927,,
9903,realistic,3,x0y0,utah,,,Aa,saline,,,100.0,b,-1,0.08,axon,17.5,152336.93075246562,-556.306128367878,648.2336238551378,centered,,,,none,0.0,success,105.0,0.005,,,,,,197.36563664248771,,
9904,realistic,3,x0y0,utah,,,Aa,saline,,,100.0,b,-1,0.08,axon,16.2,148883.3423430959,646.4075469186996,517.3759183459074,centered,,,,51,5.270000000000124,success,83.97216796875,0.005,,,,,-1711.315714807628,-220.279496412525,646.4075469186996,517.3759183459074
9905,realistic,3,x0y0,utah,,,Aa,saline,,,100.0,b,-1,0.08,axon,16.7,150775.58712699864,277.9886708411582,-916.1062566905341,centered,,,,none,0.0,success,105.0,0.005,,,,,,393.2826790915729,,
9906,realistic,3,x0y0,utah,,,Aa,saline,,,100.0,b,-1,0.08,axon,14.8,145201.30678303778,400.61786437376406,1262.2275784633912,centered,,,,none,0.0,success,105.0,0.005,,,,,,578.7240036407227,,
9907,realistic,3,x0y0,utah,,,Ab,saline,,,100.0,b,-1,0.08,axon,11.1,122645.13377698873,-219.88992067736217,-1286.8551904784379,centered,,,,none,0.0,success,105.0,0.005,,,,,,-615.7605509798633,,
9908,realistic,3,x0y0,utah,,,Ab,saline,,,100.0,b,-1,0.08,axon,9.1,102749.49138634732,1073.152497543152,-849.08734101554,centered,,,,none,0.0,success,105.0,0.005,,,,,,-272.1563547841021,,
9909,realistic,3,x0y0,utah,,,Ab,saline,,,100.0,b,-1,0.08,axon,11.2,124515.34926082069,242.71838169429245,1059.0844436515918,centered,,,,none,0.0,success,105.0,0.005,,,,,,432.1145673250274,,
9910,realistic,3,x0y0,utah,,,Ab,saline,,,100.0,b,-1,0.08,axon,14.2,141602.18105577506,160.8869122649753,-1227.387739483226,centered,,,,none,0.0,success,105.0,0.005,,,,,,-614.9856467219388,,
9911,realistic,3,x0y0,utah,,,Ab,saline,,,100.0,b,-1,0.08,axon,12.1,130980.27175085015,379.96515040909065,-724.0418047769887,centered,,,,none,0.0,success,105.0,0.005,,,,,,202.41476029242537,,
9912,realistic,3,x0y0,utah,,,Ab,saline,,,100.0,b,-1,0.08,axon,7.5,81066.97318802349,188.83856297152667,-1126.4927131387922,centered,,,,none,0.0,success,105.0,0.005,,,,,,145.61837836278318,,
9913,realistic,3,x0y0,utah,,,Ab,saline,,,100.0,b,-1,0.08,axon,17.2,151308.62271415786,-272.26127520025875,953.0301518300017,centered,,,,none,0.0,success,105.0,0.005,,,,,,-210.57622776219284,,
9914,realistic,3,x0y0,utah,,,Ab,saline,,,100.0,b,-1,0.08,axon,8.7,98169.76421694047,928.1623524055092,-688.8675409955795,centered,,,,none,0.0,success,105.0,0.005,,,,,,149.04628299984668,,
9915,realistic,3,x0y0,utah,,,Ab,saline,,,100.0,b,-1,0.08,axon,7.6,82420.21403448995,869.7296954852478,215.7198369646217,centered,,,,50,5.2350000000001184,success,70.9228515625,0.005,,,,,-48.7715426011855,-48.77154260118333,869.7296954852478,215.7198369646217
9916,realistic,3,x0y0,utah,,,Ab,saline,,,100.0,b,-1,0.08,axon,14.1,142340.3474406812,726.7988756587248,-466.76997333652025,centered,,,,49,5.265000000000123,success,89.044189453125,0.005,,,,,1974.494197846332,556.6572964035623,726.7988756587248,-466.76997333652025
9917,realistic,3,x0y0,utah,,,Aa,saline,,,100.0,b,-1,0.08,axon,13.1,136373.59890411506,286.14517839071004,1139.3185618507864,centered,,,,none,0.0,success,105.0,0.005,,,,,,-502.424240419726,,
9918,realistic,3,x0y0,utah,,,Aa,saline,,,100.0,b,-1,0.08,axon,13.8,139943.3600276518,564.4549452558576,-593.5029574083877,centered,,,,none,0.0,success,105.0,0.005,,,,,,-480.23562732133036,,
9919,realistic,3,x0y0,utah,,,Aa,saline,,,100.0,b,-1,0.08,axon,16.8,150510.98531126793,-545.0011958111277,838.9403066628893,centered,,,,none,0.0,success,105.0,0.005,,,,,,-109.54085437100815,,
9920,realistic,3,x0y0,utah,,,Aa,saline,,,100.0,b,-1,0.08,axon,15.6,148077.89817092346,-290.1521399106691,-1059.749712662951,centered,,,,none,0.0,success,105.0,0.005,,,,,,719.1708945456849,,
9921,realistic,3,x0y0,utah,,,Aa,saline,,,100.0,b,-1,0.08,axon,14.8,144126.83940571552,554.9701437731818,945.0088211462364,centered,,,,none,0.0,success,105.0,0.005,,,,,,-495.743373681556,,
9922,realistic,3,x0y0,utah,,,Aa,saline,,,100.0,b,-1,0.08,axon,16.1,148569.30258206197,-181.81029369291127,1155.1579964282519,centered,,,,none,0.0,success,105.0,0.005,,,,,,-260.14545790361643,,
9923,realistic,3,x0y0,utah,,,Aa,saline,,,100.0,b,-1,0.08,axon,14.2,142149.0836994807,1136.4841142991327,174.50482343355952,centered,,,,50,5.255000000000122,success,99.462890625,0.005,,,,,-68.08300301630516,-68.08300301630672,1136.4841142991327,174.50482343355952
9924,realistic,3,x0y0,utah,,,Aa,saline,,,100.0,b,-1,0.08,axon,19.3,155156.88365503456,1029.8284077822675,720.9480224605018,centered,,,,none,0.0,success,105.0,0.005,,,,,,98.01077128353936,,
9925,realistic,3,x0y0,utah,,,Aa,saline,,,100.0,b,-1,0.08,axon,18.3,153879.65058207698,1047.3316425921394,659.4866798303601,centered,,,,none,0.0,success,105.0,0.005,,,,,,286.6934153585399,,
9926,realistic,3,x0y0,utah,,,Aa,saline,,,100.0,b,-1,0.08,axon,14.1,141084.88252200952,-615.7782269062054,-856.7008928604109,centered,,,,none,0.0,success,105.0,0.005,,,,,,-698.8076222681099,,
9927,realistic,3,x0y0,utah,,,Ab,saline,,,100.0,b,-1,0.08,axon,9.0,101335.06288465275,716.7561670311528,744.3171439226808,centered,,,,none,0.0,success,105.0,0.005,,,,,,-468.1503256807616,,
9928,realistic,3,x0y0,utah,,,Ab,saline,,,100.0,b,-1,0.08,axon,9.8,110631.08165643565,-236.0688332668288,-946.9118169738254,centered,,,,none,0.0,success,105.0,0.005,,,,,,-343.97757439904206,,
9929,realistic,3,x0y0,utah,,,Ab,saline,,,100.0,b,-1,0.08,axon,12.2,131467.88085835526,1077.7497218265255,448.59799916862175,centered,,,,none,0.0,success,105.0,0.005,,,,,,20.258386318874255,,
9930,realistic,3,x0y0,utah,,,Ab,saline,,,100.0,b,-1,0.08,axon,9.2,104652.61657496756,836.1055455773235,514.1201677416257,centered,,,,none,0.0,success,105.0,0.005,,,,,,433.45856907876487,,
9931,realistic,3,x0y0,utah,,,Ab,saline,,,100.0,b,-1,0.08,axon,10.2,114977.49621967455,613.1034706611686,-982.6653155046524,centered,,,,none,0.0,success,105.0,0.005,,,,,,-107.41446974712166,,
9932,realistic,3,x0y0,utah,,,Ab,saline,,,100.0,b,-1,0.08,axon,17.5,151750.7888215583,578.6802240359557,-1072.6278423423078,centered,,,,none,0.0,success,105.0,0.005,,,,,,-388.77629426480667,,
9933,realistic,3,x0y0,utah,,,Ab,saline,,,100.0,b,-1,0.08,axon,10.3,116405.16761291369,559.6564385113567,601.3042213119606,centered,,,,none,0.0,success,105.0,0.005,,,,,,340.0976885842813,,
9934,realistic,3,x0y0,utah,,,Ab,saline,,,100.0,b,-1,0.08,axon,7.5,80880.8428789257,-285.9705450952701,-1110.7396512506082,centered,,,,none,0.0,success,105.0,0.005,,,,,,-40.511930735004185,,
9935,realistic,3,x0y0,utah,,,Ab,saline,,,100.0,b,-1,0.08,axon,8.1,89486.89916526762,1017.0185083561107,196.86075815003414,centered,,,,none,0.0,success,105.0,0.005,,,,,,-383.6495065327432,,
9936,realistic,3,x0y0,utah,,,Ab,saline,,,100.0,b,-1,0.08,axon,8.3,92650.59745480538,686.8953811961755,574.6304157072841,centered,,,,none,0.0,success,105.0,0.005,,,,,,-24.53174215549248,,
9937,realistic,3,x0y0,utah,,,Aa,saline,,,100.0,b,-1,0.08,axon,17.6,151825.05458118801,-216.8532120731184,811.4165808880152,centered,,,,none,0.0,success,105.0,0.005,,,,,,-511.68102540102507,,
9938,realistic,3,x0y0,utah,,,Aa,saline,,,100.0,b,-1,0.08,axon,14.8,144035.83780296153,882.0350068203911,-230.08138041190568,centered,,,,51,5.265000000000123,success,63.525390625,0.005,,,,,-2032.9708042295242,-586.7449764355457,882.0350068203911,-230.08138041190568
9939,realistic,3,x0y0,utah,,,Aa,saline,,,100.0,b,-1,0.08,axon,13.9,141096.10588995775,785.7092968361853,-634.2972744516927,centered,,,,none,0.0,success,105.0,0.005,,,,,,209.00404727262975,,
9940,realistic,3,x0y0,utah,,,Aa,saline,,,100.0,b,-1,0.08,axon,16.7,149984.02212510342,-54.147332192146216,-1028.4779698894586,centered,,,,none,0.0,success,105.0,0.005,,,,,,-398.28232280361436,,
9941,realistic,3,x0y0,utah,,,Aa,saline,,,100.0,b,-1,0.08,axon,13.6,139682.19405655414,660.5834785265732,587.2525064702577,centered,,,,none,0.0,success,105.0,0.005,,,,,,217.0406240881644,,
9942,realistic,3,x0y0,utah,,,Aa,saline,,,100.0,b,-1,0.08,axon,18.2,153078.60349690856,-590.4894125037649,827.3805291672297,centered,,,,none,0.0,success,105.0,0.005,,,,,,-347.4843492031025,,
9943,realistic,3,x0y0,utah,,,Aa,saline,,,100.0,b,-1,0.08,axon,14.8,144010.63108220324,872.1236760852366,-72.18813421126197,centered,,,,51,5.225000000000117,success,50.927734375,0.005,,,,,-2058.177524987812,-611.9516971938458,872.1236760852366,-72.18813421126197
9944,realistic,3,x0y0,utah,,,Aa,saline,,,100.0,b,-1,0.08,axon,14.4,143698.53648017958,757.0774501905303,515.9087877343518,centered,,,,49,5.170000000000108,success,105.0,0.005,,,,,2073.6402232281107,643.0857155821642,757.0774501905303,515.9087877343518
9945,realistic,3,x0y0,utah,,,Aa,saline,,,100.0,b,-1,0.08,axon,13.5,139301.40125998124,-639.0476683238994,925.9704932908617,centered,,,,none,0.0,success,105.0,0.005,,,,,,331.59389973078333,,
9946,realistic,3,x0y0,utah,,,Aa,saline,,,100.0,b,-1,0.08,axon,18.5,154120.90923442176,-322.76351600359567,1005.6880433111197,centered,,,,none,0.0,success,105.0,0.005,,,,,,205.96007461660182,,
9947,realistic,3,x0y0,utah,,,Ab,saline,,,100.0,b,-1,0.08,axon,12.7,134251.64874429288,746.7111040682856,-848.1346179663175,centered,,,,none,0.0,success,105.0,0.005,,,,,,-340.3570942819738,,
9948,realistic,3,x0y0,utah,,,Ab,saline,,,100.0,b,-1,0.08,axon,8.2,91320.30607147103,-33.99804943170875,1171.0111318796264,centered,,,,none,0.0,success,105.0,0.005,,,,,,36.396986126570745,,
9949,realistic,3,x0y0,utah,,,Ab,saline,,,100.0,b,-1,0.08,axon,13.7,140576.28823489975,494.13248632541854,918.8500855795996,centered,,,,none,0.0,success,105.0,0.005,,,,,,626.6074682853804,,
9950,realistic,3,x0y0,utah,,,Ab,saline,,,100.0,b,-1,0.08,axon,10.8,120397.12297541855,1032.4392233410736,135.5262380366171,centered,,,,50,5.260000000000122,success,86.077880859375,0.005,,,,,-296.2851255656569,-296.2851255656398,1032.4392233410736,135.5262380366171
9951,realistic,3,x0y0,utah,,,Ab,saline,,,100.0,b,-1,0.08,axon,12.3,132438.6948315308,821.9102996419551,-273.87453985661887,centered,,,,49,5.225000000000117,success,57.0556640625,0.005,,,,,1656.283022294083,335.2485595745302,821.9102996419551,-273.87453985661887
9952,realistic,3,x0y0,utah,,,Ab,saline,,,100.0,b,-1,0.08,axon,7.9,87393.4720571987,265.8719190072479,1353.5687877962282,centered,,,,none,0.0,success,105.0,0.005,,,,,,416.4031339638907,,
9953,realistic,3,x0y0,utah,,,Ab,saline,,,100.0,b,-1,0.08,axon,11.2,123801.9067053657,910.1028974589533,148.79396796125818,centered,,,,51,5.220000000000116,success,55.9814453125,0.005,,,,,-1522.1603350649093,-281.3279881299498,910.1028974589533,148.79396796125818
9954,realistic,3,x0y0,utah,,,Ab,saline,,,100.0,b,-1,0.08,axon,8.6,97032.98704969043,-378.09407198748255,-1067.1158927848905,centered,,,,none,0.0,success,105.0,0.005,,,,,,316.00850194582887,,
9955,realistic,3,x0y0,utah,,,Ab,saline,,,100.0,b,-1,0.08,axon,8.0,88152.29880981578,-183.8855024247414,-1163.8358622380413,centered,,,,none,0.0,success,105.0,0.005,,,,,,-282.66185988214613,,
9956,realistic,3,x0y0,utah,,,Ab,saline,,,100.0,b,-1,0.08,axon,9.2,104127.19911967848,-444.2789458111988,-827.5394031722102,centered,,,,none,0.0,success,105.0,0.005,,,,,,-91.95888621033531,,
9957,realistic,3,x0y0,utah,,,Aa,saline,,,100.0,b,-1,0.08,axon,16.6,149430.51392748425,526.0800735066614,819.1551999087745,centered,,,,none,0.0,success,105.0,0.005,,,,,,-707.9021132155749,,
9958,realistic,3,x0y0,utah,,,Aa,saline,,,100.0,b,-1,0.08,axon,13.9,140475.79724320734,693.4422373855391,-912.2589076221876,centered,,,,none,0.0,success,105.0,0.005,,,,,,-411.30459947773375,,
9959,realistic,3,x0y0,utah,,,Aa,saline,,,100.0,b,-1,0.08,axon,14.0,141860.03655831155,-447.5456167181183,747.7601021102499,centered,,,,none,0.0,success,105.0,0.005,,,,,,519.6360674035103,,
9960,realistic,3,x0y0,utah,,,Aa,saline,,,100.0,b,-1,0.08,axon,15.2,146501.00962301233,818.8766339187969,769.7566898606516,centered,,,,none,0.0,success,105.0,0.005,,,,,,447.62903223210037,,
9961,realistic,3,x0y0,utah,,,Aa,saline,,,100.0,b,-1,0.08,axon,15.5,147396.68029486743,782.2199100239486,-1063.221585193421,centered,,,,none,0.0,success,105.0,0.005,,,,,,353.0975279751037,,
9962,realistic,3,x0y0,utah,,,Aa,saline,,,100.0,b,-1,0.08,axon,15.3,146107.83048728167,33.95691171611407,-1302.712376127888,centered,,,,none,0.0,success,105.0,0.005,,,,,,-283.2380773315056,,
9963,realistic,3,x0y0,utah,,,Aa,saline,,,100.0,b,-1,0.08,axon,14.4,143639.93928060748,1161.032213476139,290.359939402746,centered,,,,none,0.0,success,105.0,0.005,,,,,,584.4885160100607,,
9964,realistic,3,x0y0,utah,,,Aa,saline,,,100.0,b,-1,0.08,axon,14.0,140979.49733738526,1041.0066394603546,493.88028454866617,centered,,,,none,0.0,success,105.0,0.005,,,,,,-360.90315352282255,,
9965,realistic,3,x0y0,utah,,,Aa,saline,,,100.0,b,-1,0.08,axon,13.2,137730.06920196995,589.1489326545608,1137.3088173728954,centered,,,,none,0.0,success,105.0,0.005,,,,,,313.312715004717,,
9966,realistic,3,x0y0,utah,,,Aa,saline,,,100.0,b,-1,0.08,axon,15.8,147709.63837854928,-600.4931781009204,1181.5066510929746,centered,,,,none,0.0,success,105.0,0.005,,,,,,-257.9282394330802,,
9967,realistic,3,x0y0,utah,,,Ab,saline,,,100.0,b,-1,0.08,axon,7.5,80947.54599954268,956.7061684438607,-628.4220449752072,centered,,,,none,0.0,success,105.0,0.005,,,,,,26.191189881970104,,
9968,realistic,3,x0y0,utah,,,Ab,saline,,,100.0,b,-1,0.08,axon,8.1,90059.23961569431,827.8292657888693,94.87740573203881,centered,,,,49,5.200000000000113,success,40.887451171875,0.005,,,,,1087.3964306119597,188.69094389396548,827.8292657888693,94.87740573203881
9969,realistic,3,x0y0,utah,,,Ab,saline,,,100.0,b,-1,0.08,axon,8.9,100627.61836190507,-535.8819415463977,-1256.1241094627228,centered,,,,none,0.0,success,105.0,0.005,,,,,,63.932263762034324,,
9970,realistic,3,x0y0,utah,,,Ab,saline,,,100.0,b,-1,0.08,axon,9.8,110769.31264428627,-634.8695312885689,843.0469933174367,centered,,,,none,0.0,success,105.0,0.005,,,,,,-205.74658654842563,,
9971,realistic,3,x0y0,utah,,,Ab,saline,,,100.0,b,-1,0.08,axon,13.6,140114.8903252714,736.3808514631532,628.3185870365727,centered,,,,none,0.0,success,105.0,0.005,,,,,,649.7368928054485,,
9972,realistic,3,x0y0,utah,,,Ab,saline,,,100.0,b,-1,0.08,axon,8.3,92306.42070086472,-506.0133498001619,-1130.2829619053787,centered,,,,none,0.0,success,105.0,0.005,,,,,,-368.70849609615163,,
9973,realistic,3,x0y0,utah,,,Ab,saline,,,100.0,b,-1,0.08,axon,7.6,82711.7177780295,550.5870590399345,1082.1138710968653,centered,,,,none,0.0,success,105.0,0.005,,,,,,242.73220093836935,,
9974,realistic,3,x0y0,utah,,,Ab,saline,,,100.0,b,-1,0.08,axon,14.0,141345.09810404992,554.6202007424687,918.9220056522647,centered,,,,none,0.0,success,105.0,0.005,,,,,,4.69761314186389,,
9975,realistic,3,x0y0,utah,,,Ab,saline,,,100.0,b,-1,0.08,axon,7.8,85128.02415127952,942.753339668322,-44.503084178301386,centered,,,,50,5.265000000000123,success,77.2705078125,0.005,,,,,-368.78468340398103,-368.78468340395983,942.753339668322,-44.503084178301386
9976,realistic,3,x0y0,utah,,,Ab,saline,,,100.0,b,-1,0.08,axon,7.6,82456.84954818564,879.1893859618464,-875.078196015932,centered,,,,none,0.0,success,105.0,0.005,,,,,,-12.13602890550635,,
9977,realistic,3,x0y0,utah,,,Aa,saline,,,100.0,b,-1,0.08,axon,15.1,146151.7934823534,409.6382897429216,780.8225979396966,centered,,,,none,0.0,success,105.0,0.005,,,,,,443.938153734552,,
9978,realistic,3,x0y0,utah,,,Aa,saline,,,100.0,b,-1,0.08,axon,14.4,143676.22564903164,-37.08309147668115,-1134.3853506905048,centered,,,,none,0.0,success,105.0,0.005,,,,,,620.7748844342275,,
9979,realistic,3,x0y0,utah,,,Aa,saline,,,100.0,b,-1,0.08,axon,16.9,151486.55510094436,-634.7019689964644,1231.567464042515,centered,,,,none,0.0,success,105.0,0.005,,,,,,633.3494839214313,,
9980,realistic,3,x0y0,utah,,,Aa,saline,,,100.0,b,-1,0.08,axon,14.8,144135.39299177102,1194.517240010255,141.84488823126912,centered,,,,none,0.0,success,105.0,0.005,,,,,,-487.1897876260565,,
9981,realistic,3,x0y0,utah,,,Aa,saline,,,100.0,b,-1,0.08,axon,16.0,148882.12266313052,656.3750196875144,-1078.2269618817354,centered,,,,none,0.0,success,105.0,0.005,,,,,,333.31338597337094,,
9982,realistic,3,x0y0,utah,,,Aa,saline,,,100.0,b,-1,0.08,axon,14.7,144521.20059882526,1210.4633774376425,5.663316286536428,centered,,,,none,0.0,success,105.0,0.005,,,,,,277.1789611119329,,
9983,realistic,3,x0y0,utah,,,Aa,saline,,,100.0,b,-1,0.08,axon,19.7,155625.92461024373,732.7905149397911,-343.4564673458972,centered,,,,49,5.230000000000118,success,47.3876953125,0.005,,,,,1628.1841314773192,72.65139936856754,732.7905149397911,-343.4564673458972
9984,realistic,3,x0y0,utah,,,Aa,saline,,,100.0,b,-1,0.08,axon,19.0,155216.98222637485,846.101778163219,-921.806289390552,centered,,,,none,0.0,success,105.0,0.005,,,,,,561.5100194329655,,
9985,realistic,3,x0y0,utah,,,Aa,saline,,,100.0,b,-1,0.08,axon,13.5,139293.88312053154,737.8251980386917,-309.9981197511993,centered,,,,49,5.225000000000117,success,52.0751953125,0.005,,,,,1713.7738338836061,324.0757602810872,737.8251980386917,-309.9981197511993
9986,realistic,3,x0y0,utah,,,Aa,saline,,,100.0,b,-1,0.08,axon,15.5,147713.30999468008,42.43650840467171,-1383.7200304558835,centered,,,,none,0.0,success,105.0,0.005,,,,,,669.7272277877338,,
9987,realistic,3,x0y0,utah,,,Ab,saline,,,100.0,b,-1,0.08,axon,10.4,116775.20970611465,897.5430215477451,427.429701902598,centered,,,,none,0.0,success,105.0,0.005,,,,,,-251.54716888429482,,
9988,realistic,3,x0y0,utah,,,Ab,saline,,,100.0,b,-1,0.08,axon,8.2,91136.434163075,-375.1815691546808,1001.482509873028,centered,,,,none,0.0,success,105.0,0.005,,,,,,-147.4749222694663,,
9989,realistic,3,x0y0,utah,,,Ab,saline,,,100.0,b,-1,0.08,axon,9.6,108697.79050200417,1255.2472409636102,522.5837449222267,centered,,,,none,0.0,success,105.0,0.005,,,,,,-105.76642003149618,,
9990,realistic,3,x0y0,utah,,,Ab,saline,,,100.0,b,-1,0.08,axon,8.8,99132.84867656957,1147.233614692881,8.955547844621377,centered,,,,none,0.0,success,105.0,0.005,,,,,,-170.05674407612776,,
9991,realistic,3,x0y0,utah,,,Ab,saline,,,100.0,b,-1,0.08,axon,9.3,105849.2568876148,254.6765066670237,947.533817641413,centered,,,,none,0.0,success,105.0,0.005,,,,,,453.3376391840032,,
9992,realistic,3,x0y0,utah,,,Ab,saline,,,100.0,b,-1,0.08,axon,11.4,125558.97050168132,934.9800994629124,436.2645255938774,centered,,,,none,0.0,success,105.0,0.005,,,,,,-120.15861142451669,,
9993,realistic,3,x0y0,utah,,,Ab,saline,,,100.0,b,-1,0.08,axon,9.3,105127.25082172302,942.1969378646868,-630.6425726256583,centered,,,,none,0.0,success,105.0,0.005,,,,,,-268.6684267077748,,
9994,realistic,3,x0y0,utah,,,Ab,saline,,,100.0,b,-1,0.08,axon,11.3,124275.19418085663,982.6043562332753,821.05885281807,centered,,,,none,0.0,success,105.0,0.005,,,,,,-614.0382368050917,,
9995,realistic,3,x0y0,utah,,,Ab,saline,,,100.0,b,-1,0.08,axon,10.1,114440.6456273974,-301.5530123711519,-1031.7635266290165,centered,,,,none,0.0,success,105.0,0.005,,,,,,354.5933786972348,,
9996,realistic,3,x0y0,utah,,,Ab,saline,,,100.0,b,-1,0.08,axon,18.3,153805.49766035515,1043.4944997055327,75.28625212362203,centered,,,,49,5.240000000000119,success,65.0634765625,0.005,,,,,1748.4700653038744,212.54049363668,1043.4944997055327,75.28625212362203
9997,realistic,3,x0y0,utah,,,Aa,saline,,,100.0,b,-1,0.08,axon,15.5,146662.6656513867,512.4244406291059,755.1973507573816,centered,,,,none,0.0,success,105.0,0.005,,,,,,-380.917115505673,,
9998,realistic,3,x0y0,utah,,,Aa,saline,,,100.0,b,-1,0.08,axon,18.2,153905.89840664348,-493.78193465323466,-857.123369409705,centered,,,,none,0.0,success,105.0,0.005,,,,,,479.8105605318296,,
9999,realistic,3,x0y0,utah,,,Aa,saline,,,100.0,b,-1,0.08,axon,13.1,137214.41848482395,837.0144994427243,-16.894200396569882,centered,,,,49,5.195000000000112,success,34.197998046875,0.005,,,,,1707.1555717345618,338.3953402892032,837.0144994427243,-16.894200396569882
10000,realistic,3,x0y0,utah,,,Aa,saline,,,100.0,b,-1,0.08,axon,14.7,144596.28991216962,28.137274817073827,1102.1059269812404,centered,,,,none,0.0,success,105.0,0.005,,,,,,352.2682744562876,,
10001,realistic,3,x0y0,utah,,,Aa,saline,,,100.0,b,-1,0.08,axon,17.1,151787.77877941306,97.35394757155657,1211.3366509946372,centered,,,,none,0.0,success,105.0,0.005,,,,,,485.3552831268608,,
10002,realistic,3,x0y0,utah,,,Aa,saline,,,100.0,b,-1,0.08,axon,15.3,146180.7711553801,942.0028487713333,-1008.0868506274664,centered,,,,none,0.0,success,105.0,0.005,,,,,,-210.29740923308688,,
10003,realistic,3,x0y0,utah,,,Aa,saline,,,100.0,b,-1,0.08,axon,13.5,138325.68327755303,-191.65051609517968,-823.2505528508922,centered,,,,none,0.0,success,105.0,0.005,,,,,,-644.1240826974142,,
10004,realistic,3,x0y0,utah,,,Aa,saline,,,100.0,b,-1,0.08,axon,13.0,135668.30813263447,95.57120924576022,-1109.4029197457273,centered,,,,none,0.0,success,105.0,0.005,,,,,,-655.0948791017066,,
10005,realistic,3,x0y0,utah,,,Aa,saline,,,100.0,b,-1,0.08,axon,16.5,149163.36628879508,1047.1279003001546,-133.40868201313015,centered,,,,49,5.31000000000013,success,81.77490234375,0.005,,,,,773.5195269347751,-725.3678140941125,1047.1279003001546,-133.40868201313015
10006,realistic,3,x0y0,utah,,,Aa,saline,,,100.0,b,-1,0.08,axon,15.8,147954.36374667074,-560.5322291651864,730.0944281264174,centered,,,,none,0.0,success,105.0,0.005,,,,,,-13.202871311570373,,
10007,realistic,3,x0y0,utah,,,Ab,saline,,,100.0,b,-1,0.08,axon,15.3,146558.33283539407,-58.97686309342043,1059.292392248357,centered,,,,none,0.0,success,105.0,0.005,,,,,,167.2642707808996,,
10008,realistic,3,x0y0,utah,,,Ab,saline,,,100.0,b,-1,0.08,axon,7.8,85203.99949534622,887.0818314684993,-939.5029017380413,centered,,,,none,0.0,success,105.0,0.005,,,,,,-292.80933933728335,,
10009,realistic,3,x0y0,utah,,,Ab,saline,,,100.0,b,-1,0.08,axon,8.4,94168.6398941242,1159.9704222511245,-559.6205499394887,centered,,,,none,0.0,success,105.0,0.005,,,,,,124.3328985701104,,
10010,realistic,3,x0y0,utah,,,Ab,saline,,,100.0,b,-1,0.08,axon,16.9,151579.43659086106,-372.25918541242027,-800.7717471527907,centered,,,,none,0.0,success,105.0,0.005,,,,,,726.2309738381407,,
10011,realistic,3,x0y0,utah,,,Ab,saline,,,100.0,b,-1,0.08,axon,9.5,107232.3060738107,605.3407442316743,-726.7198533577739,centered,,,,none,0.0,success,105.0,0.005,,,,,,-455.6218364968977,,
10012,realistic,3,x0y0,utah,,,Ab,saline,,,100.0,b,-1,0.08,axon,7.8,85909.07823144957,1045.448331412972,-833.3060071194891,centered,,,,none,0.0,success,105.0,0.005,,,,,,412.26939676607833,,
10013,realistic,3,x0y0,utah,,,Ab,saline,,,100.0,b,-1,0.08,axon,13.9,141431.8034254501,47.570916385373486,-1285.8203207201266,centered,,,,none,0.0,success,105.0,0.005,,,,,,544.7015827650109,,
10014,realistic,3,x0y0,utah,,,Ab,saline,,,100.0,b,-1,0.08,axon,14.9,145322.03043441256,-594.4070698368323,-1175.082634864071,centered,,,,none,0.0,success,105.0,0.005,,,,,,329.4039713800651,,
10015,realistic,3,x0y0,utah,,,Ab,saline,,,100.0,b,-1,0.08,axon,7.5,80889.87276877814,730.6548049241801,-388.7438420494395,centered,,,,50,5.260000000000122,success,98.73046875,0.005,,,,,-31.482040882576257,-31.482040882570853,730.6548049241801,-388.7438420494395
10016,realistic,3,x0y0,utah,,,Ab,saline,,,100.0,b,-1,0.08,axon,10.7,119816.74790708256,436.9155882775731,-814.1972523416216,centered,,,,none,0.0,success,105.0,0.005,,,,,,13.456158245492865,,
10017,realistic,3,x0y0,utah,,,Aa,saline,,,100.0,b,-1,0.08,axon,16.7,150259.4157643819,299.4317460823532,1316.3948242217955,centered,,,,none,0.0,success,105.0,0.005,,,,,,-122.88868352516032,,
10018,realistic,3,x0y0,utah,,,Aa,saline,,,100.0,b,-1,0.08,axon,17.6,152124.1459425712,437.6884334839274,-1066.6241807165784,centered,,,,none,0.0,success,105.0,0.005,,,,,,-212.58966401785145,,
10019,realistic,3,x0y0,utah,,,Aa,saline,,,100.0,b,-1,0.08,axon,14.5,143613.08152935488,179.74453278108513,1205.4116345390867,centered,,,,none,0.0,success,105.0,0.005,,,,,,152.44488769268875,,
10020,realistic,3,x0y0,utah,,,Aa,saline,,,100.0,b,-1,0.08,axon,16.3,148888.3185131232,857.1859258477939,25.748906219285804,centered,,,,51,5.205000000000114,success,40.447998046875,0.005,,,,,-1976.8662000631157,-483.1514999325481,857.1859258477939,25.748906219285804
10021,realistic,3,x0y0,utah,,,Aa,saline,,,100.0,b,-1,0.08,axon,14.7,143885.0870149411,45.958684439656274,-1193.956859632565,centered,,,,none,0.0,success,105.0,0.005,,,,,,-358.9346227722427,,
10022,realistic,3,x0y0,utah,,,Aa,saline,,,100.0,b,-1,0.08,axon,12.8,135774.48857452872,-562.0918236126619,-1186.61112426955,centered,,,,none,0.0,success,105.0,0.005,,,,,,592.8704919927784,,
10023,realistic,3,x0y0,utah,,,Aa,saline,,,100.0,b,-1,0.08,axon,14.6,144394.08556742786,548.004114582463,-855.4873647271907,centered,,,,none,0.0,success,105.0,0.005,,,,,,537.3194282960338,,
10024,realistic,3,x0y0,utah,,,Aa,saline,,,100.0,b,-1,0.08,axon,18.8,154307.5164553835,50.28465313119296,-1359.199034685858,centered,,,,none,0.0,success,105.0,0.005,,,,,,-62.37451144069443,,
10025,realistic,3,x0y0,utah,,,Aa,saline,,,100.0,b,-1,0.08,axon,15.5,147549.78908827025,-84.36400309351711,-1191.4601858035965,centered,,,,none,0.0,success,105.0,0.005,,,,,,506.20632137785117,,
10026,realistic,3,x0y0,utah,,,Aa,saline,,,100.0,b,-1,0.08,axon,14.6,143727.26468309108,885.273138794998,-784.4075419011815,centered,,,,none,0.0,success,105.0,0.005,,,,,,-129.50145604069334,,
10027,realistic,3,x0y0,utah,,,Ab,saline,,,100.0,b,-1,0.08,axon,12.1,131189.29585829665,-637.8468080145749,-927.8923530172297,centered,,,,none,0.0,success,105.0,0.005,,,,,,411.4388677389341,,
10028,realistic,3,x0y0,utah,,,Ab,saline,,,100.0,b,-1,0.08,axon,8.9,100452.81814746947,-68.86782473102767,-896.8508323616697,centered,,,,none,0.0,success,105.0,0.005,,,,,,-110.86795067356488,,
10029,realistic,3,x0y0,utah,,,Ab,saline,,,100.0,b,-1,0.08,axon,9.0,102272.43085089397,530.2006417986131,-1024.7845060250568,centered,,,,none,0.0,success,105.0,0.005,,,,,,469.2176405604499,,
10030,realistic,3,x0y0,utah,,,Ab,saline,,,100.0,b,-1,0.08,axon,8.5,94979.331424485,715.9940664677753,1119.7485339321538,centered,,,,none,0.0,success,105.0,0.005,,,,,,-412.21931890665354,,
10031,realistic,3,x0y0,utah,,,Ab,saline,,,100.0,b,-1,0.08,axon,7.6,82201.13439328338,1061.5485938525308,-428.0109019805245,centered,,,,none,0.0,success,105.0,0.005,,,,,,-267.85118380775486,,
10032,realistic,3,x0y0,utah,,,Ab,saline,,,100.0,b,-1,0.08,axon,7.8,85192.92790321851,341.3776973562399,-774.5186763091356,centered,,,,none,0.0,success,105.0,0.005,,,,,,-303.88093146498295,,
10033,realistic,3,x0y0,utah,,,Ab,saline,,,100.0,b,-1,0.08,axon,10.6,119418.85537854086,959.8008635371159,-911.1627698556688,centered,,,,none,0.0,success,105.0,0.005,,,,,,523.2206388195632,,
10034,realistic,3,x0y0,utah,,,Ab,saline,,,100.0,b,-1,0.08,axon,16.0,148278.95756415618,598.4830533531523,906.3182160576144,centered,,,,none,0.0,success,105.0,0.005,,,,,,-269.8517130009006,,
10035,realistic,3,x0y0,utah,,,Ab,saline,,,100.0,b,-1,0.08,axon,15.8,148018.54792125223,7.258888174592812,1199.7633950566305,centered,,,,none,0.0,success,105.0,0.005,,,,,,50.98130326992084,,
10036,realistic,3,x0y0,utah,,,Ab,saline,,,100.0,b,-1,0.08,axon,10.1,114590.79152037283,1297.4875869292573,-187.73395943630607,centered,,,,none,0.0,success,105.0,0.005,,,,,,504.7392716726537,,
10037,realistic,3,x0y0,utah,,,Aa,saline,,,100.0,b,-1,0.08,axon,17.7,151870.57372201158,229.1624431750811,803.041322614044,centered,,,,none,0.0,success,105.0,0.005,,,,,,-658.7020008654317,,
10038,realistic,3,x0y0,utah,,,Aa,saline,,,100.0,b,-1,0.08,axon,14.3,142621.11933223295,-241.46201252939412,-1359.1665053308086,centered,,,,none,0.0,success,105.0,0.005,,,,,,-19.904063637082093,,
10039,realistic,3,x0y0,utah,,,Aa,saline,,,100.0,b,-1,0.08,axon,18.3,153416.28073918345,29.489984058376194,1180.763253997613,centered,,,,none,0.0,success,105.0,0.005,,,,,,-176.67642753502804,,
10040,realistic,3,x0y0,utah,,,Aa,saline,,,100.0,b,-1,0.08,axon,15.5,147121.64552629282,-130.73393131214607,1201.9991767203182,centered,,,,none,0.0,success,105.0,0.005,,,,,,78.06275940045316,,
10041,realistic,3,x0y0,utah,,,Aa,saline,,,100.0,b,-1,0.08,axon,17.7,152482.74162846102,856.2185005425054,-506.36884631078834,centered,,,,50,5.265000000000123,success,90.4449462890625,0.005,,,,,-46.53409441598342,-46.53409441599081,856.2185005425054,-506.36884631078834
10042,realistic,3,x0y0,utah,,,Aa,saline,,,100.0,b,-1,0.08,axon,17.7,152316.7552369385,186.556406476836,-1031.6855263716202,centered,,,,none,0.0,success,105.0,0.005,,,,,,-212.5204859384919,,
10043,realistic,3,x0y0,utah,,,Aa,saline,,,100.0,b,-1,0.08,axon,14.5,143864.16412843636,781.5428880933722,-1001.3208497032148,centered,,,,none,0.0,success,105.0,0.005,,,,,,403.5274867741567,,
10044,realistic,3,x0y0,utah,,,Aa,saline,,,100.0,b,-1,0.08,axon,16.5,150447.64419017546,1063.7009045242476,378.1222045535797,centered,,,,none,0.0,success,105.0,0.005,,,,,,558.9100872862311,,
10045,realistic,3,x0y0,utah,,,Aa,saline,,,100.0,b,-1,0.08,axon,13.5,139024.310158155,-676.5273999070532,742.0537098889923,centered,,,,none,0.0,success,105.0,0.005,,,,,,54.50279790456821,,
10046,realistic,3,x0y0,utah,,,Aa,saline,,,100.0,b,-1,0.08,axon,15.9,147591.14416044127,818.0003286630404,754.1797357558435,centered,,,,none,0.0,success,105.0,0.005,,,,,,-670.4194789677863,,
10047,realistic,3,x0y0,utah,,,Ab,saline,,,100.0,b,-1,0.08,axon,10.0,112855.49566380266,939.1093024776512,609.2382255580055,centered,,,,none,0.0,success,105.0,0.005,,,,,,-212.77500725294982,,
10048,realistic,3,x0y0,utah,,,Ab,saline,,,100.0,b,-1,0.08,axon,8.6,96725.55690780542,-416.5401910171017,-1163.6206066859488,centered,,,,none,0.0,success,105.0,0.005,,,,,,8.578360060808238,,
10049,realistic,3,x0y0,utah,,,Ab,saline,,,100.0,b,-1,0.08,axon,7.5,80753.3390719045,-170.14368983775466,1332.4265020161092,centered,,,,none,0.0,success,105.0,0.005,,,,,,-168.0157377562154,,
10050,realistic,3,x0y0,utah,,,Ab,saline,,,100.0,b,-1,0.08,axon,11.2,124501.54760111679,-379.0944939206847,823.6994600256447,centered,,,,none,0.0,success,105.0,0.005,,,,,,418.31290762113093,,
10051,realistic,3,x0y0,utah,,,Ab,saline,,,100.0,b,-1,0.08,axon,10.7,119941.31599799125,-600.665519709577,588.184548626376,centered,,,,none,0.0,success,105.0,0.005,,,,,,138.02424915418416,,
10052,realistic,3,x0y0,utah,,,Ab,saline,,,100.0,b,-1,0.08,axon,8.9,100093.25839479204,-241.09580497205658,-997.7375563138257,centered,,,,none,0.0,success,105.0,0.005,,,,,,-470.4277033510173,,
10053,realistic,3,x0y0,utah,,,Ab,saline,,,100.0,b,-1,0.08,axon,11.5,126979.49188942148,1105.7878706568854,-25.61746765715316,centered,,,,none,0.0,success,105.0,0.005,,,,,,526.3253392053358,,
10054,realistic,3,x0y0,utah,,,Ab,saline,,,100.0,b,-1,0.08,axon,14.1,141137.37483231802,766.9229377804103,-645.085693854629,centered,,,,none,0.0,success,105.0,0.005,,,,,,-646.3153119596016,,
10055,realistic,3,x0y0,utah,,,Ab,saline,,,100.0,b,-1,0.08,axon,10.2,115591.38533277596,566.404041637652,-943.1509214887492,centered,,,,none,0.0,success,105.0,0.005,,,,,,506.47464335430624,,
10056,realistic,3,x0y0,utah,,,Ab,saline,,,100.0,b,-1,0.08,axon,9.4,106661.69121814141,376.54729454853117,854.2851290372812,centered,,,,none,0.0,success,105.0,0.005,,,,,,109.57797389817759,,
10057,realistic,3,x0y0,utah,,,Aa,saline,,,100.0,b,-1,0.08,axon,16.0,148890.31449664847,650.5483489227781,-839.4361617358877,centered,,,,none,0.0,success,105.0,0.005,,,,,,341.50521949130933,,
10058,realistic,3,x0y0,utah,,,Aa,saline,,,100.0,b,-1,0.08,axon,14.6,143436.53028312366,1065.283964978089,804.8533422307743,centered,,,,none,0.0,success,105.0,0.005,,,,,,-420.23585600814124,,
10059,realistic,3,x0y0,utah,,,Aa,saline,,,100.0,b,-1,0.08,axon,15.6,147548.2348074457,1306.657197971469,-254.5501992998961,centered,,,,none,0.0,success,105.0,0.005,,,,,,189.50753106788542,,
10060,realistic,3,x0y0,utah,,,Aa,saline,,,100.0,b,-1,0.08,axon,16.8,150251.1792787803,1204.4621770981464,83.63395661784443,centered,,,,none,0.0,success,105.0,0.005,,,,,,-369.3468868586243,,
10061,realistic,3,x0y0,utah,,,Aa,saline,,,100.0,b,-1,0.08,axon,14.0,141313.30049290418,793.5921479821428,-114.71205218962496,centered,,,,49,5.175000000000109,success,25.7568359375,0.005,,,,,1386.3040069052076,-27.099998003858094,793.5921479821428,-114.71205218962496
10062,realistic,3,x0y0,utah,,,Aa,saline,,,100.0,b,-1,0.08,axon,16.5,150210.22781928227,-351.1026081221766,-976.2657839941446,centered,,,,none,0.0,success,105.0,0.005,,,,,,321.4937163930754,,
10063,realistic,3,x0y0,utah,,,Aa,saline,,,100.0,b,-1,0.08,axon,14.9,145532.09962695974,129.07314592695502,-1339.686886577737,centered,,,,none,0.0,success,105.0,0.005,,,,,,539.473163927257,,
10064,realistic,3,x0y0,utah,,,Aa,saline,,,100.0,b,-1,0.08,axon,15.9,147820.29282615738,231.96883625413602,1221.7682430252962,centered,,,,none,0.0,success,105.0,0.005,,,,,,-441.2708132516776,,
10065,realistic,3,x0y0,utah,,,Aa,saline,,,100.0,b,-1,0.08,axon,16.7,149866.21283644714,1029.8088246891848,480.3744703187126,centered,,,,none,0.0,success,105.0,0.005,,,,,,-516.0916114598892,,
10066,realistic,3,x0y0,utah,,,Aa,saline,,,100.0,b,-1,0.08,axon,17.1,150872.48861872437,-473.1127533561557,1286.924580709874,centered,,,,none,0.0,success,105.0,0.005,,,,,,-429.9348775618728,,
10067,realistic,3,x0y0,utah,,,Ab,saline,,,100.0,b,-1,0.08,axon,10.6,119321.58151375908,-321.06485790704534,-925.8495018341507,centered,,,,none,0.0,success,105.0,0.005,,,,,,425.9467740377863,,
10068,realistic,3,x0y0,utah,,,Ab,saline,,,100.0,b,-1,0.08,axon,12.2,132015.46973590265,1297.1969667117535,-325.27061207384395,centered,,,,none,0.0,success,105.0,0.005,,,,,,567.8472638662388,,
10069,realistic,3,x0y0,utah,,,Ab,saline,,,100.0,b,-1,0.08,axon,9.5,107888.73561399484,-151.74283830057448,-1381.5081187899923,centered,,,,none,0.0,success,105.0,0.005,,,,,,200.8077036872567,,
10070,realistic,3,x0y0,utah,,,Ab,saline,,,100.0,b,-1,0.08,axon,7.8,85256.44562119282,852.9209263195967,-1090.0900389946803,centered,,,,none,0.0,success,105.0,0.005,,,,,,-240.36321349066142,,
10071,realistic,3,x0y0,utah,,,Ab,saline,,,100.0,b,-1,0.08,axon,14.9,145216.153822274,659.6826241181648,-877.5488688712039,centered,,,,none,0.0,success,105.0,0.005,,,,,,223.52735924149326,,
10072,realistic,3,x0y0,utah,,,Ab,saline,,,100.0,b,-1,0.08,axon,7.5,80669.79405564173,-639.1757385679803,-1092.276013916215,centered,,,,none,0.0,success,105.0,0.005,,,,,,-251.5607540189841,,
10073,realistic,3,x0y0,utah,,,Ab,saline,,,100.0,b,-1,0.08,axon,8.7,98128.5312185206,789.667613529688,701.8881528924463,centered,,,,none,0.0,success,105.0,0.005,,,,,,107.81328457998896,,
10074,realistic,3,x0y0,utah,,,Ab,saline,,,100.0,b,-1,0.08,axon,8.2,91043.55658830133,963.7992108126014,-944.1348151277845,centered,,,,none,0.0,success,105.0,0.005,,,,,,-240.3524970431486,,
10075,realistic,3,x0y0,utah,,,Ab,saline,,,100.0,b,-1,0.08,axon,9.3,105429.71579226332,1211.3175055287884,-300.6003402713377,centered,,,,none,0.0,success,105.0,0.005,,,,,,33.79654383252969,,
10076,realistic,3,x0y0,utah,,,Ab,saline,,,100.0,b,-1,0.08,axon,11.2,123813.1022393983,-691.1713073976125,-716.3966096864401,centered,,,,none,0.0,success,105.0,0.005,,,,,,-270.1324540973524,,
10077,realistic,3,x0y0,utah,,,Aa,saline,,,100.0,b,-1,0.08,axon,14.5,144079.22805689447,1291.6212847909665,505.24169474377317,centered,,,,none,0.0,success,105.0,0.005,,,,,,618.5914152322839,,
10078,realistic,3,x0y0,utah,,,Aa,saline,,,100.0,b,-1,0.08,axon,14.3,143279.87609124082,697.7071964743459,-1064.4557486361027,centered,,,,none,0.0,success,105.0,0.005,,,,,,638.8526953707842,,
10079,realistic,3,x0y0,utah,,,Aa,saline,,,100.0,b,-1,0.08,axon,15.7,148157.15275869673,650.1937716630573,-1019.3430025290274,centered,,,,none,0.0,success,105.0,0.005,,,,,,490.48167307923484,,
10080,realistic,3,x0y0,utah,,,Aa,saline,,,100.0,b,-1,0.08,axon,19.2,154533.4322986976,702.8133558104117,-434.4019982980709,centered,,,,51,5.250000000000121,success,67.4072265625,0.005,,,,,-1943.476921537018,-394.2005926238089,702.8133558104117,-434.4019982980709
10081,realistic,3,x0y0,utah,,,Aa,saline,,,100.0,b,-1,0.08,axon,17.0,150477.1058135991,514.0437501442311,-1035.0184574423884,centered,,,,none,0.0,success,105.0,0.005,,,,,,-603.3590223292675,,
10082,realistic,3,x0y0,utah,,,Aa,saline,,,100.0,b,-1,0.08,axon,14.2,142692.21303233836,1017.5998784697148,238.51439713992204,centered,,,,49,5.2800000000001255,success,85.14404296875,0.005,,,,,1897.217996866355,475.04632984136094,1017.5998784697148,238.51439713992204
10083,realistic,3,x0y0,utah,,,Aa,saline,,,100.0,b,-1,0.08,axon,17.2,151989.07348236296,-255.34288981495132,1024.2844026730436,centered,,,,none,0.0,success,105.0,0.005,,,,,,469.8745404429409,,
10084,realistic,3,x0y0,utah,,,Aa,saline,,,100.0,b,-1,0.08,axon,16.6,149958.66199775142,180.31552014778072,1263.9949981203708,centered,,,,none,0.0,success,105.0,0.005,,,,,,-179.7540429483878,,
10085,realistic,3,x0y0,utah,,,Aa,saline,,,100.0,b,-1,0.08,axon,16.7,150741.30160891646,-518.9471755734885,627.455788095463,centered,,,,none,0.0,success,105.0,0.005,,,,,,358.9971610093918,,
10086,realistic,3,x0y0,utah,,,Aa,saline,,,100.0,b,-1,0.08,axon,16.6,150216.32184025648,1101.1925208061475,-256.4935765282953,centered,,,,49,5.285000000000126,success,91.845703125,0.005,,,,,1579.289959963673,77.90579955667629,1101.1925208061475,-256.4935765282953
10087,realistic,3,x0y0,utah,,,Ab,saline,,,100.0,b,-1,0.08,axon,8.3,92990.94110375062,1335.0016709725517,273.9226066591,centered,,,,none,0.0,success,105.0,0.005,,,,,,315.81190678975565,,
10088,realistic,3,x0y0,utah,,,Ab,saline,,,100.0,b,-1,0.08,axon,8.6,97083.57543002443,208.70105005219875,-937.7169965935312,centered,,,,none,0.0,success,105.0,0.005,,,,,,366.5968822798062,,
10089,realistic,3,x0y0,utah,,,Ab,saline,,,100.0,b,-1,0.08,axon,8.3,92986.14943432117,-94.76747791774052,1041.7914571362294,centered,,,,none,0.0,success,105.0,0.005,,,,,,311.02023736030645,,
10090,realistic,3,x0y0,utah,,,Ab,saline,,,100.0,b,-1,0.08,axon,9.1,103386.14005644456,-20.241261750609286,1092.6641023512984,centered,,,,none,0.0,success,105.0,0.005,,,,,,364.49231531310346,,
10091,realistic,3,x0y0,utah,,,Ab,saline,,,100.0,b,-1,0.08,axon,17.2,151620.9981615509,135.48071686051978,-1000.3574983923602,centered,,,,none,0.0,success,105.0,0.005,,,,,,101.79921963088506,,
10092,realistic,3,x0y0,utah,,,Ab,saline,,,100.0,b,-1,0.08,axon,10.9,120996.40886730526,1126.9921008251513,-762.5718562123453,centered,,,,none,0.0,success,105.0,0.005,,,,,,-569.8124138233799,,
10093,realistic,3,x0y0,utah,,,Ab,saline,,,100.0,b,-1,0.08,axon,9.7,109597.80342436768,347.77776183997634,-1286.6180032006343,centered,,,,none,0.0,success,105.0,0.005,,,,,,-301.39591334754533,,
10094,realistic,3,x0y0,utah,,,Ab,saline,,,100.0,b,-1,0.08,axon,9.1,103110.73259394776,1036.8662058931986,-252.4972423489471,centered,,,,none,0.0,success,105.0,0.005,,,,,,89.08485281630495,,
10095,realistic,3,x0y0,utah,,,Ab,saline,,,100.0,b,-1,0.08,axon,11.9,128830.10963460221,74.67135389058376,-1067.3199421536362,centered,,,,none,0.0,success,105.0,0.005,,,,,,-565.4440052884021,,
10096,realistic,3,x0y0,utah,,,Ab,saline,,,100.0,b,-1,0.08,axon,9.3,105026.79978968512,825.3743365561763,-1098.5352839258553,centered,,,,none,0.0,success,105.0,0.005,,,,,,-369.11945874567147,,
10097,realistic,3,x0y0,utah,,,Aa,saline,,,100.0,b,-1,0.08,axon,16.7,150225.858549581,-38.28346403221076,837.9519905562352,centered,,,,none,0.0,success,105.0,0.005,,,,,,-156.4458983260649,,
10098,realistic,3,x0y0,utah,,,Aa,saline,,,100.0,b,-1,0.08,axon,14.4,142820.83515259298,811.4709753976732,-442.4292812103632,centered,,,,50,5.285000000000126,success,80.89599609375,0.005,,,,,-234.61561200444703,-234.61561200445362,811.4709753976732,-442.4292812103632
10099,realistic,3,x0y0,utah,,,Aa,saline,,,100.0,b,-1,0.08,axon,17.5,151901.38761598305,1241.9789890509485,-333.0644040357806,centered,,,,none,0.0,success,105.0,0.005,,,,,,-238.1774998400074,,
10100,realistic,3,x0y0,utah,,,Aa,saline,,,100.0,b,-1,0.08,axon,16.0,147823.43865878743,-38.161451868067616,1270.0226060527884,centered,,,,none,0.0,success,105.0,0.005,,,,,,-725.3706183696587,,
10101,realistic,3,x0y0,utah,,,Aa,saline,,,100.0,b,-1,0.08,axon,15.3,146114.87465036855,-654.3612151758502,-491.1062955223947,centered,,,,none,0.0,success,105.0,0.005,,,,,,-276.1939142446295,,
10102,realistic,3,x0y0,utah,,,Aa,saline,,,100.0,b,-1,0.08,axon,12.4,132232.01050335792,503.1907202402877,1248.5468825875287,centered,,,,none,0.0,success,105.0,0.005,,,,,,-513.5530808491147,,
10103,realistic,3,x0y0,utah,,,Aa,saline,,,100.0,b,-1,0.08,axon,16.5,150555.52528863036,338.4011279957199,-757.6644933464145,centered,,,,none,0.0,success,105.0,0.005,,,,,,666.7911857411752,,
10104,realistic,3,x0y0,utah,,,Aa,saline,,,100.0,b,-1,0.08,axon,13.2,137719.32892314054,-8.463864115976776,1086.0872419281663,centered,,,,none,0.0,success,105.0,0.005,,,,,,302.5724361753512,,
10105,realistic,3,x0y0,utah,,,Aa,saline,,,100.0,b,-1,0.08,axon,16.7,150922.70046503804,-56.72834648077604,-1173.017570356201,centered,,,,none,0.0,success,105.0,0.005,,,,,,540.3960171309882,,
10106,realistic,3,x0y0,utah,,,Aa,saline,,,100.0,b,-1,0.08,axon,16.2,149396.80660228187,733.8973817879123,1092.37123406529,centered,,,,none,0.0,success,105.0,0.005,,,,,,293.184762773428,,
10107,realistic,3,x0y0,utah,,,Ab,saline,,,100.0,b,-1,0.08,axon,10.9,121625.13496093884,-506.3869559552159,936.2103153751677,centered,,,,none,0.0,success,105.0,0.005,,,,,,58.913679810201685,,
10108,realistic,3,x0y0,utah,,,Ab,saline,,,100.0,b,-1,0.08,axon,13.7,139429.38726537777,-570.9189949862058,-880.5975334534896,centered,,,,none,0.0,success,105.0,0.005,,,,,,-520.2935012366066,,
10109,realistic,3,x0y0,utah,,,Ab,saline,,,100.0,b,-1,0.08,axon,12.6,133736.5039880219,790.9047532230143,648.4956458826246,centered,,,,none,0.0,success,105.0,0.005,,,,,,-253.10808425303813,,
10110,realistic,3,x0y0,utah,,,Ab,saline,,,100.0,b,-1,0.08,axon,9.5,107390.75883162176,925.5832393845108,531.1891425078494,centered,,,,none,0.0,success,105.0,0.005,,,,,,-297.16907868584184,,
10111,realistic,3,x0y0,utah,,,Ab,saline,,,100.0,b,-1,0.08,axon,14.6,143555.1240029116,1275.159427037166,-234.00549729337945,centered,,,,none,0.0,success,105.0,0.005,,,,,,-301.64213622021975,,
10112,realistic,3,x0y0,utah,,,Ab,saline,,,100.0,b,-1,0.08,axon,8.8,99769.2000586255,879.4817281382875,-187.7538429720644,centered,,,,49,5.240000000000119,success,71.47216796875,0.005,,,,,1459.3236921862845,466.29463797982413,879.4817281382875,-187.7538429720644
10113,realistic,3,x0y0,utah,,,Ab,saline,,,100.0,b,-1,0.08,axon,8.5,95552.73757514953,967.0569331665159,-619.3041165405982,centered,,,,none,0.0,success,105.0,0.005,,,,,,161.1868317578857,,
10114,realistic,3,x0y0,utah,,,Ab,saline,,,100.0,b,-1,0.08,axon,8.3,92377.45746265854,920.9325564198876,-382.9930432810752,centered,,,,none,0.0,success,105.0,0.005,,,,,,-297.6717343023398,,
10115,realistic,3,x0y0,utah,,,Ab,saline,,,100.0,b,-1,0.08,axon,10.2,114733.7090452667,-226.98151506850581,1148.9846002729735,centered,,,,none,0.0,success,105.0,0.005,,,,,,-351.2016441549698,,
10116,realistic,3,x0y0,utah,,,Ab,saline,,,100.0,b,-1,0.08,axon,9.9,111791.47881501012,569.0157633359207,-615.6744169847329,centered,,,,none,0.0,success,105.0,0.005,,,,,,-239.86651560718815,,
10117,realistic,3,x0y0,utah,,,Aa,saline,,,100.0,b,-1,0.08,axon,19.0,154315.00911412793,1077.2192037044824,-260.591971503608,centered,,,,50,5.255000000000122,success,86.46240234375,0.005,,,,,-340.4630928139668,-340.46309281396736,1077.2192037044824,-260.591971503608
10118,realistic,3,x0y0,utah,,,Aa,saline,,,100.0,b,-1,0.08,axon,15.0,145741.71382731272,1027.5759320947573,-778.1662170182676,centered,,,,none,0.0,success,105.0,0.005,,,,,,387.3869846285936,,
10119,realistic,3,x0y0,utah,,,Aa,saline,,,100.0,b,-1,0.08,axon,14.5,143765.33634580948,653.8720800679748,574.1607040307507,centered,,,,49,5.230000000000118,success,105.0,0.005,,,,,1739.3060705639364,304.699704147296,653.8720800679748,574.1607040307507
10120,realistic,3,x0y0,utah,,,Aa,saline,,,100.0,b,-1,0.08,axon,14.7,144468.05360393814,252.7303545054665,815.7869618857512,centered,,,,none,0.0,success,105.0,0.005,,,,,,224.03196622481732,,
10121,realistic,3,x0y0,utah,,,Aa,saline,,,100.0,b,-1,0.08,axon,13.6,140115.00764233852,326.4018607672256,-1309.4741368287675,centered,,,,none,0.0,success,105.0,0.005,,,,,,649.854209872537,,
10122,realistic,3,x0y0,utah,,,Aa,saline,,,100.0,b,-1,0.08,axon,15.1,145645.28355943187,376.88861424638435,-832.1540477625392,centered,,,,none,0.0,success,105.0,0.005,,,,,,-62.57176918695215,,
10123,realistic,3,x0y0,utah,,,Aa,saline,,,100.0,b,-1,0.08,axon,13.3,137869.11129397355,337.6004531018193,785.7630743558284,centered,,,,none,0.0,success,105.0,0.005,,,,,,-76.7100556929843,,
10124,realistic,3,x0y0,utah,,,Aa,saline,,,100.0,b,-1,0.08,axon,15.9,147564.65819611386,503.52583300444167,995.3187106507105,centered,,,,none,0.0,success,105.0,0.005,,,,,,-696.9054432952041,,
10125,realistic,3,x0y0,utah,,,Aa,saline,,,100.0,b,-1,0.08,axon,16.1,148228.53338600218,363.9790420624381,-1118.1513154591141,centered,,,,none,0.0,success,105.0,0.005,,,,,,-600.9146539633832,,
10126,realistic,3,x0y0,utah,,,Aa,saline,,,100.0,b,-1,0.08,axon,16.1,149271.0677377999,-202.11421381291484,1095.0935410333518,centered,,,,none,0.0,success,105.0,0.005,,,,,,441.6196978343309,,
10127,realistic,3,x0y0,utah,,,Ab,saline,,,100.0,b,-1,0.08,axon,16.2,148797.25066732801,-17.824071540100704,942.7804105291287,centered,,,,none,0.0,success,105.0,0.005,,,,,,-306.37117218041874,,
10128,realistic,3,x0y0,utah,,,Ab,saline,,,100.0,b,-1,0.08,axon,14.1,142073.81141979306,779.1176275205621,939.6829259505704,centered,,,,none,0.0,success,105.0,0.005,,,,,,290.12127551541823,,
10129,realistic,3,x0y0,utah,,,Ab,saline,,,100.0,b,-1,0.08,axon,9.0,102188.18946113573,-115.41689207796298,-1265.3691043182246,centered,,,,none,0.0,success,105.0,0.005,,,,,,384.97625080220223,,
10130,realistic,3,x0y0,utah,,,Ab,saline,,,100.0,b,-1,0.08,axon,8.3,92846.15106610226,828.3742507738239,196.4392460586177,centered,,,,49,5.215000000000115,success,53.9306640625,0.005,,,,,1097.7731611110066,171.02186914141316,828.3742507738239,196.4392460586177
10131,realistic,3,x0y0,utah,,,Ab,saline,,,100.0,b,-1,0.08,axon,7.6,82810.06004339528,918.7775063279843,633.6519774733865,centered,,,,none,0.0,success,105.0,0.005,,,,,,341.074466304144,,
10132,realistic,3,x0y0,utah,,,Ab,saline,,,100.0,b,-1,0.08,axon,14.9,145090.24354391196,1073.2740303581772,-140.09117289817004,centered,,,,49,5.285000000000126,success,78.55224609375,0.005,,,,,1547.5433455097955,97.61708087946371,1073.2740303581772,-140.09117289817004
10133,realistic,3,x0y0,utah,,,Ab,saline,,,100.0,b,-1,0.08,axon,7.9,86638.53462029298,1082.1298188772314,-546.70764033056,centered,,,,none,0.0,success,105.0,0.005,,,,,,-338.53430294182203,,
10134,realistic,3,x0y0,utah,,,Ab,saline,,,100.0,b,-1,0.08,axon,7.9,86970.80606504851,498.4445067899765,-1225.0024507946594,centered,,,,none,0.0,success,105.0,0.005,,,,,,-6.2628581862951425,,
10135,realistic,3,x0y0,utah,,,Ab,saline,,,100.0,b,-1,0.08,axon,8.1,90269.3742439623,127.92745300954451,-1110.8466240947369,centered,,,,none,0.0,success,105.0,0.005,,,,,,398.82557216193277,,
10136,realistic,3,x0y0,utah,,,Ab,saline,,,100.0,b,-1,0.08,axon,8.1,89967.28412338744,671.2001051885622,-437.0990763745399,centered,,,,50,5.220000000000116,success,105.0,0.005,,,,,96.73545158706838,96.73545158707348,671.2001051885622,-437.0990763745399
10137,realistic,3,x0y0,utah,,,Aa,saline,,,100.0,b,-1,0.08,axon,14.5,142774.3577773354,-302.2504931184658,850.9820733689986,centered,,,,none,0.0,success,105.0,0.005,,,,,,-686.2788643267943,,
10138,realistic,3,x0y0,utah,,,Aa,saline,,,100.0,b,-1,0.08,axon,16.3,149884.63244126635,-148.50173263715124,1110.3604413040139,centered,,,,none,0.0,success,105.0,0.005,,,,,,513.1624282106027,,
10139,realistic,3,x0y0,utah,,,Aa,saline,,,100.0,b,-1,0.08,axon,18.4,153849.96439146312,890.9213579050256,998.2549756611706,centered,,,,none,0.0,success,105.0,0.005,,,,,,94.08342139469386,,
10140,realistic,3,x0y0,utah,,,Aa,saline,,,100.0,b,-1,0.08,axon,15.6,146820.46071863946,1332.8070202995216,112.06292015783221,centered,,,,none,0.0,success,105.0,0.005,,,,,,-538.266557738346,,
10141,realistic,3,x0y0,utah,,,Aa,saline,,,100.0,b,-1,0.08,axon,15.5,147523.70453544715,-263.6709725247624,-1086.842510564186,centered,,,,none,0.0,success,105.0,0.005,,,,,,480.1217685547995,,
10142,realistic,3,x0y0,utah,,,Aa,saline,,,100.0,b,-1,0.08,axon,12.4,133098.6589924124,-407.1509581305792,-1009.1194545483133,centered,,,,none,0.0,success,105.0,0.005,,,,,,353.09540820537666,,
10143,realistic,3,x0y0,utah,,,Aa,saline,,,100.0,b,-1,0.08,axon,13.8,139802.29792131553,607.8707924947421,-1065.9112019231532,centered,,,,none,0.0,success,105.0,0.005,,,,,,-621.2977336575888,,
10144,realistic,3,x0y0,utah,,,Aa,saline,,,100.0,b,-1,0.08,axon,14.6,143311.0275777711,1210.3442851415994,473.5853808041875,centered,,,,none,0.0,success,105.0,0.005,,,,,,-545.7385613606913,,
10145,realistic,3,x0y0,utah,,,Aa,saline,,,100.0,b,-1,0.08,axon,16.8,149938.86937320026,546.4646839309371,-1128.995693515322,centered,,,,none,0.0,success,105.0,0.005,,,,,,-681.6567924386842,,
10146,realistic,3,x0y0,utah,,,Aa,saline,,,100.0,b,-1,0.08,axon,16.0,148854.5382104434,1109.3447132774054,651.3209550853735,centered,,,,none,0.0,success,105.0,0.005,,,,,,305.72893328626253,,
10147,realistic,3,x0y0,utah,,,Ab,saline,,,100.0,b,-1,0.08,axon,8.0,88258.7935181332,882.8281869178528,-1020.2078726843454,centered,,,,none,0.0,success,105.0,0.005,,,,,,-176.16715156469638,,
10148,realistic,3,x0y0,utah,,,Ab,saline,,,100.0,b,-1,0.08,axon,9.4,106247.86537913463,645.8391145939245,554.5898861472747,centered,,,,none,0.0,success,105.0,0.005,,,,,,-304.24786510857984,,
10149,realistic,3,x0y0,utah,,,Ab,saline,,,100.0,b,-1,0.08,axon,7.3,78091.05299084683,958.9156222794992,-22.95319909637965,centered,,,,49,5.300000000000129,success,93.603515625,0.005,,,,,1110.0542089418304,332.468362659945,958.9156222794992,-22.95319909637965
10150,realistic,3,x0y0,utah,,,Ab,saline,,,100.0,b,-1,0.08,axon,7.3,77822.99950732115,863.6652452292647,160.5151882352202,centered,,,,50,5.215000000000115,success,61.23046875,0.005,,,,,64.41487913427409,64.41487913427964,863.6652452292647,160.5151882352202
10151,realistic,3,x0y0,utah,,,Ab,saline,,,100.0,b,-1,0.08,axon,10.4,116976.28396293706,-635.0065035456628,-947.365117267625,centered,,,,none,0.0,success,105.0,0.005,,,,,,-50.4729120619286,,
10152,realistic,3,x0y0,utah,,,Ab,saline,,,100.0,b,-1,0.08,axon,8.4,93942.97502714206,594.0424998860863,985.1022667217804,centered,,,,none,0.0,success,105.0,0.005,,,,,,-101.3319684120277,,
10153,realistic,3,x0y0,utah,,,Ab,saline,,,100.0,b,-1,0.08,axon,11.1,123317.76583997405,847.8519455455182,123.10124334131432,centered,,,,49,5.190000000000111,success,37.646484375,0.005,,,,,1289.4804552851565,56.8715120054757,847.8519455455182,123.10124334131432
10154,realistic,3,x0y0,utah,,,Ab,saline,,,100.0,b,-1,0.08,axon,7.3,77548.06202387511,-673.5804124377428,-789.2912995356537,centered,,,,none,0.0,success,105.0,0.005,,,,,,-210.5226043117527,,
10155,realistic,3,x0y0,utah,,,Ab,saline,,,100.0,b,-1,0.08,axon,9.2,104331.32393967184,86.70145678075642,1089.7225651925842,centered,,,,none,0.0,success,105.0,0.005,,,,,,112.16593378304,,
10156,realistic,3,x0y0,utah,,,Ab,saline,,,100.0,b,-1,0.08,axon,8.6,97000.23207901824,735.032126686342,-841.9523736308313,centered,,,,none,0.0,success,105.0,0.005,,,,,,283.25353127363525,,
10157,realistic,3,x0y0,utah,,,Aa,saline,,,100.0,b,-1,0.08,axon,14.2,142595.56095242486,57.7194416929492,800.6998873669223,centered,,,,none,0.0,success,105.0,0.005,,,,,,378.3942499278568,,
10158,realistic,3,x0y0,utah,,,Aa,saline,,,100.0,b,-1,0.08,axon,13.5,138946.23332502382,502.0500946309012,-949.1022141800509,centered,,,,none,0.0,success,105.0,0.005,,,,,,-23.57403522663155,,
10159,realistic,3,x0y0,utah,,,Aa,saline,,,100.0,b,-1,0.08,axon,14.6,143876.56474424337,-442.2550921139564,-750.9495960054146,centered,,,,none,0.0,success,105.0,0.005,,,,,,19.798605111540297,,
10160,realistic,3,x0y0,utah,,,Aa,saline,,,100.0,b,-1,0.08,axon,12.3,132267.42828977347,-135.2861020517512,-1298.138509660286,centered,,,,none,0.0,success,105.0,0.005,,,,,,163.98201781721534,,
10161,realistic,3,x0y0,utah,,,Aa,saline,,,100.0,b,-1,0.08,axon,16.5,149573.8233403976,534.0435194688389,-886.8662266103247,centered,,,,none,0.0,success,105.0,0.005,,,,,,-314.91076249160574,,
10162,realistic,3,x0y0,utah,,,Aa,saline,,,100.0,b,-1,0.08,axon,17.6,152627.40706323422,811.6922332139418,-534.4534163030398,centered,,,,49,5.260000000000122,success,94.775390625,0.005,,,,,1814.0388127110782,290.67145664517824,811.6922332139418,-534.4534163030398
10163,realistic,3,x0y0,utah,,,Aa,saline,,,100.0,b,-1,0.08,axon,14.7,143722.7038612445,755.2407731053659,-773.0277276815277,centered,,,,none,0.0,success,105.0,0.005,,,,,,-521.3177764688577,,
10164,realistic,3,x0y0,utah,,,Aa,saline,,,100.0,b,-1,0.08,axon,18.0,153007.78589374313,1199.8923439050795,294.2748267741854,centered,,,,none,0.0,success,105.0,0.005,,,,,,-72.35751716253121,,
10165,realistic,3,x0y0,utah,,,Aa,saline,,,100.0,b,-1,0.08,axon,15.3,146565.62690670582,198.33335039904702,1086.3187094803309,centered,,,,none,0.0,success,105.0,0.005,,,,,,174.55834209265254,,
10166,realistic,3,x0y0,utah,,,Aa,saline,,,100.0,b,-1,0.08,axon,16.4,149070.08434552653,-273.7674584310276,1260.7358964536052,centered,,,,none,0.0,success,105.0,0.005,,,,,,-563.0450017202697,,
10167,realistic,3,x0y0,utah,,,Ab,saline,,,100.0,b,-1,0.08,axon,7.6,82761.38986496821,448.7187159035621,-1104.9776872842367,centered,,,,none,0.0,success,105.0,0.005,,,,,,292.4042878770553,,
10168,realistic,3,x0y0,utah,,,Ab,saline,,,100.0,b,-1,0.08,axon,8.4,93767.88345362176,815.5012762593183,1107.3526238311242,centered,,,,none,0.0,success,105.0,0.005,,,,,,-276.4235419323388,,
10169,realistic,3,x0y0,utah,,,Ab,saline,,,100.0,b,-1,0.08,axon,9.4,106056.77417069038,-674.4907863732619,-583.8587077799992,centered,,,,none,0.0,success,105.0,0.005,,,,,,-495.3390735528343,,
10170,realistic,3,x0y0,utah,,,Ab,saline,,,100.0,b,-1,0.08,axon,10.6,119435.46412436027,883.7076132601178,806.8824273511017,centered,,,,none,0.0,success,105.0,0.005,,,,,,539.8293846389795,,
10171,realistic,3,x0y0,utah,,,Ab,saline,,,100.0,b,-1,0.08,axon,8.0,88324.22882082709,725.9151230255634,-886.3513547245268,centered,,,,none,0.0,success,105.0,0.005,,,,,,-110.73184887083164,,
10172,realistic,3,x0y0,utah,,,Ab,saline,,,100.0,b,-1,0.08,axon,9.3,105532.36305848906,413.58757543624085,-1322.1618988340927,centered,,,,none,0.0,success,105.0,0.005,,,,,,136.44381005826412,,
10173,realistic,3,x0y0,utah,,,Ab,saline,,,100.0,b,-1,0.08,axon,9.2,104061.77721925439,-201.51667725980496,1310.758937400965,centered,,,,none,0.0,success,105.0,0.005,,,,,,-157.38078663441198,,
10174,realistic,3,x0y0,utah,,,Ab,saline,,,100.0,b,-1,0.08,axon,14.7,144212.92117192262,908.9766080889999,540.7934290691346,centered,,,,none,0.0,success,105.0,0.005,,,,,,-31.100465790730105,,
10175,realistic,3,x0y0,utah,,,Ab,saline,,,100.0,b,-1,0.08,axon,8.6,97132.20861230971,-388.9687442539598,-1129.6677848257305,centered,,,,none,0.0,success,105.0,0.005,,,,,,415.23006456508597,,
10176,realistic,3,x0y0,utah,,,Ab,saline,,,100.0,b,-1,0.08,axon,8.5,95397.41498254253,1139.3875322397998,-456.428814619137,centered,,,,none,0.0,success,105.0,0.005,,,,,,5.864239150878782,,
10177,realistic,3,x0y0,utah,,,Aa,saline,,,100.0,b,-1,0.08,axon,13.0,136400.6116291816,-280.8938665243518,-952.6420026951453,centered,,,,none,0.0,success,105.0,0.005,,,,,,77.20861744542958,,
10178,realistic,3,x0y0,utah,,,Aa,saline,,,100.0,b,-1,0.08,axon,15.7,148292.66290276218,315.3452611554517,1226.4024755130122,centered,,,,none,0.0,success,105.0,0.005,,,,,,625.9918171446825,,
10179,realistic,3,x0y0,utah,,,Aa,saline,,,100.0,b,-1,0.08,axon,13.2,137035.98724504173,833.5346470565582,-795.3419290911826,centered,,,,none,0.0,success,105.0,0.005,,,,,,-380.76924192348815,,
10180,realistic,3,x0y0,utah,,,Aa,saline,,,100.0,b,-1,0.08,axon,13.8,140873.31161856547,605.2343558740213,664.6754363226073,centered,,,,none,0.0,success,105.0,0.005,,,,,,449.71596359233337,,
10181,realistic,3,x0y0,utah,,,Aa,saline,,,100.0,b,-1,0.08,axon,15.3,146527.81781338862,-327.5806756016732,874.7386565303783,centered,,,,none,0.0,success,105.0,0.005,,,,,,136.7492487754387,,
10182,realistic,3,x0y0,utah,,,Aa,saline,,,100.0,b,-1,0.08,axon,14.7,144844.96707027502,-64.67249688108086,894.2734277064087,centered,,,,none,0.0,success,105.0,0.005,,,,,,600.9454325616878,,
10183,realistic,3,x0y0,utah,,,Aa,saline,,,100.0,b,-1,0.08,axon,18.0,153227.43095685507,33.177594744831374,1347.7965789068148,centered,,,,none,0.0,success,105.0,0.005,,,,,,147.2875459493305,,
10184,realistic,3,x0y0,utah,,,Aa,saline,,,100.0,b,-1,0.08,axon,16.9,151179.22072828695,547.2693062361122,663.196721260204,centered,,,,none,0.0,success,105.0,0.005,,,,,,326.0151112640065,,
10185,realistic,3,x0y0,utah,,,Aa,saline,,,100.0,b,-1,0.08,axon,13.8,139827.93833549542,-684.9709555979152,1048.2838561402077,centered,,,,none,0.0,success,105.0,0.005,,,,,,-595.6573194776895,,
10186,realistic,3,x0y0,utah,,,Aa,saline,,,100.0,b,-1,0.08,axon,16.3,149984.72301159243,-272.5936012740103,-792.9946293478692,centered,,,,none,0.0,success,105.0,0.005,,,,,,613.2529985367029,,
10187,realistic,3,x0y0,utah,,,Ab,saline,,,100.0,b,-1,0.08,axon,7.6,82195.02992035131,-591.3365957021621,-539.393807587282,centered,,,,none,0.0,success,105.0,0.005,,,,,,-273.95565673983003,,
10188,realistic,3,x0y0,utah,,,Ab,saline,,,100.0,b,-1,0.08,axon,9.6,109191.3027317958,5.89128320655709,-1200.3647318504966,centered,,,,none,0.0,success,105.0,0.005,,,,,,387.7458097601315,,
10189,realistic,3,x0y0,utah,,,Ab,saline,,,100.0,b,-1,0.08,axon,7.1,74288.43846794819,85.90430450651594,1165.0173021548708,centered,,,,none,0.0,success,105.0,0.005,,,,,,-217.43157202224447,,
10190,realistic,3,x0y0,utah,,,Ab,saline,,,100.0,b,-1,0.08,axon,9.4,106233.48188179564,772.195945091778,-706.7257431520729,centered,,,,none,0.0,success,105.0,0.005,,,,,,-318.6313624475528,,
10191,realistic,3,x0y0,utah,,,Ab,saline,,,100.0,b,-1,0.08,axon,7.9,86777.6934627908,656.6914892002465,1175.4049394094172,centered,,,,none,0.0,success,105.0,0.005,,,,,,-199.3754604440031,,
10192,realistic,3,x0y0,utah,,,Ab,saline,,,100.0,b,-1,0.08,axon,8.9,100663.88721997617,670.566154742,-642.4417935253,centered,,,,none,0.0,success,105.0,0.005,,,,,,100.20112183313095,,
10193,realistic,3,x0y0,utah,,,Ab,saline,,,100.0,b,-1,0.08,axon,12.9,135094.02554246507,-470.60579659556925,-1060.0999838386826,centered,,,,none,0.0,success,105.0,0.005,,,,,,-664.6500109612755,,
10194,realistic,3,x0y0,utah,,,Ab,saline,,,100.0,b,-1,0.08,axon,7.1,74420.3626928934,528.2032825416518,671.6700946401479,centered,,,,none,0.0,success,105.0,0.005,,,,,,-85.5073470770417,,
10195,realistic,3,x0y0,utah,,,Ab,saline,,,100.0,b,-1,0.08,axon,8.1,89766.01629377864,241.25869230640544,1273.3054337244055,centered,,,,none,0.0,success,105.0,0.005,,,,,,-104.53237802173064,,
10196,realistic,3,x0y0,utah,,,Ab,saline,,,100.0,b,-1,0.08,axon,7.1,74588.1174689271,687.5650411556418,-614.1117446528469,centered,,,,none,0.0,success,105.0,0.005,,,,,,82.2474289566568,,
10197,realistic,3,x0y0,utah,,,Aa,saline,,,100.0,b,-1,0.08,axon,14.3,142924.25172241265,1077.784110301855,-874.0311787420939,centered,,,,none,0.0,success,105.0,0.005,,,,,,283.22832654261174,,
10198,realistic,3,x0y0,utah,,,Aa,saline,,,100.0,b,-1,0.08,axon,17.3,151955.6337770933,1361.2937171455026,-216.38022160516903,centered,,,,none,0.0,success,105.0,0.005,,,,,,224.72756026114948,,
10199,realistic,3,x0y0,utah,,,Aa,saline,,,100.0,b,-1,0.08,axon,16.2,148445.32972292384,-112.16362008288887,-1236.6148908172192,centered,,,,none,0.0,success,105.0,0.005,,,,,,-658.2921165845876,,
10200,realistic,3,x0y0,utah,,,Aa,saline,,,100.0,b,-1,0.08,axon,16.4,149504.3275944927,-477.0366505352768,-833.2400382212468,centered,,,,none,0.0,success,105.0,0.005,,,,,,-128.8017527541131,,
10201,realistic,3,x0y0,utah,,,Aa,saline,,,100.0,b,-1,0.08,axon,14.2,142924.1945343592,68.15775419330475,-1029.4489770389346,centered,,,,none,0.0,success,105.0,0.005,,,,,,707.0278318622056,,
10202,realistic,3,x0y0,utah,,,Aa,saline,,,100.0,b,-1,0.08,axon,15.5,146762.86820263744,1024.533828428644,-744.0048608006401,centered,,,,none,0.0,success,105.0,0.005,,,,,,-280.71456425491755,,
10203,realistic,3,x0y0,utah,,,Aa,saline,,,100.0,b,-1,0.08,axon,14.2,142070.7381447142,118.81860608834812,-999.1538297374866,centered,,,,none,0.0,success,105.0,0.005,,,,,,-146.42855778277064,,
10204,realistic,3,x0y0,utah,,,Aa,saline,,,100.0,b,-1,0.08,axon,16.2,148503.22463072938,937.8337543480513,-112.97748799822556,centered,,,,51,5.24500000000012,success,60.296630859375,0.005,,,,,-2091.433427174139,-600.3972087790096,937.8337543480513,-112.97748799822556
10205,realistic,3,x0y0,utah,,,Aa,saline,,,100.0,b,-1,0.08,axon,18.2,153123.30264898113,380.73101075678045,776.8231906014768,centered,,,,none,0.0,success,105.0,0.005,,,,,,-302.7851971305158,,
10206,realistic,3,x0y0,utah,,,Aa,saline,,,100.0,b,-1,0.08,axon,13.8,140124.0493810954,-7.010012488920437,-821.8278189986095,centered,,,,none,0.0,success,105.0,0.005,,,,,,-299.54627387774144,,
10207,realistic,3,x0y0,utah,,,Ab,saline,,,100.0,b,-1,0.08,axon,8.4,93643.38731284707,910.9946681565416,469.1034767234742,centered,,,,none,0.0,success,105.0,0.005,,,,,,-400.91968270701034,,
10208,realistic,3,x0y0,utah,,,Ab,saline,,,100.0,b,-1,0.08,axon,7.3,78029.4723608755,-445.8498303106089,944.3611150355297,centered,,,,none,0.0,success,105.0,0.005,,,,,,270.8877326886222,,
10209,realistic,3,x0y0,utah,,,Ab,saline,,,100.0,b,-1,0.08,axon,9.7,109581.72177785457,212.97356183092185,-1283.2578986017634,centered,,,,none,0.0,success,105.0,0.005,,,,,,-317.4775598606571,,
10210,realistic,3,x0y0,utah,,,Ab,saline,,,100.0,b,-1,0.08,axon,8.9,101000.63437826764,-191.9297814555657,-793.0470147476112,centered,,,,none,0.0,success,105.0,0.005,,,,,,436.94828012459436,,
10211,realistic,3,x0y0,utah,,,Ab,saline,,,100.0,b,-1,0.08,axon,10.8,120731.75827819991,-78.6544836191747,952.1203436723899,centered,,,,none,0.0,success,105.0,0.005,,,,,,38.35017721569397,,
10212,realistic,3,x0y0,utah,,,Ab,saline,,,100.0,b,-1,0.08,axon,10.1,113723.97917369627,-556.7333974129187,-1229.2507862327432,centered,,,,none,0.0,success,105.0,0.005,,,,,,-362.0730750038777,,
10213,realistic,3,x0y0,utah,,,Ab,saline,,,100.0,b,-1,0.08,axon,13.2,137581.67470818775,1030.950123113807,-800.2677638358628,centered,,,,none,0.0,success,105.0,0.005,,,,,,164.91822122254018,,
10214,realistic,3,x0y0,utah,,,Ab,saline,,,100.0,b,-1,0.08,axon,9.2,104541.14681683556,1145.6593023451887,455.1574667755581,centered,,,,none,0.0,success,105.0,0.005,,,,,,321.9888109467628,,
10215,realistic,3,x0y0,utah,,,Ab,saline,,,100.0,b,-1,0.08,axon,8.5,95244.48917453077,-458.3046945813771,801.5688696609195,centered,,,,none,0.0,success,105.0,0.005,,,,,,-147.06156886090162,,
10216,realistic,3,x0y0,utah,,,Ab,saline,,,100.0,b,-1,0.08,axon,8.4,94184.43455066573,1245.0220652051275,-189.19793959769729,centered,,,,none,0.0,success,105.0,0.005,,,,,,140.12755511160918,,
10217,realistic,3,x0y0,utah,,,Aa,saline,,,100.0,b,-1,0.08,axon,15.5,147228.07672947345,984.1437637660383,155.5184666555219,centered,,,,49,5.225000000000117,success,60.791015625,0.005,,,,,1654.9297902500257,184.4939625810577,984.1437637660383,155.5184666555219
10218,realistic,3,x0y0,utah,,,Aa,saline,,,100.0,b,-1,0.08,axon,14.6,143899.53438892815,1312.2446057954376,89.3186524179191,centered,,,,none,0.0,success,105.0,0.005,,,,,,42.76824979634715,,
10219,realistic,3,x0y0,utah,,,Aa,saline,,,100.0,b,-1,0.08,axon,13.9,140754.04254433018,1042.2004072098937,382.7846115480825,centered,,,,none,0.0,success,105.0,0.005,,,,,,-133.0592983549412,,
10220,realistic,3,x0y0,utah,,,Aa,saline,,,100.0,b,-1,0.08,axon,15.1,145154.53414236679,132.42639819854548,986.8471779875224,centered,,,,none,0.0,success,105.0,0.005,,,,,,-553.3211862520175,,
10221,realistic,3,x0y0,utah,,,Aa,saline,,,100.0,b,-1,0.08,axon,14.6,143429.38423661966,954.9786446162683,-876.0376759786806,centered,,,,none,0.0,success,105.0,0.005,,,,,,-427.38190251215536,,
10222,realistic,3,x0y0,utah,,,Aa,saline,,,100.0,b,-1,0.08,axon,13.4,138749.3724363392,225.42298798035011,-1194.4598033422558,centered,,,,none,0.0,success,105.0,0.005,,,,,,285.9386844283073,,
10223,realistic,3,x0y0,utah,,,Aa,saline,,,100.0,b,-1,0.08,axon,13.3,137394.60360477644,356.5444442018765,-985.3847705872932,centered,,,,none,0.0,success,105.0,0.005,,,,,,-551.2177448900793,,
10224,realistic,3,x0y0,utah,,,Aa,saline,,,100.0,b,-1,0.08,axon,13.7,140633.18909022948,970.9416113636456,-751.3636866634358,centered,,,,none,0.0,success,105.0,0.005,,,,,,683.5083236151403,,
10225,realistic,3,x0y0,utah,,,Aa,saline,,,100.0,b,-1,0.08,axon,13.9,141160.79496605686,-22.169962250642588,1138.6599574997435,centered,,,,none,0.0,success,105.0,0.005,,,,,,273.6931233717289,,
10226,realistic,3,x0y0,utah,,,Aa,saline,,,100.0,b,-1,0.08,axon,12.6,134256.17273267198,1070.3474806182815,-769.8877648808048,centered,,,,none,0.0,success,105.0,0.005,,,,,,266.5606603970834,,
10227,realistic,3,x0y0,utah,,,Ab,saline,,,100.0,b,-1,0.08,axon,8.4,94283.04573273752,121.3731211685158,-1262.2411667831502,centered,,,,none,0.0,success,105.0,0.005,,,,,,238.7387371834186,,
10228,realistic,3,x0y0,utah,,,Ab,saline,,,100.0,b,-1,0.08,axon,10.5,117535.12872414972,106.59736756887743,-1204.525827912604,centered,,,,none,0.0,success,105.0,0.005,,,,,,-435.0724239798062,,
10229,realistic,3,x0y0,utah,,,Ab,saline,,,100.0,b,-1,0.08,axon,7.5,81098.02643064261,81.43117248748058,1267.4879758749012,centered,,,,none,0.0,success,105.0,0.005,,,,,,176.6716209819019,,
10230,realistic,3,x0y0,utah,,,Ab,saline,,,100.0,b,-1,0.08,axon,8.2,91577.47826311528,150.03144687428994,1244.0866717015754,centered,,,,none,0.0,success,105.0,0.005,,,,,,293.5691777708085,,
10231,realistic,3,x0y0,utah,,,Ab,saline,,,100.0,b,-1,0.08,axon,8.6,96697.32200546193,-27.05224820016429,894.1638235191967,centered,,,,none,0.0,success,105.0,0.005,,,,,,-19.656542282685734,,
10232,realistic,3,x0y0,utah,,,Ab,saline,,,100.0,b,-1,0.08,axon,10.4,117041.87256691721,-277.7467533020004,-1007.1448988324297,centered,,,,none,0.0,success,105.0,0.005,,,,,,15.115691918258998,,
10233,realistic,3,x0y0,utah,,,Ab,saline,,,100.0,b,-1,0.08,axon,9.0,101744.6648952982,818.1968938761303,-168.518727492482,centered,,,,50,5.200000000000113,success,42.29736328125,0.005,,,,,-58.548315035310225,-58.54831503531915,818.1968938761303,-168.518727492482
10234,realistic,3,x0y0,utah,,,Ab,saline,,,100.0,b,-1,0.08,axon,11.9,129338.1634736564,-367.5361146348892,1163.9900332958825,centered,,,,none,0.0,success,105.0,0.005,,,,,,-57.390166234216615,,
10235,realistic,3,x0y0,utah,,,Ab,saline,,,100.0,b,-1,0.08,axon,7.5,81240.80950396367,916.3782336738614,734.9113208461197,centered,,,,none,0.0,success,105.0,0.005,,,,,,319.45469430296833,,
10236,realistic,3,x0y0,utah,,,Ab,saline,,,100.0,b,-1,0.08,axon,11.0,122977.41181799507,-317.3656731136989,852.8068768347204,centered,,,,none,0.0,success,105.0,0.005,,,,,,555.441741664306,,
10237,realistic,3,x0y0,utah,,,Aa,saline,,,100.0,b,-1,0.08,axon,17.1,151516.56807020993,-673.8296802180894,954.398344395267,centered,,,,none,0.0,success,105.0,0.005,,,,,,214.1445739237223,,
10238,realistic,3,x0y0,utah,,,Aa,saline,,,100.0,b,-1,0.08,axon,17.2,151799.89956579823,611.8133010283682,-554.6061341531858,centered,,,,49,5.290000000000127,success,90.4449462890625,0.005,,,,,1795.8926132974157,280.7006238782201,611.8133010283682,-554.6061341531858
10239,realistic,3,x0y0,utah,,,Aa,saline,,,100.0,b,-1,0.08,axon,15.5,146524.73891125544,683.557216320532,598.4397511598902,centered,,,,none,0.0,success,105.0,0.005,,,,,,-518.8438556369192,,
10240,realistic,3,x0y0,utah,,,Aa,saline,,,100.0,b,-1,0.08,axon,16.5,149717.9155444933,376.2986056123937,-942.5307586441887,centered,,,,none,0.0,success,105.0,0.005,,,,,,-170.81855839590938,,
10241,realistic,3,x0y0,utah,,,Aa,saline,,,100.0,b,-1,0.08,axon,16.0,148764.94343366008,1024.7514793712296,-824.9343316814084,centered,,,,none,0.0,success,105.0,0.005,,,,,,216.13415650297225,,
10242,realistic,3,x0y0,utah,,,Aa,saline,,,100.0,b,-1,0.08,axon,14.7,143980.95882650616,873.2082056958078,-390.3020203795886,centered,,,,51,5.255000000000122,success,77.5634765625,0.005,,,,,-1705.5030275843164,-263.06281120718455,873.2082056958078,-390.3020203795886
10243,realistic,3,x0y0,utah,,,Aa,saline,,,100.0,b,-1,0.08,axon,15.5,146701.86510181337,-53.15281446345762,-1325.3439134986893,centered,,,,none,0.0,success,105.0,0.005,,,,,,-341.71766507903305,,
10244,realistic,3,x0y0,utah,,,Aa,saline,,,100.0,b,-1,0.08,axon,17.5,151485.66937002668,804.9038528637737,831.4498609490441,centered,,,,none,0.0,success,105.0,0.005,,,,,,-653.8957457964199,,
10245,realistic,3,x0y0,utah,,,Aa,saline,,,100.0,b,-1,0.08,axon,15.7,147814.89028729885,-223.51722323246887,-896.7252808687867,centered,,,,none,0.0,success,105.0,0.005,,,,,,148.21920168136447,,
10246,realistic,3,x0y0,utah,,,Aa,saline,,,100.0,b,-1,0.08,axon,14.9,145170.12579637626,796.7592126951766,-1087.7448594111515,centered,,,,none,0.0,success,105.0,0.005,,,,,,177.49933334375285,,
10247,realistic,3,x0y0,utah,,,Ab,saline,,,100.0,b,-1,0.08,axon,14.0,141088.60362794792,40.170386249546475,-840.1734305924037,centered,,,,none,0.0,success,105.0,0.005,,,,,,-251.79686296013145,,
10248,realistic,3,x0y0,utah,,,Ab,saline,,,100.0,b,-1,0.08,axon,14.6,144100.1651897442,-659.206160173203,909.5870344902347,centered,,,,none,0.0,success,105.0,0.005,,,,,,243.3990506124041,,
10249,realistic,3,x0y0,utah,,,Ab,saline,,,100.0,b,-1,0.08,axon,13.8,140639.4269609745,574.6959763913483,-972.0286765021235,centered,,,,none,0.0,success,105.0,0.005,,,,,,215.83130600138855,,
10250,realistic,3,x0y0,utah,,,Ab,saline,,,100.0,b,-1,0.08,axon,10.0,113463.93307951993,-640.5498130582838,692.0849431215797,centered,,,,none,0.0,success,105.0,0.005,,,,,,395.6624084643568,,
10251,realistic,3,x0y0,utah,,,Ab,saline,,,100.0,b,-1,0.08,axon,17.1,150677.93629736418,668.5175096945022,879.8633641925608,centered,,,,none,0.0,success,105.0,0.005,,,,,,-624.4871989220156,,
10252,realistic,3,x0y0,utah,,,Ab,saline,,,100.0,b,-1,0.08,axon,11.2,123606.647430593,-628.0218962766013,-1169.674766905265,centered,,,,none,0.0,success,105.0,0.005,,,,,,-476.58726290266833,,
10253,realistic,3,x0y0,utah,,,Ab,saline,,,100.0,b,-1,0.08,axon,11.1,123569.10195936654,868.0202810088083,-815.9521864062262,centered,,,,none,0.0,success,105.0,0.005,,,,,,308.2076313979625,,
10254,realistic,3,x0y0,utah,,,Ab,saline,,,100.0,b,-1,0.08,axon,7.8,85655.4268005344,-374.997208693273,-990.4751384358257,centered,,,,none,0.0,success,105.0,0.005,,,,,,158.61796585090022,,
10255,realistic,3,x0y0,utah,,,Ab,saline,,,100.0,b,-1,0.08,axon,14.8,144239.05544283424,870.3742417194263,931.0101394268366,centered,,,,none,0.0,success,105.0,0.005,,,,,,-383.5273365628417,,
10256,realistic,3,x0y0,utah,,,Ab,saline,,,100.0,b,-1,0.08,axon,9.6,108442.61561188044,203.59061629432065,-799.2946676921129,centered,,,,none,0.0,success,105.0,0.005,,,,,,-360.9413101552086,,
10257,realistic,3,x0y0,utah,,,Aa,saline,,,100.0,b,-1,0.08,axon,15.3,146281.59802164335,892.1187268183902,-294.60706300463244,centered,,,,49,5.2350000000001184,success,60.296630859375,0.005,,,,,1354.4401426763216,-109.4705429698359,892.1187268183902,-294.60706300463244
10258,realistic,3,x0y0,utah,,,Aa,saline,,,100.0,b,-1,0.08,axon,18.3,153341.9033529895,943.5553243284976,-426.63775706675597,centered,,,,51,5.270000000000124,success,86.46240234375,0.005,,,,,-1786.9833853961318,-251.05381372897327,943.5553243284976,-426.63775706675597
10259,realistic,3,x0y0,utah,,,Aa,saline,,,100.0,b,-1,0.08,axon,16.3,148924.63642202358,921.7435907411584,426.0472827975209,centered,,,,51,5.260000000000122,success,91.1865234375,0.005,,,,,-1940.5482911627332,-446.8335910321509,921.7435907411584,426.0472827975209
10260,realistic,3,x0y0,utah,,,Aa,saline,,,100.0,b,-1,0.08,axon,14.5,142815.03724820388,780.1224630537668,690.8639532821821,centered,,,,none,0.0,success,105.0,0.005,,,,,,-645.5993934583145,,
10261,realistic,3,x0y0,utah,,,Aa,saline,,,100.0,b,-1,0.08,axon,12.6,133570.6181328007,-71.16770009110859,-1177.5374522659924,centered,,,,none,0.0,success,105.0,0.005,,,,,,-418.9939394742164,,
10262,realistic,3,x0y0,utah,,,Aa,saline,,,100.0,b,-1,0.08,axon,15.5,147234.50637565614,279.91066282500924,1056.8899756010942,centered,,,,none,0.0,success,105.0,0.005,,,,,,190.92360876379882,,
10263,realistic,3,x0y0,utah,,,Aa,saline,,,100.0,b,-1,0.08,axon,17.3,152223.63323125197,814.0499498147217,-1051.8870447642025,centered,,,,none,0.0,success,105.0,0.005,,,,,,492.72701441981286,,
10264,realistic,3,x0y0,utah,,,Aa,saline,,,100.0,b,-1,0.08,axon,18.3,152920.36093486627,-464.89211959562,1114.7512605756626,centered,,,,none,0.0,success,105.0,0.005,,,,,,-672.5962318522044,,
10265,realistic,3,x0y0,utah,,,Aa,saline,,,100.0,b,-1,0.08,axon,12.4,132962.87631035034,836.3640954415712,-59.8906210114369,centered,,,,49,5.190000000000111,success,32.220458984375,0.005,,,,,1544.7683619853633,217.31272614329487,836.3640954415712,-59.8906210114369
10266,realistic,3,x0y0,utah,,,Aa,saline,,,100.0,b,-1,0.08,axon,13.7,140408.52081878632,180.96637191559148,829.220178329364,centered,,,,none,0.0,success,105.0,0.005,,,,,,458.8400521719722,,
10267,realistic,3,x0y0,utah,,,Ab,saline,,,100.0,b,-1,0.08,axon,10.1,114425.75223531027,656.7522895668644,467.6161610240297,centered,,,,49,5.260000000000122,success,98.73046875,0.005,,,,,1480.5605090971076,339.6999866101057,656.7522895668644,467.6161610240297
10268,realistic,3,x0y0,utah,,,Ab,saline,,,100.0,b,-1,0.08,axon,9.3,105766.00529081863,1007.868147446603,-419.0884107439188,centered,,,,none,0.0,success,105.0,0.005,,,,,,370.0860423878184,,
10269,realistic,3,x0y0,utah,,,Ab,saline,,,100.0,b,-1,0.08,axon,13.0,135957.40379466722,173.45194867606415,1381.8567236912604,centered,,,,none,0.0,success,105.0,0.005,,,,,,-365.999217068942,,
10270,realistic,3,x0y0,utah,,,Ab,saline,,,100.0,b,-1,0.08,axon,7.5,80577.47133823097,168.92392359780206,-835.4755450120572,centered,,,,none,0.0,success,105.0,0.005,,,,,,-343.88347142975914,,
10271,realistic,3,x0y0,utah,,,Ab,saline,,,100.0,b,-1,0.08,axon,7.8,85374.0009374973,-190.05035281960045,-869.7153905618277,centered,,,,none,0.0,success,105.0,0.005,,,,,,-122.80789718619222,,
10272,realistic,3,x0y0,utah,,,Ab,saline,,,100.0,b,-1,0.08,axon,13.4,138702.29108672848,-427.3997774856775,-696.1853154152368,centered,,,,none,0.0,success,105.0,0.005,,,,,,238.85733481757816,,
10273,realistic,3,x0y0,utah,,,Ab,saline,,,100.0,b,-1,0.08,axon,8.4,94173.48099596273,1138.382663106646,387.1184607429824,centered,,,,none,0.0,success,105.0,0.005,,,,,,129.17400040862285,,
10274,realistic,3,x0y0,utah,,,Ab,saline,,,100.0,b,-1,0.08,axon,8.3,92742.3157336932,-213.3765633429957,-796.7588143752727,centered,,,,none,0.0,success,105.0,0.005,,,,,,67.18653673233801,,
10275,realistic,3,x0y0,utah,,,Ab,saline,,,100.0,b,-1,0.08,axon,10.2,115008.37138281613,176.1938639970631,-1151.680898986242,centered,,,,none,0.0,success,105.0,0.005,,,,,,-76.53930660554677,,
10276,realistic,3,x0y0,utah,,,Ab,saline,,,100.0,b,-1,0.08,axon,12.1,130342.69432802785,741.6787813568976,-444.15745152975893,centered,,,,50,5.265000000000123,success,88.22021484375,0.005,,,,,-435.1626625298668,-435.1626625298545,741.6787813568976,-444.15745152975893
10277,realistic,3,x0y0,utah,,,Aa,saline,,,100.0,b,-1,0.08,axon,16.9,150237.90610412622,-244.09847662533767,-1049.8756735372704,centered,,,,none,0.0,success,105.0,0.005,,,,,,-615.2995128967076,,
10278,realistic,3,x0y0,utah,,,Aa,saline,,,100.0,b,-1,0.08,axon,15.8,147428.1710497097,561.4118160431226,1107.743838211478,centered,,,,none,0.0,success,105.0,0.005,,,,,,-539.3955682726554,,
10279,realistic,3,x0y0,utah,,,Aa,saline,,,100.0,b,-1,0.08,axon,15.5,146639.4649156773,910.2869531061338,-188.85301641642312,centered,,,,51,5.240000000000119,success,55.615234375,0.005,,,,,-1874.5536788839963,-404.1178512150546,910.2869531061338,-188.85301641642312
10280,realistic,3,x0y0,utah,,,Aa,saline,,,100.0,b,-1,0.08,axon,16.1,148103.6303619901,544.2156866167406,1212.6824942212425,centered,,,,none,0.0,success,105.0,0.005,,,,,,-725.8176779754533,,
10281,realistic,3,x0y0,utah,,,Aa,saline,,,100.0,b,-1,0.08,axon,15.2,146439.1149371601,261.2714695928071,-1074.5383916357446,centered,,,,none,0.0,success,105.0,0.005,,,,,,385.73434637987833,,
10282,realistic,3,x0y0,utah,,,Aa,saline,,,100.0,b,-1,0.08,axon,15.0,145053.5138396281,498.7099141698754,-1003.5983860975656,centered,,,,none,0.0,success,105.0,0.005,,,,,,-300.8130030560181,,
10283,realistic,3,x0y0,utah,,,Aa,saline,,,100.0,b,-1,0.08,axon,13.6,140107.65175499106,910.5921114876146,-421.2140307467898,centered,,,,49,5.160000000000107,success,105.0,0.005,,,,,2037.1498568497482,642.4983225250476,910.5921114876146,-421.2140307467898
10284,realistic,3,x0y0,utah,,,Aa,saline,,,100.0,b,-1,0.08,axon,16.7,150884.75334048324,15.739917498731305,-896.0548023246483,centered,,,,none,0.0,success,105.0,0.005,,,,,,502.4488925761985,,
10285,realistic,3,x0y0,utah,,,Aa,saline,,,100.0,b,-1,0.08,axon,19.2,154475.8934470584,703.1927737603163,1166.1925675370385,centered,,,,none,0.0,success,105.0,0.005,,,,,,-451.73944426300864,,
10286,realistic,3,x0y0,utah,,,Aa,saline,,,100.0,b,-1,0.08,axon,14.2,142873.86700522347,718.4189292346248,-1085.313491121283,centered,,,,none,0.0,success,105.0,0.005,,,,,,656.7003027264651,,
10287,realistic,3,x0y0,utah,,,Ab,saline,,,100.0,b,-1,0.08,axon,7.7,84320.37261317148,919.845988207862,477.8298046375453,centered,,,,none,0.0,success,105.0,0.005,,,,,,326.24482383815115,,
10288,realistic,3,x0y0,utah,,,Ab,saline,,,100.0,b,-1,0.08,axon,10.2,115642.20758933929,1303.7707913105132,-360.7290423760064,centered,,,,none,0.0,success,105.0,0.005,,,,,,557.2968999176396,,
10289,realistic,3,x0y0,utah,,,Ab,saline,,,100.0,b,-1,0.08,axon,9.4,106169.71756283293,168.88043301278412,1214.0919351702162,centered,,,,none,0.0,success,105.0,0.005,,,,,,-382.39568141030657,,
10290,realistic,3,x0y0,utah,,,Ab,saline,,,100.0,b,-1,0.08,axon,8.6,97024.18674525473,1165.706303705446,-415.9280832826248,centered,,,,none,0.0,success,105.0,0.005,,,,,,307.20819751012226,,
10291,realistic,3,x0y0,utah,,,Ab,saline,,,100.0,b,-1,0.08,axon,7.9,87062.41391845388,1173.573873697369,-202.01885901695914,centered,,,,none,0.0,success,105.0,0.005,,,,,,85.34499521905487,,
10292,realistic,3,x0y0,utah,,,Ab,saline,,,100.0,b,-1,0.08,axon,12.7,135121.03789110522,-192.1759559513066,1217.988976611092,centered,,,,none,0.0,success,105.0,0.005,,,,,,529.0320525303677,,
10293,realistic,3,x0y0,utah,,,Ab,saline,,,100.0,b,-1,0.08,axon,8.1,90204.35827157953,960.7635240930313,-210.65441691309707,centered,,,,49,5.2800000000001255,success,98.291015625,0.005,,,,,1232.5150864971802,333.8095997791737,960.7635240930313,-210.65441691309707
10294,realistic,3,x0y0,utah,,,Ab,saline,,,100.0,b,-1,0.08,axon,7.1,74555.5492709403,509.0999291774234,632.1742499337151,centered,,,,none,0.0,success,105.0,0.005,,,,,,49.67923096986066,,
10295,realistic,3,x0y0,utah,,,Ab,saline,,,100.0,b,-1,0.08,axon,9.9,112193.85776481776,892.0410797817633,533.659546157834,centered,,,,none,0.0,success,105.0,0.005,,,,,,162.51243420043562,,
10296,realistic,3,x0y0,utah,,,Ab,saline,,,100.0,b,-1,0.08,axon,8.5,95086.95644561424,-392.91492390805803,-902.1945336503965,centered,,,,none,0.0,success,105.0,0.005,,,,,,-304.5942977774249,,
10297,realistic,3,x0y0,utah,,,Aa,saline,,,100.0,b,-1,0.08,axon,14.4,143725.11803469455,-197.18401798087825,-1210.6728757413593,centered,,,,none,0.0,success,105.0,0.005,,,,,,669.667270097137,,
10298,realistic,3,x0y0,utah,,,Aa,saline,,,100.0,b,-1,0.08,axon,14.5,143044.25729357247,1298.3200792355874,11.362682404329915,centered,,,,none,0.0,success,105.0,0.005,,,,,,-416.3793480897042,,
10299,realistic,3,x0y0,utah,,,Aa,saline,,,100.0,b,-1,0.08,axon,19.9,155256.82166038806,1232.7246569099252,-226.7301537381286,centered,,,,none,0.0,success,105.0,0.005,,,,,,-526.2920204694819,,
10300,realistic,3,x0y0,utah,,,Aa,saline,,,100.0,b,-1,0.08,axon,15.1,145782.36303440516,894.9095845364765,-804.4641717627368,centered,,,,none,0.0,success,105.0,0.005,,,,,,74.50770578631146,,
10301,realistic,3,x0y0,utah,,,Aa,saline,,,100.0,b,-1,0.08,axon,15.1,145869.25977064847,390.32387511749084,951.6850607492552,centered,,,,none,0.0,success,105.0,0.005,,,,,,161.4044420296096,,
10302,realistic,3,x0y0,utah,,,Aa,saline,,,100.0,b,-1,0.08,axon,13.7,139893.89422616773,-568.2387461857747,-1062.5559535460036,centered,,,,none,0.0,success,105.0,0.005,,,,,,-55.78654044661848,,
10303,realistic,3,x0y0,utah,,,Aa,saline,,,100.0,b,-1,0.08,axon,17.0,151711.99146326628,601.2332970631228,1112.147185847486,centered,,,,none,0.0,success,105.0,0.005,,,,,,631.5266273379071,,
10304,realistic,3,x0y0,utah,,,Aa,saline,,,100.0,b,-1,0.08,axon,15.5,147679.35424712748,-486.0660426145823,1073.6019878032448,centered,,,,none,0.0,success,105.0,0.005,,,,,,635.771480235113,,
10305,realistic,3,x0y0,utah,,,Aa,saline,,,100.0,b,-1,0.08,axon,15.0,145180.85774809882,-299.4324146260451,832.8112944463041,centered,,,,none,0.0,success,105.0,0.005,,,,,,-173.46909458531138,,
10306,realistic,3,x0y0,utah,,,Aa,saline,,,100.0,b,-1,0.08,axon,16.0,148520.44805758714,374.6430722064297,-779.2280144016568,centered,,,,none,0.0,success,105.0,0.005,,,,,,-28.361219569974104,,
10307,realistic,3,x0y0,utah,,,Ab,saline,,,100.0,b,-1,0.08,axon,8.4,93893.29742452926,949.9832003889096,-580.6970202217518,centered,,,,none,0.0,success,105.0,0.005,,,,,,-151.00957102484847,,
10308,realistic,3,x0y0,utah,,,Ab,saline,,,100.0,b,-1,0.08,axon,15.8,147594.830281111,415.5795163141984,1250.641133608703,centered,,,,none,0.0,success,105.0,0.005,,,,,,-372.7363368713402,,
10309,realistic,3,x0y0,utah,,,Ab,saline,,,100.0,b,-1,0.08,axon,19.9,155634.54251750387,488.0003843314976,-918.7607004783208,centered,,,,none,0.0,success,105.0,0.005,,,,,,-148.57116335368522,,
10310,realistic,3,x0y0,utah,,,Ab,saline,,,100.0,b,-1,0.08,axon,11.8,128151.46775830536,-553.4495231753208,-944.9688952846933,centered,,,,none,0.0,success,105.0,0.005,,,,,,-531.0714654536766,,
10311,realistic,3,x0y0,utah,,,Ab,saline,,,100.0,b,-1,0.08,axon,10.6,118522.35859943654,1137.7045794749831,259.425272891337,centered,,,,none,0.0,success,105.0,0.005,,,,,,-373.27614028473937,,
10312,realistic,3,x0y0,utah,,,Ab,saline,,,100.0,b,-1,0.08,axon,8.5,95031.16967818674,974.8781973187248,-950.9677481772203,centered,,,,none,0.0,success,105.0,0.005,,,,,,-360.381065204914,,
10313,realistic,3,x0y0,utah,,,Ab,saline,,,100.0,b,-1,0.08,axon,9.4,106667.96693855994,577.2283385909423,-755.2792853665396,centered,,,,none,0.0,success,105.0,0.005,,,,,,115.85369431672042,,
10314,realistic,3,x0y0,utah,,,Ab,saline,,,100.0,b,-1,0.08,axon,9.7,110197.49133595779,1166.7410972693287,61.71910820137328,centered,,,,none,0.0,success,105.0,0.005,,,,,,298.2919982425752,,
10315,realistic,3,x0y0,utah,,,Ab,saline,,,100.0,b,-1,0.08,axon,9.4,106751.35105379976,-525.5273560991582,780.8481327360569,centered,,,,none,0.0,success,105.0,0.005,,,,,,199.23780955656682,,
10316,realistic,3,x0y0,utah,,,Ab,saline,,,100.0,b,-1,0.08,axon,11.5,125959.31001011426,626.6660465111778,-694.5431352222183,centered,,,,none,0.0,success,105.0,0.005,,,,,,-493.85654010191087,,
10317,realistic,3,x0y0,utah,,,Aa,saline,,,100.0,b,-1,0.08,axon,14.7,144455.78540063187,963.1060216466824,-670.0397851978782,centered,,,,none,0.0,success,105.0,0.005,,,,,,211.76376291850445,,
10318,realistic,3,x0y0,utah,,,Aa,saline,,,100.0,b,-1,0.08,axon,16.5,149913.4176698125,-582.0386784224884,-638.0336429375989,centered,,,,none,0.0,success,105.0,0.005,,,,,,24.68356692329941,,
10319,realistic,3,x0y0,utah,,,Aa,saline,,,100.0,b,-1,0.08,axon,16.0,148108.97983499488,198.680998083808,1240.4080741104435,centered,,,,none,0.0,success,105.0,0.005,,,,,,-439.82944216224314,,
10320,realistic,3,x0y0,utah,,,Aa,saline,,,100.0,b,-1,0.08,axon,14.1,141204.0865487498,283.26330020939616,-954.0431312027016,centered,,,,none,0.0,success,105.0,0.005,,,,,,-579.6035955278221,,
10321,realistic,3,x0y0,utah,,,Aa,saline,,,100.0,b,-1,0.08,axon,15.7,146973.39911310255,270.02771118352854,939.8147199046813,centered,,,,none,0.0,success,105.0,0.005,,,,,,-693.2719725149443,,
10322,realistic,3,x0y0,utah,,,Aa,saline,,,100.0,b,-1,0.08,axon,14.9,145593.86806353886,958.1044276550728,-816.6766557855278,centered,,,,none,0.0,success,105.0,0.005,,,,,,601.2416005063536,,
10323,realistic,3,x0y0,utah,,,Aa,saline,,,100.0,b,-1,0.08,axon,15.7,148361.01493538162,-678.4221719339102,1196.8599685713687,centered,,,,none,0.0,success,105.0,0.005,,,,,,694.3438497641301,,
10324,realistic,3,x0y0,utah,,,Aa,saline,,,100.0,b,-1,0.08,axon,16.8,150551.53545884095,979.6393948766588,-778.8014391611583,centered,,,,none,0.0,success,105.0,0.005,,,,,,-68.99070679797971,,
10325,realistic,3,x0y0,utah,,,Aa,saline,,,100.0,b,-1,0.08,axon,15.0,144687.46761706428,-223.03239305968555,-1196.8994265886495,centered,,,,none,0.0,success,105.0,0.005,,,,,,-666.859225619854,,
10326,realistic,3,x0y0,utah,,,Aa,saline,,,100.0,b,-1,0.08,axon,14.2,141641.21408538555,727.7205108376005,386.7734794474795,centered,,,,50,5.275000000000125,success,72.900390625,0.005,,,,,-575.9526171114412,-575.9526171113993,727.7205108376005,386.7734794474795
10327,realistic,3,x0y0,utah,,,Ab,saline,,,100.0,b,-1,0.08,axon,7.9,87294.52157784805,-455.9209737469023,-680.0523417627593,centered,,,,none,0.0,success,105.0,0.005,,,,,,317.45265461323885,,
10328,realistic,3,x0y0,utah,,,Ab,saline,,,100.0,b,-1,0.08,axon,7.6,82637.40942206154,-587.14009532307,-883.1630311366168,centered,,,,none,0.0,success,105.0,0.005,,,,,,168.42384497039714,,
10329,realistic,3,x0y0,utah,,,Ab,saline,,,100.0,b,-1,0.08,axon,17.5,151687.92375097712,-278.3906557520945,-1173.5889290944756,centered,,,,none,0.0,success,105.0,0.005,,,,,,-451.6413648459567,,
10330,realistic,3,x0y0,utah,,,Ab,saline,,,100.0,b,-1,0.08,axon,10.2,114742.717506004,871.6071118811177,-626.1768416482638,centered,,,,none,0.0,success,105.0,0.005,,,,,,-342.19318341768053,,
10331,realistic,3,x0y0,utah,,,Ab,saline,,,100.0,b,-1,0.08,axon,8.8,98914.5561834026,-432.9499336886902,-967.8034712498436,centered,,,,none,0.0,success,105.0,0.005,,,,,,-388.3492372430935,,
10332,realistic,3,x0y0,utah,,,Ab,saline,,,100.0,b,-1,0.08,axon,13.9,140453.63312493573,1330.5060290215133,241.8376475161249,centered,,,,none,0.0,success,105.0,0.005,,,,,,-433.4687177493422,,
10333,realistic,3,x0y0,utah,,,Ab,saline,,,100.0,b,-1,0.08,axon,8.8,98831.7762200698,-610.1156345933541,-1092.542204218577,centered,,,,none,0.0,success,105.0,0.005,,,,,,-471.1292005758879,,
10334,realistic,3,x0y0,utah,,,Ab,saline,,,100.0,b,-1,0.08,axon,7.6,82512.65618959605,721.2726527348477,594.7751513800878,centered,,,,none,0.0,success,105.0,0.005,,,,,,43.670612504907425,,
10335,realistic,3,x0y0,utah,,,Ab,saline,,,100.0,b,-1,0.08,axon,8.4,94067.40632391872,-170.88104846427495,-1234.9035479953764,centered,,,,none,0.0,success,105.0,0.005,,,,,,23.09932836461324,,
10336,realistic,3,x0y0,utah,,,Ab,saline,,,100.0,b,-1,0.08,axon,9.0,102060.42840601351,-296.4174360977254,1186.055752983114,centered,,,,none,0.0,success,105.0,0.005,,,,,,257.21519567999087,,
10337,realistic,3,x0y0,utah,,,Aa,saline,,,100.0,b,-1,0.08,axon,12.6,134393.80762888034,964.4873325225258,610.1627531505263,centered,,,,none,0.0,success,105.0,0.005,,,,,,404.1955566054218,,
10338,realistic,3,x0y0,utah,,,Aa,saline,,,100.0,b,-1,0.08,axon,15.1,145834.8265095416,229.67244869960808,1334.5493933367216,centered,,,,none,0.0,success,105.0,0.005,,,,,,126.97118092275193,,
10339,realistic,3,x0y0,utah,,,Aa,saline,,,100.0,b,-1,0.08,axon,15.5,147071.38491268028,1056.4966423981086,-213.7926020947107,centered,,,,50,5.270000000000124,success,79.541015625,0.005,,,,,27.8021457879222,27.80214578792483,1056.4966423981086,-213.7926020947107
10340,realistic,3,x0y0,utah,,,Aa,saline,,,100.0,b,-1,0.08,axon,14.4,143679.15662400762,-641.6258123738687,881.8764552386901,centered,,,,none,0.0,success,105.0,0.005,,,,,,623.7058594102064,,
10341,realistic,3,x0y0,utah,,,Aa,saline,,,100.0,b,-1,0.08,axon,15.5,147167.54468361483,1083.584406840078,-2.9786311786069746,centered,,,,49,5.285000000000126,success,75.29296875,0.005,,,,,1594.3977443914046,123.96191672251257,1083.584406840078,-2.9786311786069746
10342,realistic,3,x0y0,utah,,,Aa,saline,,,100.0,b,-1,0.08,axon,16.1,149340.86923493978,1185.609456837812,89.89910893794058,centered,,,,none,0.0,success,105.0,0.005,,,,,,511.42119497421885,,
10343,realistic,3,x0y0,utah,,,Aa,saline,,,100.0,b,-1,0.08,axon,17.4,151274.6995096752,-122.61450535634228,1095.3586826644478,centered,,,,none,0.0,success,105.0,0.005,,,,,,-662.9585862095582,,
10344,realistic,3,x0y0,utah,,,Aa,saline,,,100.0,b,-1,0.08,axon,14.2,142297.14983502714,1106.2728465386563,-671.167533998906,centered,,,,none,0.0,success,105.0,0.005,,,,,,79.98313253018648,,
10345,realistic,3,x0y0,utah,,,Aa,saline,,,100.0,b,-1,0.08,axon,12.6,133458.14599631634,277.7864729814924,-1246.6421182241268,centered,,,,none,0.0,success,105.0,0.005,,,,,,-531.4660759585594,,
10346,realistic,3,x0y0,utah,,,Aa,saline,,,100.0,b,-1,0.08,axon,14.1,142262.34686731466,1171.3272060355705,-70.60522726739282,centered,,,,none,0.0,success,105.0,0.005,,,,,,478.6567230370666,,
10347,realistic,3,x0y0,utah,,,Ab,saline,,,100.0,b,-1,0.08,axon,9.7,110397.935613273,1053.0977168331033,344.34599923892165,centered,,,,none,0.0,success,105.0,0.005,,,,,,498.7362755577842,,
10348,realistic,3,x0y0,utah,,,Ab,saline,,,100.0,b,-1,0.08,axon,10.1,113652.62811286609,122.30508198050256,-1137.829071359885,centered,,,,none,0.0,success,105.0,0.005,,,,,,-433.4241358340565,,
10349,realistic,3,x0y0,utah,,,Ab,saline,,,100.0,b,-1,0.08,axon,13.0,136682.99335080385,241.32696630912,-1166.73672326078,centered,,,,none,0.0,success,105.0,0.005,,,,,,359.5903390676788,,
10350,realistic,3,x0y0,utah,,,Ab,saline,,,100.0,b,-1,0.08,axon,9.4,106499.29852862304,1002.8326599258694,-338.24785125418566,centered,,,,none,0.0,success,105.0,0.005,,,,,,-52.814715620195635,,
10351,realistic,3,x0y0,utah,,,Ab,saline,,,100.0,b,-1,0.08,axon,10.9,121186.12785559555,1151.868584497004,745.0913501260229,centered,,,,none,0.0,success,105.0,0.005,,,,,,-380.0934255330825,,
10352,realistic,3,x0y0,utah,,,Ab,saline,,,100.0,b,-1,0.08,axon,15.3,146980.02242659614,356.92951228915445,838.0285614791554,centered,,,,none,0.0,success,105.0,0.005,,,,,,588.9538619829414,,
10353,realistic,3,x0y0,utah,,,Ab,saline,,,100.0,b,-1,0.08,axon,8.6,96746.01718270908,1113.0881038981179,184.94852730356524,centered,,,,none,0.0,success,105.0,0.005,,,,,,29.03863496447525,,
10354,realistic,3,x0y0,utah,,,Ab,saline,,,100.0,b,-1,0.08,axon,7.6,82085.24327889654,773.389949514823,-1159.955436312334,centered,,,,none,0.0,success,105.0,0.005,,,,,,-383.74229819459975,,
10355,realistic,3,x0y0,utah,,,Ab,saline,,,100.0,b,-1,0.08,axon,9.9,112472.20270650776,1292.8815121026073,196.64024398327274,centered,,,,none,0.0,success,105.0,0.005,,,,,,440.85737589045027,,
10356,realistic,3,x0y0,utah,,,Ab,saline,,,100.0,b,-1,0.08,axon,7.3,77745.22671469473,1132.8423957879731,479.6617533386602,centered,,,,none,0.0,success,105.0,0.005,,,,,,-13.35791349214494,,
10357,realistic,3,x0y0,utah,,,Aa,saline,,,100.0,b,-1,0.08,axon,13.4,139025.9947018197,410.1301871363671,-1057.3073866155826,centered,,,,none,0.0,success,105.0,0.005,,,,,,562.5609499088156,,
10358,realistic,3,x0y0,utah,,,Aa,saline,,,100.0,b,-1,0.08,axon,16.2,149083.60903746073,444.1669471959477,-910.856737896322,centered,,,,none,0.0,success,105.0,0.005,,,,,,-20.012802047671713,,
10359,realistic,3,x0y0,utah,,,Aa,saline,,,100.0,b,-1,0.08,axon,16.8,150396.82764618972,530.5788358205095,1233.1933598333908,centered,,,,none,0.0,success,105.0,0.005,,,,,,-223.6985194492009,,
10360,realistic,3,x0y0,utah,,,Aa,saline,,,100.0,b,-1,0.08,axon,19.1,155249.73707377393,1060.8860200228692,-619.9819720010037,centered,,,,none,0.0,success,105.0,0.005,,,,,,456.54584547650796,,
10361,realistic,3,x0y0,utah,,,Aa,saline,,,100.0,b,-1,0.08,axon,18.5,154640.55809826995,947.727658379158,37.679074028272225,centered,,,,49,5.255000000000122,success,60.0494384765625,0.005,,,,,2264.7584300628514,725.6089384647781,947.727658379158,37.679074028272225
10362,realistic,3,x0y0,utah,,,Aa,saline,,,100.0,b,-1,0.08,axon,14.9,145220.72377362705,-472.5964608845871,-1078.7154874897715,centered,,,,none,0.0,success,105.0,0.005,,,,,,228.09731059454543,,
10363,realistic,3,x0y0,utah,,,Aa,saline,,,100.0,b,-1,0.08,axon,13.7,139897.73259230066,-336.4551601934713,-1308.91951934335,centered,,,,none,0.0,success,105.0,0.005,,,,,,-51.948174313706325,,
10364,realistic,3,x0y0,utah,,,Aa,saline,,,100.0,b,-1,0.08,axon,13.7,139444.96169328858,736.7137390847853,-701.2909580916958,centered,,,,none,0.0,success,105.0,0.005,,,,,,-504.7190733257735,,
10365,realistic,3,x0y0,utah,,,Aa,saline,,,100.0,b,-1,0.08,axon,16.7,150334.45299027688,649.0687054035602,1005.3588912206101,centered,,,,none,0.0,success,105.0,0.005,,,,,,-47.85145763017494,,
10366,realistic,3,x0y0,utah,,,Aa,saline,,,100.0,b,-1,0.08,axon,13.1,137546.09900147506,-114.79253613296896,-1194.3068270417655,centered,,,,none,0.0,success,105.0,0.005,,,,,,670.075856940287,,
10367,realistic,3,x0y0,utah,,,Ab,saline,,,100.0,b,-1,0.08,axon,12.6,134056.51588467832,901.9845042825799,497.0246481990416,centered,,,,none,0.0,success,105.0,0.005,,,,,,66.90381240338758,,
10368,realistic,3,x0y0,utah,,,Ab,saline,,,100.0,b,-1,0.08,axon,9.1,103137.92237837936,769.1785934118147,-1084.5752021029539,centered,,,,none,0.0,success,105.0,0.005,,,,,,116.27463724792798,,
10369,realistic,3,x0y0,utah,,,Ab,saline,,,100.0,b,-1,0.08,axon,8.3,92747.52088413633,917.1459868067476,-369.96789209675535,centered,,,,none,0.0,success,105.0,0.005,,,,,,72.39168717544895,,
10370,realistic,3,x0y0,utah,,,Ab,saline,,,100.0,b,-1,0.08,axon,16.2,149334.99136187206,355.742638934732,1302.5121846015618,centered,,,,none,0.0,success,105.0,0.005,,,,,,231.3695223636374,,
10371,realistic,3,x0y0,utah,,,Ab,saline,,,100.0,b,-1,0.08,axon,8.1,89932.87777713712,1000.4165536072504,-653.6097803904504,centered,,,,none,0.0,success,105.0,0.005,,,,,,62.32910533676101,,
10372,realistic,3,x0y0,utah,,,Ab,saline,,,100.0,b,-1,0.08,axon,7.1,74256.15728056178,939.7376060738176,652.1865969850869,centered,,,,none,0.0,success,105.0,0.005,,,,,,-249.7127594086589,,
10373,realistic,3,x0y0,utah,,,Ab,saline,,,100.0,b,-1,0.08,axon,9.7,109544.4006850126,-430.8062529773878,-811.4193177960042,centered,,,,none,0.0,success,105.0,0.005,,,,,,-354.7986527026124,,
10374,realistic,3,x0y0,utah,,,Ab,saline,,,100.0,b,-1,0.08,axon,12.4,132157.1286133768,-507.67504675005654,1154.6950318183478,centered,,,,none,0.0,success,105.0,0.005,,,,,,-588.434970830252,,
10375,realistic,3,x0y0,utah,,,Ab,saline,,,100.0,b,-1,0.08,axon,17.0,150715.42973241687,0.2812936510417785,1359.5120905042513,centered,,,,none,0.0,success,105.0,0.005,,,,,,-365.035103511502,,
10376,realistic,3,x0y0,utah,,,Ab,saline,,,100.0,b,-1,0.08,axon,14.5,143355.40955174607,993.7171685289253,126.51534745053414,centered,,,,50,5.260000000000122,success,60.791015625,0.005,,,,,-105.22708991612308,-105.227089916111,993.7171685289253,126.51534745053414
10377,realistic,3,x0y0,utah,,,Aa,saline,,,100.0,b,-1,0.08,axon,15.6,147095.42679759458,483.43911229793457,-1212.1571013421685,centered,,,,none,0.0,success,105.0,0.005,,,,,,-263.30047878320863,,
10378,realistic,3,x0y0,utah,,,Aa,saline,,,100.0,b,-1,0.08,axon,15.1,145534.27067240686,588.6003279195256,-906.8323367000604,centered,,,,none,0.0,success,105.0,0.005,,,,,,-173.58465621199488,,
10379,realistic,3,x0y0,utah,,,Aa,saline,,,100.0,b,-1,0.08,axon,14.4,142895.28742517447,1271.6968009779264,-425.535781127212,centered,,,,none,0.0,success,105.0,0.005,,,,,,-160.1633394229824,,
10380,realistic,3,x0y0,utah,,,Aa,saline,,,100.0,b,-1,0.08,axon,15.5,147201.87065658966,141.63678047415897,-811.903453534419,centered,,,,none,0.0,success,105.0,0.005,,,,,,158.2878896972855,,
10381,realistic,3,x0y0,utah,,,Aa,saline,,,100.0,b,-1,0.08,axon,13.4,138678.42963820163,528.9649534942791,-628.1026712413955,centered,,,,none,0.0,success,105.0,0.005,,,,,,214.9958862907341,,
10382,realistic,3,x0y0,utah,,,Aa,saline,,,100.0,b,-1,0.08,axon,19.4,155589.97821156983,-145.727923060203,1058.396668209546,centered,,,,none,0.0,success,105.0,0.005,,,,,,402.99295601463996,,
10383,realistic,3,x0y0,utah,,,Aa,saline,,,100.0,b,-1,0.08,axon,16.6,150673.86138457042,-322.10932223735927,-1247.7290203170912,centered,,,,none,0.0,success,105.0,0.005,,,,,,535.4453438705968,,
10384,realistic,3,x0y0,utah,,,Aa,saline,,,100.0,b,-1,0.08,axon,17.4,151927.7691726666,817.05588182665,788.2202312568526,centered,,,,none,0.0,success,105.0,0.005,,,,,,-9.888923218173437,,
10385,realistic,3,x0y0,utah,,,Aa,saline,,,100.0,b,-1,0.08,axon,14.6,144234.44023756488,581.9227778480696,1265.0647006384088,centered,,,,none,0.0,success,105.0,0.005,,,,,,377.6740984330837,,
10386,realistic,3,x0y0,utah,,,Aa,saline,,,100.0,b,-1,0.08,axon,14.1,142438.02373994444,-608.1361911143481,-748.2123244590358,centered,,,,none,0.0,success,105.0,0.005,,,,,,654.3335956668445,,
10387,realistic,3,x0y0,utah,,,Ab,saline,,,100.0,b,-1,0.08,axon,9.0,101409.89342150367,1226.383155813398,589.4522027818816,centered,,,,none,0.0,success,105.0,0.005,,,,,,-393.3197888298349,,
10388,realistic,3,x0y0,utah,,,Ab,saline,,,100.0,b,-1,0.08,axon,13.7,140295.35206320306,271.5845381141908,1277.8336070692094,centered,,,,none,0.0,success,105.0,0.005,,,,,,345.6712965887371,,
10389,realistic,3,x0y0,utah,,,Ab,saline,,,100.0,b,-1,0.08,axon,9.1,103363.303702532,-653.6172775390073,533.4950525880172,centered,,,,none,0.0,success,105.0,0.005,,,,,,341.6559614005509,,
10390,realistic,3,x0y0,utah,,,Ab,saline,,,100.0,b,-1,0.08,axon,9.4,106750.7857385718,256.5942467331556,-994.8532127527873,centered,,,,none,0.0,success,105.0,0.005,,,,,,198.67249432859245,,
10391,realistic,3,x0y0,utah,,,Ab,saline,,,100.0,b,-1,0.08,axon,10.8,121216.90879872414,63.522933124098024,-942.035003367173,centered,,,,none,0.0,success,105.0,0.005,,,,,,523.5006977399561,,
10392,realistic,3,x0y0,utah,,,Ab,saline,,,100.0,b,-1,0.08,axon,12.6,134370.4928795624,943.4756670659436,-766.152998566427,centered,,,,none,0.0,success,105.0,0.005,,,,,,380.88080728745814,,
10393,realistic,3,x0y0,utah,,,Ab,saline,,,100.0,b,-1,0.08,axon,7.8,85841.71948771429,331.2986562571928,1154.251332905018,centered,,,,none,0.0,success,105.0,0.005,,,,,,344.91065303079336,,
10394,realistic,3,x0y0,utah,,,Ab,saline,,,100.0,b,-1,0.08,axon,10.7,119238.1286705973,-343.57378617451104,1021.6346399661568,centered,,,,none,0.0,success,105.0,0.005,,,,,,-565.1630782397339,,
10395,realistic,3,x0y0,utah,,,Ab,saline,,,100.0,b,-1,0.08,axon,8.2,91045.79769059892,720.7891420623426,372.65058190868285,centered,,,,50,5.285000000000126,success,86.46240234375,0.005,,,,,-238.11139474555966,-238.11139474554955,720.7891420623426,372.65058190868285
10396,realistic,3,x0y0,utah,,,Ab,saline,,,100.0,b,-1,0.08,axon,8.7,98335.92343025416,-686.1593757118394,777.1477828453194,centered,,,,none,0.0,success,105.0,0.005,,,,,,315.2054963135596,,
10397,realistic,3,x0y0,utah,,,Aa,saline,,,100.0,b,-1,0.08,axon,13.0,135942.08921840132,513.1357818155407,-798.9498968660138,centered,,,,none,0.0,success,105.0,0.005,,,,,,-381.3137933348426,,
10398,realistic,3,x0y0,utah,,,Aa,saline,,,100.0,b,-1,0.08,axon,17.3,151123.4020096722,1181.5243897097798,306.53694928444196,centered,,,,none,0.0,success,105.0,0.005,,,,,,-607.5042071599382,,
10399,realistic,3,x0y0,utah,,,Aa,saline,,,100.0,b,-1,0.08,axon,12.4,133253.21786688233,-625.892994021805,-558.5188451014686,centered,,,,none,0.0,success,105.0,0.005,,,,,,507.654282675324,,
10400,realistic,3,x0y0,utah,,,Aa,saline,,,100.0,b,-1,0.08,axon,14.9,144697.9721399716,827.841020472435,266.8061631784708,centered,,,,51,5.215000000000115,success,51.2939453125,0.005,,,,,-1744.580587691249,-294.6543230609087,827.841020472435,266.8061631784708
10401,realistic,3,x0y0,utah,,,Aa,saline,,,100.0,b,-1,0.08,axon,15.7,147798.70776474278,-215.90429887087384,1078.723100488382,centered,,,,none,0.0,success,105.0,0.005,,,,,,132.03667912526808,,
10402,realistic,3,x0y0,utah,,,Aa,saline,,,100.0,b,-1,0.08,axon,16.1,148988.07912130782,620.8090108668089,-722.4965480417765,centered,,,,none,0.0,success,105.0,0.005,,,,,,158.6310813422615,,
10403,realistic,3,x0y0,utah,,,Aa,saline,,,100.0,b,-1,0.08,axon,15.2,145801.7533474284,-267.03964753525645,1345.8672944423424,centered,,,,none,0.0,success,105.0,0.005,,,,,,-251.6272433518341,,
10404,realistic,3,x0y0,utah,,,Aa,saline,,,100.0,b,-1,0.08,axon,16.0,148285.10855403525,1007.8328215861728,946.9893035786175,centered,,,,none,0.0,success,105.0,0.005,,,,,,-263.7007231218796,,
10405,realistic,3,x0y0,utah,,,Aa,saline,,,100.0,b,-1,0.08,axon,17.5,152294.44756573526,-602.9712740192826,-1006.910187957249,centered,,,,none,0.0,success,105.0,0.005,,,,,,154.8824499121426,,
10406,realistic,3,x0y0,utah,,,Aa,saline,,,100.0,b,-1,0.08,axon,14.9,144622.12582486108,-250.30315412428848,1040.934532625446,centered,,,,none,0.0,success,105.0,0.005,,,,,,-370.50063817140335,,
10407,realistic,3,x0y0,utah,,,Ab,saline,,,100.0,b,-1,0.08,axon,7.1,74630.19972396956,1086.8160258678936,712.3089121429318,centered,,,,none,0.0,success,105.0,0.005,,,,,,124.32968399911944,,
10408,realistic,3,x0y0,utah,,,Ab,saline,,,100.0,b,-1,0.08,axon,8.6,96561.84155696961,538.6070427192576,594.2311230850896,centered,,,,none,0.0,success,105.0,0.005,,,,,,-155.1369907750045,,
10409,realistic,3,x0y0,utah,,,Ab,saline,,,100.0,b,-1,0.08,axon,15.5,146963.0813811639,29.232473721720446,1245.0413307576512,centered,,,,none,0.0,success,105.0,0.005,,,,,,-80.5013857284564,,
10410,realistic,3,x0y0,utah,,,Ab,saline,,,100.0,b,-1,0.08,axon,13.4,138345.8425563923,791.6361029032782,916.6850415981004,centered,,,,none,0.0,success,105.0,0.005,,,,,,-117.59119551858515,,
10411,realistic,3,x0y0,utah,,,Ab,saline,,,100.0,b,-1,0.08,axon,11.1,123132.97478258035,543.0205368363777,1123.7037992561218,centered,,,,none,0.0,success,105.0,0.005,,,,,,-127.9195453882328,,
10412,realistic,3,x0y0,utah,,,Ab,saline,,,100.0,b,-1,0.08,axon,8.5,95393.89011080381,1219.4413906460886,-382.3045657350531,centered,,,,none,0.0,success,105.0,0.005,,,,,,2.339367412140706,,
10413,realistic,3,x0y0,utah,,,Ab,saline,,,100.0,b,-1,0.08,axon,12.6,133402.50354595212,490.0610424947972,1182.6560255934,centered,,,,none,0.0,success,105.0,0.005,,,,,,-587.1085263228164,,
10414,realistic,3,x0y0,utah,,,Ab,saline,,,100.0,b,-1,0.08,axon,13.2,137527.4236573818,-377.42999575071366,989.6820737472632,centered,,,,none,0.0,success,105.0,0.005,,,,,,110.6671704165732,,
10415,realistic,3,x0y0,utah,,,Ab,saline,,,100.0,b,-1,0.08,axon,9.4,106643.8443066995,-546.6214491019368,619.5882090371751,centered,,,,none,0.0,success,105.0,0.005,,,,,,91.731062456286,,
10416,realistic,3,x0y0,utah,,,Ab,saline,,,100.0,b,-1,0.08,axon,10.8,120999.74768855894,-352.2144066303832,-1220.8935649935845,centered,,,,none,0.0,success,105.0,0.005,,,,,,306.33958757477143,,
10417,realistic,3,x0y0,utah,,,Aa,saline,,,100.0,b,-1,0.08,axon,13.3,137403.8778475608,916.9954240819943,406.81958021780883,centered,,,,50,5.290000000000127,success,98.291015625,0.005,,,,,-541.9435021057434,-541.9435021057383,916.9954240819943,406.81958021780883
10418,realistic,3,x0y0,utah,,,Aa,saline,,,100.0,b,-1,0.08,axon,18.6,153861.98056172425,68.72604624759697,-1142.7393149801774,centered,,,,none,0.0,success,105.0,0.005,,,,,,-208.26919066530075,,
10419,realistic,3,x0y0,utah,,,Aa,saline,,,100.0,b,-1,0.08,axon,16.5,150396.0498585225,284.6724786973396,-1146.5054690205975,centered,,,,none,0.0,success,105.0,0.005,,,,,,507.315755633306,,
10420,realistic,3,x0y0,utah,,,Aa,saline,,,100.0,b,-1,0.08,axon,15.8,148298.86883608982,1101.8498435070205,-92.053201784483,centered,,,,49,5.275000000000125,success,84.3017578125,0.005,,,,,1810.9778842872765,331.3022181074635,1101.8498435070205,-92.053201784483
10421,realistic,3,x0y0,utah,,,Aa,saline,,,100.0,b,-1,0.08,axon,12.5,133947.6392952432,1365.174703387579,82.23430785112168,centered,,,,none,0.0,success,105.0,0.005,,,,,,573.4311586616019,,
10422,realistic,3,x0y0,utah,,,Aa,saline,,,100.0,b,-1,0.08,axon,16.3,148733.51578488902,250.23002019941532,-1020.6597431811093,centered,,,,none,0.0,success,105.0,0.005,,,,,,-637.9542281667143,,
10423,realistic,3,x0y0,utah,,,Aa,saline,,,100.0,b,-1,0.08,axon,16.2,149780.01240385632,759.7683739889128,317.9245260086782,centered,,,,49,5.270000000000124,success,62.79296875,0.005,,,,,2167.4267827429867,676.3905643479202,759.7683739889128,317.9245260086782
10424,realistic,3,x0y0,utah,,,Aa,saline,,,100.0,b,-1,0.08,axon,14.5,142995.40466861875,178.98153555855427,-940.2762127896056,centered,,,,none,0.0,success,105.0,0.005,,,,,,-465.2319730434462,,
10425,realistic,3,x0y0,utah,,,Aa,saline,,,100.0,b,-1,0.08,axon,17.1,151212.07130638053,739.4568604970856,-1030.0104117104083,centered,,,,none,0.0,success,105.0,0.005,,,,,,-90.35218990567085,,
10426,realistic,3,x0y0,utah,,,Aa,saline,,,100.0,b,-1,0.08,axon,16.1,148362.17451363147,1042.4697646249542,269.2334420805614,centered,,,,51,5.24500000000012,success,89.044189453125,0.005,,,,,-1955.5680067337526,-467.2735263340979,1042.4697646249542,269.2334420805614
10427,realistic,3,x0y0,utah,,,Ab,saline,,,100.0,b,-1,0.08,axon,13.5,139526.89703000308,425.45470889839,-719.9943633409047,centered,,,,none,0.0,success,105.0,0.005,,,,,,557.0896697526377,,
10428,realistic,3,x0y0,utah,,,Ab,saline,,,100.0,b,-1,0.08,axon,9.4,106622.94613297736,274.2529401874958,878.1062741303567,centered,,,,none,0.0,success,105.0,0.005,,,,,,70.83288873413233,,
10429,realistic,3,x0y0,utah,,,Ab,saline,,,100.0,b,-1,0.08,axon,8.9,100215.48631497263,-145.38178458191211,1178.723187587515,centered,,,,none,0.0,success,105.0,0.005,,,,,,-348.19978317041085,,
10430,realistic,3,x0y0,utah,,,Ab,saline,,,100.0,b,-1,0.08,axon,12.2,131413.65713168794,-103.18393166686293,-1013.4809543996963,centered,,,,none,0.0,success,105.0,0.005,,,,,,-33.96534034845224,,
10431,realistic,3,x0y0,utah,,,Ab,saline,,,100.0,b,-1,0.08,axon,9.0,101359.19638409643,-573.6632049441282,-838.6674426894016,centered,,,,none,0.0,success,105.0,0.005,,,,,,-444.01682623709456,,
10432,realistic,3,x0y0,utah,,,Ab,saline,,,100.0,b,-1,0.08,axon,7.7,84284.34659872821,-486.7452806888282,720.2163478565668,centered,,,,none,0.0,success,105.0,0.005,,,,,,290.2188093948777,,
10433,realistic,3,x0y0,utah,,,Ab,saline,,,100.0,b,-1,0.08,axon,10.2,114718.2309533511,566.1902169771438,-685.1182798368295,centered,,,,none,0.0,success,105.0,0.005,,,,,,-366.6797360705688,,
10434,realistic,3,x0y0,utah,,,Ab,saline,,,100.0,b,-1,0.08,axon,8.5,95709.30297762444,114.04984792215237,-1030.390282038789,centered,,,,none,0.0,success,105.0,0.005,,,,,,317.7522342328045,,
10435,realistic,3,x0y0,utah,,,Ab,saline,,,100.0,b,-1,0.08,axon,8.8,99724.07657556931,290.8930890917177,-855.7241839771405,centered,,,,none,0.0,success,105.0,0.005,,,,,,421.17115492363985,,
10436,realistic,3,x0y0,utah,,,Ab,saline,,,100.0,b,-1,0.08,axon,8.8,99211.57264882381,586.9253012556255,590.3719223144018,centered,,,,none,0.0,success,105.0,0.005,,,,,,-91.33277182187712,,
10437,realistic,3,x0y0,utah,,,Aa,saline,,,100.0,b,-1,0.08,axon,14.9,145415.7954056742,52.008771948118465,873.8699551334818,centered,,,,none,0.0,success,105.0,0.005,,,,,,423.16894264171225,,
10438,realistic,3,x0y0,utah,,,Aa,saline,,,100.0,b,-1,0.08,axon,18.4,153191.76970430324,-373.28826943220565,-707.6995904568436,centered,,,,none,0.0,success,105.0,0.005,,,,,,-564.1112657651422,,
10439,realistic,3,x0y0,utah,,,Aa,saline,,,100.0,b,-1,0.08,axon,15.8,148217.36623003107,-21.598465021979337,876.9632293604817,centered,,,,none,0.0,success,105.0,0.005,,,,,,249.79961204870372,,
10440,realistic,3,x0y0,utah,,,Aa,saline,,,100.0,b,-1,0.08,axon,18.0,153814.0839218745,1057.1980438809378,-855.8281092415832,centered,,,,none,0.0,success,105.0,0.005,,,,,,733.9405109687842,,
10441,realistic,3,x0y0,utah,,,Aa,saline,,,100.0,b,-1,0.08,axon,13.8,139759.9020227277,256.98644651538604,-911.372120309734,centered,,,,none,0.0,success,105.0,0.005,,,,,,-663.6936322454043,,
10442,realistic,3,x0y0,utah,,,Aa,saline,,,100.0,b,-1,0.08,axon,15.7,148190.72283548705,699.5939975007759,-628.2435717657859,centered,,,,none,0.0,success,105.0,0.005,,,,,,524.0517498695554,,
10443,realistic,3,x0y0,utah,,,Aa,saline,,,100.0,b,-1,0.08,axon,18.0,153259.6192866052,1249.9229079581294,49.807772764178026,centered,,,,none,0.0,success,105.0,0.005,,,,,,179.4758756994866,,
10444,realistic,3,x0y0,utah,,,Aa,saline,,,100.0,b,-1,0.08,axon,16.1,148579.27289046618,1054.3334768471204,748.7652277935323,centered,,,,none,0.0,success,105.0,0.005,,,,,,-250.17514949938226,,
10445,realistic,3,x0y0,utah,,,Aa,saline,,,100.0,b,-1,0.08,axon,18.2,153697.90027892892,1052.6059059111412,-657.0919487227508,centered,,,,none,0.0,success,105.0,0.005,,,,,,271.8124328172563,,
10446,realistic,3,x0y0,utah,,,Aa,saline,,,100.0,b,-1,0.08,axon,16.7,150615.8884048987,-328.20981295981073,1178.5442721643722,centered,,,,none,0.0,success,105.0,0.005,,,,,,233.58395699163952,,
10447,realistic,3,x0y0,utah,,,Ab,saline,,,100.0,b,-1,0.08,axon,10.5,118444.36290270592,288.001342202675,-1026.886281122222,centered,,,,none,0.0,success,105.0,0.005,,,,,,474.16175457639235,,
10448,realistic,3,x0y0,utah,,,Ab,saline,,,100.0,b,-1,0.08,axon,11.0,122665.79924035375,1026.9402139672022,-728.7896991079269,centered,,,,none,0.0,success,105.0,0.005,,,,,,243.82916402298056,,
10449,realistic,3,x0y0,utah,,,Ab,saline,,,100.0,b,-1,0.08,axon,9.5,107527.28158204148,1317.492824858272,-34.2212994529541,centered,,,,none,0.0,success,105.0,0.005,,,,,,-160.64632826612905,,
10450,realistic,3,x0y0,utah,,,Ab,saline,,,100.0,b,-1,0.08,axon,8.9,100122.59455467905,1211.7077786410746,-523.0472634827288,centered,,,,none,0.0,success,105.0,0.005,,,,,,-441.0915434640032,,
10451,realistic,3,x0y0,utah,,,Ab,saline,,,100.0,b,-1,0.08,axon,8.2,91633.70308209382,1070.7882975715836,-676.239712792717,centered,,,,none,0.0,success,105.0,0.005,,,,,,349.7939967493452,,
10452,realistic,3,x0y0,utah,,,Ab,saline,,,100.0,b,-1,0.08,axon,8.0,88206.69105241883,562.4907834769815,927.8240789588847,centered,,,,none,0.0,success,105.0,0.005,,,,,,-228.26961727907903,,
10453,realistic,3,x0y0,utah,,,Ab,saline,,,100.0,b,-1,0.08,axon,7.1,74815.08723547928,-228.31982600812668,1089.7182985676704,centered,,,,none,0.0,success,105.0,0.005,,,,,,309.2171955088249,,
10454,realistic,3,x0y0,utah,,,Ab,saline,,,100.0,b,-1,0.08,axon,8.8,99229.55762858083,514.3450952421244,-653.7296001099694,centered,,,,none,0.0,success,105.0,0.005,,,,,,-73.34779206484363,,
10455,realistic,3,x0y0,utah,,,Ab,saline,,,100.0,b,-1,0.08,axon,13.3,138344.8846719552,1149.6079522400325,-299.30943654677867,centered,,,,none,0.0,success,105.0,0.005,,,,,,399.0633222886499,,
10456,realistic,3,x0y0,utah,,,Ab,saline,,,100.0,b,-1,0.08,axon,9.1,103116.01997888842,-224.25780337877632,-1336.2123413355876,centered,,,,none,0.0,success,105.0,0.005,,,,,,94.37223775697231,,
10457,realistic,3,x0y0,utah,,,Aa,saline,,,100.0,b,-1,0.08,axon,13.5,138929.81783783025,499.1763249385348,905.4276878567216,centered,,,,none,0.0,success,105.0,0.005,,,,,,-39.98952242018681,,
10458,realistic,3,x0y0,utah,,,Aa,saline,,,100.0,b,-1,0.08,axon,13.5,138893.33169017182,1017.4634603932353,621.6297111788418,centered,,,,none,0.0,success,105.0,0.005,,,,,,-76.47567007862203,,
10459,realistic,3,x0y0,utah,,,Aa,saline,,,100.0,b,-1,0.08,axon,15.1,145179.58508594535,-463.30047446584916,-974.7147585160884,centered,,,,none,0.0,success,105.0,0.005,,,,,,-528.2702426734877,,
10460,realistic,3,x0y0,utah,,,Aa,saline,,,100.0,b,-1,0.08,axon,16.2,148944.16952046214,504.32464791774146,1276.8037949972431,centered,,,,none,0.0,success,105.0,0.005,,,,,,-159.45231904628625,,
10461,realistic,3,x0y0,utah,,,Aa,saline,,,100.0,b,-1,0.08,axon,13.0,136827.32837037562,-192.01152802846215,-1239.535520389556,centered,,,,none,0.0,success,105.0,0.005,,,,,,503.9253586394541,,
10462,realistic,3,x0y0,utah,,,Aa,saline,,,100.0,b,-1,0.08,axon,12.6,134549.18405482292,716.2780049579501,867.2544595763593,centered,,,,none,0.0,success,105.0,0.005,,,,,,559.5719825479958,,
10463,realistic,3,x0y0,utah,,,Aa,saline,,,100.0,b,-1,0.08,axon,13.1,136664.36567395632,626.0092723231088,-998.1654541026628,centered,,,,none,0.0,success,105.0,0.005,,,,,,-211.65747057847446,,
10464,realistic,3,x0y0,utah,,,Aa,saline,,,100.0,b,-1,0.08,axon,14.9,144293.02567802195,984.3780353648112,25.13448957322544,centered,,,,50,5.295000000000128,success,69.27490234375,0.005,,,,,-699.6007850105525,-699.6007850105548,984.3780353648112,25.13448957322544
10465,realistic,3,x0y0,utah,,,Aa,saline,,,100.0,b,-1,0.08,axon,16.6,150114.03664246967,-350.41186037442185,-1161.8098306910194,centered,,,,none,0.0,success,105.0,0.005,,,,,,-24.379398230148322,,
10466,realistic,3,x0y0,utah,,,Aa,saline,,,100.0,b,-1,0.08,axon,12.4,133342.38032002954,818.4801964395509,731.7308490217274,centered,,,,none,0.0,success,105.0,0.005,,,,,,596.8167358225305,,
10467,realistic,3,x0y0,utah,,,Ab,saline,,,100.0,b,-1,0.08,axon,9.9,112048.0892310985,1193.5152450161595,-499.49300038706224,centered,,,,none,0.0,success,105.0,0.005,,,,,,16.74390048118653,,
10468,realistic,3,x0y0,utah,,,Ab,saline,,,100.0,b,-1,0.08,axon,7.6,82241.56409867395,312.6795703496032,951.1934068997098,centered,,,,none,0.0,success,105.0,0.005,,,,,,-227.42147841719617,,
10469,realistic,3,x0y0,utah,,,Ab,saline,,,100.0,b,-1,0.08,axon,9.8,111224.62329396461,1067.9024509718893,30.80997112595378,centered,,,,49,5.255000000000122,success,96.533203125,0.005,,,,,1359.3146554382838,249.56406312991547,1067.9024509718893,30.80997112595378
10470,realistic,3,x0y0,utah,,,Ab,saline,,,100.0,b,-1,0.08,axon,8.6,96375.69858451393,205.2674628813811,958.381266598305,centered,,,,none,0.0,success,105.0,0.005,,,,,,-341.2799632306911,,
10471,realistic,3,x0y0,utah,,,Ab,saline,,,100.0,b,-1,0.08,axon,7.8,85098.86231053487,-689.6847299461128,820.2160776860968,centered,,,,none,0.0,success,105.0,0.005,,,,,,-397.9465241486302,,
10472,realistic,3,x0y0,utah,,,Ab,saline,,,100.0,b,-1,0.08,axon,8.9,100338.26235797832,-559.3089990844942,-924.8511054744254,centered,,,,none,0.0,success,105.0,0.005,,,,,,-225.42374016472831,,
10473,realistic,3,x0y0,utah,,,Ab,saline,,,100.0,b,-1,0.08,axon,10.6,118773.87814806699,475.1671526494856,-818.5757968316576,centered,,,,none,0.0,success,105.0,0.005,,,,,,-121.75659165431273,,
10474,realistic,3,x0y0,utah,,,Ab,saline,,,100.0,b,-1,0.08,axon,9.3,105447.77455633662,505.0904512374154,700.0631115550705,centered,,,,none,0.0,success,105.0,0.005,,,,,,51.8553079058224,,
10475,realistic,3,x0y0,utah,,,Ab,saline,,,100.0,b,-1,0.08,axon,7.3,77731.25269993661,423.9708510104956,-1279.4757112316506,centered,,,,none,0.0,success,105.0,0.005,,,,,,-27.331928250264763,,
10476,realistic,3,x0y0,utah,,,Ab,saline,,,100.0,b,-1,0.08,axon,10.4,116715.8283048438,-112.17112150548157,927.9111814474327,centered,,,,none,0.0,success,105.0,0.005,,,,,,-310.9285701551705,,
10477,realistic,3,x0y0,utah,,,Aa,saline,,,100.0,b,-1,0.08,axon,17.9,152398.95934494922,-693.9600919832789,-591.5646429810628,centered,,,,none,0.0,success,105.0,0.005,,,,,,-501.91942026978944,,
10478,realistic,3,x0y0,utah,,,Aa,saline,,,100.0,b,-1,0.08,axon,14.7,144018.60418086627,1004.7664073918718,-461.76292501019685,centered,,,,none,0.0,success,105.0,0.005,,,,,,-225.41745684706342,,
10479,realistic,3,x0y0,utah,,,Aa,saline,,,100.0,b,-1,0.08,axon,14.1,141449.683517992,-512.7761638547381,1199.1210777183223,centered,,,,none,0.0,success,105.0,0.005,,,,,,-334.00662628560286,,
10480,realistic,3,x0y0,utah,,,Aa,saline,,,100.0,b,-1,0.08,axon,16.6,149689.87656544519,-412.4214794042682,810.3304405090373,centered,,,,none,0.0,success,105.0,0.005,,,,,,-448.5394752545884,,
10481,realistic,3,x0y0,utah,,,Aa,saline,,,100.0,b,-1,0.08,axon,15.9,148681.71048617302,252.79078996768482,-1048.4977177004866,centered,,,,none,0.0,success,105.0,0.005,,,,,,420.1468467639728,,
10482,realistic,3,x0y0,utah,,,Aa,saline,,,100.0,b,-1,0.08,axon,14.3,142479.29315905392,62.57576060414158,1162.487840773816,centered,,,,none,0.0,success,105.0,0.005,,,,,,-161.73023681609203,,
10483,realistic,3,x0y0,utah,,,Aa,saline,,,100.0,b,-1,0.08,axon,13.1,136988.56042312752,1137.4417235951587,-355.8783359782401,centered,,,,none,0.0,success,105.0,0.005,,,,,,112.53727859275403,,
10484,realistic,3,x0y0,utah,,,Aa,saline,,,100.0,b,-1,0.08,axon,18.7,154284.52661613617,761.4374584648675,1006.8270809712932,centered,,,,none,0.0,success,105.0,0.005,,,,,,62.65770721427516,,
10485,realistic,3,x0y0,utah,,,Aa,saline,,,100.0,b,-1,0.08,axon,13.6,139243.43046777855,94.43789453832231,1077.0285851372346,centered,,,,none,0.0,success,105.0,0.005,,,,,,-221.7229646874285,,
10486,realistic,3,x0y0,utah,,,Aa,saline,,,100.0,b,-1,0.08,axon,13.5,139518.25664616868,1221.8015164316166,-243.36588334588626,centered,,,,none,0.0,success,105.0,0.005,,,,,,548.4492859182246,,
10487,realistic,3,x0y0,utah,,,Ab,saline,,,100.0,b,-1,0.08,axon,12.3,132279.46814242628,116.2637657975206,-918.0778597079357,centered,,,,none,0.0,success,105.0,0.005,,,,,,176.0218704700203,,
10488,realistic,3,x0y0,utah,,,Ab,saline,,,100.0,b,-1,0.08,axon,7.6,82435.48385134777,595.2136963879575,1092.6896848516922,centered,,,,none,0.0,success,105.0,0.005,,,,,,-33.50172574336243,,
10489,realistic,3,x0y0,utah,,,Ab,saline,,,100.0,b,-1,0.08,axon,8.7,97690.3837764503,438.0513712099933,-981.7980660054986,centered,,,,none,0.0,success,105.0,0.005,,,,,,-330.3341574903108,,
10490,realistic,3,x0y0,utah,,,Ab,saline,,,100.0,b,-1,0.08,axon,8.5,95397.5066038258,799.3463944007907,-604.5244626344456,centered,,,,none,0.0,success,105.0,0.005,,,,,,5.955860434156295,,
10491,realistic,3,x0y0,utah,,,Ab,saline,,,100.0,b,-1,0.08,axon,8.8,99021.40911548724,1062.8459102752072,-450.124189568794,centered,,,,none,0.0,success,105.0,0.005,,,,,,-281.4963051584507,,
10492,realistic,3,x0y0,utah,,,Ab,saline,,,100.0,b,-1,0.08,axon,9.8,110792.0176304032,-536.3606593321429,1136.4154174268895,centered,,,,none,0.0,success,105.0,0.005,,,,,,-183.04160043148,,
10493,realistic,3,x0y0,utah,,,Ab,saline,,,100.0,b,-1,0.08,axon,7.3,77668.37685407486,472.2334788135282,745.9186611221107,centered,,,,none,0.0,success,105.0,0.005,,,,,,-90.20777411201756,,
10494,realistic,3,x0y0,utah,,,Ab,saline,,,100.0,b,-1,0.08,axon,9.5,107321.44627229642,-318.09928337600417,921.4869334115857,centered,,,,none,0.0,success,105.0,0.005,,,,,,-366.48163801116783,,
10495,realistic,3,x0y0,utah,,,Ab,saline,,,100.0,b,-1,0.08,axon,7.3,77498.90754862044,825.2779189454753,-678.1102843124786,centered,,,,none,0.0,success,105.0,0.005,,,,,,-259.67707956643943,,
10496,realistic,3,x0y0,utah,,,Ab,saline,,,100.0,b,-1,0.08,axon,9.4,106888.78061746412,1253.038817653819,-289.8067409942141,centered,,,,none,0.0,success,105.0,0.005,,,,,,336.66737322092314,,
10497,realistic,3,x0y0,utah,,,Aa,saline,,,100.0,b,-1,0.08,axon,15.3,146671.29416089435,-533.8916699195815,-819.2685033642764,centered,,,,none,0.0,success,105.0,0.005,,,,,,280.2255962811721,,
10498,realistic,3,x0y0,utah,,,Aa,saline,,,100.0,b,-1,0.08,axon,16.3,149594.26560686028,973.0157820385393,296.8195284558184,centered,,,,49,5.240000000000119,success,73.81591796875,0.005,,,,,1716.5102939350763,222.7955938045684,973.0157820385393,296.8195284558184
10499,realistic,3,x0y0,utah,,,Aa,saline,,,100.0,b,-1,0.08,axon,18.5,154587.03732363335,296.12651521883663,1191.1938545827516,centered,,,,none,0.0,success,105.0,0.005,,,,,,672.0881638281779,,
10500,realistic,3,x0y0,utah,,,Aa,saline,,,100.0,b,-1,0.08,axon,14.9,145218.13109636592,1046.7433101388942,-553.3242596288883,centered,,,,none,0.0,success,105.0,0.005,,,,,,225.50463333342603,,
10501,realistic,3,x0y0,utah,,,Aa,saline,,,100.0,b,-1,0.08,axon,14.4,142665.21441992652,-35.077273478806546,-1118.4977493142878,centered,,,,none,0.0,success,105.0,0.005,,,,,,-390.236344670936,,
10502,realistic,3,x0y0,utah,,,Aa,saline,,,100.0,b,-1,0.08,axon,17.9,153619.9402644876,549.6356222252654,-932.1331550232558,centered,,,,none,0.0,success,105.0,0.005,,,,,,719.0614992685976,,
10503,realistic,3,x0y0,utah,,,Aa,saline,,,100.0,b,-1,0.08,axon,15.4,147126.43494186364,301.35128890685064,1106.4730935251573,centered,,,,none,0.0,success,105.0,0.005,,,,,,405.35248276200537,,
10504,realistic,3,x0y0,utah,,,Aa,saline,,,100.0,b,-1,0.08,axon,17.0,151719.53296006046,-643.7499096384445,-1061.6583015418953,centered,,,,none,0.0,success,105.0,0.005,,,,,,639.0681241320432,,
10505,realistic,3,x0y0,utah,,,Aa,saline,,,100.0,b,-1,0.08,axon,18.1,153205.40312717506,-637.3774581136859,1029.3364692377895,centered,,,,none,0.0,success,105.0,0.005,,,,,,-49.77805830602187,,
10506,realistic,3,x0y0,utah,,,Aa,saline,,,100.0,b,-1,0.08,axon,12.3,132701.5327391593,839.7459336742104,-157.27932202992133,centered,,,,49,5.265000000000123,success,54.5166015625,0.005,,,,,1919.1209299225884,598.0864672030715,839.7459336742104,-157.27932202992133
10507,realistic,3,x0y0,utah,,,Ab,saline,,,100.0,b,-1,0.08,axon,8.0,88176.14277976114,637.2879177813878,1128.44763912311,centered,,,,none,0.0,success,105.0,0.005,,,,,,-258.81788993677657,,
10508,realistic,3,x0y0,utah,,,Ab,saline,,,100.0,b,-1,0.08,axon,9.0,101758.62083197238,-47.60941377682912,-879.9855117134108,centered,,,,none,0.0,success,105.0,0.005,,,,,,-44.592378361135495,,
10509,realistic,3,x0y0,utah,,,Ab,saline,,,100.0,b,-1,0.08,axon,7.7,83578.08183967874,264.8939780057481,1047.0582770171213,centered,,,,none,0.0,success,105.0,0.005,,,,,,-416.04594965459603,,
10510,realistic,3,x0y0,utah,,,Ab,saline,,,100.0,b,-1,0.08,axon,12.1,130215.243567951,874.3540427424933,868.1260949890902,centered,,,,none,0.0,success,105.0,0.005,,,,,,-562.6134226067185,,
10511,realistic,3,x0y0,utah,,,Ab,saline,,,100.0,b,-1,0.08,axon,9.8,111318.20156125564,836.7415367145903,400.0498883591528,centered,,,,49,5.270000000000124,success,98.291015625,0.005,,,,,1452.892922729312,343.142330420964,836.7415367145903,400.0498883591528
10512,realistic,3,x0y0,utah,,,Ab,saline,,,100.0,b,-1,0.08,axon,12.4,133133.92497397962,-565.801251724597,635.5031480423528,centered,,,,none,0.0,success,105.0,0.005,,,,,,388.36138977254836,,
10513,realistic,3,x0y0,utah,,,Ab,saline,,,100.0,b,-1,0.08,axon,10.5,117860.08430348858,399.86134377996314,871.0894195885503,centered,,,,none,0.0,success,105.0,0.005,,,,,,-110.1168446409503,,
10514,realistic,3,x0y0,utah,,,Ab,saline,,,100.0,b,-1,0.08,axon,8.8,98944.08676475848,1275.1336613852573,422.1438682542639,centered,,,,none,0.0,success,105.0,0.005,,,,,,-358.8186558871917,,
10515,realistic,3,x0y0,utah,,,Ab,saline,,,100.0,b,-1,0.08,axon,10.1,113601.48313815672,1088.1255379744416,-729.7906834718442,centered,,,,none,0.0,success,105.0,0.005,,,,,,-484.56911054343317,,
10516,realistic,3,x0y0,utah,,,Ab,saline,,,100.0,b,-1,0.08,axon,7.5,81312.91676530238,979.9835038808676,115.4134153678574,centered,,,,50,5.290000000000127,success,98.73046875,0.005,,,,,391.5619556416641,391.5619556416712,979.9835038808676,115.4134153678574
10517,realistic,3,x0y0,utah,,,Aa,saline,,,100.0,b,-1,0.08,axon,17.1,150678.4639788898,1231.7467756656952,143.27485645889146,centered,,,,none,0.0,success,105.0,0.005,,,,,,-623.9595173963926,,
10518,realistic,3,x0y0,utah,,,Aa,saline,,,100.0,b,-1,0.08,axon,16.1,149490.4074078824,268.3457079972564,1109.9112890964282,centered,,,,none,0.0,success,105.0,0.005,,,,,,660.9593679168419,,
10519,realistic,3,x0y0,utah,,,Aa,saline,,,100.0,b,-1,0.08,axon,13.8,141096.89917178286,727.0060966128212,565.2963970490567,centered,,,,none,0.0,success,105.0,0.005,,,,,,673.3035168097066,,
10520,realistic,3,x0y0,utah,,,Aa,saline,,,100.0,b,-1,0.08,axon,13.5,139030.42282481355,1101.5330752192176,447.2208944502813,centered,,,,none,0.0,success,105.0,0.005,,,,,,60.615464563116475,,
10521,realistic,3,x0y0,utah,,,Aa,saline,,,100.0,b,-1,0.08,axon,18.4,154115.5666930523,1217.9427838824686,-122.58538810954452,centered,,,,none,0.0,success,105.0,0.005,,,,,,359.6857229839154,,
10522,realistic,3,x0y0,utah,,,Aa,saline,,,100.0,b,-1,0.08,axon,15.2,145961.14497957277,1070.9220878957412,739.9202024583842,centered,,,,none,0.0,success,105.0,0.005,,,,,,-92.23561120748656,,
10523,realistic,3,x0y0,utah,,,Aa,saline,,,100.0,b,-1,0.08,axon,16.3,149426.08047961612,865.6391794507773,-141.6693556188966,centered,,,,49,5.200000000000113,success,37.07275390625,0.005,,,,,1548.32516669092,54.61046656038218,865.6391794507773,-141.6693556188966
10524,realistic,3,x0y0,utah,,,Aa,saline,,,100.0,b,-1,0.08,axon,17.0,151510.1783154878,1231.913060838523,8.110162873819718,centered,,,,none,0.0,success,105.0,0.005,,,,,,429.7134795594236,,
10525,realistic,3,x0y0,utah,,,Aa,saline,,,100.0,b,-1,0.08,axon,16.8,151084.26259616474,1185.5259196037225,-254.85563557888833,centered,,,,none,0.0,success,105.0,0.005,,,,,,463.73643052579916,,
10526,realistic,3,x0y0,utah,,,Aa,saline,,,100.0,b,-1,0.08,axon,13.8,139870.06023137193,-100.71386859050881,-1224.9056494328909,centered,,,,none,0.0,success,105.0,0.005,,,,,,-553.5354236011921,,
10527,realistic,3,x0y0,utah,,,Ab,saline,,,100.0,b,-1,0.08,axon,7.1,74691.01316713584,-591.1181217427611,-741.8580523500891,centered,,,,none,0.0,success,105.0,0.005,,,,,,185.14312716540698,,
10528,realistic,3,x0y0,utah,,,Ab,saline,,,100.0,b,-1,0.08,axon,7.8,85295.2568299454,-507.54588416429084,-706.0847726694458,centered,,,,none,0.0,success,105.0,0.005,,,,,,-201.55200473809305,,
10529,realistic,3,x0y0,utah,,,Ab,saline,,,100.0,b,-1,0.08,axon,10.0,112786.4958478494,1254.2420100832778,27.162407766295928,centered,,,,none,0.0,success,105.0,0.005,,,,,,-281.77482320619146,,
10530,realistic,3,x0y0,utah,,,Ab,saline,,,100.0,b,-1,0.08,axon,8.2,91248.67854823828,546.444450114228,676.955145802915,centered,,,,none,0.0,success,105.0,0.005,,,,,,-35.23053710621136,,
10531,realistic,3,x0y0,utah,,,Ab,saline,,,100.0,b,-1,0.08,axon,7.7,84026.33335029846,-311.12287588667283,-1143.1729474184108,centered,,,,none,0.0,success,105.0,0.005,,,,,,32.20556096513568,,
10532,realistic,3,x0y0,utah,,,Ab,saline,,,100.0,b,-1,0.08,axon,8.8,99682.5470188258,1271.4700245537724,-515.343403459025,centered,,,,none,0.0,success,105.0,0.005,,,,,,379.64159818012587,,
10533,realistic,3,x0y0,utah,,,Ab,saline,,,100.0,b,-1,0.08,axon,14.0,141748.71407564994,-530.5554130610776,769.688108272715,centered,,,,none,0.0,success,105.0,0.005,,,,,,408.3135847419176,,
10534,realistic,3,x0y0,utah,,,Ab,saline,,,100.0,b,-1,0.08,axon,8.4,94514.12668298995,641.0474655988862,783.1608629565253,centered,,,,none,0.0,success,105.0,0.005,,,,,,469.8196874358511,,
10535,realistic,3,x0y0,utah,,,Ab,saline,,,100.0,b,-1,0.08,axon,11.3,124368.10556610786,996.2561546919736,729.4097584418159,centered,,,,none,0.0,success,105.0,0.005,,,,,,-521.1268515538869,,
10536,realistic,3,x0y0,utah,,,Ab,saline,,,100.0,b,-1,0.08,axon,10.3,115987.68607665019,-376.02742417761056,-855.8067804686913,centered,,,,none,0.0,success,105.0,0.005,,,,,,-77.38384767922982,,
10537,realistic,3,x0y0,utah,,,Aa,saline,,,100.0,b,-1,0.08,axon,18.4,154391.4454003938,949.730179190055,324.3462673550507,centered,,,,49,5.260000000000122,success,79.9072265625,0.005,,,,,2173.1232400260924,635.5644303254029,949.730179190055,324.3462673550507
10538,realistic,3,x0y0,utah,,,Aa,saline,,,100.0,b,-1,0.08,axon,15.7,147543.80940196462,700.0725634085758,529.9089684915757,centered,,,,49,5.315000000000131,success,88.22021484375,0.005,,,,,1353.8050272032851,-122.86168365289801,700.0725634085758,529.9089684915757
10539,realistic,3,x0y0,utah,,,Aa,saline,,,100.0,b,-1,0.08,axon,16.6,150047.55972310927,314.53044184219925,-1299.3038453340441,centered,,,,none,0.0,success,105.0,0.005,,,,,,-90.85631759057249,,
10540,realistic,3,x0y0,utah,,,Aa,saline,,,100.0,b,-1,0.08,axon,17.0,151814.5713085823,237.5299877891321,904.884463992818,centered,,,,none,0.0,success,105.0,0.005,,,,,,734.1064726539063,,
10541,realistic,3,x0y0,utah,,,Aa,saline,,,100.0,b,-1,0.08,axon,17.5,152700.32671638607,911.534977034402,815.1202444740946,centered,,,,none,0.0,success,105.0,0.005,,,,,,560.7616005629753,,
10542,realistic,3,x0y0,utah,,,Aa,saline,,,100.0,b,-1,0.08,axon,14.4,142698.4453603457,144.58218673156168,1151.1857401736654,centered,,,,none,0.0,success,105.0,0.005,,,,,,-357.00540425171476,,
10543,realistic,3,x0y0,utah,,,Aa,saline,,,100.0,b,-1,0.08,axon,17.7,152990.9600564189,-370.7042195126405,-911.6476777461728,centered,,,,none,0.0,success,105.0,0.005,,,,,,461.6843335419017,,
10544,realistic,3,x0y0,utah,,,Aa,saline,,,100.0,b,-1,0.08,axon,13.1,137425.53125343315,-268.1307701605674,1087.0544598614174,centered,,,,none,0.0,success,105.0,0.005,,,,,,549.5081088983886,,
10545,realistic,3,x0y0,utah,,,Aa,saline,,,100.0,b,-1,0.08,axon,17.1,151906.6376818977,1088.2869887306515,508.4485525931332,centered,,,,none,0.0,success,105.0,0.005,,,,,,604.2141856114961,,
10546,realistic,3,x0y0,utah,,,Aa,saline,,,100.0,b,-1,0.08,axon,16.9,151031.11749116486,809.9258780862781,-1008.6113013338164,centered,,,,none,0.0,success,105.0,0.005,,,,,,177.91187414190182,,
10547,realistic,3,x0y0,utah,,,Ab,saline,,,100.0,b,-1,0.08,axon,9.4,106691.00493374416,790.6384751698943,-871.4493148670184,centered,,,,none,0.0,success,105.0,0.005,,,,,,138.89168950093142,,
10548,realistic,3,x0y0,utah,,,Ab,saline,,,100.0,b,-1,0.08,axon,7.7,84090.10107478262,551.5040512238488,-885.5495826978457,centered,,,,none,0.0,success,105.0,0.005,,,,,,95.97328544927583,,
10549,realistic,3,x0y0,utah,,,Ab,saline,,,100.0,b,-1,0.08,axon,9.0,101296.98377885578,744.848196433357,-548.588732801627,centered,,,,none,0.0,success,105.0,0.005,,,,,,-506.22943147773435,,
10550,realistic,3,x0y0,utah,,,Ab,saline,,,100.0,b,-1,0.08,axon,9.3,105132.60625901348,826.6629859025047,699.8884218978453,centered,,,,none,0.0,success,105.0,0.005,,,,,,-263.31298941732706,,
10551,realistic,3,x0y0,utah,,,Ab,saline,,,100.0,b,-1,0.08,axon,9.8,110660.72089385136,459.5568640349839,1284.6466012248702,centered,,,,none,0.0,success,105.0,0.005,,,,,,-314.3383369833252,,
10552,realistic,3,x0y0,utah,,,Ab,saline,,,100.0,b,-1,0.08,axon,10.3,116615.526113831,752.0578607591208,-576.1434005421393,centered,,,,none,0.0,success,105.0,0.005,,,,,,550.4561895015631,,
10553,realistic,3,x0y0,utah,,,Ab,saline,,,100.0,b,-1,0.08,axon,9.8,110639.59322619406,-322.3459052808125,1256.6950916860933,centered,,,,none,0.0,success,105.0,0.005,,,,,,-335.4660046406205,,
10554,realistic,3,x0y0,utah,,,Ab,saline,,,100.0,b,-1,0.08,axon,8.0,88364.01452899084,501.87642905269996,737.2241984912866,centered,,,,none,0.0,success,105.0,0.005,,,,,,-70.9461407070705,,
10555,realistic,3,x0y0,utah,,,Ab,saline,,,100.0,b,-1,0.08,axon,10.1,114412.59580262193,1159.871823131888,167.30727727171782,centered,,,,none,0.0,success,105.0,0.005,,,,,,326.5435539217707,,
10556,realistic,3,x0y0,utah,,,Ab,saline,,,100.0,b,-1,0.08,axon,10.1,114296.54133492615,900.6046728632532,-371.2020779757026,centered,,,,49,5.275000000000125,success,96.0205078125,0.005,,,,,1351.3496087129897,210.48908622598597,900.6046728632532,-371.2020779757026
10557,realistic,3,x0y0,utah,,,Aa,saline,,,100.0,b,-1,0.08,axon,14.6,144100.5120485322,578.723801848274,789.6761559161562,centered,,,,none,0.0,success,105.0,0.005,,,,,,243.74590940041455,,
10558,realistic,3,x0y0,utah,,,Aa,saline,,,100.0,b,-1,0.08,axon,13.0,136240.5965371722,312.40779398001183,1175.8714366772035,centered,,,,none,0.0,success,105.0,0.005,,,,,,-82.8064745639708,,
10559,realistic,3,x0y0,utah,,,Aa,saline,,,100.0,b,-1,0.08,axon,15.8,147510.22973682795,592.3592810383868,-764.9218956252507,centered,,,,none,0.0,success,105.0,0.005,,,,,,-457.33688115437775,,
10560,realistic,3,x0y0,utah,,,Aa,saline,,,100.0,b,-1,0.08,axon,18.8,153992.20049397243,780.8147857067363,365.1303887177774,centered,,,,51,5.2350000000001184,success,60.0494384765625,0.005,,,,,-1921.3893825200503,-377.69047285179704,780.8147857067363,365.1303887177774
10561,realistic,3,x0y0,utah,,,Aa,saline,,,100.0,b,-1,0.08,axon,17.7,152310.38063784438,552.3368833192021,964.162719358102,centered,,,,none,0.0,success,105.0,0.005,,,,,,-218.89508503258003,,
10562,realistic,3,x0y0,utah,,,Aa,saline,,,100.0,b,-1,0.08,axon,18.2,154144.4061273171,1131.519524113297,429.0552135206758,centered,,,,none,0.0,success,105.0,0.005,,,,,,718.3182812054597,,
10563,realistic,3,x0y0,utah,,,Aa,saline,,,100.0,b,-1,0.08,axon,15.9,148095.5652048336,1023.6981186471603,-340.69287811942564,centered,,,,50,5.295000000000128,success,89.044189453125,0.005,,,,,-165.9984345754492,-165.99843457545234,1023.6981186471603,-340.69287811942564
10564,realistic,3,x0y0,utah,,,Aa,saline,,,100.0,b,-1,0.08,axon,17.5,152396.71047310374,-684.2288396200247,-1182.2907130016729,centered,,,,none,0.0,success,105.0,0.005,,,,,,257.1453572806915,,
10565,realistic,3,x0y0,utah,,,Aa,saline,,,100.0,b,-1,0.08,axon,13.2,137925.73226187276,653.9051363974023,530.5043140613052,centered,,,,49,5.190000000000111,success,105.0,0.005,,,,,1883.1433397771907,508.97577490752326,653.9051363974023,530.5043140613052
10566,realistic,3,x0y0,utah,,,Aa,saline,,,100.0,b,-1,0.08,axon,16.3,149429.90599471168,723.2062814381329,-1047.2454646233505,centered,,,,none,0.0,success,105.0,0.005,,,,,,58.435981655925,,
10567,realistic,3,x0y0,utah,,,Ab,saline,,,100.0,b,-1,0.08,axon,10.7,120012.31136300464,73.66757126333414,953.2514237036188,centered,,,,none,0.0,success,105.0,0.005,,,,,,209.01961416757828,,
10568,realistic,3,x0y0,utah,,,Ab,saline,,,100.0,b,-1,0.08,axon,8.4,93768.94773444797,425.1939762403754,938.2059160471733,centered,,,,none,0.0,success,105.0,0.005,,,,,,-275.35926110611155,,
10569,realistic,3,x0y0,utah,,,Ab,saline,,,100.0,b,-1,0.08,axon,13.4,139105.97663567893,254.40514238826518,1036.7524491222155,centered,,,,none,0.0,success,105.0,0.005,,,,,,642.5428837680795,,
10570,realistic,3,x0y0,utah,,,Ab,saline,,,100.0,b,-1,0.08,axon,13.4,138660.82043528213,-430.92404147595335,-1114.5644722702548,centered,,,,none,0.0,success,105.0,0.005,,,,,,197.38668337126944,,
10571,realistic,3,x0y0,utah,,,Ab,saline,,,100.0,b,-1,0.08,axon,9.7,109513.76134812154,1006.136418551373,-951.9144022563432,centered,,,,none,0.0,success,105.0,0.005,,,,,,-385.4379895936721,,
10572,realistic,3,x0y0,utah,,,Ab,saline,,,100.0,b,-1,0.08,axon,17.7,152237.54015023136,470.1363335719743,993.6233757650343,centered,,,,none,0.0,success,105.0,0.005,,,,,,-291.7355726456349,,
10573,realistic,3,x0y0,utah,,,Ab,saline,,,100.0,b,-1,0.08,axon,9.8,111470.57034646253,772.2651435454982,1112.4544215949963,centered,,,,none,0.0,success,105.0,0.005,,,,,,495.5111156278314,,
10574,realistic,3,x0y0,utah,,,Ab,saline,,,100.0,b,-1,0.08,axon,7.0,73201.40224250212,5.662618425934852,-966.5307102120987,centered,,,,none,0.0,success,105.0,0.005,,,,,,355.53940092481355,,
10575,realistic,3,x0y0,utah,,,Ab,saline,,,100.0,b,-1,0.08,axon,9.5,107696.68240908967,-619.9398531420006,-1125.4735307881144,centered,,,,none,0.0,success,105.0,0.005,,,,,,8.75449878206937,,
10576,realistic,3,x0y0,utah,,,Ab,saline,,,100.0,b,-1,0.08,axon,7.5,80631.36496953323,-627.3733028458,877.1958890405318,centered,,,,none,0.0,success,105.0,0.005,,,,,,-289.98984012748366,,
10577,realistic,3,x0y0,utah,,,Aa,saline,,,100.0,b,-1,0.08,axon,16.5,149721.3712368624,469.97596415218413,-756.9861300672319,centered,,,,none,0.0,success,105.0,0.005,,,,,,-167.3628660267869,,
10578,realistic,3,x0y0,utah,,,Aa,saline,,,100.0,b,-1,0.08,axon,16.5,150139.21535211467,313.7588786313095,995.3042289374443,centered,,,,none,0.0,success,105.0,0.005,,,,,,250.4812492254856,,
10579,realistic,3,x0y0,utah,,,Aa,saline,,,100.0,b,-1,0.08,axon,19.4,155120.42347836346,103.9397619981428,-1277.7057405054975,centered,,,,none,0.0,success,105.0,0.005,,,,,,-66.56177719172105,,
10580,realistic,3,x0y0,utah,,,Aa,saline,,,100.0,b,-1,0.08,axon,16.6,150660.2295941464,908.5122325509401,120.07216024736044,centered,,,,49,5.225000000000117,success,53.02734375,0.005,,,,,2023.1977138535876,521.8135534465806,908.5122325509401,120.07216024736044
10581,realistic,3,x0y0,utah,,,Aa,saline,,,100.0,b,-1,0.08,axon,17.3,150978.22246708866,862.0810943402013,-675.1773720503061,centered,,,,none,0.0,success,105.0,0.005,,,,,,-752.6837497434661,,
10582,realistic,3,x0y0,utah,,,Aa,saline,,,100.0,b,-1,0.08,axon,16.4,149601.81697047086,-321.1637953334872,-1093.7551520096858,centered,,,,none,0.0,success,105.0,0.005,,,,,,-31.312376775940614,,
10583,realistic,3,x0y0,utah,,,Aa,saline,,,100.0,b,-1,0.08,axon,14.9,144729.56167311413,-409.08692651626643,1022.8506100746736,centered,,,,none,0.0,success,105.0,0.005,,,,,,-263.0647899183402,,
10584,realistic,3,x0y0,utah,,,Aa,saline,,,100.0,b,-1,0.08,axon,14.5,143565.95265290386,-680.0363753200518,605.7843337804106,centered,,,,none,0.0,success,105.0,0.005,,,,,,105.31601124162492,,
10585,realistic,3,x0y0,utah,,,Aa,saline,,,100.0,b,-1,0.08,axon,13.0,136267.68189888212,357.6426389053627,-929.6561682220281,centered,,,,none,0.0,success,105.0,0.005,,,,,,-55.721112854076566,,
10586,realistic,3,x0y0,utah,,,Aa,saline,,,100.0,b,-1,0.08,axon,15.2,146464.1805021794,-200.48282657734265,1236.059875161619,centered,,,,none,0.0,success,105.0,0.005,,,,,,410.79991139917115,,
10587,realistic,3,x0y0,utah,,,Ab,saline,,,100.0,b,-1,0.08,axon,7.6,82499.88224958463,650.6769516819662,-554.6504916753038,centered,,,,none,0.0,success,105.0,0.005,,,,,,30.89667249349056,,
10588,realistic,3,x0y0,utah,,,Ab,saline,,,100.0,b,-1,0.08,axon,10.6,119100.89182827836,-148.82993825192716,-1117.2176402520506,centered,,,,none,0.0,success,105.0,0.005,,,,,,205.25708855704445,,
10589,realistic,3,x0y0,utah,,,Ab,saline,,,100.0,b,-1,0.08,axon,9.2,103821.44694719162,1278.6237744278242,294.0301247926309,centered,,,,none,0.0,success,105.0,0.005,,,,,,-397.71105869717763,,
10590,realistic,3,x0y0,utah,,,Ab,saline,,,100.0,b,-1,0.08,axon,12.3,131538.27027330993,471.9716975811816,942.9341333382272,centered,,,,none,0.0,success,105.0,0.005,,,,,,-565.1759986463157,,
10591,realistic,3,x0y0,utah,,,Ab,saline,,,100.0,b,-1,0.08,axon,9.3,105595.34804555733,-237.44978193699444,1113.5693670765222,centered,,,,none,0.0,success,105.0,0.005,,,,,,199.42879712652928,,
10592,realistic,3,x0y0,utah,,,Ab,saline,,,100.0,b,-1,0.08,axon,8.1,90022.10650635892,-97.7036041628512,1224.7665869099092,centered,,,,none,0.0,success,105.0,0.005,,,,,,151.5578345585668,,
10593,realistic,3,x0y0,utah,,,Ab,saline,,,100.0,b,-1,0.08,axon,10.2,115446.99014948681,-188.57424170610832,-1365.1249231442266,centered,,,,none,0.0,success,105.0,0.005,,,,,,362.0794600651575,,
10594,realistic,3,x0y0,utah,,,Ab,saline,,,100.0,b,-1,0.08,axon,10.7,119467.87206359248,932.5458355800713,-577.7903266026829,centered,,,,none,0.0,success,105.0,0.005,,,,,,-335.41968524456377,,
10595,realistic,3,x0y0,utah,,,Ab,saline,,,100.0,b,-1,0.08,axon,7.3,78015.85004814311,1161.1380624902374,-359.2131210423868,centered,,,,none,0.0,success,105.0,0.005,,,,,,257.26541995623523,,
10596,realistic,3,x0y0,utah,,,Ab,saline,,,100.0,b,-1,0.08,axon,7.6,82220.35314378324,-345.61046629291917,1034.9592337830645,centered,,,,none,0.0,success,105.0,0.005,,,,,,-248.63243330789848,,
10597,realistic,3,x0y0,utah,,,Aa,saline,,,100.0,b,-1,0.08,axon,14.0,141184.79954148515,-528.4346454702963,953.0989300319752,centered,,,,none,0.0,success,105.0,0.005,,,,,,-155.6009494228984,,
10598,realistic,3,x0y0,utah,,,Aa,saline,,,100.0,b,-1,0.08,axon,12.8,134700.55475781954,264.4148715104757,-829.0690468681222,centered,,,,none,0.0,success,105.0,0.005,,,,,,-481.0633247164035,,
10599,realistic,3,x0y0,utah,,,Aa,saline,,,100.0,b,-1,0.08,axon,15.7,147486.40638282232,1310.3608740936015,112.66167513950813,centered,,,,none,0.0,success,105.0,0.005,,,,,,-180.26470279520518,,
10600,realistic,3,x0y0,utah,,,Aa,saline,,,100.0,b,-1,0.08,axon,15.5,147334.6741774111,514.3470303151853,-894.1041960627922,centered,,,,none,0.0,success,105.0,0.005,,,,,,291.09141051873934,,
10601,realistic,3,x0y0,utah,,,Aa,saline,,,100.0,b,-1,0.08,axon,15.3,146004.22403522034,-499.5162903901946,-1271.5024422494755,centered,,,,none,0.0,success,105.0,0.005,,,,,,-386.84452939282164,,
10602,realistic,3,x0y0,utah,,,Aa,saline,,,100.0,b,-1,0.08,axon,14.3,142270.0466778728,434.57716058932334,1078.484583973676,centered,,,,none,0.0,success,105.0,0.005,,,,,,-370.97671799721155,,
10603,realistic,3,x0y0,utah,,,Aa,saline,,,100.0,b,-1,0.08,axon,16.0,149126.08597338907,119.00292129892703,-975.5456805762944,centered,,,,none,0.0,success,105.0,0.005,,,,,,577.2766962319523,,
10604,realistic,3,x0y0,utah,,,Aa,saline,,,100.0,b,-1,0.08,axon,13.4,138057.49212033054,-666.4041622374134,1109.5564934066033,centered,,,,none,0.0,success,105.0,0.005,,,,,,-405.9416315803118,,
10605,realistic,3,x0y0,utah,,,Aa,saline,,,100.0,b,-1,0.08,axon,14.5,143767.30790700464,-353.8676290233052,935.2886106024316,centered,,,,none,0.0,success,105.0,0.005,,,,,,306.67126534244164,,
10606,realistic,3,x0y0,utah,,,Aa,saline,,,100.0,b,-1,0.08,axon,15.7,147254.51435034585,553.9637283305633,859.0520399593056,centered,,,,none,0.0,success,105.0,0.005,,,,,,-412.1567352716562,,
10607,realistic,3,x0y0,utah,,,Ab,saline,,,100.0,b,-1,0.08,axon,12.1,130606.93724043775,776.0843661886787,504.6790480718783,centered,,,,50,5.155000000000106,success,105.0,0.005,,,,,-170.91975011996692,-170.9197501199636,776.0843661886787,504.6790480718783
10608,realistic,3,x0y0,utah,,,Ab,saline,,,100.0,b,-1,0.08,axon,16.0,148077.26104726634,-408.62127232702863,1078.022021121924,centered,,,,none,0.0,success,105.0,0.005,,,,,,-471.5482298907722,,
10609,realistic,3,x0y0,utah,,,Ab,saline,,,100.0,b,-1,0.08,axon,12.5,133014.56834364153,912.6129884041627,996.5557670127404,centered,,,,none,0.0,success,105.0,0.005,,,,,,-359.63979294004463,,
10610,realistic,3,x0y0,utah,,,Ab,saline,,,100.0,b,-1,0.08,axon,11.6,126949.04959169136,742.9090790379387,-685.6128696328337,centered,,,,none,0.0,success,105.0,0.005,,,,,,-262.5368644458091,,
10611,realistic,3,x0y0,utah,,,Ab,saline,,,100.0,b,-1,0.08,axon,8.9,100504.94864098086,-536.8870825945452,851.8120003460542,centered,,,,none,0.0,success,105.0,0.005,,,,,,-58.73745716218231,,
10612,realistic,3,x0y0,utah,,,Ab,saline,,,100.0,b,-1,0.08,axon,10.7,119331.65931780824,899.7238399421511,327.5101158755083,centered,,,,50,5.265000000000123,success,90.07415771484375,0.005,,,,,-471.6324310288037,-471.6324310287865,899.7238399421511,327.5101158755083
10613,realistic,3,x0y0,utah,,,Ab,saline,,,100.0,b,-1,0.08,axon,11.2,124342.04874154153,108.80215507535604,1256.0331232943408,centered,,,,none,0.0,success,105.0,0.005,,,,,,258.81404804587015,,
10614,realistic,3,x0y0,utah,,,Ab,saline,,,100.0,b,-1,0.08,axon,9.9,112470.92075124696,149.57320080553063,-1008.01401029334,centered,,,,none,0.0,success,105.0,0.005,,,,,,439.57542062964853,,
10615,realistic,3,x0y0,utah,,,Ab,saline,,,100.0,b,-1,0.08,axon,8.0,88525.27554047758,824.552438253726,905.5198076880553,centered,,,,none,0.0,success,105.0,0.005,,,,,,90.31487077964762,,
10616,realistic,3,x0y0,utah,,,Ab,saline,,,100.0,b,-1,0.08,axon,11.4,125472.29060559449,1128.2781351038584,-297.4761976979112,centered,,,,none,0.0,success,105.0,0.005,,,,,,-206.8385075113149,,
10617,realistic,3,x0y0,utah,,,Aa,saline,,,100.0,b,-1,0.08,axon,13.5,138905.4317289136,396.8563203860263,-834.9549666354374,centered,,,,none,0.0,success,105.0,0.005,,,,,,-64.3756313368449,,
10618,realistic,3,x0y0,utah,,,Aa,saline,,,100.0,b,-1,0.08,axon,14.3,142579.45242431838,-534.8989122314265,972.6190106521256,centered,,,,none,0.0,success,105.0,0.005,,,,,,-61.570971551646565,,
10619,realistic,3,x0y0,utah,,,Aa,saline,,,100.0,b,-1,0.08,axon,16.1,148242.9188207807,170.0406307702269,900.990516963051,centered,,,,none,0.0,success,105.0,0.005,,,,,,-586.5292191848565,,
10620,realistic,3,x0y0,utah,,,Aa,saline,,,100.0,b,-1,0.08,axon,16.0,148532.94095521225,-10.542671278947637,1043.0812131088855,centered,,,,none,0.0,success,105.0,0.005,,,,,,-15.868321944871076,,
10621,realistic,3,x0y0,utah,,,Aa,saline,,,100.0,b,-1,0.08,axon,14.9,144305.02974877847,885.8468897748489,-13.756876095991176,centered,,,,51,5.240000000000119,success,53.9306640625,0.005,,,,,-2137.5229788843717,-687.5967142540387,885.8468897748489,-13.756876095991176
10622,realistic,3,x0y0,utah,,,Aa,saline,,,100.0,b,-1,0.08,axon,15.7,147777.45180352233,304.8698776234187,1212.7113896427609,centered,,,,none,0.0,success,105.0,0.005,,,,,,110.78071790481349,,
10623,realistic,3,x0y0,utah,,,Aa,saline,,,100.0,b,-1,0.08,axon,18.7,154208.71799155,469.9501158774778,1205.9990359179635,centered,,,,none,0.0,success,105.0,0.005,,,,,,-13.150917371896336,,
10624,realistic,3,x0y0,utah,,,Aa,saline,,,100.0,b,-1,0.08,axon,16.0,148688.1769894707,804.3028159562309,938.0539304468783,centered,,,,none,0.0,success,105.0,0.005,,,,,,139.3677123135587,,
10625,realistic,3,x0y0,utah,,,Aa,saline,,,100.0,b,-1,0.08,axon,13.9,140661.44839709598,970.8712938042844,720.978126842625,centered,,,,none,0.0,success,105.0,0.005,,,,,,-225.65344558909888,,
10626,realistic,3,x0y0,utah,,,Aa,saline,,,100.0,b,-1,0.08,axon,14.4,143128.7223679714,410.2239669708133,1049.0050359792567,centered,,,,none,0.0,success,105.0,0.005,,,,,,73.27160337397932,,
10627,realistic,3,x0y0,utah,,,Ab,saline,,,100.0,b,-1,0.08,axon,10.2,114688.31133329947,1051.9341331399874,175.3357736468229,centered,,,,50,5.18000000000011,success,105.0,0.005,,,,,-396.5993561221985,-396.599356122205,1051.9341331399874,175.3357736468229
10628,realistic,3,x0y0,utah,,,Ab,saline,,,100.0,b,-1,0.08,axon,7.9,87382.73400070114,-184.1761006637612,-1373.4483216571127,centered,,,,none,0.0,success,105.0,0.005,,,,,,405.66507746633226,,
10629,realistic,3,x0y0,utah,,,Ab,saline,,,100.0,b,-1,0.08,axon,7.5,80596.54506879253,-659.5892879126168,-1017.3082023010517,centered,,,,none,0.0,success,105.0,0.005,,,,,,-324.8097408681818,,
10630,realistic,3,x0y0,utah,,,Ab,saline,,,100.0,b,-1,0.08,axon,8.4,93631.35243728316,720.0465083658673,-778.9872207850194,centered,,,,none,0.0,success,105.0,0.005,,,,,,-412.95455827095293,,
10631,realistic,3,x0y0,utah,,,Ab,saline,,,100.0,b,-1,0.08,axon,13.9,140440.18124655035,946.8112331919756,-7.288750632143548,centered,,,,51,5.230000000000118,success,56.396484375,0.005,,,,,-1855.7916145616327,-446.92059613477517,946.8112331919756,-7.288750632143548
10632,realistic,3,x0y0,utah,,,Ab,saline,,,100.0,b,-1,0.08,axon,7.1,74501.73948997482,1015.8044448187076,-580.8712072794724,centered,,,,none,0.0,success,105.0,0.005,,,,,,-4.130549995602017,,
10633,realistic,3,x0y0,utah,,,Ab,saline,,,100.0,b,-1,0.08,axon,7.8,85916.46179376589,-199.54806457343463,-1001.0248800194744,centered,,,,none,0.0,success,105.0,0.005,,,,,,419.65295908240137,,
10634,realistic,3,x0y0,utah,,,Ab,saline,,,100.0,b,-1,0.08,axon,8.4,94202.56568928424,371.8852626860033,-1199.7162933717764,centered,,,,none,0.0,success,105.0,0.005,,,,,,158.25869373013833,,
10635,realistic,3,x0y0,utah,,,Ab,saline,,,100.0,b,-1,0.08,axon,14.0,141913.81994414152,893.4444209333392,880.4382786457567,centered,,,,none,0.0,success,105.0,0.005,,,,,,573.4194532334834,,
10636,realistic,3,x0y0,utah,,,Ab,saline,,,100.0,b,-1,0.08,axon,7.3,77369.94934673683,1167.1222242082222,471.36670602426483,centered,,,,none,0.0,success,105.0,0.005,,,,,,-388.63528145006103,,
10637,realistic,3,x0y0,utah,,,Aa,saline,,,100.0,b,-1,0.08,axon,14.2,141548.57951220134,-60.297059466116025,-1002.0295917693685,centered,,,,none,0.0,success,105.0,0.005,,,,,,-668.5871902956536,,
10638,realistic,3,x0y0,utah,,,Aa,saline,,,100.0,b,-1,0.08,axon,15.5,147519.25677191286,-349.5477428052626,1046.8337666591897,centered,,,,none,0.0,success,105.0,0.005,,,,,,475.6740050204657,,
10639,realistic,3,x0y0,utah,,,Aa,saline,,,100.0,b,-1,0.08,axon,19.2,154295.34038346438,-583.1948487697277,-1231.1521053773527,centered,,,,none,0.0,success,105.0,0.005,,,,,,-632.292507856994,,
10640,realistic,3,x0y0,utah,,,Aa,saline,,,100.0,b,-1,0.08,axon,17.1,150806.98283486007,931.7149094350224,-907.4524010049124,centered,,,,none,0.0,success,105.0,0.005,,,,,,-495.4406614261656,,
10641,realistic,3,x0y0,utah,,,Aa,saline,,,100.0,b,-1,0.08,axon,16.4,149434.55490446454,-674.5008666903545,1034.4857519121354,centered,,,,none,0.0,success,105.0,0.005,,,,,,-198.5744427822467,,
10642,realistic,3,x0y0,utah,,,Aa,saline,,,100.0,b,-1,0.08,axon,17.2,152206.79346569642,365.73610723748834,-756.3083801143671,centered,,,,none,0.0,success,105.0,0.005,,,,,,687.5945237764058,,
10643,realistic,3,x0y0,utah,,,Aa,saline,,,100.0,b,-1,0.08,axon,14.4,142554.79328377952,995.0572562532498,285.62967418052034,centered,,,,51,5.305000000000129,success,86.46240234375,0.005,,,,,-1931.2119884638814,-500.65748081790565,995.0572562532498,285.62967418052034
10644,realistic,3,x0y0,utah,,,Aa,saline,,,100.0,b,-1,0.08,axon,17.4,151639.66614258892,581.5188179850747,1244.318006330358,centered,,,,none,0.0,success,105.0,0.005,,,,,,-297.99195329587457,,
10645,realistic,3,x0y0,utah,,,Aa,saline,,,100.0,b,-1,0.08,axon,13.9,140852.65077653585,468.5155970478932,1060.9480305226025,centered,,,,none,0.0,success,105.0,0.005,,,,,,-34.451066149262154,,
10646,realistic,3,x0y0,utah,,,Aa,saline,,,100.0,b,-1,0.08,axon,16.9,150159.92364272918,1303.8411437623356,333.383677370452,centered,,,,none,0.0,success,105.0,0.005,,,,,,-693.2819742937586,,
10647,realistic,3,x0y0,utah,,,Ab,saline,,,100.0,b,-1,0.08,axon,12.8,135477.22133981204,1299.265143431503,-163.10511902593726,centered,,,,none,0.0,success,105.0,0.005,,,,,,295.6032572760768,,
10648,realistic,3,x0y0,utah,,,Ab,saline,,,100.0,b,-1,0.08,axon,7.0,72896.4616931453,345.25110126993513,-1191.639133424019,centered,,,,none,0.0,success,105.0,0.005,,,,,,50.59885156798679,,
10649,realistic,3,x0y0,utah,,,Ab,saline,,,100.0,b,-1,0.08,axon,10.1,114286.83268664114,159.6561452084361,-837.8113538513015,centered,,,,none,0.0,success,105.0,0.005,,,,,,200.7804379409647,,
10650,realistic,3,x0y0,utah,,,Ab,saline,,,100.0,b,-1,0.08,axon,8.0,88668.76113392881,1353.350896091404,-243.61226395201766,centered,,,,none,0.0,success,105.0,0.005,,,,,,233.80046423088203,,
10651,realistic,3,x0y0,utah,,,Ab,saline,,,100.0,b,-1,0.08,axon,13.6,140125.91648461422,164.45595997526698,1118.7802518959406,centered,,,,none,0.0,success,105.0,0.005,,,,,,660.7630521482404,,
10652,realistic,3,x0y0,utah,,,Ab,saline,,,100.0,b,-1,0.08,axon,9.5,108149.92522199576,812.1983118709078,243.23885690824088,centered,,,,49,5.24500000000012,success,64.7705078125,0.005,,,,,1538.8765907912311,461.9973116881734,812.1983118709078,243.23885690824088
10653,realistic,3,x0y0,utah,,,Ab,saline,,,100.0,b,-1,0.08,axon,7.6,82077.25634506662,1217.2685934835326,-682.9231652732915,centered,,,,none,0.0,success,105.0,0.005,,,,,,-391.72923202452455,,
10654,realistic,3,x0y0,utah,,,Ab,saline,,,100.0,b,-1,0.08,axon,8.0,88547.41535168834,-309.625164457937,1331.5491687624856,centered,,,,none,0.0,success,105.0,0.005,,,,,,112.45468199042541,,
10655,realistic,3,x0y0,utah,,,Ab,saline,,,100.0,b,-1,0.08,axon,9.1,103483.41191423945,168.0416465299204,1257.1873448105007,centered,,,,none,0.0,success,105.0,0.005,,,,,,461.7641731080197,,
10656,realistic,3,x0y0,utah,,,Ab,saline,,,100.0,b,-1,0.08,axon,9.5,107206.62743322249,-434.2896906824412,831.3983981511932,centered,,,,none,0.0,success,105.0,0.005,,,,,,-481.3004770851245,,
10657,realistic,3,x0y0,utah,,,Aa,saline,,,100.0,b,-1,0.08,axon,18.2,153353.09814962177,295.7627764021431,-1326.7728143943214,centered,,,,none,0.0,success,105.0,0.005,,,,,,-72.98969648991262,,
10658,realistic,3,x0y0,utah,,,Aa,saline,,,100.0,b,-1,0.08,axon,13.6,139295.99884361087,1187.2669843382982,603.7445544593003,centered,,,,none,0.0,success,105.0,0.005,,,,,,-169.1545888551333,,
10659,realistic,3,x0y0,utah,,,Aa,saline,,,100.0,b,-1,0.08,axon,17.0,150773.62923754528,-124.80995919230871,-975.06745689269,centered,,,,none,0.0,success,105.0,0.005,,,,,,-306.83559838309145,,
10660,realistic,3,x0y0,utah,,,Aa,saline,,,100.0,b,-1,0.08,axon,18.6,154819.86765133365,-323.40250004325384,-1028.1254024353782,centered,,,,none,0.0,success,105.0,0.005,,,,,,749.617898944092,,
10661,realistic,3,x0y0,utah,,,Aa,saline,,,100.0,b,-1,0.08,axon,13.4,138911.53427797026,1079.2870044761846,603.8136815237112,centered,,,,none,0.0,success,105.0,0.005,,,,,,448.1005260593486,,
10662,realistic,3,x0y0,utah,,,Aa,saline,,,100.0,b,-1,0.08,axon,12.9,136209.39972957526,-257.7791338818838,1276.9233822963706,centered,,,,none,0.0,success,105.0,0.005,,,,,,450.7241761488977,,
10663,realistic,3,x0y0,utah,,,Aa,saline,,,100.0,b,-1,0.08,axon,17.1,150799.20306671702,840.3265523646887,930.4575472490652,centered,,,,none,0.0,success,105.0,0.005,,,,,,-503.22042956919034,,
10664,realistic,3,x0y0,utah,,,Aa,saline,,,100.0,b,-1,0.08,axon,12.5,133209.36429819974,-669.422442511026,1134.6054701124906,centered,,,,none,0.0,success,105.0,0.005,,,,,,-164.84383838181424,,
10665,realistic,3,x0y0,utah,,,Aa,saline,,,100.0,b,-1,0.08,axon,14.4,143660.66697153734,-370.21894687250006,1239.9572221819944,centered,,,,none,0.0,success,105.0,0.005,,,,,,605.2162069399395,,
10666,realistic,3,x0y0,utah,,,Aa,saline,,,100.0,b,-1,0.08,axon,14.2,142248.51972344244,931.4810612324254,-326.6685925134839,centered,,,,49,5.250000000000121,success,73.2666015625,0.005,,,,,1453.5246879704355,31.353020945453828,931.4810612324254,-326.6685925134839
10667,realistic,3,x0y0,utah,,,Ab,saline,,,100.0,b,-1,0.08,axon,7.1,74806.10450171409,-62.39773227567457,1002.8037694310297,centered,,,,none,0.0,success,105.0,0.005,,,,,,300.2344617436505,,
10668,realistic,3,x0y0,utah,,,Ab,saline,,,100.0,b,-1,0.08,axon,8.8,99128.00142542768,1023.49924123465,-118.03685948042356,centered,,,,50,5.275000000000125,success,93.603515625,0.005,,,,,-174.90399521800282,-174.90399521800651,1023.49924123465,-118.03685948042356
10669,realistic,3,x0y0,utah,,,Ab,saline,,,100.0,b,-1,0.08,axon,7.0,72756.26764205593,-413.7272970204654,-1078.565276816586,centered,,,,none,0.0,success,105.0,0.005,,,,,,-89.59519952138884,,
10670,realistic,3,x0y0,utah,,,Ab,saline,,,100.0,b,-1,0.08,axon,13.9,140723.94709768434,276.52920739847013,-868.7984056646616,centered,,,,none,0.0,success,105.0,0.005,,,,,,-163.15474500076706,,
10671,realistic,3,x0y0,utah,,,Ab,saline,,,100.0,b,-1,0.08,axon,9.1,103468.383910129,645.342824517687,-820.2229595031131,centered,,,,none,0.0,success,105.0,0.005,,,,,,446.7361689975722,,
10672,realistic,3,x0y0,utah,,,Ab,saline,,,100.0,b,-1,0.08,axon,9.9,111676.14710320816,678.7683682025713,697.00443625751,centered,,,,none,0.0,success,105.0,0.005,,,,,,-355.1982274091398,,
10673,realistic,3,x0y0,utah,,,Ab,saline,,,100.0,b,-1,0.08,axon,9.5,108011.15261567684,359.23054105975507,1218.3769580240876,centered,,,,none,0.0,success,105.0,0.005,,,,,,323.22470536923595,,
10674,realistic,3,x0y0,utah,,,Ab,saline,,,100.0,b,-1,0.08,axon,7.1,74554.03720316557,1166.6118504044036,-683.1079865887909,centered,,,,none,0.0,success,105.0,0.005,,,,,,48.16716319513383,,
10675,realistic,3,x0y0,utah,,,Ab,saline,,,100.0,b,-1,0.08,axon,8.8,99332.4262073528,-685.9573836735517,1142.502315538065,centered,,,,none,0.0,success,105.0,0.005,,,,,,29.52078670712761,,
10676,realistic,3,x0y0,utah,,,Ab,saline,,,100.0,b,-1,0.08,axon,7.6,82496.58238121637,-35.73542904472015,1162.6053452137019,centered,,,,none,0.0,success,105.0,0.005,,,,,,27.5968041252198,,
10677,realistic,3,x0y0,utah,,,Aa,saline,,,100.0,b,-1,0.08,axon,15.1,145281.86796269426,323.62260019120134,888.2955320256788,centered,,,,none,0.0,success,105.0,0.005,,,,,,-425.98736592460574,,
10678,realistic,3,x0y0,utah,,,Aa,saline,,,100.0,b,-1,0.08,axon,15.7,147894.70966031434,1248.8328609151995,-611.3628273934291,centered,,,,none,0.0,success,105.0,0.005,,,,,,228.038574696879,,
10679,realistic,3,x0y0,utah,,,Aa,saline,,,100.0,b,-1,0.08,axon,15.6,147529.39642793732,716.3754559936833,-1192.0780029909656,centered,,,,none,0.0,success,105.0,0.005,,,,,,170.66915155950187,,
10680,realistic,3,x0y0,utah,,,Aa,saline,,,100.0,b,-1,0.08,axon,13.0,136367.4668928473,226.84803390041589,888.7874923532409,centered,,,,none,0.0,success,105.0,0.005,,,,,,44.063881111129284,,
10681,realistic,3,x0y0,utah,,,Aa,saline,,,100.0,b,-1,0.08,axon,14.6,143397.42693047842,686.2673469413967,977.1382513669004,centered,,,,none,0.0,success,105.0,0.005,,,,,,-459.33920865335676,,
10682,realistic,3,x0y0,utah,,,Aa,saline,,,100.0,b,-1,0.08,axon,17.9,152922.08603681813,1305.349461924906,-284.5701259841594,centered,,,,none,0.0,success,105.0,0.005,,,,,,21.207271599144367,,
10683,realistic,3,x0y0,utah,,,Aa,saline,,,100.0,b,-1,0.08,axon,18.1,153443.20638199602,508.86160461572035,-678.008151536138,centered,,,,none,0.0,success,105.0,0.005,,,,,,188.0251965149408,,
10684,realistic,3,x0y0,utah,,,Aa,saline,,,100.0,b,-1,0.08,axon,17.6,152918.58261442938,-292.26165432602374,-1137.6721145561892,centered,,,,none,0.0,success,105.0,0.005,,,,,,581.8470078403614,,
10685,realistic,3,x0y0,utah,,,Aa,saline,,,100.0,b,-1,0.08,axon,13.0,136099.4915508071,1137.5655471767896,-552.6118814132074,centered,,,,none,0.0,success,105.0,0.005,,,,,,-223.9114609290461,,
10686,realistic,3,x0y0,utah,,,Aa,saline,,,100.0,b,-1,0.08,axon,16.6,149601.39968199265,-101.81440088692214,-1167.1749037495185,centered,,,,none,0.0,success,105.0,0.005,,,,,,-537.0163587071486,,
10687,realistic,3,x0y0,utah,,,Ab,saline,,,100.0,b,-1,0.08,axon,8.0,88466.4428573301,232.23556174759773,1072.254263888134,centered,,,,none,0.0,success,105.0,0.005,,,,,,31.48218763218607,,
10688,realistic,3,x0y0,utah,,,Ab,saline,,,100.0,b,-1,0.08,axon,10.8,120724.79019370384,326.41329660979636,-932.3574900185832,centered,,,,none,0.0,success,105.0,0.005,,,,,,31.38209271965143,,
10689,realistic,3,x0y0,utah,,,Ab,saline,,,100.0,b,-1,0.08,axon,9.0,101949.42221069305,545.0429794215529,-868.5323597649733,centered,,,,none,0.0,success,105.0,0.005,,,,,,146.2090003595281,,
10690,realistic,3,x0y0,utah,,,Ab,saline,,,100.0,b,-1,0.08,axon,8.5,95567.7841543711,677.1018311792659,-460.2926761652448,centered,,,,none,0.0,success,105.0,0.005,,,,,,176.23341097944152,,
10691,realistic,3,x0y0,utah,,,Ab,saline,,,100.0,b,-1,0.08,axon,12.9,135626.88669036605,789.2426181611131,225.00482145067872,centered,,,,50,5.205000000000114,success,39.5233154296875,0.005,,,,,-131.78886306029744,-131.7888630602975,789.2426181611131,225.00482145067872
10692,realistic,3,x0y0,utah,,,Ab,saline,,,100.0,b,-1,0.08,axon,9.8,110441.17573563906,91.02806090773628,-1092.7516914369771,centered,,,,none,0.0,success,105.0,0.005,,,,,,-533.8834951956271,,
10693,realistic,3,x0y0,utah,,,Ab,saline,,,100.0,b,-1,0.08,axon,10.9,121491.0335849119,-620.1242549401595,610.1038750719795,centered,,,,none,0.0,success,105.0,0.005,,,,,,-75.18769621673347,,
10694,realistic,3,x0y0,utah,,,Ab,saline,,,100.0,b,-1,0.08,axon,7.6,82539.88156308213,602.6737050728507,933.0875803929796,centered,,,,none,0.0,success,105.0,0.005,,,,,,70.89598599099081,,
10695,realistic,3,x0y0,utah,,,Ab,saline,,,100.0,b,-1,0.08,axon,10.8,120592.02238331428,1247.5560298459268,-208.08683752699744,centered,,,,none,0.0,success,105.0,0.005,,,,,,-101.38571766994558,,
10696,realistic,3,x0y0,utah,,,Ab,saline,,,100.0,b,-1,0.08,axon,10.3,116210.18895260595,923.7438142448856,3.637004969420559,centered,,,,49,5.2350000000001184,success,43.6431884765625,0.005,,,,,145.11902827653103,145.1190282765432,923.7438142448856,3.637004969420559
10697,realistic,3,x0y0,utah,,,Aa,saline,,,100.0,b,-1,0.08,axon,14.8,144234.45538869992,-174.0344128735546,-1251.0862061559785,centered,,,,none,0.0,success,105.0,0.005,,,,,,-388.12739069716974,,
10698,realistic,3,x0y0,utah,,,Aa,saline,,,100.0,b,-1,0.08,axon,16.1,149563.91558812492,718.1029462665283,-956.5357857293907,centered,,,,none,0.0,success,105.0,0.005,,,,,,734.4675481593518,,
10699,realistic,3,x0y0,utah,,,Aa,saline,,,100.0,b,-1,0.08,axon,12.5,132997.1158911822,1008.9837052300572,-164.56903134620867,centered,,,,51,5.2800000000001255,success,77.5634765625,0.005,,,,,-1710.834326765209,-377.09224539937554,1008.9837052300572,-164.56903134620867
10700,realistic,3,x0y0,utah,,,Aa,saline,,,100.0,b,-1,0.08,axon,17.1,151164.42172378706,185.75746164952668,970.1113658856076,centered,,,,none,0.0,success,105.0,0.005,,,,,,-138.0017724991529,,
10701,realistic,3,x0y0,utah,,,Aa,saline,,,100.0,b,-1,0.08,axon,15.3,146411.74794851473,1212.0385062695195,-206.81297234796463,centered,,,,none,0.0,success,105.0,0.005,,,,,,20.679383901597827,,
10702,realistic,3,x0y0,utah,,,Aa,saline,,,100.0,b,-1,0.08,axon,14.5,143941.42774432973,235.4969860660299,-1033.228532474057,centered,,,,none,0.0,success,105.0,0.005,,,,,,480.7911026675538,,
10703,realistic,3,x0y0,utah,,,Aa,saline,,,100.0,b,-1,0.08,axon,17.1,151647.66466197482,142.39122857055781,-1298.1957949109587,centered,,,,none,0.0,success,105.0,0.005,,,,,,345.24116568862024,,
10704,realistic,3,x0y0,utah,,,Aa,saline,,,100.0,b,-1,0.08,axon,13.7,140352.0383103709,-693.9095843882901,513.2619099103176,centered,,,,none,0.0,success,105.0,0.005,,,,,,402.3575437565502,,
10705,realistic,3,x0y0,utah,,,Aa,saline,,,100.0,b,-1,0.08,axon,15.1,145068.32425308536,-233.62907478489655,-924.9566749105388,centered,,,,none,0.0,success,105.0,0.005,,,,,,-639.5310755334935,,
10706,realistic,3,x0y0,utah,,,Aa,saline,,,100.0,b,-1,0.08,axon,12.9,135615.34837068222,-246.9971393826163,-801.9646297301642,centered,,,,none,0.0,success,105.0,0.005,,,,,,-143.3271827441532,,
10707,realistic,3,x0y0,utah,,,Ab,saline,,,100.0,b,-1,0.08,axon,8.0,88460.41861631963,-162.90298276483372,1113.8281237275796,centered,,,,none,0.0,success,105.0,0.005,,,,,,25.45794662171119,,
10708,realistic,3,x0y0,utah,,,Ab,saline,,,100.0,b,-1,0.08,axon,7.0,73086.07564197997,759.7990674871397,-812.667938474312,centered,,,,none,0.0,success,105.0,0.005,,,,,,240.21280040265992,,
10709,realistic,3,x0y0,utah,,,Ab,saline,,,100.0,b,-1,0.08,axon,9.3,105055.97485627774,29.524071639224076,866.9037286685298,centered,,,,none,0.0,success,105.0,0.005,,,,,,-339.9443921530608,,
10710,realistic,3,x0y0,utah,,,Ab,saline,,,100.0,b,-1,0.08,axon,8.0,88738.24265054877,-676.8859381620172,-489.09014061830885,centered,,,,none,0.0,success,105.0,0.005,,,,,,303.2819808508624,,
10711,realistic,3,x0y0,utah,,,Ab,saline,,,100.0,b,-1,0.08,axon,9.2,103766.83819965484,1009.4571964889293,-515.5454444165016,centered,,,,none,0.0,success,105.0,0.005,,,,,,-452.31980623396566,,
10712,realistic,3,x0y0,utah,,,Ab,saline,,,100.0,b,-1,0.08,axon,11.5,126291.08732215383,93.38460335338868,-952.959722680022,centered,,,,none,0.0,success,105.0,0.005,,,,,,-162.0792280623291,,
10713,realistic,3,x0y0,utah,,,Ab,saline,,,100.0,b,-1,0.08,axon,10.9,121370.6230588278,119.91500223538333,-827.96128091427,centered,,,,none,0.0,success,105.0,0.005,,,,,,-195.59822230081684,,
10714,realistic,3,x0y0,utah,,,Ab,saline,,,100.0,b,-1,0.08,axon,7.5,81167.28450871787,-554.8578368734993,1033.2156934992709,centered,,,,none,0.0,success,105.0,0.005,,,,,,245.9296990571657,,
10715,realistic,3,x0y0,utah,,,Ab,saline,,,100.0,b,-1,0.08,axon,11.4,126122.23973553945,163.09100575886032,854.7045277123061,centered,,,,none,0.0,success,105.0,0.005,,,,,,443.11062243361056,,
10716,realistic,3,x0y0,utah,,,Ab,saline,,,100.0,b,-1,0.08,axon,10.1,114497.43732892892,1169.8672756176966,-172.08030979042678,centered,,,,none,0.0,success,105.0,0.005,,,,,,411.38508022876914,,
